5.614443183280879435e-01
5.625499827202338210e-01
5.749273402841401648e-01
6.608378385194291216e-01
5.443571751594504793e-01
5.712191332077751760e-01
5.746230650708041843e-01
5.391289202566880157e-01
3.244689785749198530e-01
3.812119133253489833e-01
4.105989679735283504e-01
5.542252263245200927e-01
7.937068171093500935e-01
4.106758946028331025e-01
3.307304846549777855e-01
3.602161826554310942e-01
5.051554073946979972e-01
2.964527738094014930e-01
5.854366682273504097e-01
5.954206808556047337e-01
5.198948025078793389e-01
4.869398029444967912e-01
3.604648907864154150e-01
3.041594854053810693e-01
6.392085929923471133e-01
3.706077585174738509e-01
0.000000000000000000e+00
2.356350492334538527e-01
2.352694191742477625e-01
2.270812498105888588e-01
2.517783291976840032e-01
1.142857142857142821e-01
2.372731470087532379e-01
4.616834188795868599e-01
5.744680851063830307e-01
2.216406943756827341e-01
2.443317816016133404e-01
1.553062985332182566e-01
2.718699165934328477e-01
3.341220212945749668e-01
5.457142857142859294e-01
2.215023654615165816e-01
1.092998344532086774e-01
1.203252641834669789e-01
1.605504587155963114e-01
3.094462169033242449e-01
1.046870877413973444e-01
3.053019732908112682e-01
1.930309903749576339e-01
3.530187721968542913e-01
1.065989847715735905e-01
1.088345450539766890e-01
4.804936824280317542e-01
0.000000000000000000e+00
6.344086021505377371e-01
6.576819407008086538e-01
5.757575757575758013e-01
4.166666666666666297e-01
1.000000000000000000e+00
6.354049055824834147e-01
0.000000000000000000e+00
0.000000000000000000e+00
0.000000000000000000e+00
0.000000000000000000e+00
0.000000000000000000e+00
0.000000000000000000e+00
0.000000000000000000e+00
0.000000000000000000e+00
0.000000000000000000e+00
0.000000000000000000e+00
3.290909090909091006e-01
0.000000000000000000e+00
0.000000000000000000e+00
0.000000000000000000e+00
0.000000000000000000e+00
0.000000000000000000e+00
0.000000000000000000e+00
0.000000000000000000e+00
0.000000000000000000e+00
0.000000000000000000e+00
0.000000000000000000e+00
4.884940112229418929e-01
4.842951818955124610e-01
5.101654345691792880e-01
4.870930167513022324e-01
3.969746079721916399e-01
4.955813690219968981e-01
4.571914364535489828e-01
4.852732266452953191e-01
2.244839341388749077e-01
2.908661016824725110e-01
2.181597461302945407e-01
1.394053486277201381e-01
5.966465071106108464e-01
2.527207382378136025e-01
3.642261530774312250e-01
2.835732922602709483e-01
5.618263201117632555e-01
1.938498087088597610e-01
5.656355132294674792e-01
4.640520075736904726e-01
4.982389314747982523e-01
4.634176762329145216e-01
3.135998669992585697e-01
2.116526393204298806e-01
5.013457308624018616e-01
3.175699921164386597e-01
0.000000000000000000e+00
3.960558176570730948e-01
3.895487876600829402e-01
4.123635505838277870e-01
3.831951466686621122e-01
2.805765421747253852e-01
4.006461189184765681e-01
3.679180109427960810e-01
3.554687304588908803e-01
1.547025322786081680e-01
2.314037119775083640e-01
1.525034239980600503e-01
9.575850436175070701e-02
5.239650631675063508e-01
1.823050253104820384e-01
2.620991494377222786e-01
2.235487010772304051e-01
5.010877531446022992e-01
1.094073679630619828e-01
4.856392431411885591e-01
3.714461844358786791e-01
4.103992623926390193e-01
3.851955145335352326e-01
2.641266227746357220e-01
1.712391997835319701e-01
4.085727925425967633e-01
2.415849336053785823e-01
0.000000000000000000e+00
5.919308357348702643e-01
5.999418097177771081e-01
5.926352128883775050e-01
6.666666666666667407e-01
5.000000000000000000e-01
5.976815958019797703e-01
5.863691277505475030e-01
5.664540578047023711e-01
3.299412305185237537e-01
3.793260652997357818e-01
4.106715480855054334e-01
5.598980458793542114e-01
8.183229813664596453e-01
4.224320290445122139e-01
3.308193085883036622e-01
4.186736077393136135e-01
4.844193232028175533e-01
3.153661853297615725e-01
5.959183673469388154e-01
5.878372874452704178e-01
5.368259196571709690e-01
4.724037405813678037e-01
3.622899132955323953e-01
3.166204781240911093e-01
6.565208023431584605e-01
3.792357606344627374e-01
0.000000000000000000e+00
