6.578238006407344241e-01
6.522806142492074688e-01
6.572273975210738417e-01
6.814894394891488627e-01
6.975994624424586288e-01
6.573440455637538093e-01
2.628147796827729477e-01
8.861086476658402988e-01
1.547473040934363997e-01
4.174892325451639019e-01
6.316311545259442051e-01
3.319905896734874906e-01
7.693617058413587673e-01
5.435285583151785449e-01
4.929100231221971162e-01
4.632678896246436029e-01
2.735202450115163941e-01
3.344617003456228366e-01
5.088297031432027495e-01
6.283263930239199047e-01
2.890481142237327217e-01
9.979967152975984801e-01
4.414594136471374775e-01
2.403531040157331766e-01
2.986904514268403643e-01
4.748994047209130764e-01
0.000000000000000000e+00
3.923096098716190305e-02
4.267164295155899401e-02
3.733672758129526204e-02
4.014336917562723317e-02
5.714285714285714801e-02
4.026943269765481670e-02
7.052280015435180571e-02
6.453900709219857479e-01
5.883549048730463138e-02
6.486188675465176523e-02
1.645954521417239413e-01
2.229523621563328506e-02
5.737704918032787704e-02
2.148148148148147918e-01
5.617672125860918575e-01
1.308702161846333478e-01
2.985514073725120676e-02
1.605504587155963114e-01
1.877056774976836317e-01
7.125044531528321179e-02
4.377520873474630148e-01
1.026155170117917237e-01
5.624724061810154607e-02
1.727068823043323986e-01
1.563979092068984444e-03
2.255260696057883041e-01
0.000000000000000000e+00
7.204301075268817467e-01
8.005390835579515585e-01
5.353535353535354702e-01
6.666666666666666297e-01
1.000000000000000000e+00
7.232579155586734698e-01
0.000000000000000000e+00
0.000000000000000000e+00
0.000000000000000000e+00
0.000000000000000000e+00
0.000000000000000000e+00
0.000000000000000000e+00
0.000000000000000000e+00
0.000000000000000000e+00
0.000000000000000000e+00
4.279069767441860961e-01
5.055865921787709993e-01
0.000000000000000000e+00
0.000000000000000000e+00
0.000000000000000000e+00
0.000000000000000000e+00
0.000000000000000000e+00
0.000000000000000000e+00
0.000000000000000000e+00
0.000000000000000000e+00
0.000000000000000000e+00
0.000000000000000000e+00
2.888431750577422630e-01
2.820803361419873534e-01
2.977250238595114951e-01
2.715928301271562928e-01
3.826965526252834593e-01
2.912120390409963511e-01
1.221209621673031709e-01
5.731849337694387980e-01
8.197407168361570129e-02
4.384860112793862452e-01
3.621675276106118835e-01
6.266167591953308857e-02
4.110960429653136572e-01
3.034773077678081243e-01
5.720397585627557957e-01
2.453811218506851688e-01
2.263032577211954166e-01
2.158270082079072893e-01
4.281337498326123203e-01
4.263207193767595271e-01
4.334889968203788913e-01
6.814846463039807567e-01
3.452554165390613328e-01
1.937229661014787663e-01
9.799693602880477084e-02
3.608778658651646820e-01
0.000000000000000000e+00
2.128509823835801895e-01
2.052557879214391146e-01
2.158956374314120186e-01
1.893214766940356508e-01
2.678281219373441213e-01
2.128244934766561069e-01
8.355516453889094697e-02
4.460510969838765161e-01
5.180964465358747773e-02
3.675057938537559798e-01
2.732474078685910301e-01
4.129321958563197947e-02
3.379807219608375601e-01
2.246626014206261068e-01
4.640714139241096658e-01
1.906718504247560397e-01
1.831038544864758144e-01
1.243741863391584629e-01
3.484164297935375965e-01
3.352550682830672257e-01
3.472025674515488713e-01
6.132024779223637090e-01
2.933001500769241154e-01
1.558917844025955457e-01
6.519458594991484057e-02
2.800102326410188747e-01
0.000000000000000000e+00
7.659942363112393071e-01
7.652022112307246271e-01
7.629459148446490202e-01
7.532467532467532756e-01
6.250000000000000000e-01
7.556866474107700737e-01
2.843674520424269714e-01
9.190810871665699988e-01
1.589254046711693347e-01
4.026996625421822573e-01
6.674570499922611866e-01
3.391036533559897981e-01
8.285295554469955803e-01
5.606608847928085115e-01
4.672588347659979990e-01
5.381661996419342398e-01
2.679089026915115745e-01
3.412743329770351330e-01
5.198412698412697708e-01
6.290969899665553866e-01
2.665985645468553766e-01
9.744876976770050492e-01
4.554906573645924883e-01
2.543395024121319903e-01
3.817388733192322858e-01
5.067455836823893112e-01
0.000000000000000000e+00
