2.631879120304270181e-01
2.508910009852294287e-01
2.519820147593598847e-01
2.370436093834740188e-01
4.722413847675750453e-01
2.485164184567647538e-01
2.224507891246769176e-01
4.377467086206662250e-01
1.919705318080139334e-01
6.738070947273854250e-01
6.306898375658661626e-01
4.081048475079017690e-01
6.247637531206856609e-01
6.957386416335789026e-01
6.127098544985497552e-01
1.760880922860710296e-01
8.739759616768365547e-01
4.612761714254411949e-01
1.961233709836842642e-01
5.495917391628858395e-01
1.359640715700674574e-01
5.198992229207753946e-01
5.175329520152265328e-01
4.717950928994114612e-01
3.658406301960809293e-01
6.773165993944966212e-01
0.000000000000000000e+00
2.591923220740371403e-01
2.675297410776767415e-01
2.844197957390065534e-01
2.412462089881444727e-01
9.870129870129872030e-02
2.629737266609845081e-01
1.040916530278233054e-01
5.043520309477755870e-01
1.932126943711922062e-01
2.294797508753447235e-01
2.061234329797492770e-01
5.194634381955605118e-01
3.836065573770492398e-01
5.783001808318265491e-01
5.498572903382522581e-01
1.007252727711516749e-01
3.127291911016176762e-01
4.495412844036696942e-01
3.974739915504796883e-01
2.125832958587138832e-01
2.659747766684182335e-01
4.116839278864595775e-01
3.861802100608070498e-01
4.974619289340102002e-01
1.164453524004085694e-01
7.374352380592217315e-01
0.000000000000000000e+00
6.075268817204301230e-01
5.768194070080863156e-01
4.747474747474748069e-01
3.166666666666666519e-01
1.000000000000000000e+00
5.196002934331487300e-01
0.000000000000000000e+00
0.000000000000000000e+00
0.000000000000000000e+00
0.000000000000000000e+00
0.000000000000000000e+00
0.000000000000000000e+00
0.000000000000000000e+00
0.000000000000000000e+00
0.000000000000000000e+00
0.000000000000000000e+00
2.569805963085660117e-01
0.000000000000000000e+00
0.000000000000000000e+00
0.000000000000000000e+00
0.000000000000000000e+00
0.000000000000000000e+00
0.000000000000000000e+00
0.000000000000000000e+00
0.000000000000000000e+00
0.000000000000000000e+00
0.000000000000000000e+00
9.357739590306712874e-02
9.877015067041350349e-02
1.167051843999639127e-01
9.475518121796056015e-02
2.585202255350866896e-01
1.004394989641499425e-01
2.415696054496416778e-01
5.034107974283261733e-01
2.736105233829125849e-01
8.354360891364775998e-01
5.379510700856330319e-01
2.840068213596248503e-01
5.822699270548556960e-01
6.693189526398393152e-01
5.869286405267303275e-01
2.582170845548765747e-01
8.194773340815140195e-01
3.732298147081463680e-01
3.084218944650367611e-01
6.851360055348367784e-01
2.413710293849632427e-01
5.881819727436450318e-01
5.390733050806373328e-01
4.789826578076170627e-01
2.996302335837977004e-01
6.481900424028977925e-01
0.000000000000000000e+00
6.219810206974346611e-02
6.500158320355958752e-02
7.636084646559657130e-02
5.908337143349107201e-02
1.653147834385398363e-01
6.612668592175741100e-02
1.756620140000149655e-01
3.734996421746893946e-01
1.939458157851929043e-01
7.958020043487203932e-01
4.422725058971033185e-01
2.100271452671841899e-01
5.088116522994046154e-01
5.867934465394764043e-01
4.800041497249988298e-01
2.016252311092744942e-01
7.829780069937668507e-01
2.468248597471947026e-01
2.389730226795181434e-01
6.048113662128802304e-01
1.770325731352883625e-01
5.119849644465990224e-01
4.819653184826253600e-01
4.185382013724897599e-01
2.217553389174694578e-01
5.682358738991685199e-01
0.000000000000000000e+00
4.853025936599424384e-01
4.969450101832995070e-01
4.867663981588031819e-01
4.653679653679654304e-01
5.000000000000000000e-01
4.912826198551022427e-01
2.386407338847382764e-01
4.218274898545655294e-01
2.013713202044629114e-01
7.213672154617035703e-01
5.871927215466712369e-01
4.145190219956574884e-01
6.256352343308864139e-01
6.812451732957109929e-01
5.988960053935614702e-01
2.077239387786466995e-01
8.472245302207479511e-01
4.754975894239084067e-01
2.142857142857143016e-01
5.219093376893960690e-01
1.350764332317503369e-01
5.150966833744597961e-01
5.422764395867574194e-01
4.923283771069919545e-01
3.883929316863282688e-01
6.624436090225562790e-01
0.000000000000000000e+00
