6.061550829296176168e-01
5.868210967982483428e-01
5.897400755743864575e-01
5.556246417269794513e-01
4.033785683455213267e-01
5.888080330900244963e-01
1.425892478027337984e-01
1.119123818556342631e-01
4.176458725104810199e-01
3.759122316044652967e-01
6.569561730520564469e-01
2.803767011224936878e-01
6.060393064919079587e-01
8.251005708528724725e-01
6.848668747456713168e-01
2.784040861138867839e-01
6.494408500284403196e-01
5.700008568757014560e-01
1.348489870630538157e-01
3.795754123075582021e-01
8.015244310289909579e-02
5.755536607252830228e-01
5.979372768902604385e-01
3.892597820110952345e-01
8.650313036769485819e-02
9.393837749564032391e-01
0.000000000000000000e+00
3.356288171506917606e-01
3.190964932742400006e-01
3.326363002697215188e-01
3.025641025641025439e-01
1.090909090909090856e-01
3.309667552526202594e-01
1.212956901254773623e-01
1.215805471124620230e-02
3.286229577763633003e-01
1.619993352168855316e-01
1.141686182669788829e-01
1.430564629612385286e-03
6.444318824194461559e-02
5.793650793650794162e-01
3.016897993517899668e-01
7.816063676573842267e-02
5.604386068220842954e-02
1.783893985728847720e-01
3.520963340009181097e-02
3.247090606816291358e-02
2.659747766684182335e-01
1.147690284399145444e-01
1.503990178023326685e-01
1.365215068127170195e-01
4.014213002977046196e-02
1.567576620331602166e-01
0.000000000000000000e+00
9.032258064516131002e-01
9.703504043126686129e-01
7.878787878787879562e-01
7.666666666666666075e-01
1.000000000000000000e+00
9.022442678086858292e-01
0.000000000000000000e+00
0.000000000000000000e+00
0.000000000000000000e+00
0.000000000000000000e+00
0.000000000000000000e+00
0.000000000000000000e+00
0.000000000000000000e+00
0.000000000000000000e+00
6.428571428571427937e-01
0.000000000000000000e+00
4.826666666666666328e-01
0.000000000000000000e+00
0.000000000000000000e+00
0.000000000000000000e+00
0.000000000000000000e+00
0.000000000000000000e+00
0.000000000000000000e+00
6.705882352941175961e-01
0.000000000000000000e+00
0.000000000000000000e+00
0.000000000000000000e+00
4.636697742614350748e-01
4.333729756564846936e-01
4.716659970171281913e-01
3.812831223045550777e-01
2.014510323809201031e-01
4.550551927087597148e-01
1.489190424093811416e-01
1.059882999080667410e-01
2.755008474310757238e-01
2.469407605849303078e-01
3.790213621911008302e-01
1.116132365565347673e-02
3.877779471233415709e-01
5.954201067360851418e-01
5.157713923288612667e-01
1.525158980258116692e-01
3.588013304808999049e-01
2.999328927612242013e-01
2.052260111868142722e-02
1.586285701897098832e-01
1.908296212214676268e-01
4.072842533326384018e-01
3.527335492707011078e-01
1.921317714228256701e-01
8.873641692558531524e-02
6.785702335142097530e-01
0.000000000000000000e+00
3.716708938384357674e-01
3.402170547820382307e-01
3.741378679029824239e-01
2.831770986272235113e-01
1.232309110291618381e-01
3.608796781398678766e-01
1.033260045541420369e-01
5.674719667337357887e-02
1.954944994754096721e-01
1.933311163582225878e-01
2.884221850316391889e-01
7.146042911080952020e-03
3.160790131544180537e-01
5.056000012365471363e-01
4.056239295347789930e-01
1.143268533690116606e-01
3.020386585078189690e-01
1.864727806050582304e-01
1.397766243435732969e-02
1.089329445505308191e-01
1.365743630429263056e-01
3.313452415321760935e-01
3.002592041886351648e-01
1.545372791908748988e-01
5.872887977114865654e-02
6.020966351036349806e-01
0.000000000000000000e+00
7.371757925072046636e-01
7.474541751527494782e-01
7.088607594936709999e-01
6.709956709956710341e-01
3.750000000000000000e-01
7.223830577709179357e-01
1.540096909510536571e-01
1.287401617485985084e-01
4.365205843198601832e-01
3.861825253770986288e-01
6.589887951562585222e-01
3.133857879896074783e-01
6.384876242477008912e-01
8.069458955941455347e-01
6.919509866546592614e-01
3.239618634823209220e-01
6.649751253762707925e-01
6.112801063685910918e-01
1.619047619047618847e-01
3.886061421215186718e-01
7.858256680050801357e-02
5.830512974850848851e-01
6.113019848351437524e-01
3.975463033151462877e-01
9.267740706318589039e-02
9.554608750159991892e-01
0.000000000000000000e+00
