4.748676716768163164e-01
5.041309376608436033e-01
5.377151146764114209e-01
6.879058974819509675e-01
2.581330659188437737e-01
5.047873754882132857e-01
9.879435619069800723e-01
3.967379079928800012e-01
4.065825451541453806e-01
2.212962035185898069e-01
0.000000000000000000e+00
9.553906669367427940e-01
8.647509823397622197e-01
4.332717846234579451e-02
2.221746937906035613e-02
2.467792253690448412e-01
8.484056433293662991e-02
1.883960476402099515e-02
1.000000000000000000e+00
2.661774090146979965e-01
9.153635145139369378e-01
2.682918620976785240e-01
7.280948158013327287e-01
7.816021127197192442e-01
8.023957737030312787e-01
8.742056572877254794e-02
0.000000000000000000e+00
9.411691387261623687e-01
9.391104890754996548e-01
9.560263054217049694e-01
1.000000000000000000e+00
4.675324675324675217e-01
9.561200951021340266e-01
5.603726369221282422e-01
6.010638297872341607e-01
2.173703939458236922e-01
1.592042884144641013e-01
6.531762295081966485e-02
3.016825286943791706e-01
6.556553258093749115e-01
3.764705882352942234e-01
4.635103540414161616e-01
1.300592995781887917e-01
5.247267159880517062e-02
1.570347552400723212e-01
3.459683787250163456e-01
8.312551953449709430e-02
4.377520873474630148e-01
5.395857307249712909e-01
5.034647550776583103e-01
3.759016831418647842e-01
1.811372148450800246e-01
9.205863020010979225e-02
0.000000000000000000e+00
6.397849462365592377e-01
6.415094339622642305e-01
5.555555555555555802e-01
4.000000000000000222e-01
1.000000000000000000e+00
5.630379457895815509e-01
0.000000000000000000e+00
0.000000000000000000e+00
0.000000000000000000e+00
0.000000000000000000e+00
0.000000000000000000e+00
0.000000000000000000e+00
0.000000000000000000e+00
0.000000000000000000e+00
0.000000000000000000e+00
0.000000000000000000e+00
3.158813263525305226e-01
0.000000000000000000e+00
0.000000000000000000e+00
0.000000000000000000e+00
0.000000000000000000e+00
0.000000000000000000e+00
0.000000000000000000e+00
0.000000000000000000e+00
0.000000000000000000e+00
0.000000000000000000e+00
0.000000000000000000e+00
7.339509454605768202e-01
7.412040385998758252e-01
7.616334888317850549e-01
7.962612608976654682e-01
2.830187871514164843e-01
7.512295899101416596e-01
7.270719104645846365e-01
3.095651036964170433e-01
2.768735713616624627e-01
3.414611316124440688e-01
1.204504546582108038e-02
1.850037649360091185e-01
6.842459085085863535e-01
3.283948363783883995e-02
1.298718760060395550e-01
1.812660181704968121e-01
1.037360593831950784e-01
3.612883902414604220e-02
1.000000000000000000e+00
2.630394386939709506e-01
8.049340529639207320e-01
4.717607280383513402e-01
6.885641790323546729e-01
5.435209134381606688e-01
4.957759197956421726e-01
7.448032896891410015e-02
0.000000000000000000e+00
6.617121929720429785e-01
6.684350019789484509e-01
6.905812063111107513e-01
7.287952036419438340e-01
1.843521158101993351e-01
6.802566465228475634e-01
6.556875581574992395e-01
1.984939257201633334e-01
1.966209249278125515e-01
2.766359576897695072e-01
7.464370334055447920e-03
1.301494319278920786e-01
6.189957128811975906e-01
2.099705851955169233e-02
8.003335747021486646e-02
1.374178626912834766e-01
8.079667051462879890e-02
1.731175032693788030e-02
1.000000000000000000e+00
1.908598989839239701e-01
7.497647075261566485e-01
3.933684423666078955e-01
6.392774325552255110e-01
4.834282224482736590e-01
4.030089308107187018e-01
5.031137422823023231e-02
0.000000000000000000e+00
6.000000000000000888e-01
6.424207157404713264e-01
6.616800920598390201e-01
7.792207792207792583e-01
2.500000000000000000e-01
6.349685380181578909e-01
9.948640092679759128e-01
4.330898742924301770e-01
4.072868424333740967e-01
2.411749093161107416e-01
0.000000000000000000e+00
9.598786763572971781e-01
8.715744823352122861e-01
5.438113644221415077e-02
2.566433970804345155e-02
3.239618634823209220e-01
6.943421641804858879e-02
2.264221488264206439e-02
9.897292250233427069e-01
2.541743414007282542e-01
9.255009828546466588e-01
2.351003777749721690e-01
7.237604592133437542e-01
8.148441105930359640e-01
8.600145800560182741e-01
8.478289473684208488e-02
0.000000000000000000e+00
