4.249608246899063690e-01
4.457401745229434553e-01
4.859980623449406956e-01
5.603363663633569303e-01
6.081770577544349798e-01
4.508852921787824819e-01
6.701391497879156667e-01
5.552999350765828179e-01
4.752924774734677005e-01
1.548012713643706073e-01
7.561178037041960120e-02
7.696529071625543006e-01
8.981080781841889182e-01
2.981589835231933105e-01
1.284295033596638269e-01
1.253603087278907235e-01
6.213074915765857131e-01
1.492567487025909523e-01
6.826138871810409903e-01
3.698522066081625370e-01
6.384576106701571607e-01
6.160990788294248288e-01
7.740066682609376691e-01
8.677114298003230086e-01
8.896486932559798388e-01
5.387864551965904081e-02
0.000000000000000000e+00
5.728842079022809786e-02
5.986315216546149454e-02
5.936903354850441017e-02
7.284256961676317810e-02
4.415584415584415667e-02
6.182229647193310251e-02
2.331219312602291760e-01
3.068987749838814061e-01
3.381588918189809556e-01
6.045514719788186442e-02
7.074551131928180636e-02
1.961136898345730017e-01
1.046658259773013966e-01
2.689655172413794038e-01
4.347280419424708331e-01
2.918127373648843337e-02
1.322992511101720170e-01
1.070336391437308743e-01
2.436699851647542436e-01
3.552372629679362293e-02
4.560562270099842164e-01
3.099747814803026635e-01
3.535353535353534804e-01
3.406987160346371946e-01
1.224632000696803391e-01
3.995939724930663850e-02
0.000000000000000000e+00
6.720430107526882413e-01
6.819407008086253441e-01
5.353535353535354702e-01
4.499999999999999556e-01
1.000000000000000000e+00
5.853483080475589961e-01
0.000000000000000000e+00
0.000000000000000000e+00
0.000000000000000000e+00
0.000000000000000000e+00
0.000000000000000000e+00
0.000000000000000000e+00
0.000000000000000000e+00
0.000000000000000000e+00
0.000000000000000000e+00
0.000000000000000000e+00
4.299287410926366237e-01
0.000000000000000000e+00
0.000000000000000000e+00
0.000000000000000000e+00
0.000000000000000000e+00
0.000000000000000000e+00
0.000000000000000000e+00
0.000000000000000000e+00
0.000000000000000000e+00
0.000000000000000000e+00
0.000000000000000000e+00
1.326009318298740913e-01
1.425933005243726903e-01
1.660972698434595163e-01
1.921882495819189351e-01
3.392285273399535672e-01
1.520996876969726852e-01
3.731420755133225686e-01
3.978178451588216258e-01
4.119711641391458068e-01
2.274166425955133075e-01
1.137289841604138818e-01
8.699860629844768933e-02
5.129851734213917158e-01
1.968244366136824297e-01
3.063604857494508504e-01
8.147097811671000223e-02
5.522414794249530523e-01
8.836159537638005324e-02
4.480787262830014939e-01
2.076042049387196720e-01
6.611133220378900832e-01
6.720968333156736030e-01
5.134916963174975812e-01
5.765861253612247772e-01
6.484975674197490658e-01
1.028317526138703419e-01
0.000000000000000000e+00
9.005020229306787138e-02
9.621259530869175070e-02
1.118891116082220971e-01
1.276238485146078405e-01
2.302374143551555452e-01
1.031224230621295979e-01
2.889985382903191846e-01
2.733266064692749242e-01
3.148689644835748203e-01
1.767655760589990632e-01
7.492988774864933754e-02
5.810122387218663587e-02
4.375337185839989762e-01
1.378810244950332553e-01
2.126402485265499742e-01
5.936101942892368921e-02
4.912331607916631260e-01
4.483390731649343486e-02
3.675575300593950656e-01
1.463512139742303431e-01
5.823930701282076239e-01
6.027704863178577899e-01
4.560746505064010581e-01
5.174553218647793829e-01
5.639071563433017964e-01
7.048492001863976286e-02
0.000000000000000000e+00
6.011527377521614923e-01
6.441664242071574176e-01
6.662830840046028991e-01
7.186147186147187060e-01
6.250000000000000000e-01
6.355166857050512652e-01
6.888012015631133078e-01
5.675350769989860877e-01
4.992088945905494013e-01
1.682552838789886929e-01
5.667576889910885818e-02
7.850664875224752093e-01
9.262759924385632893e-01
3.025763372227837089e-01
1.257423198045284907e-01
1.868913867242212312e-01
6.021805610955990318e-01
1.684223827058855261e-01
6.857142857142857206e-01
3.945672709350891427e-01
6.308912332343857843e-01
5.835303363278948607e-01
8.083117403690607272e-01
9.032686927395876531e-01
9.139919080872681567e-01
5.437969924812025013e-02
0.000000000000000000e+00
