4.209673750419071769e-01
4.333691479141701386e-01
4.602452105375949287e-01
5.387110304342996869e-01
6.552407741706787192e-01
4.381415140828808230e-01
8.326185777712249436e-01
4.439429047475884627e-01
4.148030359649066412e-01
2.614281791726341675e-01
3.114025230998059834e-01
8.166137610406091207e-01
6.242513488845345959e-01
2.895451177591516490e-01
1.253684930963722410e-01
3.219659705352491130e-01
7.661292292525463399e-01
1.384276148339255996e-01
6.828881160050497279e-01
4.359634220093457913e-01
6.619309842825849000e-01
3.540095526436587425e-01
4.658557285668092351e-01
4.596199852260542951e-01
7.447726446536363509e-01
1.607687715357793978e-01
0.000000000000000000e+00
4.531035772155054819e-01
4.610294689370967314e-01
5.226535745673849265e-01
4.422939068100357751e-01
8.311688311688313069e-02
4.701553206794514828e-01
6.202127659574468987e-01
4.248838967491088692e-01
3.829655562628192511e-01
3.009644065162201954e-01
2.340163934426229275e-01
4.082311247593808368e-01
7.201405152224826800e-02
1.846153846153847367e-01
1.186256007159950387e-01
1.017146452729275063e-01
1.429427950450209706e-01
1.430004085725958829e-01
2.186941784373012676e-01
3.990024937655858861e-02
3.293352601156069315e-01
4.218983079742572029e-02
4.483660130718953862e-01
1.582833410244578465e-01
1.106949646275488808e-01
3.489607871065286693e-02
0.000000000000000000e+00
7.473118279569893607e-01
7.277628032345013764e-01
7.777777777777779011e-01
5.999999999999999778e-01
1.000000000000000000e+00
7.421947444052080511e-01
5.296803652968036236e-01
0.000000000000000000e+00
0.000000000000000000e+00
0.000000000000000000e+00
0.000000000000000000e+00
0.000000000000000000e+00
0.000000000000000000e+00
0.000000000000000000e+00
0.000000000000000000e+00
0.000000000000000000e+00
1.831983805668016274e-01
0.000000000000000000e+00
0.000000000000000000e+00
0.000000000000000000e+00
0.000000000000000000e+00
0.000000000000000000e+00
0.000000000000000000e+00
0.000000000000000000e+00
0.000000000000000000e+00
0.000000000000000000e+00
0.000000000000000000e+00
1.768364407222464685e-01
1.901277314527577422e-01
2.484584547215462624e-01
2.188959505542728001e-01
3.447883812288475847e-01
2.016983443167105206e-01
6.170251747494688299e-01
2.755760674761315587e-01
2.687023853752715796e-01
1.460405187890134737e-01
1.331904471599575368e-01
1.189993951274560535e-01
4.096896575928357098e-01
9.272378807218362162e-02
2.093818945678067589e-01
3.252984799991798237e-01
5.252056835707845650e-01
7.175029851012088011e-02
4.998688022459989444e-01
2.013137213942217674e-01
5.809077460699970663e-01
2.654872092471440848e-01
1.362207491392346537e-01
1.310812824879994398e-01
4.562731891388889238e-01
7.858910972599419953e-02
0.000000000000000000e+00
1.229847448254872133e-01
1.317142154052685088e-01
1.753792965990896013e-01
1.477905240152031507e-01
2.349430385621101292e-01
1.405491454022308462e-01
5.320189885474474467e-01
1.718325583262956813e-01
1.899381059095227864e-01
1.100878085897520342e-01
8.874976970039472057e-02
8.085807416627932565e-02
3.366504563854167409e-01
6.135653708718097343e-02
1.363735190720872514e-01
2.604520845434005749e-01
4.636807572727763560e-01
3.576144844172678139e-02
4.184698644634449183e-01
1.414451916996293246e-01
4.953670319791342314e-01
2.041443772780520693e-01
1.091772307361116301e-01
1.034942909204477068e-01
3.642091239550730442e-01
5.320006629558027278e-02
0.000000000000000000e+00
6.484149855907781479e-01
6.837358161187081507e-01
6.731875719217491616e-01
7.359307359307358798e-01
6.250000000000000000e-01
6.755923095427179836e-01
8.432495628586227365e-01
5.054760005905983844e-01
4.226485509359146908e-01
2.722592368261659290e-01
3.173385138416706663e-01
8.380642096883174075e-01
6.474386569091690191e-01
3.086089645473692467e-01
1.310517630647116682e-01
3.413276588936466904e-01
7.894670406732118284e-01
1.581757848989520376e-01
6.984126984126983739e-01
4.421637695054678741e-01
6.625994925979040717e-01
3.423115391607668423e-01
4.888697067412994812e-01
4.967258545891810595e-01
7.856445230358554133e-01
1.696774193548387100e-01
0.000000000000000000e+00
