4.885857908775892433e-01
4.904616048213961133e-01
5.030020027252866122e-01
5.655768923455071207e-01
6.647128521204714868e-01
4.972796766787810352e-01
4.696974608320761413e-01
5.487839584680406224e-01
2.655626136777664570e-01
2.235583352635263088e-01
3.941599484312615642e-01
4.987592591260053831e-01
7.664792157329819444e-01
4.669619855444648304e-01
3.100096594164922781e-01
3.845407428629128432e-01
7.509122344175473973e-01
3.797096823815711009e-01
4.686245099943022741e-01
8.232654507047155734e-01
3.989610103767664007e-01
6.200154704823021001e-01
4.676224759715783552e-01
3.850132408429220998e-01
6.295164832119984899e-01
4.257719746231966029e-01
0.000000000000000000e+00
1.460956001495700152e-01
1.585180001555089313e-01
1.826832742370518292e-01
1.550041356492969369e-01
9.090909090909092549e-02
1.571181537637892367e-01
2.491174202973042151e-01
2.093156986774008521e-01
9.186359537449606538e-02
5.870546272740057026e-02
6.352459016393442459e-01
1.210965482148239070e-01
8.360655737704918433e-01
3.375000000000000222e-01
1.768385255359202768e-01
1.229008633281956642e-01
1.928573459118986533e-01
2.991720742895501717e-01
1.225950069841051371e-01
2.156263476646728683e-01
3.533685469404027057e-01
4.827872327539217689e-01
5.609427609427608541e-01
5.284100212870478375e-01
1.423220973782771404e-01
1.279098978395578068e-01
0.000000000000000000e+00
3.118279569892473679e-01
2.318059299191374545e-01
2.323232323232323482e-01
1.833333333333333204e-01
1.000000000000000000e+00
3.074297372878966872e-01
0.000000000000000000e+00
0.000000000000000000e+00
0.000000000000000000e+00
0.000000000000000000e+00
0.000000000000000000e+00
0.000000000000000000e+00
0.000000000000000000e+00
0.000000000000000000e+00
0.000000000000000000e+00
0.000000000000000000e+00
5.127478753541077072e-01
0.000000000000000000e+00
0.000000000000000000e+00
0.000000000000000000e+00
0.000000000000000000e+00
0.000000000000000000e+00
0.000000000000000000e+00
0.000000000000000000e+00
0.000000000000000000e+00
0.000000000000000000e+00
0.000000000000000000e+00
2.472294631261202635e-01
2.556459320541871749e-01
2.858816007671627357e-01
2.806796123046266800e-01
3.544936480567058013e-01
2.646289758011332038e-01
3.598301882296597309e-01
4.042527417644675158e-01
2.109932705232372419e-01
2.315698371041692294e-01
2.910309629740449600e-01
8.555744574610635311e-02
6.739280894291865831e-01
3.483922342174796682e-01
3.822242429687948695e-01
3.767766947342146011e-01
6.447833355973142666e-01
3.081613472612058646e-01
3.225275053566862837e-01
8.583835745592678368e-01
4.299846372855739007e-01
6.347676418735381798e-01
3.774879210470274415e-01
2.320069366152366364e-01
4.255301181537018973e-01
3.876795460665071191e-01
0.000000000000000000e+00
1.783794033496500231e-01
1.834571347627585447e-01
2.059822610417042232e-01
1.967163379033101678e-01
2.432292011504458284e-01
1.907254228169690813e-01
2.769653650279367829e-01
2.790996241449248405e-01
1.442645285684850676e-01
1.802710146458652019e-01
2.116072163966620234e-01
5.709389945190862514e-02
6.075617951462521926e-01
2.637473945857778945e-01
2.780846454042503746e-01
3.073990047847103280e-01
5.882735955125288907e-01
1.929587087388554556e-01
2.513836848084737285e-01
8.131205033206883037e-01
3.438663131590584676e-01
5.618378651732307549e-01
3.234786888014440365e-01
1.888507785618576129e-01
3.348145097201793985e-01
3.044490882215616923e-01
0.000000000000000000e+00
6.593659942363112592e-01
6.752982251963923765e-01
6.616800920598390201e-01
7.056277056277056037e-01
6.250000000000000000e-01
6.725815296642526642e-01
4.995771758629410364e-01
5.893049412826034672e-01
2.687176436405981361e-01
2.371641052323135712e-01
3.886738289996549689e-01
5.100851152878395078e-01
8.115942028985507761e-01
4.612104685318919040e-01
2.975065536792049770e-01
4.137058282167740408e-01
7.402649680836872470e-01
3.788191910082534530e-01
4.815132769121368561e-01
8.121400338791645579e-01
3.975940401690306603e-01
5.862903824002522191e-01
4.833881383463412007e-01
4.066884712020997217e-01
6.781380320535536077e-01
4.094721577929756329e-01
0.000000000000000000e+00
