4.655342454228335036e-01
4.653494430813511773e-01
4.747862112143534929e-01
5.423675442214053177e-01
7.363365333711671123e-01
4.728925262221386205e-01
5.352135253956005201e-01
6.219686571227898142e-01
2.823901017327614671e-01
2.378707479411160675e-01
3.777719627875003594e-01
5.309326174716525459e-01
7.755140601319100435e-01
4.268333878920937408e-01
2.901000426598316917e-01
3.532974384513467569e-01
7.984188970716994405e-01
3.396938374275357830e-01
4.904542918190790690e-01
7.118490346964746474e-01
4.390355879958782181e-01
5.322182881636893237e-01
5.159973542857065887e-01
4.243359624296076937e-01
7.712343527444308622e-01
3.646348842498957632e-01
0.000000000000000000e+00
3.033154680294154470e-01
3.061426016639453018e-01
3.380307300663696890e-01
2.926385442514474744e-01
9.350649350649352376e-02
3.124784607477767429e-01
3.361559372197671092e-01
7.143420015760442165e-01
2.173703939458236922e-01
8.791034099038236294e-02
9.999999999999998890e-01
2.102548521628935241e-01
9.236305477808878783e-02
4.952380952380953660e-01
1.768385255359202768e-01
1.477807941970742944e-01
1.038205795007114685e-01
4.495412844036696942e-01
3.013301809429481670e-01
2.032961075571940168e-01
2.990324202060819503e-01
1.773106774722719159e-01
7.432098765432098020e-01
4.974619289340102002e-01
2.643124665596575662e-01
2.409619467063781051e-01
0.000000000000000000e+00
2.741935483870967527e-01
2.048517520215633603e-01
2.121212121212121271e-01
1.333333333333333315e-01
1.000000000000000000e+00
2.366689836345305942e-01
0.000000000000000000e+00
0.000000000000000000e+00
0.000000000000000000e+00
0.000000000000000000e+00
0.000000000000000000e+00
0.000000000000000000e+00
0.000000000000000000e+00
0.000000000000000000e+00
0.000000000000000000e+00
0.000000000000000000e+00
4.525000000000000133e-01
0.000000000000000000e+00
0.000000000000000000e+00
0.000000000000000000e+00
0.000000000000000000e+00
0.000000000000000000e+00
0.000000000000000000e+00
0.000000000000000000e+00
0.000000000000000000e+00
0.000000000000000000e+00
0.000000000000000000e+00
1.858409056629943823e-01
1.889480535882460677e-01
2.189209166941344931e-01
2.152522785639000569e-01
3.870522011638497517e-01
2.008180837641430072e-01
3.545289842643131184e-01
4.919428292259116486e-01
2.414917913585460374e-01
2.790660097700377040e-01
2.917164462686169246e-01
1.121978375327864486e-01
4.608886688412514587e-01
3.166274063822995810e-01
3.143007644213392515e-01
3.469641589514471658e-01
5.936239557399676237e-01
2.441634910916296586e-01
3.821913695877565686e-01
6.443494771880704519e-01
4.379160220918002500e-01
4.831070162796833323e-01
4.329688620226423978e-01
2.871295100492619046e-01
5.421229675688843397e-01
3.445560601395231126e-01
0.000000000000000000e+00
1.298661669616741343e-01
1.308124150394662233e-01
1.519988987179708151e-01
1.450042808561591845e-01
2.716961271846758952e-01
1.398686218932926884e-01
2.722088796793797894e-01
3.620593642447690330e-01
1.680697789275450160e-01
2.210666169760603927e-01
2.121826015917621100e-01
7.595890014579859129e-02
3.858482735628127602e-01
2.359500181835759158e-01
2.192521244741070519e-01
2.800198364888535907e-01
5.341049468835152858e-01
1.444421681887585462e-01
3.053113287212907423e-01
5.590210139679785417e-01
3.514295641254197022e-01
4.045536431572379077e-01
3.765426710908972296e-01
2.375533397895278620e-01
4.500078065430978547e-01
2.653741318543674232e-01
0.000000000000000000e+00
6.587896253602305574e-01
6.718068082630201943e-01
6.616800920598390201e-01
7.229437229437229995e-01
7.500000000000000000e-01
6.738673257158421803e-01
5.553405966805824434e-01
6.430019034539864453e-01
2.902452484827877655e-01
2.503109697303375070e-01
3.737625754527162947e-01
5.560155200189588198e-01
8.228423101881894297e-01
4.276123549302309201e-01
2.874684050598424467e-01
3.919778955100141626e-01
7.798255610098177026e-01
3.545180398973416525e-01
5.042016806722688926e-01
7.037431008585847136e-01
4.427842153015095761e-01
5.054064974741695471e-01
5.190425425044038477e-01
4.458669296374915270e-01
8.103173925735017713e-01
3.503400093153236083e-01
0.000000000000000000e+00
