5.520711075934516820e-01
5.365091168399878097e-01
5.217614080868213655e-01
5.069987493869692052e-01
5.729561919114967150e-01
5.334098337823840463e-01
2.522250427847985699e-01
6.377032331475450677e-01
2.997331045923544712e-01
5.456469829292519558e-01
9.955708222383640171e-01
2.028479807698461146e-01
3.054538226490112196e-01
7.663317740264872224e-01
8.362268757741387892e-01
3.794363074304185623e-01
4.498207266891567357e-01
7.086902673605528502e-01
6.111747131935918453e-02
3.968094582194534592e-01
1.348255438559731179e-02
6.342851385567626066e-01
1.081439518037212721e-01
3.831710995058523750e-02
1.022965962195554468e-02
6.262380960468972857e-01
0.000000000000000000e+00
1.462981428393368699e-02
2.041831894875982545e-02
1.424371912598115797e-02
2.282878411910670147e-02
2.597402597402596880e-02
1.751329774330807887e-02
1.639985679214402969e-01
3.236143945363803009e-01
4.577631887325975812e-01
1.400942942365053234e-01
2.147958181996662552e-01
1.149295943705502809e-02
5.737704918032787704e-02
5.115207373271889457e-01
3.065841828584705553e-01
1.346179659063094225e-01
7.961370863266989395e-02
3.297095211156749750e-01
5.987811112176111283e-02
9.746759860911102802e-02
2.659747766684182335e-01
1.203800186656760474e-01
3.908831908831911228e-02
1.545471225001529003e-01
4.744069912609238937e-02
4.079029032480518402e-01
0.000000000000000000e+00
7.365591397849463595e-01
7.088948787061994938e-01
6.363636363636364646e-01
4.333333333333333481e-01
1.000000000000000000e+00
6.593178528468393029e-01
0.000000000000000000e+00
0.000000000000000000e+00
0.000000000000000000e+00
0.000000000000000000e+00
0.000000000000000000e+00
0.000000000000000000e+00
0.000000000000000000e+00
0.000000000000000000e+00
6.617647058823529216e-01
0.000000000000000000e+00
4.617346938775510057e-01
0.000000000000000000e+00
0.000000000000000000e+00
0.000000000000000000e+00
0.000000000000000000e+00
0.000000000000000000e+00
0.000000000000000000e+00
0.000000000000000000e+00
0.000000000000000000e+00
0.000000000000000000e+00
0.000000000000000000e+00
1.218566650967576326e-01
1.180014070483281774e-01
1.220140213789994155e-01
1.076178702623267203e-01
2.944798521795053414e-01
1.212941821130413267e-01
1.998498908720265366e-01
4.708941723818890757e-01
2.138324534119288023e-01
4.196194246226316871e-01
7.316271383249816074e-01
7.909229136308004726e-02
1.935228277554803533e-01
4.470247986351036928e-01
5.746085358307068125e-01
2.722417713076306089e-01
4.028365421334449969e-01
4.789453928481798850e-01
4.738193457888950633e-02
2.529668972416883044e-01
1.605678613522228959e-01
4.525501793624160385e-01
1.741974969207304991e-01
2.439395907282770892e-01
0.000000000000000000e+00
4.891703579861742535e-01
0.000000000000000000e+00
8.226933786162665685e-02
7.851874451680712630e-02
8.008795827586315252e-02
6.767940360080154649e-02
1.934586709209922262e-01
8.081750233714701803e-02
1.423253970430801152e-01
3.414172085526394063e-01
1.464491409263108113e-01
3.494109633403031379e-01
6.560461949315343766e-01
5.259356286545019410e-02
1.463876767915580079e-01
3.548561880302784077e-01
4.668063296862625666e-01
2.137042937417182320e-01
3.434841459651922779e-01
3.440960979755655624e-01
3.268555498796849035e-02
1.826025711108935079e-01
1.132091053995338825e-01
3.746152913357624903e-01
1.411350291016610914e-01
1.992688354280364171e-01
0.000000000000000000e+00
4.015577009947409737e-01
0.000000000000000000e+00
7.239193083573487453e-01
7.192318882746582265e-01
6.973532796317606364e-01
6.753246753246753276e-01
5.000000000000000000e-01
7.053456711633939724e-01
2.683755943260769383e-01
6.953549980300379740e-01
3.054589649235339710e-01
5.545556805399322053e-01
9.993461662834146608e-01
2.104812524286551190e-01
3.351394211708735860e-01
7.661598076258848700e-01
8.436385896285537589e-01
4.368941430754720301e-01
4.354054643531062307e-01
7.282842521330820107e-01
5.925455091194808954e-02
3.892798355753385176e-01
1.320016954395170083e-02
6.417144053079827382e-01
9.170718963885282626e-02
3.715641414556891675e-02
2.151243621822757079e-02
6.277834142514837623e-01
0.000000000000000000e+00
