4.685061011529860764e-01
4.588114715076270222e-01
4.735793600353510602e-01
4.996741527474855005e-01
5.069767924301802342e-01
4.663037240301763919e-01
4.134851947299656438e-01
4.776773672313510133e-01
2.638581209570398656e-01
3.006208704915168672e-01
5.389201278377663273e-01
3.894410011763004276e-01
8.266978628332591894e-01
5.426357589232750911e-01
4.373746861666214514e-01
3.267479568185001071e-01
5.573666547766586987e-01
4.412869899231575133e-01
3.825359325767705432e-01
9.547322218733592658e-01
1.881108412372493599e-01
5.937297226094865321e-01
4.807475926092750207e-01
3.470084239313151464e-01
5.696916151871550538e-01
5.113536136496540374e-01
0.000000000000000000e+00
1.963885080393867888e-01
2.126662001399580726e-01
2.344152498712004373e-01
2.230493520816101416e-01
2.337662337662337053e-02
2.121272595803067040e-01
7.676759410801964334e-01
6.664262531554272506e-01
4.634297753554000865e-01
8.957952468007313040e-02
2.409171466548516438e-01
3.631256931949102817e-01
1.760138050043140723e-01
4.421052631578947789e-01
3.097305722556223939e-01
4.478342982687633089e-02
9.532694059964422206e-02
7.577981651376147765e-01
2.503150977634416852e-01
4.788029925187032854e-01
2.857749277456647641e-01
1.886356619607623131e-01
1.916770703287556943e-01
1.834270819042392864e-01
6.852545429324455317e-02
2.000293083235638592e-01
0.000000000000000000e+00
7.258064516129033583e-01
7.547169811320755262e-01
7.171717171717172379e-01
5.333333333333333259e-01
1.000000000000000000e+00
7.911705097168402201e-01
0.000000000000000000e+00
0.000000000000000000e+00
0.000000000000000000e+00
0.000000000000000000e+00
0.000000000000000000e+00
0.000000000000000000e+00
0.000000000000000000e+00
0.000000000000000000e+00
0.000000000000000000e+00
0.000000000000000000e+00
2.180722891566265198e-01
0.000000000000000000e+00
0.000000000000000000e+00
0.000000000000000000e+00
0.000000000000000000e+00
0.000000000000000000e+00
0.000000000000000000e+00
0.000000000000000000e+00
0.000000000000000000e+00
0.000000000000000000e+00
0.000000000000000000e+00
1.694238124216187469e-01
1.749253696037091910e-01
2.041584948150693135e-01
1.915138246250064347e-01
2.848273826254975605e-01
1.826769360284671295e-01
4.121520875280264562e-01
3.602242409177089377e-01
2.778628051017416611e-01
3.129274068205627479e-01
3.676061188126608092e-01
1.722585292433062021e-01
6.542139874502901353e-01
3.796517660862772647e-01
3.809837204097380470e-01
2.378145042076349469e-01
5.654990948718143784e-01
3.187135332729281179e-01
2.977366641360328359e-01
9.902463119422215687e-01
2.338817418763731171e-01
5.351434794072644774e-01
3.615512613240747797e-01
2.509654393361049340e-01
3.515995753949907598e-01
4.354734558278757772e-01
0.000000000000000000e+00
1.173648618436360924e-01
1.201736974450954842e-01
1.405696694667403490e-01
1.271222779693095828e-01
1.857806730936669704e-01
1.259748701998030240e-01
3.249955626173059997e-01
2.404599460710600822e-01
1.974336037730337889e-01
2.509451723287228764e-01
2.781202836442413506e-01
1.203844717788797314e-01
5.858939856687783720e-01
2.918371627854293715e-01
2.769736731871178526e-01
1.842606001231286705e-01
5.048759065854073746e-01
2.013833614552509865e-01
2.296579926534995097e-01
9.866499690928409727e-01
1.709241363343387832e-01
4.568888531049564716e-01
3.084978791250561070e-01
2.054351633390264498e-01
2.669984613957470665e-01
3.492795256290743833e-01
0.000000000000000000e+00
6.472622478386167444e-01
6.610416060517894099e-01
6.501726121979286566e-01
6.709956709956710341e-01
5.000000000000000000e-01
6.529299874902992906e-01
4.281449937123736893e-01
5.149582343679112162e-01
2.658159090366798427e-01
3.355809805542261381e-01
5.139493548765594610e-01
4.053612882077081148e-01
8.635682158920539031e-01
5.423376208871222293e-01
4.261692485074029535e-01
3.802509934362738875e-01
5.530511133057254280e-01
4.543487364771680026e-01
4.102881933684536797e-01
9.186536527654541873e-01
1.973248256873914031e-01
5.899402746029566158e-01
4.929476901493132779e-01
3.630039760425165518e-01
6.186048676923864287e-01
5.071126414166255980e-01
0.000000000000000000e+00
