3.553930601116563892e-01
3.486304774569963794e-01
3.582355813036541825e-01
3.629820502291765116e-01
4.887641171945831253e-01
3.493873211650762034e-01
3.522575801953009011e-01
3.798108244330894445e-01
2.833835443003299703e-01
6.409548143456763603e-01
5.775858163080557217e-01
4.884483815509012006e-01
6.783321268599654674e-01
5.709669053107688796e-01
5.832722643280842112e-01
2.073343384100430065e-01
7.999156174261674579e-01
3.561891924091744599e-01
2.888692968696121577e-01
5.358590605931405904e-01
2.431235052407077490e-01
5.675837505976532027e-01
4.302071409280334713e-01
3.457626933703299432e-01
3.379709260866223808e-01
5.671121176429753108e-01
0.000000000000000000e+00
1.788140346503801492e-01
1.778011041132105396e-01
1.731369518441070454e-01
1.786049076371656885e-01
1.688311688311688319e-01
1.797216639356720713e-01
2.123105960614540821e-01
7.460226183630438435e-01
2.025367187684183334e-01
1.550704376814711072e-01
3.180684248039914452e-01
5.705658963855092525e-01
4.222311075569772920e-01
5.546218487394959373e-01
2.735470941883767493e-01
7.643068133865676961e-02
4.059373399468110266e-01
4.013761467889908063e-01
2.469880271212999689e-01
4.811590655263681127e-01
3.293352601156069315e-01
2.898464346652911416e-01
4.142794104668607869e-01
1.646120377084844266e-01
1.067415730337078483e-01
1.000000000000000000e+00
0.000000000000000000e+00
6.290322580645162365e-01
5.956873315363881982e-01
4.747474747474748069e-01
3.166666666666666519e-01
1.000000000000000000e+00
5.388934037932687771e-01
0.000000000000000000e+00
0.000000000000000000e+00
0.000000000000000000e+00
0.000000000000000000e+00
0.000000000000000000e+00
0.000000000000000000e+00
0.000000000000000000e+00
0.000000000000000000e+00
0.000000000000000000e+00
0.000000000000000000e+00
5.895765472312703981e-01
0.000000000000000000e+00
0.000000000000000000e+00
0.000000000000000000e+00
0.000000000000000000e+00
0.000000000000000000e+00
0.000000000000000000e+00
0.000000000000000000e+00
0.000000000000000000e+00
0.000000000000000000e+00
0.000000000000000000e+00
1.411286754121924281e-01
1.427359865066515354e-01
1.550184130923623060e-01
1.500088444240109675e-01
2.759785522443994887e-01
1.476799672740406466e-01
3.116493125244867990e-01
4.258616248161838924e-01
3.260211403040081946e-01
7.137326062701168095e-01
5.046476303053063495e-01
2.234277565403576249e-01
6.395150411878931518e-01
4.563795402875316931e-01
5.358382890548810673e-01
2.450449611436225084e-01
7.336190746711745980e-01
2.770747427349379843e-01
3.197613160522909670e-01
6.481672930387543108e-01
3.009775374903235212e-01
5.448096762892846723e-01
2.767362099722370239e-01
3.065780974638465661e-01
2.765891694399527090e-01
6.426745042148050979e-01
0.000000000000000000e+00
9.628668807501550297e-02
9.631659664308300783e-02
1.037538459866076679e-01
9.698302341526132686e-02
1.788215292483611996e-01
9.987800858163903284e-02
2.344784515919773327e-01
2.988007828642804120e-01
2.379455297743539310e-01
6.548308256329749000e-01
4.084229696747008198e-01
1.603038659987614523e-01
5.698911111599955781e-01
3.638740031704366107e-01
4.261475758840961303e-01
1.903863008736381146e-01
6.854032153451661280e-01
1.688392305822335460e-01
2.489396714919106524e-01
5.632546587846931629e-01
2.270542476493774275e-01
4.667981651816032751e-01
2.307338753100239837e-01
2.550880623748038589e-01
2.023377729793190971e-01
5.621578528255134488e-01
0.000000000000000000e+00
5.700288184438040417e-01
5.935408786732616626e-01
5.926352128883775050e-01
5.887445887445887927e-01
5.000000000000000000e-01
5.807631348866345578e-01
3.705781470811098099e-01
3.862186757759333844e-01
2.877900923049798720e-01
6.742590652563279496e-01
5.328470824949695928e-01
5.102687313330486196e-01
7.008310131487052175e-01
5.695160424259253507e-01
5.729831765298678548e-01
2.432736429779847054e-01
7.831274376068704246e-01
3.684359718972274322e-01
3.122345559845560725e-01
5.134293643451831590e-01
2.435835989229466758e-01
5.635557875408695461e-01
4.647225465612616624e-01
3.748057706016718615e-01
3.526362318808731189e-01
5.502652520941995196e-01
0.000000000000000000e+00
