7.632226131823738324e-01
7.824156464021476687e-01
8.345074408831092416e-01
9.301504983448782848e-01
8.230600176725733075e-01
8.025108266717679850e-01
5.779661452352757856e-01
4.363931441326565075e-01
5.408486004292176741e-01
8.894734215102151342e-02
1.891592445463411432e-01
7.371041473367266894e-01
6.550998033131273379e-01
3.353356397577122450e-01
2.120972994407236689e-01
2.236453823762754034e-01
6.853125337415182372e-01
2.125993408198344758e-01
6.113565742074731357e-01
6.958976327653950689e-01
6.077748169889163332e-01
6.353206319059699902e-01
5.700871678221290928e-01
5.185366170042806644e-01
6.630114342465679433e-01
2.696090907423481786e-01
0.000000000000000000e+00
1.285367069674685503e-01
1.315605318404478585e-01
1.328908688668666849e-01
1.407223600771987937e-01
9.610389610389612203e-02
1.330420492531070586e-01
1.657180545716590014e-01
8.050603795284660968e-03
2.086536982230184911e-01
8.825568933997773868e-04
5.607554275587062209e-02
4.419174319923768746e-02
7.349419782648738964e-02
2.059233449477352318e-01
4.569598968051045151e-01
1.454975094021455639e-01
9.205335060652461432e-02
8.881514737458517939e-02
1.422558761195778509e-01
1.209662411136338267e-01
5.194167104571729698e-01
1.576567361377487764e-01
6.721536351165979806e-02
1.472081218274111647e-01
5.065701771091221661e-02
2.779118681470243990e-02
0.000000000000000000e+00
7.150537634408602461e-01
7.951482479784367507e-01
5.252525252525253041e-01
8.666666666666665853e-01
1.000000000000000000e+00
7.108435357891076389e-01
0.000000000000000000e+00
0.000000000000000000e+00
0.000000000000000000e+00
0.000000000000000000e+00
0.000000000000000000e+00
5.101010101010101661e-01
0.000000000000000000e+00
0.000000000000000000e+00
0.000000000000000000e+00
0.000000000000000000e+00
4.123006833712983821e-01
0.000000000000000000e+00
0.000000000000000000e+00
0.000000000000000000e+00
0.000000000000000000e+00
0.000000000000000000e+00
0.000000000000000000e+00
0.000000000000000000e+00
0.000000000000000000e+00
0.000000000000000000e+00
0.000000000000000000e+00
3.317988335431529823e-01
3.340563430322515126e-01
3.791154184308340724e-01
3.810877060439786801e-01
4.322035585359299548e-01
3.548194374119780781e-01
2.780927886716770825e-01
2.665529415146404291e-01
4.563594992902563208e-01
1.263798328014129613e-01
1.219540146212247933e-01
0.000000000000000000e+00
2.441961603364906086e-01
2.260289376778938930e-01
3.291717661926599758e-01
2.936269148984302912e-01
3.368423378079097308e-01
1.051559257804280390e-01
3.353493451824927085e-01
4.517295666072957960e-01
6.135875831129419256e-01
5.554937761827924980e-01
1.467361790503007857e-01
1.964780586395638018e-01
3.770456243793116613e-01
1.638879801512479473e-01
0.000000000000000000e+00
2.497781153822584699e-01
2.496629276862282198e-01
2.869922036709515734e-01
2.830009938921430601e-01
3.128793835990035799e-01
2.678813490367897288e-01
2.058742778349166858e-01
1.649564064153869469e-01
3.569145971962875974e-01
9.455094745680420187e-02
8.073503202621162833e-02
0.000000000000000000e+00
1.884559572187039511e-01
1.608008665182460439e-01
2.317848273405543058e-01
2.323464398999051661e-01
2.817286289006705191e-01
5.430948507720960439e-02
2.627772505128014302e-01
3.595101574739429373e-01
5.302801590587515879e-01
4.778193774369598468e-01
1.179596970561480607e-01
1.582399584841601703e-01
2.898821375735687877e-01
1.158436438634425358e-01
0.000000000000000000e+00
8.639769452449568288e-01
9.100960139656677494e-01
9.171461449942462929e-01
9.783549783549783108e-01
8.750000000000000000e-01
8.947545730254445884e-01
5.975519510843748661e-01
4.809515585134264692e-01
5.692969727918694156e-01
1.071351526264695542e-01
1.783837352473046645e-01
7.575043866542451321e-01
7.258526425410047889e-01
3.264273383856936550e-01
2.062629856461928868e-01
2.598070035784703080e-01
6.953060964281161382e-01
2.244740420605704501e-01
6.258503401360544505e-01
7.206185119228599723e-01
5.996764876352805862e-01
6.231376162731764312e-01
6.046161697273524371e-01
5.540806498574126771e-01
7.260306335508052156e-01
2.836496980155306380e-01
0.000000000000000000e+00
