5.597815404494290714e-01
5.706567151593191500e-01
5.834730448092935173e-01
6.897483753791122663e-01
5.937236195873776268e-01
5.757039610946508290e-01
6.971941402198980064e-01
5.153424585951353887e-01
3.141993559813509584e-01
2.485378681758535491e-01
2.761051745758594800e-01
6.793905256458577790e-01
8.002461101147325673e-01
2.377480685571247698e-01
1.826945871513307729e-01
5.382190027595548099e-01
5.172961630860375415e-01
2.068139385097329253e-01
6.045284536176924739e-01
8.081338136112262704e-01
5.824799821784629739e-01
4.768161884087424029e-01
2.927425725136820756e-01
4.759951612215933547e-01
7.231283364972910244e-01
2.515912093895693591e-01
0.000000000000000000e+00
3.485603888819643892e-01
3.626778633076744307e-01
4.080977058520471878e-01
3.557209815274331444e-01
2.545454545454545747e-01
3.552068438751974089e-01
5.835341081857984280e-01
3.223549985426988895e-01
4.124902751255393740e-01
1.456897764027563213e-01
1.362898236931642248e-01
6.546913824815384642e-01
4.029850746268656692e-01
4.421052631578947789e-01
1.935625637239390961e-01
2.249085798905981481e-01
1.307171026874242303e-01
1.531404375441072774e-01
5.800317931671817862e-01
1.246882793017456414e-01
3.293352601156069315e-01
2.257893821460140726e-01
8.872427983539094010e-02
2.460492290010536376e-01
1.303909035860862653e-01
3.457201979590390217e-01
0.000000000000000000e+00
5.591397849462366176e-01
4.797843665768194432e-01
4.545454545454545858e-01
3.666666666666665853e-01
1.000000000000000000e+00
5.004744244854477664e-01
0.000000000000000000e+00
0.000000000000000000e+00
0.000000000000000000e+00
0.000000000000000000e+00
0.000000000000000000e+00
0.000000000000000000e+00
0.000000000000000000e+00
0.000000000000000000e+00
0.000000000000000000e+00
0.000000000000000000e+00
1.880100905178809789e-01
0.000000000000000000e+00
0.000000000000000000e+00
0.000000000000000000e+00
0.000000000000000000e+00
0.000000000000000000e+00
0.000000000000000000e+00
0.000000000000000000e+00
0.000000000000000000e+00
0.000000000000000000e+00
0.000000000000000000e+00
3.679857584461327935e-01
3.772436841600027568e-01
4.124677533000744578e-01
3.958300893625846806e-01
3.411091273795339163e-01
3.839801487619044496e-01
4.110209409708578399e-01
3.270444780211691493e-01
2.273241156877756630e-01
1.722630793611177324e-01
1.150794953526049769e-01
1.053317345799442695e-01
5.162190598937950181e-01
1.485101417061135409e-01
2.893586043413988174e-01
4.851484849223841600e-01
4.602524517278270277e-01
1.224076933976522841e-01
5.215457085351593580e-01
6.619738681348938947e-01
4.507528549122082895e-01
3.984485602147322947e-01
1.486970140130068341e-01
2.025205172996231706e-01
4.664258298330827834e-01
1.645961185628871393e-01
0.000000000000000000e+00
2.819459650112953186e-01
2.881203404450841665e-01
3.176240569746058284e-01
2.963756837952880585e-01
2.318257099913293429e-01
2.941494270741952244e-01
3.239363683812661598e-01
2.126724484354746703e-01
1.569186307860586382e-01
1.311570492794582043e-01
7.587949129556476047e-02
7.104737522711362940e-02
4.407961277936461308e-01
1.013601781668512780e-01
1.986697934689554967e-01
4.113497711794651956e-01
3.989605689532683686e-01
6.436053541729426508e-02
4.402979124225060437e-01
5.786556231401465134e-01
3.637642503243622150e-01
3.230495075959516904e-01
1.196030052217746942e-01
1.634028404841494364e-01
3.740705263599499175e-01
1.163850556027903882e-01
0.000000000000000000e+00
7.463976945244956696e-01
7.780040733197557401e-01
7.606444188722670807e-01
8.528138528138529129e-01
5.000000000000000000e-01
7.625061558246920557e-01
7.113349092643206362e-01
5.741880297961643453e-01
3.175368826170623660e-01
2.551433603752509827e-01
2.917658680365058377e-01
6.940768790814707545e-01
8.115942028985507761e-01
2.580155026063086221e-01
1.773267180759344197e-01
5.750979817384194170e-01
5.158550565036130742e-01
2.258866925763627631e-01
6.097794822627038425e-01
7.968864468864470529e-01
5.930790171972221136e-01
4.620328699324040000e-01
3.061019049094004796e-01
5.092764642732303670e-01
7.658467527636544370e-01
2.538631162887454717e-01
0.000000000000000000e+00
