5.748922495177672953e-01
5.507133727375943533e-01
5.652652217966389614e-01
5.576058163024315562e-01
4.323420592888251868e-01
5.642288841196820837e-01
1.768844325908752180e-01
3.460354170792362405e-01
2.786939031428304903e-01
5.718202653366400989e-01
7.710829128295796364e-01
3.355126875182917745e-01
3.500563900467573708e-01
6.584296406353178366e-01
7.370074980956310418e-01
1.723628398201038081e-01
4.957468465156433801e-01
6.651318329842912380e-01
2.199914250419755524e-01
5.025777178300279147e-01
9.645765987031901245e-02
6.247857240467197260e-01
4.549540232437399023e-01
2.461770633985382872e-01
3.415904466154966457e-01
8.078831217017709010e-01
0.000000000000000000e+00
8.280879970086003905e-02
8.072467148744268128e-02
8.112858744734370575e-02
8.789633305762338533e-02
1.038961038961039307e-02
8.424550610771033843e-02
3.060520885220238130e-01
4.622157006603089258e-02
1.156940001665203166e-01
8.930530164533823090e-02
1.484963447053610497e-01
1.730574469079634303e-01
7.266943968681183197e-02
4.952380952380953660e-01
3.338528909671193423e-01
2.301830752750999576e-02
5.247267159880517062e-02
4.042093901780895449e-01
7.974218134150706794e-02
1.577381846588349346e-02
3.430012467414710886e-01
1.211314905709118817e-01
4.697167755991282778e-02
9.499637418419137891e-02
3.558052434456929203e-02
1.743596876428159526e-01
0.000000000000000000e+00
7.473118279569893607e-01
7.924528301886792914e-01
6.060606060606061884e-01
5.666666666666666519e-01
1.000000000000000000e+00
6.807246486727740464e-01
0.000000000000000000e+00
0.000000000000000000e+00
0.000000000000000000e+00
0.000000000000000000e+00
0.000000000000000000e+00
0.000000000000000000e+00
0.000000000000000000e+00
0.000000000000000000e+00
6.164383561643835829e-01
4.329411764705882737e-01
4.931880108991825162e-01
0.000000000000000000e+00
0.000000000000000000e+00
0.000000000000000000e+00
0.000000000000000000e+00
0.000000000000000000e+00
0.000000000000000000e+00
0.000000000000000000e+00
0.000000000000000000e+00
0.000000000000000000e+00
0.000000000000000000e+00
2.729566287222893184e-01
2.560805911085107800e-01
2.749628530710241936e-01
2.532834717133465308e-01
2.278218832463131394e-01
2.723875326940922159e-01
1.767836631519317248e-01
2.379627184325068812e-01
1.552674155471487349e-01
4.302050880045158454e-01
4.481722630631929105e-01
8.802180357838351732e-02
2.265465414910219355e-01
4.451390521362044161e-01
4.829467995176915940e-01
6.738293281596297035e-02
4.126834420313696405e-01
4.160215548346693493e-01
4.254961697587389402e-02
2.909237135553937037e-01
1.395824500186196859e-01
5.382444695164529946e-01
2.337395289295902678e-01
2.020323976137687882e-01
1.687106824042747810e-01
5.517528260744485324e-01
0.000000000000000000e+00
1.995398292484659719e-01
1.838112813344706109e-01
1.969401403649999327e-01
1.746298465878553530e-01
1.422836328893173907e-01
1.971198116918838061e-01
1.244316326318157806e-01
1.437278156633416959e-01
1.026943626859481984e-01
3.595383390954408065e-01
3.529732588145002570e-01
5.881732289562574545e-02
1.736274664843174276e-01
3.530462632196285089e-01
3.728178929294512223e-01
4.881577681447896166e-02
3.528828529103376077e-01
2.847435130629975553e-01
2.928512287158213656e-02
2.141131279506699459e-01
9.738403421932412263e-02
4.600614321633231252e-01
1.925747537181313751e-01
1.629851177743972812e-01
1.166656562686866350e-01
4.650381202766904476e-01
0.000000000000000000e+00
6.518731988472623584e-01
6.523130637183591762e-01
6.363636363636363535e-01
6.277056277056276556e-01
3.750000000000000000e-01
6.491053318230847191e-01
1.954882606011120183e-01
3.796447408691089320e-01
2.809029575647039589e-01
5.875431301424399733e-01
8.018235998268088416e-01
3.463412728639928551e-01
3.947993848734794309e-01
6.627991501418579734e-01
7.254702079200645581e-01
2.132917096745485797e-01
5.217123792854385655e-01
6.764227246834337848e-01
2.448979591836734082e-01
5.249518098093810536e-01
1.029915638309489845e-01
6.223675039560544464e-01
4.735945485519590381e-01
2.483579717535786546e-01
4.065413123330973155e-01
8.383614697120158610e-01
0.000000000000000000e+00
