5.823974865011398716e-01
6.157800117551415209e-01
6.655827349597858156e-01
7.911174369667033357e-01
2.925770106249795388e-01
6.182181923529141976e-01
9.429659108057271144e-01
3.507519424118771267e-01
4.412633440584343703e-01
2.716425187771843719e-01
3.527228203268317763e-02
9.848405650021671009e-01
7.005316820059591665e-01
6.821344942723772675e-02
3.672454194286162155e-02
2.839347173431019389e-01
1.101732228165102079e-01
3.383929501880025836e-02
9.382559359013411537e-01
2.498691071782769280e-01
8.410326668343395262e-01
3.839677812541829605e-01
7.102072379825514759e-01
7.402674649254050721e-01
7.428821362269742989e-01
6.088867329895764069e-02
0.000000000000000000e+00
3.940545930449956824e-01
4.008475235207216159e-01
4.024911355577779348e-01
4.361180038599393738e-01
1.922077922077922163e-01
4.031979053789079281e-01
4.664745621060696346e-01
6.200607902735562060e-01
3.320171037915322643e-01
7.510414481373811624e-02
7.074551131928180636e-02
5.715057292738709993e-01
1.068400226116449914e-01
2.873949579831933665e-01
4.635103540414161616e-01
7.189700504699447769e-02
1.094688493699211007e-01
1.783893985728847720e-01
3.635246459866718904e-01
8.453442664525129269e-02
5.035765895953756566e-01
5.833781958272877821e-01
4.380587484035759482e-01
5.511971119932502772e-01
2.458290772897514243e-01
5.389260813228852198e-02
0.000000000000000000e+00
5.053763440860216116e-01
4.312668463611859515e-01
4.343434343434343647e-01
4.000000000000000222e-01
1.000000000000000000e+00
4.673833392489379346e-01
0.000000000000000000e+00
0.000000000000000000e+00
0.000000000000000000e+00
0.000000000000000000e+00
0.000000000000000000e+00
0.000000000000000000e+00
0.000000000000000000e+00
0.000000000000000000e+00
0.000000000000000000e+00
0.000000000000000000e+00
2.808378588052753977e-01
0.000000000000000000e+00
0.000000000000000000e+00
0.000000000000000000e+00
0.000000000000000000e+00
0.000000000000000000e+00
0.000000000000000000e+00
0.000000000000000000e+00
0.000000000000000000e+00
0.000000000000000000e+00
0.000000000000000000e+00
6.264915946255618096e-01
6.420167875458763218e-01
6.634711506351567145e-01
6.883263192794925045e-01
2.115208232192954396e-01
6.446234719382840650e-01
5.970197452772563196e-01
2.749679219462954349e-01
2.653872891486780405e-01
1.908312942900722842e-01
7.327172796416814293e-03
1.746013210113434022e-01
4.068596142620493072e-01
3.370750736429661831e-02
1.582148805355579890e-01
2.151593375307567779e-01
1.412445549119465404e-01
5.493442730041742106e-02
8.786350072824598012e-01
2.342825753281152501e-01
7.532194097202958849e-01
4.386541287291181312e-01
4.796860898675179286e-01
3.965249714122818236e-01
4.021986573129494591e-01
0.000000000000000000e+00
0.000000000000000000e+00
5.399236489646154213e-01
5.548280480859680841e-01
5.760873144716497363e-01
5.991086990335650064e-01
1.304264368523386231e-01
5.576240706846696815e-01
5.104731707234266835e-01
1.713664562940576674e-01
1.872421115307202621e-01
1.463159561719352131e-01
4.527376256824588996e-03
1.221705717262168700e-01
3.339772083931281110e-01
2.156296895946457903e-02
9.947739159289079036e-02
1.652670045658351516e-01
1.113179540365578646e-01
2.688099632561094521e-02
8.439149289940952592e-01
1.674854901814923358e-01
6.879080731529034765e-01
3.611948210971753226e-01
4.223220508115623772e-01
3.385668428032978516e-01
3.129746033628897917e-01
0.000000000000000000e+00
0.000000000000000000e+00
7.014409221902018210e-01
7.491998836194355693e-01
7.721518987341772222e-01
8.571428571428572063e-01
2.500000000000000000e-01
7.346222242530998647e-01
9.509389483935495324e-01
3.887429808463643277e-01
4.402822322001284094e-01
2.904932366732805304e-01
3.885197602651246918e-02
9.880326024542777086e-01
7.438403439789538218e-01
8.174942079548530582e-02
3.550322349570199376e-02
3.558999772837641018e-01
9.829256018665888384e-02
3.516220450173088152e-02
9.271523178807947740e-01
2.382462550237486321e-01
8.534735839056123430e-01
3.590830076365935097e-01
7.213147609980958830e-01
7.677763030349256113e-01
8.108481581462622101e-01
6.543540669856451331e-02
0.000000000000000000e+00
