7.270906527857718959e-01
7.234969864430724762e-01
7.056558825543219893e-01
8.958554940471505912e-01
3.568005285438780039e-01
7.361856085251023973e-01
6.255181222553225506e-01
3.143437578670729149e-01
2.419292304725079168e-01
5.700759426565548127e-01
3.011030687982033660e-01
5.800512890081602757e-01
7.144792764912911709e-01
2.295606026071493333e-01
5.995124446451943756e-02
5.558125026742004593e-01
2.142357596187900448e-01
9.977455210282029641e-02
8.498107367895908482e-01
5.724177603798999980e-01
1.000000000000000000e+00
1.558179131850989663e-01
4.314343437493055600e-01
6.007315768027672309e-01
8.284298199336509461e-01
4.243357886301891702e-01
0.000000000000000000e+00
1.236601022061573213e-01
1.254257056216468436e-01
1.287389762705700713e-01
1.269920044113592716e-01
3.116883116883116533e-02
1.264375770474811811e-01
2.073158756137479797e-01
3.534078615218172459e-02
3.417114946976033130e-01
3.745779116033982059e-01
1.417550626808100622e-01
2.625699194465652697e-01
1.197434069850320526e-01
1.671428571428571486e-01
2.930305054553550281e-01
1.770924627519719352e-01
3.995751770916570189e-01
3.853211009174312141e-02
2.508304016339417131e-01
1.320228839665542053e-01
2.857749277456647641e-01
9.557879288204007562e-03
3.558460421205522639e-02
2.091204127486061548e-01
2.134831460674157244e-01
8.246478986333483086e-02
0.000000000000000000e+00
9.032258064516131002e-01
9.649595687331536942e-01
7.878787878787879562e-01
8.166666666666666519e-01
1.000000000000000000e+00
8.997224747103470532e-01
4.833333333333333370e-01
0.000000000000000000e+00
0.000000000000000000e+00
0.000000000000000000e+00
0.000000000000000000e+00
0.000000000000000000e+00
0.000000000000000000e+00
0.000000000000000000e+00
0.000000000000000000e+00
0.000000000000000000e+00
3.434535104364326297e-01
0.000000000000000000e+00
0.000000000000000000e+00
0.000000000000000000e+00
0.000000000000000000e+00
0.000000000000000000e+00
0.000000000000000000e+00
0.000000000000000000e+00
0.000000000000000000e+00
0.000000000000000000e+00
0.000000000000000000e+00
2.922486700217337141e-01
2.814335050708663966e-01
2.806225157608988052e-01
3.320131444351764882e-01
1.620782932968689583e-01
2.951362307794457296e-01
3.548367135714143306e-01
2.087740633107618149e-01
1.020625789421535368e-01
4.401717638061561910e-01
7.472675442627940701e-02
8.192258247412431693e-02
3.630212100138803244e-01
1.818828899443118985e-01
1.699011459513917188e-01
4.749658057358387975e-01
2.128036436441260726e-01
7.401194384619375066e-02
6.082542105005455113e-01
4.687601423375378218e-01
6.671729441236274871e-01
1.220184679135785100e-01
1.551978291889184458e-01
2.595484168582860018e-01
5.653014802632156943e-01
2.610865025688814400e-01
0.000000000000000000e+00
2.157287124023020697e-01
2.047160625798511435e-01
2.016154165317352309e-01
2.397816334232779623e-01
9.604305772368834648e-02
2.161322229850506926e-01
2.724844358685206691e-01
1.229312968640565717e-01
6.532790116882694620e-02
3.691325769714933203e-01
4.811153630725811814e-02
5.455996061140017117e-02
2.931854934562650450e-01
1.264007643934795810e-01
1.077007818736256117e-01
4.012870892997961181e-01
1.714724156971897395e-01
3.697913655256244991e-02
5.306709155479388818e-01
3.760365345697249118e-01
5.891516554352016488e-01
8.831832015583968021e-02
1.250637569554817752e-01
2.130005741630810467e-01
4.741103217331317787e-01
1.934457160514757024e-01
0.000000000000000000e+00
8.501440922190202087e-01
8.810008728542333412e-01
8.457997698504028383e-01
1.000000000000000000e+00
3.750000000000000000e-01
8.674337654970624145e-01
6.397178778575129954e-01
3.561537489191242134e-01
2.397631783060164556e-01
5.415650477318653122e-01
3.224595095324422900e-01
5.975200935936654245e-01
7.728422662822851397e-01
2.414606444345415714e-01
6.477543054097183173e-02
5.773645532028244265e-01
2.094077030963428232e-01
1.120660947677512287e-01
8.760280231495582992e-01
5.571872227151730694e-01
9.999999999999998890e-01
1.405358798145287524e-01
4.472742759795569345e-01
6.491205258766483688e-01
8.514487018794568707e-01
4.301495311311988035e-01
0.000000000000000000e+00
