4.687940820673053288e-01
4.724537450426007368e-01
4.646509168995998085e-01
4.381182145934325867e-01
6.221301348239198781e-01
4.616447525882929614e-01
9.083058256134551867e-02
6.474725542791567312e-01
3.345867782859538453e-01
6.908744692390283992e-01
5.034173998550554030e-01
3.458632401207056839e-01
1.245118155698768936e-01
9.836979997086745531e-01
8.681298637363586979e-01
8.665804123021714211e-02
6.809373859330225542e-01
7.481232098225888416e-01
5.899153878999052747e-02
1.570734799202916365e-01
7.697707863752495383e-02
5.825623356554746612e-01
2.778323515068286120e-01
2.316381027040652629e-01
5.728316638010877426e-03
7.806115271381232068e-01
0.000000000000000000e+00
1.310918608999127599e-01
1.263509835938107506e-01
1.190108191653786868e-01
1.196581196581196632e-01
1.142857142857142821e-01
1.289932088108372010e-01
6.808320328854722270e-02
5.723821443471004411e-01
1.547393209745568932e-01
1.019637907648758834e-01
1.269819940876108499e-01
1.060638353853621818e-01
1.961924907456372158e-01
5.586503948312994128e-01
3.039412157648631041e-01
7.344257651006119714e-02
4.689687698604161348e-01
4.495412844036696942e-01
1.536183264641042823e-01
7.602943859862537623e-02
2.659747766684182335e-01
1.798619102416570970e-01
1.170848267622459637e-02
1.065989847715735905e-01
1.013801241598686342e-01
1.931137484141385863e-01
0.000000000000000000e+00
8.064516129032258673e-01
8.059299191374663662e-01
6.262626262626262985e-01
4.833333333333332815e-01
1.000000000000000000e+00
7.098835108244103687e-01
0.000000000000000000e+00
0.000000000000000000e+00
0.000000000000000000e+00
0.000000000000000000e+00
0.000000000000000000e+00
0.000000000000000000e+00
0.000000000000000000e+00
0.000000000000000000e+00
0.000000000000000000e+00
0.000000000000000000e+00
6.804511278195488622e-01
0.000000000000000000e+00
0.000000000000000000e+00
0.000000000000000000e+00
0.000000000000000000e+00
0.000000000000000000e+00
0.000000000000000000e+00
0.000000000000000000e+00
0.000000000000000000e+00
0.000000000000000000e+00
0.000000000000000000e+00
1.475667813906935688e-01
1.516825216984558633e-01
1.548204498904098836e-01
1.303252412793677317e-01
3.370636577574354087e-01
1.507920455749059974e-01
2.198888903667888250e-01
7.073332703988166603e-01
2.403786902084351640e-01
6.569319958770281076e-01
3.947424528920610021e-01
1.199056276252883357e-01
1.335480629065004532e-01
7.852245916783091584e-01
6.013549719541569916e-01
7.580214947131858061e-02
6.768696471264434855e-01
5.160191149315476178e-01
4.539020953851258255e-02
1.391054837710353764e-01
2.147377257819723662e-01
5.415612211035405466e-01
1.382460866233767849e-01
2.578865341600993233e-01
3.547840429660964467e-02
6.230987046806489849e-01
0.000000000000000000e+00
1.010306310746508784e-01
1.028684191840807949e-01
1.036093542065124329e-01
8.319045608621772336e-02
2.284132920214923534e-01
1.021609677711373121e-01
1.581815011635110957e-01
5.997551165873062917e-01
1.671878505024988193e-01
5.919606844524920586e-01
3.027741962982243296e-01
8.151337627646193518e-02
9.860164290754497296e-02
7.223429002841492697e-01
4.956284216086644934e-01
5.510366285783374618e-02
6.229062890212246906e-01
3.810689441272304134e-01
3.128216472198730447e-02
9.451489729433626419e-02
1.554889811700678748e-01
4.634614497427958502e-01
1.108648365164867089e-01
2.115329323900921876e-01
2.277966861544949984e-02
5.407578999730708880e-01
0.000000000000000000e+00
6.610951008645533644e-01
6.878091358743090300e-01
6.662830840046028991e-01
6.363636363636364646e-01
6.250000000000000000e-01
6.611910973390778823e-01
9.157372143163128309e-02
6.007846067625630671e-01
3.452762760010996690e-01
7.168536941864301903e-01
4.828490945674044355e-01
3.433947688316602020e-01
1.479558728098637754e-01
9.676709217124854767e-01
8.633648136750524671e-01
1.268659831639578073e-01
6.718799737747689349e-01
7.796737593894701446e-01
7.326007326007322185e-02
1.458633540372671344e-01
6.096294544306490870e-02
5.829881013535241907e-01
2.902398407442143835e-01
2.492654599141770344e-01
1.002215075436302394e-02
7.756362041364961435e-01
0.000000000000000000e+00
