4.840401192298882105e-01
4.796202269127411988e-01
4.955206938021368135e-01
4.965634215084053782e-01
4.288373742400191091e-01
4.817869523436721924e-01
3.805411115403683486e-01
2.816738691711113685e-01
3.607917175303833046e-01
4.271736853925202082e-01
5.062865795957941506e-01
3.938998448554368315e-01
5.987150377616391461e-01
5.935488422227519489e-01
5.351816119171770580e-01
3.290874914427595055e-01
6.240505855053188888e-01
3.757508328999747960e-01
2.135791197427646670e-01
7.335540683214102353e-01
2.286469231812741643e-01
6.202807869790664119e-01
5.051700957875420173e-01
3.281765134941110329e-01
2.290071854135918850e-01
6.750227397208433677e-01
0.000000000000000000e+00
1.292378162782001905e-01
1.282015395381385647e-01
1.334363730036063900e-01
1.292528260270195961e-01
5.194805194805195148e-02
1.334649445419310576e-01
2.108753315649868343e-01
6.453900709219857479e-01
1.544061769693905739e-01
9.409613936982469395e-02
1.724981649131392403e-01
2.422804256711488247e-01
6.732452650007958450e-02
3.649769585253457294e-01
2.335548289561578672e-01
1.430339652813014117e-01
1.009388091592779146e-01
3.094245204336947275e-01
3.426481821957716445e-01
9.247714048212801741e-02
3.926957435627955184e-01
1.902886876469706001e-01
3.480466768137996381e-02
1.878172588832487389e-01
4.587241155167612328e-02
1.129886404980393610e-01
0.000000000000000000e+00
6.397849462365592377e-01
6.388140161725067712e-01
5.151515151515152491e-01
4.000000000000000222e-01
1.000000000000000000e+00
5.685553156648116557e-01
0.000000000000000000e+00
0.000000000000000000e+00
0.000000000000000000e+00
0.000000000000000000e+00
0.000000000000000000e+00
0.000000000000000000e+00
0.000000000000000000e+00
0.000000000000000000e+00
0.000000000000000000e+00
0.000000000000000000e+00
4.309523809523809756e-01
0.000000000000000000e+00
0.000000000000000000e+00
0.000000000000000000e+00
0.000000000000000000e+00
0.000000000000000000e+00
0.000000000000000000e+00
0.000000000000000000e+00
0.000000000000000000e+00
0.000000000000000000e+00
0.000000000000000000e+00
1.959186489400781550e-01
1.924593203557197763e-01
2.160034056799914337e-01
1.947141870285680199e-01
2.131514439656623239e-01
2.033230447911672512e-01
4.236320154308832464e-01
3.383726803523038895e-01
2.872738117468182084e-01
4.621504612890787733e-01
3.233662101808653100e-01
2.258071837948248950e-01
3.400215849247283373e-01
4.408400194687629448e-01
4.879035120671261216e-01
4.065469774352952204e-01
5.154778088469145203e-01
2.676838124470382607e-01
3.953951977891299041e-01
6.315521948391966678e-01
3.174999526318039722e-01
5.759134482908303543e-01
2.432815570579733855e-01
3.019878770439816673e-01
2.329119356924376216e-01
5.403408077505121865e-01
0.000000000000000000e+00
1.376389566380582519e-01
1.334996956444914895e-01
1.497266048220715351e-01
1.295057526800450498e-01
1.316008991657230398e-01
1.418067359995653365e-01
3.357973311305701980e-01
2.220309905696626340e-01
2.052041998968736902e-01
3.904923769784192644e-01
2.391429160447375302e-01
1.622065181352165819e-01
2.722485644595545318e-01
3.489299989426180026e-01
3.777108827369044519e-01
3.352634470223296304e-01
4.538552370183004392e-01
1.617583953430132282e-01
3.175589769642094273e-01
5.449090485304677323e-01
2.413617850097080630e-01
4.990831397546846016e-01
2.009698383244493680e-01
2.509330296653529135e-01
1.666107310534537533e-01
4.532576145049959093e-01
0.000000000000000000e+00
6.634005763688761714e-01
6.808263020075648875e-01
6.501726121979286566e-01
6.450216450216450514e-01
3.750000000000000000e-01
6.524694029981911170e-01
4.035340508776158464e-01
2.661193560156319138e-01
3.831027215247869711e-01
4.199122760661625486e-01
5.060241275982071407e-01
3.747455154614386386e-01
6.608695652173912638e-01
5.987339299408411808e-01
5.083199705580820904e-01
3.460211171129241592e-01
6.224543020411947847e-01
4.023082213879521918e-01
2.225563909774436189e-01
7.322608256699517648e-01
2.287620488925570239e-01
6.264852473659715537e-01
5.615032124120691304e-01
3.423841910984628534e-01
2.261719679238767267e-01
6.770957514267594846e-01
0.000000000000000000e+00
