5.026162858126970168e-01
5.086402870866313375e-01
5.182406887006818508e-01
6.094589012955304863e-01
6.922579635500505368e-01
5.158162090427198532e-01
5.590952772635691126e-01
5.589466155142357451e-01
2.859740034080567872e-01
1.629363836098444152e-01
3.434882406819487199e-01
5.474341207524039410e-01
7.958746254351815042e-01
3.796953142739330489e-01
2.658359180522320564e-01
4.287551674402836355e-01
7.407052356859433750e-01
3.288428598990855711e-01
4.935346096201607136e-01
8.592261695931849852e-01
4.816780802267019435e-01
6.276984656250209627e-01
3.988276240096704228e-01
3.950204528198850706e-01
7.149897757465916159e-01
2.940257402286441391e-01
0.000000000000000000e+00
4.321481989280818170e-01
4.301298499339087922e-01
4.163105736885170938e-01
4.501240694789081509e-01
3.532467532467532534e-01
4.333425594898207556e-01
3.512482423180655067e-01
1.134751773049644807e-01
1.116804583068109480e-01
9.132458035565899079e-02
7.003805620608899440e-01
2.611703258037795239e-01
8.360655737704918433e-01
6.708074534161491131e-01
2.628449387036985163e-01
1.269889588392843494e-01
3.238830419374525427e-01
1.693077564637197052e-01
1.601456915556407901e-01
3.016108377704387888e-01
2.990324202060819503e-01
2.680295133012928765e-01
3.945249597423510224e-01
1.776649746192894286e-01
1.143243077300914734e-01
1.248409867551320551e-01
0.000000000000000000e+00
3.064516129032258673e-01
2.291105121293800506e-01
2.222222222222222376e-01
1.499999999999999944e-01
1.000000000000000000e+00
2.658512191602449559e-01
0.000000000000000000e+00
0.000000000000000000e+00
0.000000000000000000e+00
0.000000000000000000e+00
0.000000000000000000e+00
0.000000000000000000e+00
0.000000000000000000e+00
0.000000000000000000e+00
0.000000000000000000e+00
0.000000000000000000e+00
4.513715710723191776e-01
0.000000000000000000e+00
0.000000000000000000e+00
0.000000000000000000e+00
0.000000000000000000e+00
0.000000000000000000e+00
0.000000000000000000e+00
0.000000000000000000e+00
0.000000000000000000e+00
0.000000000000000000e+00
0.000000000000000000e+00
3.632517701396604792e-01
3.605829156118108836e-01
3.675920839732231826e-01
3.960756803590067543e-01
4.549719340467184292e-01
3.731850715421657361e-01
3.816815533098156799e-01
3.722647005284594468e-01
2.197282816361585400e-01
2.344706427842844221e-01
2.574030534572430140e-01
1.153617778547960659e-01
6.497295205030166887e-01
2.786589319609527049e-01
3.716635552917227914e-01
4.148268486458106530e-01
6.653399580220553666e-01
2.387789141870650389e-01
3.951138103093292386e-01
8.560708057764401246e-01
4.315652104369794850e-01
6.578749221138118219e-01
1.936231519117126432e-01
2.187906478697876356e-01
4.952164150889473149e-01
2.810445388533412414e-01
0.000000000000000000e+00
2.776826692175635714e-01
2.731166196016252545e-01
2.766111878333785690e-01
2.966000213822491127e-01
3.343987001844831441e-01
2.843498883318903436e-01
2.967848559110317641e-01
2.508265752817422922e-01
1.510063353149821708e-01
1.827252930697759736e-01
1.838245825009848788e-01
7.823370481662839104e-02
5.809978723221203012e-01
2.037110445228573208e-01
2.686702415118790155e-01
3.431063390024537418e-01
6.104031223110166771e-01
1.405620142180065701e-01
3.172967827503848648e-01
8.101924787441958653e-01
3.453699973289502401e-01
5.870723398145376581e-01
1.577381893667223478e-01
1.773925205573350095e-01
4.024512963573044222e-01
2.101997735067755446e-01
0.000000000000000000e+00
6.599423631123919609e-01
6.732615653185918259e-01
6.616800920598390201e-01
7.272727272727272929e-01
6.250000000000000000e-01
6.644110027947932595e-01
5.841314932983865393e-01
6.028142844881122508e-01
2.960230917254651484e-01
1.682552838789886929e-01
3.407893203046996611e-01
5.688597665297191464e-01
8.309800083880889421e-01
3.859506940641712069e-01
2.576959811916831877e-01
4.659083651053328445e-01
7.163947737506457525e-01
3.357928378427006422e-01
5.131652661064425303e-01
8.433587454502654568e-01
4.872714702349214555e-01
5.922871994592971978e-01
4.041382737081202770e-01
4.125494854337157236e-01
7.522736706919880278e-01
2.829639208586576249e-01
0.000000000000000000e+00
