3.279060315544839455e-01
3.152454721232167412e-01
2.869277214809031751e-01
2.743627691292866988e-01
2.214063452436668689e-01
2.983600211979047234e-01
1.167012937263158245e-01
3.090081401110484904e-01
2.346357726179714165e-01
5.813110519878944560e-01
4.609153607444479439e-01
3.470691647112585931e-01
6.786847111012883627e-02
9.131090129343788497e-01
6.735519316910277832e-01
2.898410936303685848e-01
4.702966608659322478e-01
5.239197953549382669e-01
2.981153730061929519e-01
1.324814060266650273e-01
2.610234540829159955e-01
6.941169485527863836e-01
2.598698955594449522e-01
4.788717623693163894e-01
2.912341295679867770e-01
1.000000000000000000e+00
0.000000000000000000e+00
5.227159416677053250e-02
5.651971075344065787e-02
5.639906658181047250e-02
5.299145299145298360e-02
1.298701298701299134e-02
5.501201840696409717e-02
7.487725040916537456e-02
2.187500000000000000e-01
7.916047811019166769e-02
1.037236601558741422e-01
1.141686182669788829e-01
4.215748706656730072e-02
6.444318824194461559e-02
6.214285714285715523e-01
1.785654642618570431e-01
3.182254496890779549e-02
8.990858474896343266e-02
2.103764631445744770e-01
1.682271911927811781e-01
1.087706266249270359e-01
1.243454607276436863e-01
1.895096755419759527e-01
1.857684456109652826e-01
2.738130785309048632e-01
5.065701771091221661e-02
4.685590282108203497e-01
0.000000000000000000e+00
8.440860215053764826e-01
8.086253369272237146e-01
7.373737373737374590e-01
6.333333333333333037e-01
1.000000000000000000e+00
7.725941634587722984e-01
0.000000000000000000e+00
0.000000000000000000e+00
0.000000000000000000e+00
0.000000000000000000e+00
0.000000000000000000e+00
0.000000000000000000e+00
0.000000000000000000e+00
1.000000000000000000e+00
0.000000000000000000e+00
0.000000000000000000e+00
5.201149425287355799e-01
0.000000000000000000e+00
0.000000000000000000e+00
0.000000000000000000e+00
0.000000000000000000e+00
0.000000000000000000e+00
0.000000000000000000e+00
0.000000000000000000e+00
0.000000000000000000e+00
0.000000000000000000e+00
0.000000000000000000e+00
6.934036949535615779e-02
6.222497256781833741e-02
5.881033845675043281e-02
4.818322986714773659e-02
6.497904976521096110e-02
6.075912621597390206e-02
1.131314050026077656e-01
5.096571874457349605e-01
2.402688195089582868e-01
6.563117829806464076e-01
3.098061078095984966e-01
7.132273780660758344e-02
9.471104074288860808e-02
6.671558744142045416e-01
6.449278056312791607e-01
2.381503395544586343e-01
4.213034008348575110e-01
3.848349786743148759e-01
3.266333100854932336e-01
1.875048637971217236e-01
2.921838953537462258e-01
7.445263608076411188e-01
3.828390035959583493e-01
2.737607369667747204e-01
2.052531188014870001e-01
7.391692205276422234e-01
0.000000000000000000e+00
4.546673664583361640e-02
4.008817819469112642e-02
3.714738886175480981e-02
2.911082794277972119e-02
3.543689742231120876e-02
3.908658127505426627e-02
7.703866286621974258e-02
3.797884515770063585e-01
1.671008519921526603e-01
5.912844643060701788e-01
2.274975499902390785e-01
4.722548201694515280e-02
6.881648557487413109e-02
5.843589928534543843e-01
5.439340389319007318e-01
1.845444383911644670e-01
3.611497392303161247e-01
2.569128692735693220e-01
2.550204762546010029e-01
1.307788456522298581e-01
2.195176393659006298e-01
6.846924995367424938e-01
3.285350048938082690e-01
2.256064015175910376e-01
1.447186066994694542e-01
6.715712990891895551e-01
0.000000000000000000e+00
5.400576368876079947e-01
5.516438754727961413e-01
5.235903337169159899e-01
5.021645021645022577e-01
2.500000000000000000e-01
5.262723586753818017e-01
1.319450581834645253e-01
2.094284368644145911e-01
2.601667735728031561e-01
6.066719470717046869e-01
4.828490945674044355e-01
3.779799090409315943e-01
7.074428887251282827e-02
9.055726161667632113e-01
6.986680089831952545e-01
3.200844649819296617e-01
4.388677801861533556e-01
5.440465400643264005e-01
3.090605892162312518e-01
1.139124602688595944e-01
2.748590476474782607e-01
6.866507513050817968e-01
2.595615627983600682e-01
5.175268513884760946e-01
3.352270053332310207e-01
1.000000000000000000e+00
0.000000000000000000e+00
