4.137977036416298215e-01
4.204451868929945935e-01
3.731853061174714714e-01
5.086504509055660428e-01
0.000000000000000000e+00
3.979297919516628923e-01
7.118968326464529817e-01
1.109089499473004670e-01
0.000000000000000000e+00
8.915117789585772501e-01
3.491743788055735598e-01
9.185025643090206637e-01
4.319554394802879171e-01
0.000000000000000000e+00
2.096371065044637938e-01
1.000000000000000000e+00
0.000000000000000000e+00
1.682617794355079077e-03
9.911356904364818643e-01
2.056517538614481833e-01
8.943241218516218005e-01
0.000000000000000000e+00
0.000000000000000000e+00
7.102650758737099057e-01
6.364004256133947157e-01
3.624982860338047397e-01
0.000000000000000000e+00
9.870061074411069779e-02
1.009097270818754416e-01
9.152347183077251536e-02
1.096222773642128584e-01
7.792207792207794803e-03
9.768425807641428760e-02
2.236622334426041636e-01
2.526259089684891324e-01
0.000000000000000000e+00
1.794601570061297724e-01
2.133288475654513960e-01
3.348058588238704836e-01
3.557725845831880007e-02
0.000000000000000000e+00
2.150968603874415797e-01
3.000131624145647158e-01
3.575070565377005960e-02
1.814918228958914970e-01
2.663687952674821391e-01
9.944463993390773027e-03
4.857968620974401630e-01
2.569455860595099006e-02
0.000000000000000000e+00
2.961082910321488626e-01
1.423220973782771404e-01
5.059788980070334397e-02
0.000000000000000000e+00
6.451612903225807383e-01
6.522911051212938460e-01
5.050505050505050830e-01
5.166666666666666075e-01
1.000000000000000000e+00
6.273817299370672007e-01
0.000000000000000000e+00
0.000000000000000000e+00
0.000000000000000000e+00
0.000000000000000000e+00
0.000000000000000000e+00
0.000000000000000000e+00
0.000000000000000000e+00
0.000000000000000000e+00
0.000000000000000000e+00
0.000000000000000000e+00
6.773952095808383200e-02
0.000000000000000000e+00
0.000000000000000000e+00
0.000000000000000000e+00
0.000000000000000000e+00
0.000000000000000000e+00
0.000000000000000000e+00
0.000000000000000000e+00
0.000000000000000000e+00
0.000000000000000000e+00
0.000000000000000000e+00
9.982091627978495474e-02
1.081135047371037938e-01
9.335385697187204013e-02
1.516508764062385328e-01
0.000000000000000000e+00
1.030092224852052762e-01
4.119192620213052436e-01
2.077749257446305786e-01
0.000000000000000000e+00
7.312418947418746207e-01
2.335313548543839213e-01
1.612160642076682082e-01
2.552696918513621682e-01
1.386810640759964519e-01
3.272616647988042526e-01
1.000000000000000000e+00
0.000000000000000000e+00
0.000000000000000000e+00
7.994724107254187473e-01
1.329275058248581276e-01
6.934445936057754833e-01
0.000000000000000000e+00
2.208271263556915720e-02
4.396651158626210254e-01
4.560335583098129586e-01
1.716914543878426125e-01
0.000000000000000000e+00
6.657854828340242781e-02
7.153374169640047686e-02
6.022878378200488547e-02
9.814818009244086205e-02
0.000000000000000000e+00
6.791905059244152110e-02
3.247774719209091110e-01
1.222350990955440586e-01
0.000000000000000000e+00
6.745861910235979586e-01
1.646306765896430879e-01
1.120196795667326439e-01
1.978555464502746442e-01
9.414345186334466264e-02
2.301641496683250188e-01
9.999999999999997780e-01
0.000000000000000000e+00
0.000000000000000000e+00
7.472741090846919398e-01
9.001150376063477010e-02
6.187521244781521990e-01
0.000000000000000000e+00
1.711939915385174427e-02
3.799953714739555677e-01
3.639772913071188110e-01
1.218292528162339128e-01
0.000000000000000000e+00
6.069164265129682878e-01
6.313645621181263046e-01
5.581127733026466364e-01
6.796536796536796210e-01
0.000000000000000000e+00
5.926957155382329701e-01
7.307641993285975968e-01
0.000000000000000000e+00
0.000000000000000000e+00
9.179075387853744550e-01
3.606983216665260450e-01
9.051732276031340119e-01
4.637681159420290466e-01
0.000000000000000000e+00
2.242055307177445722e-01
1.000000000000000000e+00
0.000000000000000000e+00
1.424768070370394102e-02
1.000000000000000000e+00
2.072799194975537551e-01
8.840458846044095820e-01
0.000000000000000000e+00
0.000000000000000000e+00
7.453484003461241514e-01
6.322814054510329518e-01
3.792357606344627374e-01
0.000000000000000000e+00
