7.440736719555369749e-01
7.404191118970819829e-01
7.483390908232669947e-01
7.748706609375906051e-01
7.901453544971808185e-01
7.480154648941452766e-01
2.636457215622258210e-01
8.955964925433425039e-01
1.820729675620442745e-01
3.955101755544482289e-01
5.769945446528824684e-01
3.245369234597720309e-01
8.156760044971970158e-01
5.790551805708115118e-01
4.962963000841407180e-01
4.205847375342741667e-01
3.313540732244153464e-01
3.650301106694949782e-01
4.564990619979085729e-01
5.956055676160553203e-01
2.706455010789546312e-01
9.999999999999998890e-01
4.571056819794565573e-01
2.683083000074788504e-01
2.628809186158286293e-01
4.912254027104659970e-01
0.000000000000000000e+00
1.596815405708587599e-01
1.609439390405101311e-01
1.565899930296693610e-01
1.575406672180865719e-01
1.272727272727272596e-01
1.612277508409042381e-01
1.334643992921108469e-01
6.881878209831255866e-01
3.741185488480208710e-02
1.095429616087751912e-01
8.811475409836067030e-02
0.000000000000000000e+00
5.737704918032787704e-02
2.106382978723405630e-01
4.569598968051045151e-01
7.763440673602850506e-03
2.985514073725120676e-02
1.240353724373199351e-01
1.221530793561849126e-01
8.906305664410402168e-02
4.014351205899940322e-01
1.348964326812428505e-01
9.396503102086856130e-02
1.545471225001529003e-01
1.563979092068984444e-03
2.053433701487011320e-01
0.000000000000000000e+00
7.096774193548387455e-01
7.843665768194070242e-01
5.454545454545455252e-01
8.666666666666665853e-01
1.000000000000000000e+00
7.200304454659672837e-01
3.925549915397630318e-01
0.000000000000000000e+00
0.000000000000000000e+00
0.000000000000000000e+00
0.000000000000000000e+00
0.000000000000000000e+00
0.000000000000000000e+00
0.000000000000000000e+00
0.000000000000000000e+00
0.000000000000000000e+00
5.055865921787709993e-01
0.000000000000000000e+00
0.000000000000000000e+00
0.000000000000000000e+00
0.000000000000000000e+00
0.000000000000000000e+00
0.000000000000000000e+00
2.511013215859030923e-01
0.000000000000000000e+00
0.000000000000000000e+00
0.000000000000000000e+00
3.829065593047056293e-01
3.732754896232904906e-01
3.868046870130683601e-01
3.564387912833996142e-01
4.160381554905698831e-01
3.842025958205043112e-01
9.728352624858371822e-02
5.711297575582199304e-01
9.125818086151982200e-02
3.413706939170773058e-01
2.960165141831655466e-01
2.467033725756828666e-02
3.807326931326857622e-01
2.778619898752039408e-01
5.590691380656270804e-01
1.614255882645092566e-01
2.111511268885848391e-01
2.045619771648616303e-01
3.034155769843027706e-01
3.867125530611776885e-01
4.076189149695862435e-01
6.999763467956827689e-01
3.422974709856072550e-01
2.194317431553023390e-01
5.136959233947901993e-02
3.266605339034548416e-01
0.000000000000000000e+00
2.954917087526555131e-01
2.845277077691497070e-01
2.939770453948340467e-01
2.610426187971379153e-01
2.979068320657459745e-01
2.943522904739069856e-01
6.569218289010270162e-02
4.438417911002863758e-01
5.801703796614263164e-02
2.765537891295802297e-01
2.158002713664062266e-01
1.591644315074275395e-02
3.095263068808090101e-01
2.030458812731724128e-01
4.503507960931980580e-01
1.214305513618825771e-01
1.700547641185580217e-01
1.166373168440675984e-01
2.345994240214956950e-01
2.984042910754310385e-01
3.227767813912837402e-01
6.339131300795683988e-01
2.905546188733560964e-01
1.779463847092567219e-01
3.328587916829489624e-02
2.495415379973701109e-01
0.000000000000000000e+00
8.524495677233430158e-01
8.559790514983998122e-01
8.147295742232451010e-01
8.333333333333332593e-01
7.500000000000000000e-01
8.348754911523633693e-01
2.802914856200371396e-01
9.533553526354954233e-01
1.913408528250013507e-01
3.898598041098521039e-01
6.183991009669520533e-01
3.486112435419127520e-01
8.753395119321594198e-01
5.956029229385357837e-01
4.731556250180891099e-01
5.053379488895028970e-01
3.344685347648244100e-01
3.855967206175923145e-01
4.773417059131344065e-01
5.881595735336341280e-01
2.506586540668181984e-01
9.999999999999998890e-01
4.640977595886701668e-01
2.584531311464008940e-01
3.455764994105612331e-01
5.304733276364472783e-01
0.000000000000000000e+00
