3.060735233604026106e-01
3.007835568120553749e-01
4.663223818448276603e-01
3.683296765837371645e-01
1.568124691428659512e-01
3.459111793187044093e-01
5.974541744930743636e-01
3.643708678108079635e-01
9.421421383449188891e-01
9.999999999999998890e-01
1.723264592464446299e-01
6.894606573091001112e-01
6.070398514595282125e-01
2.331126593056320195e-01
8.184152422316015585e-03
6.070234977650645902e-02
1.205873916269619706e-01
1.459496979648376158e-01
5.156396482942371406e-01
3.110602191377874748e-01
5.015701800196337157e-01
5.662429568007870673e-01
9.197679200432307134e-01
7.242436141643164849e-01
4.235977659114442684e-01
2.930547268368418612e-01
0.000000000000000000e+00
3.516452698491835671e-02
3.428193764092994644e-02
4.185228960208504934e-02
3.953680727874277212e-02
2.077922077922077226e-02
3.941916079650215066e-02
3.443549297364411066e-01
4.139920663541292178e-01
1.000000000000000000e+00
3.895869696493418632e-01
1.890041855598186271e-01
2.573588647072287960e-01
2.259804938783980255e-01
5.181818181818181879e-01
9.013429157164898342e-02
3.434925503943909164e-01
2.475488752797079528e-01
1.643429892364371425e-01
2.141202299591289382e-01
2.001575009843811204e-01
4.289017341040461395e-01
3.639828456802933765e-01
4.244821092278718844e-01
2.670705747502866156e-01
1.455203467575642839e-01
7.983029085022047555e-02
0.000000000000000000e+00
8.279569892473118697e-01
8.436657681940701314e-01
7.878787878787879562e-01
6.833333333333333481e-01
1.000000000000000000e+00
8.435668402208162941e-01
0.000000000000000000e+00
0.000000000000000000e+00
0.000000000000000000e+00
0.000000000000000000e+00
0.000000000000000000e+00
0.000000000000000000e+00
0.000000000000000000e+00
0.000000000000000000e+00
0.000000000000000000e+00
0.000000000000000000e+00
1.969532100108813966e-01
0.000000000000000000e+00
0.000000000000000000e+00
0.000000000000000000e+00
0.000000000000000000e+00
0.000000000000000000e+00
0.000000000000000000e+00
0.000000000000000000e+00
0.000000000000000000e+00
0.000000000000000000e+00
0.000000000000000000e+00
4.323794855460094677e-02
4.607944149139497902e-02
1.449495372832868556e-01
8.313867783241191134e-02
8.695813348457082093e-02
7.656345699126188009e-02
4.898347628567039092e-01
4.970618166306272623e-01
1.000000000000000000e+00
9.987928090789657265e-01
1.685827806006998664e-01
1.752634173778045978e-01
4.744756327051868894e-01
2.423941289169782021e-01
2.570356574803134286e-02
4.258881161564784801e-01
2.980846266203345252e-01
1.132417336490642579e-01
4.080079182717979425e-01
3.164186416971772609e-01
5.631735941332548512e-01
7.383210711819447880e-01
8.138895701013195705e-01
6.046782000049377714e-01
3.198929588086922848e-01
2.237173531825030759e-01
0.000000000000000000e+00
2.793375304806372528e-02
2.940425234360705131e-02
9.644355073150687185e-02
5.143841265566989618e-02
4.835270858137824534e-02
4.971310397455636076e-02
3.999392763627777070e-01
3.671491020496407964e-01
1.000000000000000000e+00
9.984452150000779902e-01
1.146297142112029377e-01
1.226760652303253152e-01
3.991700117974070205e-01
1.739224152639617382e-01
1.465893266040366183e-02
3.536470450799987231e-01
2.464619515038322106e-01
5.898030866890439927e-02
3.293643431518640252e-01
2.358805630495642291e-01
4.767350911365499933e-01
6.775446849964341656e-01
7.790756156417260048e-01
5.467807303846395905e-01
2.391571126565012473e-01
1.628267636242698990e-01
0.000000000000000000e+00
5.216138328530259827e-01
5.411696246726798165e-01
6.731875719217491616e-01
5.930735930735930861e-01
1.250000000000000000e-01
5.728659858431109919e-01
6.129223899161905242e-01
3.286059451353245398e-01
9.294847124224930868e-01
9.999999999999998890e-01
1.570953327325917970e-01
7.107630706643225382e-01
6.441223832528180093e-01
2.397117936764971424e-01
2.247237003683992540e-02
6.461101238606947739e-02
8.381914755797381655e-02
1.555409454628834121e-01
5.378151260504202558e-01
3.060396773894502598e-01
4.888835287992011613e-01
5.300687234805702142e-01
9.335346652212070939e-01
7.332541866149877574e-01
4.604698998580363245e-01
3.120338983050847670e-01
0.000000000000000000e+00
