2.418585918527571543e-01
2.288652866770926053e-01
2.048088472512432645e-01
1.763576345649067179e-01
2.392627398967683838e-01
2.113246749665125268e-01
1.304893166927772463e-01
3.982245615297691499e-01
2.501225727729650128e-01
6.811699778666649996e-01
5.045197817417296227e-01
3.495057061369465368e-01
4.056914443424053385e-02
9.153295601775677248e-01
7.476077694477841762e-01
2.545553516042178277e-01
4.554714442176091005e-01
4.769776121173856520e-01
2.983857320428985327e-01
1.162943508357080491e-01
1.929380486766222869e-01
7.031376775888692476e-01
1.922486480218854599e-01
4.236778319303202700e-01
2.370482732915825119e-01
9.514180470610077434e-01
0.000000000000000000e+00
0.000000000000000000e+00
0.000000000000000000e+00
0.000000000000000000e+00
1.268265784394817519e-03
7.012987012987013935e-02
0.000000000000000000e+00
7.951445717403166080e-02
4.783142389525367744e-01
1.703970892173735652e-01
2.657042160613655724e-01
1.827837567263170815e-01
5.975248166862512367e-02
1.917199222006113479e-02
5.855639097744361754e-01
2.490357058202427032e-01
3.641606015572401711e-02
1.067547456665346173e-01
3.432458082885162520e-01
1.280528131889198118e-01
1.785011156319726844e-01
9.701348747591520549e-02
6.519994246260069071e-01
9.209508015478168330e-02
2.438298617188867645e-01
4.907658530285435861e-03
2.841686205549042721e-01
0.000000000000000000e+00
6.720430107526882413e-01
6.549865229110511944e-01
6.565656565656566857e-01
5.333333333333333259e-01
1.000000000000000000e+00
6.762627725056129524e-01
0.000000000000000000e+00
0.000000000000000000e+00
0.000000000000000000e+00
0.000000000000000000e+00
0.000000000000000000e+00
0.000000000000000000e+00
0.000000000000000000e+00
6.190476190476190688e-01
0.000000000000000000e+00
0.000000000000000000e+00
5.621118012422360311e-01
0.000000000000000000e+00
0.000000000000000000e+00
0.000000000000000000e+00
0.000000000000000000e+00
0.000000000000000000e+00
0.000000000000000000e+00
0.000000000000000000e+00
0.000000000000000000e+00
0.000000000000000000e+00
0.000000000000000000e+00
2.621188561174014886e-02
1.937257096413036450e-02
1.604529749455108067e-02
5.757392945899608705e-03
1.475474582537770196e-01
1.820612058907544739e-02
1.253319312152934017e-01
6.368082245825068544e-01
3.029586316679161451e-01
7.320571964989441849e-01
4.226100334678987158e-01
9.171144908627937298e-02
2.560671119275403917e-02
7.248600050716369481e-01
7.274406152265336933e-01
1.955919700574180187e-01
4.359857482742424128e-01
3.514265603029042562e-01
3.774472009930534000e-01
3.459048128801556210e-01
2.486772606143844433e-01
8.565629990551086870e-01
2.999124780003465940e-01
2.943820956939120492e-01
1.526849643646541743e-01
6.895874404876688457e-01
0.000000000000000000e+00
1.676901113431855661e-02
1.216576796182228248e-02
9.866419189488911945e-03
3.376859043188823462e-03
8.639000698072296647e-02
1.141785002349282596e-02
8.589687851935057239e-02
5.166173998658745159e-01
2.183128129556569930e-01
6.755103859978448533e-01
3.286824949355685588e-01
6.140589944812741008e-02
1.807126957438415227e-02
6.504975650249209540e-01
6.399975264397489427e-01
1.491062528148730526e-01
3.753151127125520237e-01
2.282655675616698798e-01
3.009384419182562498e-01
2.616593442619700727e-01
1.830296871459554109e-01
8.179137230410471471e-01
2.516550652957346701e-01
2.440708011116051734e-01
1.046756355630301116e-01
6.145359612590901577e-01
0.000000000000000000e+00
4.040345821325648235e-01
4.285714285714286031e-01
4.039125431530495858e-01
3.766233766233766378e-01
2.500000000000000000e-01
4.034106130951570224e-01
1.463595733113187691e-01
2.709703175021559995e-01
2.702733298203751078e-01
6.969788741442283220e-01
4.828490945674044355e-01
3.729821580288869010e-01
7.994655826712337987e-02
9.061345917825613938e-01
7.705993886367394907e-01
2.827724271637050979e-01
4.339898774315507080e-01
4.861143062795482139e-01
3.164889984262256872e-01
9.827216261998872326e-02
1.949026669860116634e-01
6.861266429152123036e-01
1.884582623509367671e-01
4.682139557385851525e-01
2.913962725945431487e-01
9.597192982456139720e-01
0.000000000000000000e+00
