3.813852299697553239e-01
3.764376321060376451e-01
3.291737559259857449e-01
3.619961743335071702e-01
2.855800786694059346e-01
3.550876163981218081e-01
2.315674480467512786e-01
2.308501933897186553e-01
1.901363860523657134e-01
9.785708360725530186e-01
4.813049837583388557e-01
5.193087504800760756e-01
1.772931600690226261e-01
7.598459200120599721e-01
6.544346668999688754e-01
3.124407411916634292e-01
5.395790885260918213e-01
2.603502626436657863e-01
4.184569816649352791e-01
0.000000000000000000e+00
4.679087429149913491e-01
3.297954768660366076e-01
1.226473120886149015e-01
6.635466859915943871e-01
4.449478560677427863e-01
6.668851291024969763e-01
0.000000000000000000e+00
7.095226224604263277e-02
7.053106290335121875e-02
6.139952116859108411e-02
6.843121036669423674e-02
4.675324675324675494e-02
7.001813554372293691e-02
1.667979564678709892e-01
3.498817966903072785e-01
7.379161345508944425e-02
7.753262308516672974e-01
6.531762295081966485e-02
1.843293878943058628e-01
2.991380767280715780e-02
6.605911330049262231e-01
1.891189786981369858e-01
1.055787982515613010e-01
1.127860872296156669e-01
1.605504587155963114e-01
9.405910872411402113e-02
8.632265490120852314e-02
1.790094072311005369e-01
8.931917991592486228e-02
2.419753086419751398e-02
2.203045685279189092e-01
2.012139997417022041e-01
1.439364335026702690e-01
0.000000000000000000e+00
8.602150537634409289e-02
6.199460916442048330e-02
1.111111111111111049e-01
1.666666666666666297e-02
1.000000000000000000e+00
7.650289194452114527e-02
0.000000000000000000e+00
0.000000000000000000e+00
0.000000000000000000e+00
0.000000000000000000e+00
0.000000000000000000e+00
0.000000000000000000e+00
0.000000000000000000e+00
0.000000000000000000e+00
0.000000000000000000e+00
3.118644067796610408e-01
5.468277945619335334e-01
0.000000000000000000e+00
0.000000000000000000e+00
0.000000000000000000e+00
0.000000000000000000e+00
0.000000000000000000e+00
0.000000000000000000e+00
0.000000000000000000e+00
0.000000000000000000e+00
0.000000000000000000e+00
0.000000000000000000e+00
8.238115267231715944e-02
7.888360639328240165e-02
6.390524549540177457e-02
8.185067987399052836e-02
1.158189805559829422e-01
7.716286788073889458e-02
2.051944261230689293e-01
4.565045670235662878e-01
1.221328013062011886e-01
9.873670716549824977e-01
2.627634452151442757e-01
8.143372761541511906e-02
5.437874998396829973e-02
4.268831453808483722e-01
4.744895056277439460e-01
3.564441491669467776e-01
4.358028275083651870e-01
1.513665782757100398e-01
2.957673905927380442e-01
2.249475743973461395e-02
5.275872823226780417e-01
5.289789477240125493e-01
1.161238360155958382e-01
2.925461067627883605e-01
3.027828086937207619e-01
4.282031316802542564e-01
0.000000000000000000e+00
5.441506771451415370e-02
5.131894748183440935e-02
4.049299934340280793e-02
5.059767804946024849e-02
6.602597274967267338e-02
5.011987025121084072e-02
1.465260746342281761e-01
3.275705030060411249e-01
7.915692250480452219e-02
9.837712042035486881e-01
1.881948926300116010e-01
5.421990311937779916e-02
3.884890697903997658e-02
3.356614881819093288e-01
3.645193577445672295e-01
2.886690984372375923e-01
3.751379783127909429e-01
8.195537634059200938e-02
2.279493590838546080e-01
1.430729346882436692e-02
4.400139312365136668e-01
4.505999756854010552e-01
9.253372647821422881e-02
2.424184998951284253e-01
2.244427758131828932e-01
3.423567015157813476e-01
0.000000000000000000e+00
5.792507204610950478e-01
6.016875181844631992e-01
5.466052934407364949e-01
5.584415584415585165e-01
2.500000000000000000e-01
5.683700216466857080e-01
2.426447658646977423e-01
1.670721237907127343e-01
2.027966645285440572e-01
9.802189360476279978e-01
4.949698189134810189e-01
5.356682085654046466e-01
2.209165687426557501e-01
7.621155680611373384e-01
6.584087701059072595e-01
3.239618634823209220e-01
5.323609163160356594e-01
2.862653241047979913e-01
4.393395549174443637e-01
0.000000000000000000e+00
4.499395876937072325e-01
3.157215221437864594e-01
1.171310145005297620e-01
6.990353679238858753e-01
5.024663995124047933e-01
6.910210251477257870e-01
0.000000000000000000e+00
