3.771013417671653656e-01
3.903231186375488715e-01
4.067196425716430586e-01
4.829863373596834375e-01
5.088660864407463791e-01
3.895474690282267893e-01
7.248962478639022766e-01
3.919994561841010361e-01
3.612629662735564740e-01
3.201577320284468842e-01
4.045199976449606050e-01
7.134772125611331672e-01
6.154275331451658504e-01
4.134340550464685182e-01
2.819738630437200744e-01
1.913933331876271904e-01
6.905449452302008240e-01
2.332925643717516373e-01
5.929218180503126323e-01
4.104007821379288545e-01
6.036332773948975827e-01
4.713041100995144506e-01
4.126278225128234833e-01
4.280736148379598038e-01
5.063765102413652075e-01
2.032392641858470350e-01
0.000000000000000000e+00
1.214165524118160505e-01
1.196718762149133336e-01
1.147983149983331924e-01
1.295285359801489067e-01
5.714285714285714801e-02
1.224166843264989091e-01
2.135718891038040912e-01
2.659574468085179610e-03
2.107127602047835224e-01
7.415127543610861016e-02
9.162200504413614555e-02
1.999471374536959667e-01
1.300898995240613587e-01
4.161790017211705051e-01
1.123661464342826655e-01
8.464796961729476044e-02
1.466354531448665066e-01
1.605504587155963114e-01
1.877056774976836317e-01
3.667302332404284715e-02
1.264213067973952165e-01
9.992328346758727609e-02
7.458143074581430332e-02
1.359045475953738480e-01
6.203783731873618867e-02
3.213464561920081342e-01
0.000000000000000000e+00
5.483870967741936164e-01
5.175202156334232084e-01
4.747474747474748069e-01
4.666666666666666741e-01
1.000000000000000000e+00
5.202438567165926786e-01
5.603864734299516259e-01
0.000000000000000000e+00
0.000000000000000000e+00
0.000000000000000000e+00
0.000000000000000000e+00
0.000000000000000000e+00
0.000000000000000000e+00
0.000000000000000000e+00
0.000000000000000000e+00
3.228070175438596534e-01
5.501519756838906261e-01
0.000000000000000000e+00
0.000000000000000000e+00
0.000000000000000000e+00
0.000000000000000000e+00
0.000000000000000000e+00
0.000000000000000000e+00
0.000000000000000000e+00
0.000000000000000000e+00
0.000000000000000000e+00
0.000000000000000000e+00
1.250725584985941108e-01
1.381935899029442805e-01
1.536126640428019385e-01
1.770131300117626649e-01
2.828194740200558055e-01
1.416691439901677230e-01
4.387696430402709957e-01
2.595292917518693954e-01
2.434490003122549151e-01
2.715620796894806510e-01
2.043448501257688621e-01
1.529697617402921983e-01
4.476818727957931898e-01
1.765399226494992480e-01
2.668449383155028221e-01
1.525148775647720001e-01
5.585393390125377167e-01
1.158791407613551372e-01
4.834221043294049114e-01
2.596195668178693516e-01
5.290843248669946375e-01
4.287605604426070194e-01
1.474759139721140144e-01
2.388793163318121415e-01
3.664640812120205648e-01
2.068728231582749322e-01
0.000000000000000000e+00
8.458929127142833515e-02
9.301330424236897709e-02
1.027284653241147538e-01
1.164296080221959295e-01
1.841948787223643969e-01
9.548941247264675081e-02
3.501856713249403841e-01
1.596625430739020968e-01
1.696229166084756435e-01
2.145347975498190229e-01
1.417595296940583061e-01
1.058308801438924696e-01
3.730061510465953467e-01
1.223359334837937351e-01
1.805626586971902092e-01
1.143260424417864018e-01
4.977031571757535300e-01
6.051910742419312761e-02
4.021126433299339054e-01
1.880478647077148957e-01
4.415407833529250148e-01
3.517138908140164388e-01
1.185794357771958740e-01
1.948424325157801507e-01
2.803077681447662672e-01
1.493451376972687039e-01
0.000000000000000000e+00
5.561959654178674217e-01
5.871399476287459951e-01
5.880322209436134040e-01
6.493506493506493449e-01
5.000000000000000000e-01
5.844455415994188607e-01
7.283465274880203122e-01
4.427618565967275654e-01
3.730898388861638715e-01
3.321403006442374961e-01
3.939637826961770450e-01
7.075136701304923781e-01
6.408224459198972323e-01
4.261869804137968232e-01
2.837492292626309642e-01
2.187561923209822012e-01
6.713846117040522810e-01
2.559712207121034311e-01
6.128364389233955656e-01
4.155467720685113164e-01
6.005087547501785084e-01
4.508367310620374768e-01
4.200304850712810456e-01
4.692355946955688584e-01
5.083800980335919650e-01
2.030175438596490967e-01
0.000000000000000000e+00
