4.344379926227273092e-01
4.298847899752875623e-01
4.521720245192146770e-01
4.133342128872747878e-01
4.898716846788317980e-01
4.294815755296947923e-01
3.285687337726626578e-01
2.666594632333548764e-01
3.220329276132368745e-01
6.767268144822075060e-01
5.793279194632720008e-01
4.047415942630588903e-01
4.124096153251223251e-01
6.778688821567941947e-01
5.896972745058690624e-01
1.814973229153853396e-01
7.681662319166064901e-01
4.562129106295934600e-01
2.190486524853778594e-01
4.721300815238713700e-01
1.324204068835276860e-01
5.129101842724318461e-01
6.419726665195972792e-01
4.280292324531165260e-01
2.855694821445022846e-01
5.579584215739140651e-01
0.000000000000000000e+00
5.055777140720428553e-02
5.327735012829486194e-02
6.161166166621208362e-02
5.045492142266334856e-02
8.311688311688313069e-02
5.458024350567014515e-02
3.510067369542877458e-01
1.215805471124620230e-02
4.172800396506228804e-01
1.855575868372943416e-01
1.389032994397177978e-01
3.749490000142025048e-02
7.600596125186290242e-02
6.000000000000001998e-01
4.105697734266346988e-01
7.643068133865676961e-02
1.967667925383392025e-01
3.162723322066633980e-01
4.414670375700624483e-02
1.338865949879399775e-01
3.293352601156069315e-01
1.199079401611047313e-01
1.249684467075771188e-01
1.228426395939086202e-01
3.985018726591760263e-02
1.579596522078936527e-01
0.000000000000000000e+00
8.602150537634409844e-01
9.299191374663072773e-01
7.272727272727274039e-01
7.500000000000000000e-01
1.000000000000000000e+00
8.537230344071671251e-01
0.000000000000000000e+00
0.000000000000000000e+00
0.000000000000000000e+00
0.000000000000000000e+00
0.000000000000000000e+00
0.000000000000000000e+00
0.000000000000000000e+00
0.000000000000000000e+00
0.000000000000000000e+00
0.000000000000000000e+00
4.113636363636363202e-01
0.000000000000000000e+00
0.000000000000000000e+00
0.000000000000000000e+00
0.000000000000000000e+00
0.000000000000000000e+00
0.000000000000000000e+00
0.000000000000000000e+00
0.000000000000000000e+00
0.000000000000000000e+00
0.000000000000000000e+00
1.405430508154351665e-01
1.444945725678101756e-01
1.754711943404899666e-01
1.340910251256940411e-01
2.746374533829641917e-01
1.504847622817580000e-01
2.170060150688764011e-01
1.919142427005903762e-01
2.899412813914105103e-01
6.646861736062892323e-01
4.052594269919008729e-01
8.944280989952324568e-02
2.428162983291826116e-01
5.211871362100186644e-01
4.535089584383696915e-01
9.771581002766738244e-02
6.406547674505564949e-01
2.838157942606117090e-01
8.412300873425593295e-02
3.418907431880773284e-01
2.031421834376442304e-01
4.568434238350747023e-01
4.524882540010999321e-01
2.844285885956046034e-01
2.363815308285752703e-01
4.232721574643790730e-01
0.000000000000000000e+00
9.585669005095459605e-02
9.759966788969404172e-02
1.188474705013811417e-01
8.580426339399882529e-02
1.777734696607509157e-01
1.019352235033257892e-01
1.558825988213701219e-01
1.113223593259231869e-01
2.074196235873705108e-01
6.004338099321211430e-01
3.124815142410761748e-01
5.981309777363796876e-02
1.872898732543276101e-01
4.281395167022605808e-01
3.442050423824082328e-01
7.166625542794807791e-02
5.838542721076700470e-01
1.739807981717000351e-01
5.903704992586716882e-02
2.581119049185837677e-01
1.462651386672082499e-01
3.787861685201411865e-01
3.955481950850074924e-01
2.351326959424913099e-01
1.693970163355285607e-01
3.376825078209264586e-01
0.000000000000000000e+00
6.219020172910663113e-01
6.371835903404132750e-01
6.317606444188722525e-01
5.930735930735930861e-01
5.000000000000000000e-01
6.250770954277521385e-01
3.534099245118748067e-01
3.003923033812815335e-01
3.355625362140499668e-01
7.057981388690047764e-01
5.555734406438632700e-01
4.271606762464138507e-01
4.294250978776015248e-01
6.727717350978279498e-01
5.784554509482875417e-01
2.273563915886622766e-01
7.672453422423410885e-01
4.728789406022532171e-01
2.484472049689441242e-01
4.722029523271759066e-01
1.384370564952455140e-01
5.013617395125463672e-01
6.652246032457631575e-01
4.630453937978316059e-01
2.888312718490675390e-01
5.566933638443936072e-01
0.000000000000000000e+00
