4.956533644333707134e-01
5.234147418986656586e-01
5.665566109222992530e-01
6.724231503837365675e-01
4.179401272254925637e-01
5.241811282386785731e-01
8.938475067351616676e-01
4.429318776025014115e-01
4.268508647860802530e-01
5.804117284513032882e-02
7.824598344412314610e-02
8.933500150033840681e-01
7.340356934196660132e-01
2.032696634800453261e-01
4.417127717013427657e-02
2.002499160692856606e-01
2.826285962478269909e-01
1.277142363458255436e-01
8.298987318618278319e-01
3.956644765901908833e-01
7.611882622528969300e-01
4.732882220843596111e-01
6.635810911041228888e-01
7.736195647865375946e-01
7.592613520805854277e-01
1.039631939430110119e-01
0.000000000000000000e+00
1.957964601769911495e-01
2.020449420729337198e-01
2.002606297542200986e-01
2.077198786876205960e-01
1.688311688311688319e-01
1.994263782925329576e-01
5.437503788567618068e-01
3.877960658370132041e-01
2.949180390300696342e-01
2.471159301519260110e-02
8.811475409836067030e-02
1.000000000000000000e+00
8.444169502010517858e-02
5.357142857142860315e-02
9.601133731637723212e-02
4.142716763225084975e-02
6.539697494826454682e-02
4.517182397760846069e-01
3.546161549724515805e-01
8.329585871387107376e-02
5.221129012421596993e-01
2.605272518045820274e-01
2.661728395061728758e-01
3.067848716665475539e-01
7.454967005528806423e-02
7.983029085022047555e-02
0.000000000000000000e+00
6.021505376344086224e-01
5.714285714285715079e-01
5.757575757575758013e-01
3.333333333333333703e-01
1.000000000000000000e+00
6.087521303292192654e-01
0.000000000000000000e+00
0.000000000000000000e+00
0.000000000000000000e+00
0.000000000000000000e+00
0.000000000000000000e+00
0.000000000000000000e+00
0.000000000000000000e+00
0.000000000000000000e+00
0.000000000000000000e+00
0.000000000000000000e+00
1.904260915307732782e-01
0.000000000000000000e+00
0.000000000000000000e+00
0.000000000000000000e+00
0.000000000000000000e+00
0.000000000000000000e+00
0.000000000000000000e+00
0.000000000000000000e+00
0.000000000000000000e+00
0.000000000000000000e+00
0.000000000000000000e+00
3.124445441747665253e-01
3.274200366334204526e-01
3.644610028381112254e-01
3.624724201188956885e-01
2.855502528359871173e-01
3.292337938568986599e-01
6.796969841940352364e-01
3.200027507451296827e-01
3.058875496845639974e-01
9.997153079079956761e-02
3.434265327310614957e-02
1.000000000000000000e+00
3.762496569684705694e-01
5.165673306659179786e-03
4.409680080841649197e-02
6.999610608166606518e-02
2.118429919738811229e-01
1.616959271250322794e-01
8.689514795809827330e-01
2.500029575384032920e-01
8.064883513670965121e-01
4.087612599134333724e-01
3.259073873749080974e-01
5.261817841492013592e-01
4.266420771605876627e-01
7.361313818918013840e-02
0.000000000000000000e+00
2.329710768077424277e-01
2.438788707963623348e-01
2.738084512710023954e-01
2.663709405521895723e-01
1.863525371509462403e-01
2.453656580958038513e-01
6.013803900655995127e-01
2.069223045255596527e-01
2.207825134873637463e-01
7.403250914701225982e-02
2.157706600027015087e-02
1.000000000000000000e+00
3.053722970676355231e-01
3.249549936461981758e-03
2.550644070727639545e-02
5.076294072228232368e-02
1.706481333775944353e-01
8.845057071414098859e-02
8.318743241265846855e-01
1.801871622934639872e-01
7.516529177697803821e-01
3.327367781192819840e-01
2.754144153613888868e-01
4.657963671049908383e-01
3.358654687946735495e-01
4.970320579230236291e-02
0.000000000000000000e+00
6.564841498559077504e-01
6.924643584521386064e-01
7.054085155350978686e-01
7.878787878787878451e-01
3.750000000000000000e-01
6.829755713652742033e-01
8.859278331391322592e-01
4.661870785972195841e-01
4.322771007055804526e-01
6.524184476940364519e-02
1.006747295763682493e-01
8.234203529154701107e-01
7.868852459016393297e-01
2.269483920432464052e-01
6.365630195620643195e-02
2.656624074585836048e-01
2.907310829395823859e-01
1.273085726453192235e-01
8.253968253968253510e-01
4.024886021521197899e-01
7.602682723894099714e-01
4.508652588524068028e-01
7.035775127768313375e-01
8.045130563892770592e-01
8.081999320299292355e-01
1.075114971895757554e-01
0.000000000000000000e+00
