5.990677454686732517e-01
5.878121483790226254e-01
5.753532500287208418e-01
5.921361390295463156e-01
5.931606486706908488e-01
5.878069025952927795e-01
2.588218938208876607e-01
5.772308296924241189e-01
2.125803942850279515e-01
5.201522980308060928e-01
8.203068816147164322e-01
2.605496102811822867e-01
6.681333838725397323e-01
5.752548152405916326e-01
7.668462978487576853e-01
4.661998351887266523e-01
5.057859776258823992e-01
6.007280568913503371e-01
2.114807906335267607e-01
5.263859306141427385e-01
9.751929319584756728e-02
7.197510360284088415e-01
1.467272221088300466e-01
1.333070862931631240e-01
7.057229219795435604e-02
6.243795592088433599e-01
0.000000000000000000e+00
1.375732269724542212e-01
1.343285903117953928e-01
1.418310755523229383e-01
1.406120760959470584e-01
1.376623376623376527e-01
1.401916310797861054e-01
5.493726132024007169e-02
1.220199948731095496e-01
2.790228564019143764e-01
4.015082266910420805e-01
2.207526080476900354e-01
2.102548521628935241e-01
1.000000000000000000e+00
1.915765509391007537e-01
2.735470941883767493e-01
7.710148038181091623e-02
1.038205795007114685e-01
7.678500199441561369e-01
9.977717483156023359e-02
4.325124688279301521e-01
1.392538097740409486e-01
1.066713493640997212e-01
3.075957313245447633e-02
1.065989847715735905e-01
2.126652029790349063e-02
2.841686205549042721e-01
0.000000000000000000e+00
7.956989247311828661e-01
7.762803234501347571e-01
6.666666666666667407e-01
5.999999999999999778e-01
1.000000000000000000e+00
7.496174860570574694e-01
0.000000000000000000e+00
0.000000000000000000e+00
0.000000000000000000e+00
0.000000000000000000e+00
0.000000000000000000e+00
0.000000000000000000e+00
0.000000000000000000e+00
0.000000000000000000e+00
0.000000000000000000e+00
0.000000000000000000e+00
7.182539682539682557e-01
0.000000000000000000e+00
0.000000000000000000e+00
0.000000000000000000e+00
0.000000000000000000e+00
0.000000000000000000e+00
0.000000000000000000e+00
0.000000000000000000e+00
0.000000000000000000e+00
0.000000000000000000e+00
0.000000000000000000e+00
2.937916392298349777e-01
2.876315967424468711e-01
3.071759618041278728e-01
2.794221555949025770e-01
3.335136409876000574e-01
2.982291457526381473e-01
0.000000000000000000e+00
4.105440401692970753e-01
1.582655866707534109e-01
5.641527910281021185e-01
5.362828396282354193e-01
1.414842714982752492e-01
9.999999999999997780e-01
2.676646186936930683e-01
5.388521363489947591e-01
3.611158188841181449e-01
5.077043499253588443e-01
4.564718967436701136e-01
1.387641504497649780e-01
5.495548343219314180e-01
1.485699747058376596e-01
4.072083496871410357e-01
8.268525690758798952e-02
2.135440881961321313e-01
4.064090694489141953e-02
5.126780344870179862e-01
0.000000000000000000e+00
2.170353853784367515e-01
2.099008939803704843e-01
2.238851803657455342e-01
1.956889201498272501e-01
2.254319073406951812e-01
2.187475055968226001e-01
0.000000000000000000e+00
2.847854207203091570e-01
1.048675608648350910e-01
4.932681715006128065e-01
4.405566057543665037e-01
9.729354020011909965e-02
1.000000000000000000e+00
1.945765049984120032e-01
4.292607011694009600e-01
2.929509244718757066e-01
4.460373165714801580e-01
3.224068732137244653e-01
9.985263552588236058e-02
4.573822095437785618e-01
1.041236268719238911e-01
3.312737672848574122e-01
6.525259870477506663e-02
1.728673198671784039e-01
2.617222277927483409e-02
4.250806122172958723e-01
0.000000000000000000e+00
7.498559077809798801e-01
7.547279604306080802e-01
7.226697353279633029e-01
7.402597402597401732e-01
6.250000000000000000e-01
7.455563121782834424e-01
2.914706315620679833e-01
6.007846067625630671e-01
1.969469691285359314e-01
5.172385275276251138e-01
8.292269078387850545e-01
2.416358584582883884e-01
6.684496019008709933e-01
6.011047396832576162e-01
7.751538718619307433e-01
5.176346326459220215e-01
4.857299189686246077e-01
6.206440709535713252e-01
2.150092081031308444e-01
5.161264148233021265e-01
1.003774148077926087e-01
7.276867104020133814e-01
1.294910871592822588e-01
1.198536592538899104e-01
9.103969840672476721e-02
6.205081669691470125e-01
0.000000000000000000e+00
