5.325297561662865053e-01
5.301210526117301480e-01
5.395701717458023516e-01
4.949094629126968847e-01
6.306363946273054744e-01
5.272747022834118891e-01
1.092321848879013735e-01
6.381901398289507865e-01
3.451327257567485818e-01
7.763534147103080540e-01
6.046254780955676589e-01
3.971234910845394817e-01
8.595681752010353449e-02
8.888554728442099595e-01
8.133872264172257172e-01
1.544074013577716453e-01
6.187147394730860839e-01
7.304632720671757617e-01
5.090913627250781559e-02
9.332945871384534797e-02
7.431802587846786379e-02
6.010673388225776792e-01
2.423617789694993974e-01
3.025386507053031693e-01
2.858878796053165861e-02
7.386175893888810018e-01
0.000000000000000000e+00
1.015206281939424332e-01
1.020060648472125159e-01
1.074037033669727609e-01
1.012958367797077569e-01
4.415584415584415667e-02
1.048895260920411632e-01
1.515510657110070714e-01
1.000000000000000000e+00
1.579198051488790444e-01
1.608775137111517206e-01
2.385166063444752460e-01
3.512245641233388005e-01
1.197434069850320526e-01
7.695652173913044569e-01
2.602163391109704182e-01
4.976325522685054459e-02
1.753754808087586714e-01
5.351681957186543714e-01
1.076004025687721799e-01
5.930296210692781456e-02
2.659747766684182335e-01
3.028576085184984112e-01
9.898989898989896119e-02
1.490264413970755486e-01
3.881511746680285646e-02
2.388628370457209216e-01
0.000000000000000000e+00
6.451612903225807383e-01
6.576819407008086538e-01
5.050505050505050830e-01
4.666666666666666741e-01
1.000000000000000000e+00
5.949824318035342730e-01
0.000000000000000000e+00
0.000000000000000000e+00
0.000000000000000000e+00
0.000000000000000000e+00
0.000000000000000000e+00
0.000000000000000000e+00
0.000000000000000000e+00
0.000000000000000000e+00
0.000000000000000000e+00
0.000000000000000000e+00
5.027777777777777679e-01
0.000000000000000000e+00
0.000000000000000000e+00
0.000000000000000000e+00
0.000000000000000000e+00
0.000000000000000000e+00
0.000000000000000000e+00
0.000000000000000000e+00
0.000000000000000000e+00
0.000000000000000000e+00
0.000000000000000000e+00
2.376362634564963550e-01
2.314919974667061231e-01
2.620762100832516595e-01
2.119640044042200300e-01
3.229071534705304503e-01
2.441333576617691348e-01
2.424680535685999061e-01
7.097986041191510775e-01
2.747955513665919502e-01
7.305394083377390047e-01
4.210006127814936994e-01
1.433481731696965022e-01
1.356490421204896712e-01
7.973610353416584751e-01
5.150427341379356649e-01
1.574180635811281981e-01
5.156088647407957026e-01
5.268678408007367864e-01
4.348808672901594008e-02
5.579552934348008808e-02
1.537722821250272487e-01
6.317325082685454340e-01
1.061918195760818140e-01
3.159603139907691816e-01
4.734700932332602807e-02
5.904862723591014495e-01
0.000000000000000000e+00
1.706144108708829710e-01
1.640025721308646101e-01
1.863884114758746213e-01
1.424992826830982495e-01
2.165973470927053390e-01
1.740534190854912677e-01
1.763937034461973696e-01
6.027548617387550323e-01
1.949163373349045714e-01
6.737901866064819334e-01
3.271699601694982862e-01
9.867248226000113753e-02
1.002389162053021754e-01
7.371156569966310634e-01
4.048853689426936686e-01
1.182295466615660984e-01
4.539872980994597018e-01
3.921690804864682023e-01
2.994432067383939744e-02
3.617934895223712255e-02
1.080506867317240771e-01
5.585482852753476113e-01
8.437695360530994559e-02
2.636125249597150999e-01
3.060869433342949808e-02
5.057032491231228111e-01
0.000000000000000000e+00
6.680115273775215634e-01
6.939191155077102380e-01
6.835443037974683334e-01
6.233766233766233622e-01
6.250000000000000000e-01
6.715805179754211762e-01
1.109064742423682692e-01
5.888878818761756895e-01
3.557836219799016542e-01
8.140405682985280000e-01
5.744737859011861403e-01
4.185790272582464722e-01
8.135329522403866864e-02
8.786799743998472412e-01
8.159713194959380411e-01
1.898450049575113319e-01
6.239911988703190637e-01
7.462948586767370607e-01
6.150950228717644297e-02
9.222118946242546800e-02
7.711752059424903383e-02
5.937584060856596624e-01
2.694874917099892020e-01
3.322221694967697481e-01
2.009775381098716229e-02
7.423966490621016767e-01
0.000000000000000000e+00
