5.092867016930409108e-01
5.359190091842729320e-01
5.840706474308943186e-01
7.093366323862209111e-01
2.769322960780126186e-01
5.420985689738802016e-01
8.980207683388647943e-01
3.754661652044641862e-01
4.534802759140297290e-01
2.669722394958288225e-01
3.253385675836273361e-02
9.344722687903918024e-01
7.994496285676958580e-01
6.221037903790094248e-02
4.369480100462050376e-02
2.671771490872085764e-01
1.228370345049991652e-01
4.190841540394310560e-02
9.146842928014657925e-01
2.859223824707581851e-01
8.579301740254685615e-01
3.846953881408529119e-01
7.556449228118959915e-01
7.431035627767723639e-01
8.105396077740448790e-01
9.804793700318170657e-02
0.000000000000000000e+00
3.714477128256263305e-01
3.747764559521032934e-01
3.687304906506652102e-01
3.925006892748827969e-01
1.012987012987012908e-01
3.746612883539107708e-01
4.872724792937559446e-01
3.889572709688764451e-01
2.643436986742737083e-01
1.164533820840951139e-01
7.111350375104191768e-02
3.172467427738667745e-01
5.299431247908998888e-01
4.084821428571429047e-01
4.635103540414161616e-01
1.209007120230505827e-01
3.732303819990248073e-01
2.043369474562134469e-01
7.593243332915529109e-01
1.039068994181213679e-01
4.356520035269913493e-01
5.633512684145596250e-01
3.680871459694988745e-01
3.236732810336871990e-01
1.423220973782771404e-01
9.058936374293935501e-02
0.000000000000000000e+00
6.290322580645162365e-01
6.253369272237196963e-01
5.555555555555555802e-01
4.000000000000000222e-01
1.000000000000000000e+00
5.772816935037728969e-01
0.000000000000000000e+00
0.000000000000000000e+00
0.000000000000000000e+00
0.000000000000000000e+00
0.000000000000000000e+00
0.000000000000000000e+00
0.000000000000000000e+00
0.000000000000000000e+00
0.000000000000000000e+00
0.000000000000000000e+00
2.767584097859327463e-01
0.000000000000000000e+00
0.000000000000000000e+00
0.000000000000000000e+00
0.000000000000000000e+00
0.000000000000000000e+00
0.000000000000000000e+00
0.000000000000000000e+00
0.000000000000000000e+00
0.000000000000000000e+00
0.000000000000000000e+00
3.245321690960771832e-01
3.399435983344071266e-01
3.644411763215480438e-01
4.004249870100676789e-01
1.425864183988511114e-01
3.450993097392814901e-01
5.447339471630900931e-01
2.941826078992569315e-01
2.532719735207346057e-01
2.349404992095809330e-01
6.338081018996133409e-03
1.702387539886028867e-01
5.584657805673665099e-01
2.057419055722364831e-02
1.425893595782341539e-01
2.192789193196025277e-01
1.893844769541455086e-01
7.994188330461798886e-02
9.356762080263214543e-01
2.453994850299847652e-01
7.649031578551556132e-01
5.031072076031706253e-01
5.532929463006874826e-01
4.400142824507637940e-01
4.515894035367933323e-01
5.039355895407027219e-02
0.000000000000000000e+00
2.434353338701727987e-01
2.548220982942893675e-01
2.737907283352774002e-01
3.005812506375619697e-01
8.314133315095631471e-02
2.592689470912535876e-01
4.555211552994242741e-01
1.862789927275825819e-01
1.774642924471678540e-01
1.831232800488646340e-01
3.913814645117336122e-03
1.188478391644969823e-01
4.839957457377502270e-01
1.306072895583243465e-02
8.867024007866228241e-02
1.686982110655541045e-01
1.515074861678599172e-01
4.019811192429277591e-02
9.160798220835941752e-01
1.764486172539220799e-01
7.017188373297189585e-01
4.244671011093499868e-01
4.964868291215216445e-01
3.803343625287477492e-01
3.596854848501144786e-01
3.361520658460137589e-02
0.000000000000000000e+00
6.760806916426513880e-01
7.174861798079721353e-01
7.422324510932106767e-01
8.354978354978355171e-01
2.500000000000000000e-01
7.122206284981670299e-01
9.039438854583174976e-01
4.139977452632974675e-01
4.514004703870001523e-01
2.790035204643787070e-01
3.663589577667014652e-02
9.347401777308320669e-01
8.408611228366400514e-01
7.653641425200508053e-02
4.363633505095883269e-02
3.334341155248621291e-01
1.065062652680930366e-01
3.902834559992926500e-02
9.017857142857141906e-01
2.767391304347827097e-01
8.634184685668521153e-01
3.539945766669859717e-01
7.707942930153319772e-01
7.730634053364382474e-01
8.745560360479377460e-01
1.043173150266971660e-01
0.000000000000000000e+00
