3.413745912779140301e-01
3.334418590755368061e-01
3.403541621465264733e-01
3.763289404239797964e-01
2.324987968060188148e-01
3.356269746036657509e-01
3.038136364620927510e-01
5.254156519926400648e-01
2.456150526400985301e-01
5.126588477463104310e-01
4.256665464314551839e-01
4.121557205734079909e-01
3.226360703659695295e-01
5.805724011707855681e-01
3.937362121933908332e-01
4.348849564219146036e-01
2.090083734786249980e-01
4.250422741261354886e-01
5.241261806812615998e-01
9.014155166994523016e-01
3.808885761735859021e-01
6.265646824079463828e-01
4.670250665905346654e-01
2.164494617077183936e-01
8.152177173451856662e-01
4.805205149723273950e-01
0.000000000000000000e+00
2.713448834600523663e-01
2.687193841847446141e-01
2.582355971755008195e-01
2.565205403915081228e-01
1.402597402597402509e-01
2.681053238483038781e-01
3.017550579795940102e-01
7.340425531914893664e-01
2.411878442306715775e-01
1.531649908592321863e-01
1.991268709907341172e-01
6.501775739704898083e-01
9.042834479111580559e-02
5.720496894409939914e-01
1.328335683713104398e-01
7.767102673920589506e-02
1.127860872296156669e-01
4.236373448461953073e-01
2.967852008051375945e-01
1.514669701584963613e-01
3.757996146435452212e-01
4.339525453449505354e-01
2.177777777777777368e-01
5.126903553299492211e-01
2.727840199750312111e-01
2.336850332160999577e-01
0.000000000000000000e+00
6.881720430107527431e-01
6.388140161725067712e-01
5.555555555555555802e-01
4.333333333333333481e-01
1.000000000000000000e+00
6.126826551609808602e-01
0.000000000000000000e+00
0.000000000000000000e+00
0.000000000000000000e+00
0.000000000000000000e+00
0.000000000000000000e+00
0.000000000000000000e+00
0.000000000000000000e+00
0.000000000000000000e+00
0.000000000000000000e+00
0.000000000000000000e+00
1.635049683830171463e-01
0.000000000000000000e+00
0.000000000000000000e+00
0.000000000000000000e+00
0.000000000000000000e+00
0.000000000000000000e+00
0.000000000000000000e+00
0.000000000000000000e+00
0.000000000000000000e+00
0.000000000000000000e+00
0.000000000000000000e+00
3.308583632359904936e-01
3.244417170670440553e-01
3.247250594204162955e-01
3.174226876967208844e-01
2.082977079474087612e-01
3.290354098162097118e-01
3.703406797927488725e-01
5.101466171842279351e-01
2.006111290005284653e-01
6.161806529345030814e-01
3.551167415261787808e-01
5.294253307826787269e-01
3.655132531779772265e-01
3.897638434724062240e-01
4.405702738807520946e-01
3.723147029689810594e-01
3.056288930080832689e-01
3.273604056954429464e-01
6.241346655763180262e-01
8.146148297506352609e-01
4.418166860845461619e-01
6.929064415685344258e-01
4.235060144314006791e-01
4.498705468880568326e-01
7.996356065622902687e-01
4.362012829426903382e-01
0.000000000000000000e+00
2.489550153227967355e-01
2.412938969107095155e-01
2.389061086158996983e-01
2.273182993737649094e-01
1.281125795716112070e-01
2.451930202029725114e-01
2.864556472729188341e-01
3.802829182422314824e-01
1.363309991226159534e-01
5.480008215752465439e-01
2.669639327727882927e-01
4.387878070550709775e-01
2.954732260269576360e-01
3.010798473344169501e-01
3.318707767427612199e-01
3.032677908797516975e-01
2.532685813133211949e-01
2.083765555542437253e-01
5.477529626505637239e-01
7.583837666703197034e-01
3.551653958848380865e-01
6.259694542035760811e-01
3.673919760850137273e-01
3.899277551588683499e-01
7.401794105736494434e-01
3.499746057818371447e-01
0.000000000000000000e+00
4.593659942363113036e-01
4.730869944719231501e-01
4.775604142692749798e-01
4.805194805194805685e-01
1.250000000000000000e-01
4.615071607651014540e-01
3.250134237381503421e-01
5.440031347819549445e-01
2.333034824702705512e-01
4.679871579147086846e-01
4.220920459465653529e-01
3.729821580288869010e-01
3.346175013758942995e-01
5.956029229385357837e-01
3.850077294971395170e-01
4.832189140837490626e-01
1.617208004110370911e-01
4.428530022307132219e-01
5.331739390316796445e-01
9.026667566837701662e-01
3.809592647183517311e-01
6.131961663612389701e-01
4.846934586728512961e-01
2.171998242464805440e-01
8.210176265203547041e-01
4.940566801619432624e-01
0.000000000000000000e+00
