4.007604889748901389e-01
4.210163119647620800e-01
4.412520859283970420e-01
5.335027461372012780e-01
4.058095781893729104e-01
4.160544081041643860e-01
9.581700642618702357e-01
3.575111863644522270e-01
3.839375425870084069e-01
1.890891642752746682e-01
2.705169838813817895e-01
8.075116381239492158e-01
4.212198409849988723e-01
2.216827628237003078e-01
1.940468634937917158e-01
2.579341959675232054e-01
5.313404745966450182e-01
1.090414082404306539e-01
7.858104958803169282e-01
3.817599426226506720e-01
7.260503419153645499e-01
3.860082850051499426e-01
4.225309869910973681e-01
5.356806683201849051e-01
7.304562935951030012e-01
8.465955081379261671e-02
0.000000000000000000e+00
6.299077651751215645e-02
7.996267786330769900e-02
9.049307512804195819e-02
6.936862420733387602e-02
4.935064935064935321e-02
7.181311113179320027e-02
6.632228587015821519e-01
1.367282874084408961e-01
2.553103708418794637e-01
8.190127970749544462e-02
1.141686182669788829e-01
3.441025979216483233e-01
1.627087482763903692e-01
5.340659340659342780e-01
3.820975283901134611e-01
1.257344110104846591e-01
3.781651160051819893e-01
9.546243491197620168e-02
4.604044857663184276e-01
7.125044531528321179e-02
8.271676300578034713e-01
2.483807331908597371e-01
2.177777777777777368e-01
3.502538071065990355e-01
8.936503788868566112e-02
2.000293083235638592e-01
0.000000000000000000e+00
0.000000000000000000e+00
0.000000000000000000e+00
0.000000000000000000e+00
0.000000000000000000e+00
1.000000000000000000e+00
0.000000000000000000e+00
0.000000000000000000e+00
0.000000000000000000e+00
0.000000000000000000e+00
0.000000000000000000e+00
0.000000000000000000e+00
0.000000000000000000e+00
0.000000000000000000e+00
0.000000000000000000e+00
0.000000000000000000e+00
0.000000000000000000e+00
2.746585735963581465e-01
0.000000000000000000e+00
0.000000000000000000e+00
0.000000000000000000e+00
0.000000000000000000e+00
0.000000000000000000e+00
0.000000000000000000e+00
0.000000000000000000e+00
0.000000000000000000e+00
0.000000000000000000e+00
0.000000000000000000e+00
1.291874107340416078e-01
1.440658920185388103e-01
1.660203873711942890e-01
1.846023086786129364e-01
2.014587137767080982e-01
1.457597932907722660e-01
7.156580988971181778e-01
2.717081958456314950e-01
2.699343987682748525e-01
1.778849559194259911e-01
1.091952368150544972e-01
1.432628040538638237e-01
4.063668910028868098e-01
1.053909853567248645e-01
2.544048640660817595e-01
2.441400579756431988e-01
6.875904394375669249e-01
9.292084277740869647e-02
9.333361060777807250e-01
2.393382728986723773e-01
8.482470577573940629e-01
6.062427216515198225e-01
3.401084829967442325e-01
2.891369162273231819e-01
5.007227855846807518e-01
1.437869400229098149e-01
0.000000000000000000e+00
8.756891527279253573e-02
9.728668461480294294e-02
1.118323253415226815e-01
1.220039804735684741e-01
1.232363623083994053e-01
9.847307651173065057e-02
6.424559424816208564e-01
1.688746508595143636e-01
1.909422834740679142e-01
1.357257115452379925e-01
7.175228060869609514e-02
9.860926968591127162e-02
3.335122783581710437e-01
7.023635755902929434e-02
1.707492134970622633e-01
1.896179685052316599e-01
6.345911168395539370e-01
4.737615096997165043e-02
9.130775959253243368e-01
1.715502901926856949e-01
8.030182070722708954e-01
5.311503209784953494e-01
2.885254147384701540e-01
2.393547244224316639e-01
4.079493690827638575e-01
1.006219228611157646e-01
0.000000000000000000e+00
5.527377521613832112e-01
5.961594413732906883e-01
5.949367088607594445e-01
6.753246753246753276e-01
3.750000000000000000e-01
5.728662993097334288e-01
9.618003136378159290e-01
3.965178404632916376e-01
3.989654244863333199e-01
1.926829487615612235e-01
2.905247859451296488e-01
8.245282327695512281e-01
4.347826086956521063e-01
2.418995582935746236e-01
1.982225711823357162e-01
2.930646834210184348e-01
4.949636618640826935e-01
1.224172496951636824e-01
7.755102040816326259e-01
3.893533365168174720e-01
6.973658903959195632e-01
3.565069666387891134e-01
4.231013933014631245e-01
5.764769601378132435e-01
7.595251428257819848e-01
9.273692982851289290e-02
0.000000000000000000e+00
