5.602470528484602141e-01
5.715341459176048744e-01
6.290959427784521552e-01
6.479376183515268561e-01
9.731998794795482244e-01
5.864861284502305150e-01
7.927865480880804672e-01
8.843939637213465987e-01
4.751256686515012984e-01
4.518026734529351218e-01
3.679121556931862491e-01
7.057459727898415247e-01
3.626622363161305929e-01
2.695608661890194768e-01
2.207413993759463067e-01
1.552435346659990500e-01
6.941301466089706551e-01
1.811355232142617677e-01
4.682849433228515323e-01
3.097318034462906988e-01
5.334046370257015113e-01
4.944247385957053487e-01
3.890116538412420333e-01
6.843737189182212965e-01
4.044094656977378355e-01
3.373336507157129738e-01
0.000000000000000000e+00
4.817399975071669227e-02
5.143456962911129027e-02
6.467254598902931473e-02
6.082161566032533162e-02
7.792207792207793415e-02
5.313125393684239861e-02
4.481723949809056640e-01
3.898623279098873962e-01
1.469104368531485294e-01
1.252922919943880165e-01
9.810801706714572523e-02
2.201380401989849744e-01
2.204635387224421206e-02
4.051020408163266140e-01
5.093635546955980198e-01
1.092998344532086774e-01
1.976456603845932747e-01
3.242644732679531572e-01
1.974449206501349141e-01
3.042987768673555138e-02
2.895086705202311594e-01
2.105660997707810012e-01
5.854241338112309290e-02
2.347179523843569982e-01
9.163203529834282324e-02
6.717776269513170417e-02
0.000000000000000000e+00
8.709677419354838745e-01
9.353099730458221961e-01
7.272727272727274039e-01
7.500000000000000000e-01
1.000000000000000000e+00
8.716523115479396511e-01
0.000000000000000000e+00
0.000000000000000000e+00
0.000000000000000000e+00
0.000000000000000000e+00
0.000000000000000000e+00
0.000000000000000000e+00
0.000000000000000000e+00
0.000000000000000000e+00
0.000000000000000000e+00
0.000000000000000000e+00
6.418439716312056564e-01
0.000000000000000000e+00
0.000000000000000000e+00
0.000000000000000000e+00
0.000000000000000000e+00
0.000000000000000000e+00
0.000000000000000000e+00
0.000000000000000000e+00
0.000000000000000000e+00
0.000000000000000000e+00
0.000000000000000000e+00
1.642731692759791251e-01
1.678504184327814786e-01
2.105692389264751663e-01
1.905876122235350412e-01
5.365505082003769743e-01
1.825444829444644590e-01
7.122697663353656505e-01
7.007340462964530836e-01
3.758143674803061662e-01
3.286505819871345935e-01
1.681647585880914342e-01
6.015843902387096875e-02
1.516264696820721625e-01
2.123168705738924800e-01
2.855132626444887300e-01
2.087605841032982301e-01
4.823824187694518706e-01
1.026615689778083707e-01
2.958476125177669225e-01
1.595346203707848076e-01
6.614881388173160515e-01
4.810508106418971419e-01
7.493518489544559458e-02
4.253879131485580611e-01
2.261179583229839807e-01
2.070318739065047930e-01
0.000000000000000000e+00
1.134838415343069062e-01
1.148627047393581679e-01
1.455119839127878290e-01
1.264340693760947487e-01
4.156409995537591051e-01
1.258743476178892928e-01
6.385460142009268258e-01
5.917564619842330398e-01
2.817877586914017130e-01
2.650437120374254385e-01
1.143184161574512525e-01
3.958883295763304666e-02
1.127772092726498365e-01
1.499603581473542002e-01
1.955454290652916260e-01
1.599573576385703855e-01
4.207773192882218183e-01
5.288286274481705795e-02
2.280189140255436397e-01
1.096089662107710971e-01
5.828103724752004000e-01
4.025206211653488686e-01
5.900300844682937473e-02
3.661848182272950947e-01
1.611806514303767979e-01
1.494715044918476510e-01
0.000000000000000000e+00
7.262247838616715523e-01
7.611288914751237478e-01
7.905638665132336262e-01
7.922077922077921386e-01
1.000000000000000000e+00
7.583764335080184216e-01
7.873779121248418722e-01
8.619953053549817001e-01
4.923791197043282386e-01
4.772956012077435028e-01
3.797457900308776058e-01
7.290024548567014540e-01
3.962378924711058570e-01
2.847296822461675148e-01
2.280978962643147034e-01
2.018296036208526711e-01
7.005267461887423330e-01
2.009267527185874813e-01
4.859114880594390673e-01
3.135232717320275420e-01
5.221856275159878491e-01
4.729455024809404717e-01
4.141328930124723584e-01
7.285733104732803334e-01
4.525386723691308122e-01
3.584116541353382646e-01
0.000000000000000000e+00
