3.537446185090460382e-01
3.669692967360933533e-01
3.838730744834966124e-01
4.584817174836490761e-01
4.976191526423960898e-01
3.660626450988200276e-01
7.189934568240792245e-01
3.957281774326273371e-01
3.617978679929345631e-01
3.230682327989874425e-01
4.033728745814214589e-01
7.088552334065495453e-01
6.093967116973199039e-01
4.129717221114920789e-01
2.838307385662699467e-01
1.917943803264152702e-01
7.024919902262101168e-01
2.360169270602035796e-01
5.914321275761649233e-01
4.153562724921086025e-01
6.061343348192911318e-01
4.797868319034933604e-01
4.144964008792655363e-01
4.194347501465467420e-01
4.955141020479262304e-01
2.022279417950186842e-01
0.000000000000000000e+00
1.213074909634799942e-01
1.194852655314516815e-01
1.147983149983331924e-01
1.293079680176454360e-01
5.714285714285714801e-02
1.223029459104106598e-01
2.135718891038040912e-01
2.659574468085179610e-03
2.107127602047835224e-01
3.508875390694110585e-02
1.337090163934426257e-01
1.999471374536959667e-01
1.975841242450387947e-01
4.161790017211705051e-01
1.123661464342826655e-01
8.464796961729476044e-02
1.466354531448665066e-01
1.605504587155963114e-01
1.877056774976836317e-01
5.890784848901370330e-02
1.264213067973952165e-01
1.741520083292235066e-01
7.458143074581430332e-02
1.359045475953738480e-01
4.432983360962733377e-02
3.213464561920081342e-01
0.000000000000000000e+00
5.483870967741936164e-01
5.175202156334232084e-01
4.747474747474748069e-01
4.666666666666666741e-01
1.000000000000000000e+00
5.202438567165926786e-01
9.789029535864978149e-01
0.000000000000000000e+00
0.000000000000000000e+00
0.000000000000000000e+00
0.000000000000000000e+00
0.000000000000000000e+00
0.000000000000000000e+00
0.000000000000000000e+00
0.000000000000000000e+00
0.000000000000000000e+00
5.501519756838906261e-01
0.000000000000000000e+00
0.000000000000000000e+00
0.000000000000000000e+00
0.000000000000000000e+00
0.000000000000000000e+00
0.000000000000000000e+00
0.000000000000000000e+00
0.000000000000000000e+00
0.000000000000000000e+00
0.000000000000000000e+00
1.242129725757163961e-01
1.376005780551213808e-01
1.533958057777048412e-01
1.772961880970919113e-01
2.777480656035976603e-01
1.411964548164953426e-01
4.451641752231807470e-01
2.651807346358026618e-01
2.606054670425946851e-01
2.789273750139755759e-01
2.249742895909375706e-01
1.676076959246998177e-01
4.747653722204148163e-01
1.865414035338706089e-01
2.758264011242614888e-01
1.429405155549168249e-01
5.739516766973546957e-01
1.233644752257747057e-01
5.196647517543433459e-01
2.948003590994545675e-01
5.425801845737591167e-01
4.683484310059213840e-01
1.875195698237333009e-01
2.752194737832138749e-01
3.645313141935857537e-01
2.174159662013827043e-01
0.000000000000000000e+00
8.396843456036279241e-02
9.258321327251101129e-02
1.025704224066154857e-01
1.166366586486965451e-01
1.802070682119572553e-01
9.514545859038303632e-02
3.563132154128102469e-01
1.639181170241829633e-01
1.833688251720494156e-01
2.209456475556660915e-01
1.578572327621619031e-01
1.168505981449421416e-01
3.994553096929766567e-01
1.299622478612624810e-01
1.877326049836931243e-01
1.067446949256466993e-01
5.136193098898105269e-01
6.492737982713610301e-02
4.383917170544624486e-01
2.173917823072667455e-01
4.553764723099466005e-01
3.900204330649501006e-01
1.525027526505141617e-01
2.269057865061406831e-01
2.785679417460750762e-01
1.577601151655592115e-01
0.000000000000000000e+00
5.377521613832854097e-01
5.627000290951411632e-01
5.696202531645570000e-01
6.320346320346319491e-01
5.000000000000000000e-01
5.510886260473718545e-01
7.262284991862579808e-01
4.427618565967275654e-01
3.805548262304453422e-01
3.296291592583183716e-01
3.837705129861739284e-01
7.085811384876804508e-01
6.368839156060475126e-01
4.286576295756158728e-01
2.855304806333719414e-01
2.175456362508003672e-01
6.829137808880727523e-01
2.585924434069003519e-01
6.105006105006105521e-01
4.155467720685113164e-01
6.038631597547819974e-01
4.569165737455821441e-01
4.281027194144739756e-01
4.692355946955688584e-01
4.995385389700522927e-01
1.974535603715170673e-01
0.000000000000000000e+00
