4.067232115778798285e-01
4.214866861081487670e-01
4.502884530146360476e-01
5.130968904086099514e-01
5.921604321085542910e-01
4.218717772653024500e-01
8.864222293976964373e-01
4.242023910899153094e-01
4.200870547331645444e-01
2.721168697376393775e-01
3.242824199272010821e-01
8.059848112265731723e-01
4.924169781051194184e-01
2.774996161574550535e-01
1.148878548821580525e-01
3.108856119984895194e-01
7.032047985443019567e-01
1.151001496420673009e-01
7.412160553645286143e-01
3.658535082461690235e-01
6.440482529951485624e-01
3.252070037113895529e-01
5.868851052489703068e-01
5.067690481930946511e-01
6.993137631241140850e-01
1.093001727434507186e-01
0.000000000000000000e+00
8.170260501059455061e-02
8.772257211725371928e-02
9.079613298178622338e-02
9.296939619520265541e-02
7.792207792207793415e-02
8.542937020266508363e-02
4.855724756279797827e-01
1.489361702127660614e-01
6.087088042848706193e-01
5.598720292504572038e-02
1.378539493293591822e-01
4.583423593858297895e-01
8.299180327868854734e-02
1.923809523809524302e-01
6.631444707597011767e-02
9.091539288066269320e-02
7.375975946850302223e-02
1.396090945353012369e-02
2.558803795648423862e-01
5.234008003247694885e-02
3.293352601156069315e-01
3.757115458381282691e-02
1.209876543209876254e-01
1.982970361879810017e-01
7.663497551138001573e-02
3.075402562309759169e-03
0.000000000000000000e+00
7.580645161290323619e-01
7.061994609164420345e-01
7.474747474747475140e-01
5.333333333333333259e-01
1.000000000000000000e+00
7.343792104056269254e-01
9.430894308943089666e-01
0.000000000000000000e+00
0.000000000000000000e+00
0.000000000000000000e+00
0.000000000000000000e+00
0.000000000000000000e+00
0.000000000000000000e+00
0.000000000000000000e+00
0.000000000000000000e+00
0.000000000000000000e+00
3.339483394833948071e-01
0.000000000000000000e+00
0.000000000000000000e+00
0.000000000000000000e+00
0.000000000000000000e+00
0.000000000000000000e+00
0.000000000000000000e+00
0.000000000000000000e+00
0.000000000000000000e+00
0.000000000000000000e+00
0.000000000000000000e+00
7.222195137469500370e-02
8.640080331088795251e-02
1.127729900543209540e-01
1.256633346311861743e-01
3.274231147816313303e-01
9.068208299137325845e-02
6.549342043884653908e-01
2.740969339332042787e-01
3.332925226642527994e-01
1.991925702088144234e-01
1.787989821850344274e-01
1.259063215535051183e-01
3.819853646945590153e-01
1.341206652782095388e-01
2.062475121562111768e-01
2.724880597117189662e-01
5.279880216382326630e-01
7.707060844811747247e-02
6.143666900964619426e-01
1.565952202940206206e-01
6.171879351542916003e-01
2.683750332837699926e-01
2.511035983259866100e-01
2.240463362272637760e-01
4.806776037053690498e-01
4.678587539916145843e-02
0.000000000000000000e+00
4.743319184038735647e-02
5.645576706829597002e-02
7.361443911134965545e-02
7.997099458231926583e-02
2.203454950016695002e-01
5.936663387868729158e-02
5.736367389060784694e-01
1.706995729351814539e-01
2.442239439698694337e-01
1.532069305859805053e-01
1.222794672326494858e-01
8.586759235480528885e-02
3.106892102402501465e-01
9.081957387363648326e-02
1.340469427806696701e-01
2.139174533784494181e-01
4.664996116021264960e-01
3.863473949763483739e-02
5.372264547086420539e-01
1.074180481104861640e-01
5.341724491972494882e-01
2.066087476789805755e-01
2.078828938307166752e-01
1.819389637338828525e-01
3.880425433013295344e-01
3.114950831701712719e-02
0.000000000000000000e+00
6.259365994236312236e-01
6.645330229851615922e-01
6.639815880322209596e-01
7.142857142857141906e-01
6.250000000000000000e-01
6.522440248168986932e-01
8.859278331391322592e-01
4.720450481705851797e-01
4.286435658428070505e-01
2.779869907565900577e-01
3.155436686495378673e-01
8.247911139373785838e-01
5.330812854442343873e-01
2.947764774188882941e-01
1.207864514175227694e-01
3.372473347021811563e-01
7.163947737506457525e-01
1.314458753258035129e-01
7.484064491938506869e-01
3.796667327436363815e-01
6.447250527195339531e-01
3.137615933103418131e-01
6.082664134314839099e-01
5.345888830244056589e-01
7.253026321706211865e-01
1.206044815007816240e-01
0.000000000000000000e+00
