9.476940757657226211e-01
9.265401411796325704e-01
9.137156003198982912e-01
9.209747672609112090e-01
1.185825589803956026e-01
9.311317044258815567e-01
5.940565402630160197e-02
9.341610911949724261e-02
2.790606767059915505e-01
4.924630159340611657e-01
9.999999999999998890e-01
2.459845936644555753e-02
1.960247255185426640e-01
8.862967670415182742e-01
9.999999999999998890e-01
1.873375786927158337e-01
9.110612178934296423e-02
8.618234986107121687e-01
6.015953074995750161e-02
5.091594232982423751e-01
1.989576447182284102e-02
8.650476871532425394e-01
2.368697948393898578e-01
7.002912839284869406e-02
2.787199678476492970e-01
6.547907032706409280e-01
0.000000000000000000e+00
1.431509410444971042e-01
1.473680118186766475e-01
1.526805467163681596e-01
1.480562448304383882e-01
5.454545454545454974e-02
1.481779439371631590e-01
1.614384433533370133e-01
5.180388529139690057e-02
1.643713591647443795e-01
9.305256947207041218e-02
2.047421374797720461e-01
8.216956586938811702e-02
4.324477105709442770e-02
5.207956600361663968e-01
3.426246432258455155e-01
2.375369390323379126e-01
1.055747005781057235e-01
4.320893155897692628e-01
2.041791185176290990e-01
1.173536746369370776e-01
9.701348747591520549e-02
3.032454428711996997e-01
5.106239003924751829e-01
6.931846550719822364e-02
1.164453524004085694e-01
7.476927958818496700e-02
0.000000000000000000e+00
8.548387096774194838e-01
9.407008086253368928e-01
7.171717171717172379e-01
7.333333333333332815e-01
1.000000000000000000e+00
8.601730789657090481e-01
0.000000000000000000e+00
0.000000000000000000e+00
0.000000000000000000e+00
0.000000000000000000e+00
0.000000000000000000e+00
0.000000000000000000e+00
0.000000000000000000e+00
0.000000000000000000e+00
0.000000000000000000e+00
0.000000000000000000e+00
3.126079447322970273e-01
0.000000000000000000e+00
0.000000000000000000e+00
0.000000000000000000e+00
0.000000000000000000e+00
0.000000000000000000e+00
0.000000000000000000e+00
0.000000000000000000e+00
0.000000000000000000e+00
0.000000000000000000e+00
0.000000000000000000e+00
6.459848050125802654e-01
6.205164384597497973e-01
6.325891779146359806e-01
5.588597586931979277e-01
5.057146859887762247e-02
6.329684813659105513e-01
1.177733228273607491e-01
1.642758171253649313e-01
1.959441115250294407e-01
3.819103053166950090e-01
6.360253907299554532e-01
6.221579834469437298e-02
6.810694260145133683e-02
6.700006384260235315e-01
6.351699013037338526e-01
8.945139071562313582e-02
2.753963673746266938e-01
5.967620498436987386e-01
3.153157284029046714e-01
3.584114525413206742e-01
1.858665190093086172e-01
6.889693065310964482e-01
6.352567484866877834e-01
1.107201241744140141e-01
2.345174494340787064e-01
3.838359997927053291e-01
0.000000000000000000e+00
5.613818194937958417e-01
5.311863811356057896e-01
5.416270807585464864e-01
4.563333737517032973e-01
2.722531815358730789e-02
5.447403960975445436e-01
8.039631461367052756e-02
9.293086489352186952e-02
1.327928429166162216e-01
3.138594038884758297e-01
5.469147745329624444e-01
4.098929981158178082e-02
4.893888600223383900e-02
5.875613783218047725e-01
5.329707298128862902e-01
6.538658552646120503e-02
2.261612601934630540e-01
4.667325071875258469e-01
2.450222968840023441e-01
2.727890374305646515e-01
1.326982096761358254e-01
6.215593604367699587e-01
5.820025669789103961e-01
8.687225742458293265e-02
1.678989407005118117e-01
3.009134488319971101e-01
0.000000000000000000e+00
9.123919308357348879e-01
9.205702647657842963e-01
8.504027617951669393e-01
8.571428571428572063e-01
1.250000000000000000e-01
8.912987442315022379e-01
5.530773413136685912e-02
1.212592784291411652e-01
3.105054486394929203e-01
5.234552248765512728e-01
1.000000000000000000e+00
1.472670631549133358e-02
2.132401136115359419e-01
8.979859453534850822e-01
9.999999999999998890e-01
2.462292554506710918e-01
6.686351221672703904e-02
8.975724285316311057e-01
4.181184668989545994e-02
5.288591325858407188e-01
3.653900951010480291e-03
8.777319351117000013e-01
2.216398025597343668e-01
7.260110174234357672e-02
2.790362936126531412e-01
6.789521314598714330e-01
0.000000000000000000e+00
