2.611541374075838640e-01
2.603157684619061829e-01
4.002284132573510345e-01
3.242712381865977544e-01
1.720961255794978273e-01
2.940660570671460583e-01
6.419896018321775699e-01
3.490238828935200432e-01
9.106084206972246964e-01
8.207685489438786286e-01
1.831915638847065875e-01
7.418333754285716397e-01
5.296956918732961261e-01
1.952429604293762222e-01
1.563647019094727142e-02
8.748479416112875384e-02
2.112515880579330929e-01
1.206909349651379693e-01
5.281982478734625897e-01
3.346499349236012888e-01
5.010353548239065979e-01
5.175222786953684873e-01
8.918837566055968225e-01
8.729835264239402814e-01
4.196334080097784414e-01
2.859809183052850479e-01
0.000000000000000000e+00
1.071918235074162395e-02
1.218412254101547409e-02
1.903203321514077007e-02
2.233250620347394799e-02
1.038961038961039307e-02
1.596067368245081275e-02
3.544870444491258210e-01
4.139920663541292178e-01
2.961900069647483980e-01
3.663534713660133169e-01
5.495529061102832902e-02
5.011961733992656987e-01
1.046658259773013966e-01
1.451612903225807383e-01
4.692425787247000990e-02
2.158595082600623383e-01
1.127860872296156669e-01
1.926605504587155515e-01
1.071355750546779118e-01
9.046012419930565818e-02
1.622939855730187175e-01
2.180144366565540670e-01
2.285322359396433356e-01
2.662978383619460931e-01
1.877001574119307181e-01
7.723139317512117685e-02
0.000000000000000000e+00
9.677419354838711074e-01
9.353099730458221961e-01
1.000000000000000000e+00
7.500000000000000000e-01
1.000000000000000000e+00
9.999999999999998890e-01
0.000000000000000000e+00
0.000000000000000000e+00
0.000000000000000000e+00
0.000000000000000000e+00
0.000000000000000000e+00
0.000000000000000000e+00
0.000000000000000000e+00
0.000000000000000000e+00
0.000000000000000000e+00
0.000000000000000000e+00
3.686354378818736954e-01
0.000000000000000000e+00
0.000000000000000000e+00
0.000000000000000000e+00
0.000000000000000000e+00
0.000000000000000000e+00
0.000000000000000000e+00
0.000000000000000000e+00
0.000000000000000000e+00
0.000000000000000000e+00
0.000000000000000000e+00
1.445792802563961033e-02
2.074400948763799324e-02
1.008757162202842395e-01
6.271643036829299689e-02
1.063521265348835732e-01
4.467708967933814446e-02
5.366895585776292332e-01
5.253363012108833718e-01
8.592320613248415340e-01
9.782904404105738916e-01
1.043072802515261355e-01
1.894063465459482343e-01
4.625025391674075781e-01
1.512442663721510483e-01
0.000000000000000000e+00
4.620025664945823785e-01
3.539359281880991581e-01
9.485421403631472126e-02
3.827299231227776488e-01
2.712475799951310496e-01
4.577348092892999931e-01
6.002933506823371346e-01
7.088096240919927737e-01
6.847029666643114076e-01
3.275733477315452280e-01
1.872038133799168724e-01
0.000000000000000000e+00
9.186567617919860762e-03
1.303780918736435757e-02
6.537859603642307005e-02
3.827039336245222079e-02
6.013956521439633995e-02
2.846808018658048001e-02
4.472411423148534571e-01
3.957526904081637986e-01
8.107503601091688994e-01
9.721677848911920439e-01
6.834414297964985785e-02
1.335500038850765958e-01
3.874248044427452409e-01
1.033804405021265804e-01
0.000000000000000000e+00
3.885652650173677114e-01
2.975180935098006296e-01
4.846098476784689579e-02
3.058086610275435602e-01
1.976446887967504007e-01
3.705217065769368379e-01
5.248144159030792011e-01
6.613719066151964032e-01
6.324144162916717216e-01
2.458327278006854910e-01
1.338547281440016223e-01
0.000000000000000000e+00
4.587896253602306018e-01
4.861798079720687227e-01
6.041426927502876465e-01
5.324675324675325339e-01
1.250000000000000000e-01
5.055932730907347628e-01
6.523204589721327551e-01
3.093772517413466705e-01
9.369684019254803653e-01
8.065272890115050552e-01
1.873835980708370430e-01
7.650219456580505950e-01
5.516906367289999835e-01
2.112405033355340689e-01
3.518720081218683349e-02
6.579157828705328726e-02
1.810295307371909690e-01
1.358076798991354750e-01
5.440403665710766834e-01
3.314923769967513811e-01
5.094583432948072144e-01
4.907949342153262728e-01
9.078823730440668260e-01
8.953700751663959956e-01
4.658405214071273948e-01
3.078856394587515810e-01
0.000000000000000000e+00
