5.487526627736731832e-01
5.575324627074920159e-01
6.170716614135267619e-01
6.576064585597636292e-01
4.301544198213809178e-01
5.724134188246559063e-01
6.276125669911207794e-01
2.884705632392676744e-01
3.308228976393506882e-01
4.157579854319052304e-01
2.402483373092446639e-01
6.440636846659418824e-01
7.239275038298954579e-01
3.624633390497537522e-01
2.256457035253862375e-01
1.458570136851469190e-01
4.493106683028147419e-01
2.705104363077344143e-01
6.210043641183489171e-01
5.317369241459261042e-01
4.826164975747045394e-01
6.799717387023688220e-01
7.090134973744171010e-01
5.465324850841246640e-01
6.172477045974164023e-01
3.956190582532436162e-01
0.000000000000000000e+00
7.252586314346255725e-02
7.315138791695825760e-02
7.918901718338032525e-02
8.591122139509237143e-02
2.857142857142856707e-02
7.756703086066027431e-02
2.359147944254327278e-01
8.050603795284660968e-03
1.430390106392652738e-01
1.131096302411983556e-01
1.038160894582563776e-01
4.789369364009834484e-01
1.682959843585501991e-01
3.942857142857144614e-01
4.635103540414161616e-01
4.707694566951153847e-02
1.632081026969733062e-01
1.070336391437308743e-01
2.808816285402350732e-01
1.923415306017195459e-01
3.757996146435452212e-01
4.731578577718711376e-01
1.266811909949164816e-01
2.106956459569599982e-01
6.099518459069019904e-02
1.109406247844975657e-01
0.000000000000000000e+00
8.010752688172043667e-01
8.760107816711589779e-01
5.959595959595960224e-01
6.833333333333333481e-01
1.000000000000000000e+00
8.023110260144874495e-01
0.000000000000000000e+00
0.000000000000000000e+00
0.000000000000000000e+00
0.000000000000000000e+00
0.000000000000000000e+00
0.000000000000000000e+00
0.000000000000000000e+00
0.000000000000000000e+00
0.000000000000000000e+00
0.000000000000000000e+00
4.040178571428570953e-01
0.000000000000000000e+00
0.000000000000000000e+00
0.000000000000000000e+00
0.000000000000000000e+00
0.000000000000000000e+00
0.000000000000000000e+00
0.000000000000000000e+00
0.000000000000000000e+00
0.000000000000000000e+00
0.000000000000000000e+00
2.359866631265121750e-01
2.431706870314834790e-01
2.829718492754715875e-01
2.824174177976463973e-01
2.384839278531634132e-01
2.566245194442083877e-01
4.076139551848112497e-01
1.768280756648158980e-01
2.352524123561756664e-01
3.337695315741109336e-01
1.634455174924873688e-01
1.281903508510487955e-01
3.881235500336015498e-01
2.600046152394130949e-01
2.966640542336825837e-01
1.585419491917867685e-01
3.808084554140624967e-01
1.610740840522251749e-01
4.226401740818732655e-01
5.380440210073722529e-01
4.916619383036003876e-01
9.413636425470881530e-01
2.771190339420637194e-01
2.584524841070012791e-01
3.328428518610004883e-01
4.075402070447541325e-01
0.000000000000000000e+00
1.692860413437863865e-01
1.733537936957887937e-01
2.035634938183533971e-01
1.981383941724373376e-01
1.501788606922041525e-01
1.841762876940863380e-01
3.207516631500910709e-01
1.011851328092930324e-01
1.631390364594193232e-01
2.696644906528536390e-01
1.108133627762347140e-01
8.753181107337021372e-02
3.164012257013348317e-01
1.882655295619754532e-01
2.046414445015707073e-01
1.191262911751838627e-01
3.226319308209032455e-01
8.805628790142859541e-02
3.431897724935817351e-01
4.454959450836951107e-01
4.038456074255153405e-01
9.239998231040453813e-01
2.310774445424239598e-01
2.120325838550501940e-01
2.504381813464547357e-01
3.228837726327116187e-01
0.000000000000000000e+00
6.634005763688761714e-01
6.796624963631074934e-01
7.261219792865362122e-01
7.316017316017315864e-01
3.750000000000000000e-01
6.920917528045712475e-01
6.523204589721327551e-01
3.458004422644984643e-01
3.383987404513382202e-01
4.242650142105016675e-01
2.271693112671184789e-01
6.497888927082050570e-01
7.724449463579896591e-01
3.725686369019777788e-01
2.285957018754291581e-01
2.167850857417130683e-01
4.637992831541219996e-01
2.785537545544531923e-01
6.330196749358427688e-01
5.197941437444544288e-01
4.756230470607714089e-01
6.347987956722499492e-01
7.430640058408368720e-01
5.801211877047527388e-01
6.945960058189274422e-01
3.666287339971551207e-01
0.000000000000000000e+00
