2.701391968747322014e-01
2.761329829363388111e-01
2.757756219921483343e-01
3.090628392080125852e-01
3.205818639498329015e-01
2.672828244984941648e-01
2.702202698333631692e-01
6.257947578637060859e-01
2.472254456729099381e-01
4.160410249547920047e-01
4.625889605032572627e-01
4.461151336292014102e-01
3.818464939758895449e-01
6.437707337816860331e-01
5.200677019773676246e-01
4.619660381986701037e-01
3.635634268913743306e-01
5.095432972749689426e-01
4.345254840339345392e-01
5.290554666092893710e-01
3.146411566456263631e-01
9.597522999358855111e-01
3.038559047553130998e-01
1.113895983187207506e-01
7.532811405256015780e-01
2.318620918553433441e-01
0.000000000000000000e+00
1.369500186962482879e-02
1.793017650260478324e-02
1.360729763311817331e-02
2.304935208161014437e-02
1.818181818181817400e-02
1.650997664663340914e-02
6.762562201391989491e-01
2.316784869976359351e-01
2.396209067119315361e-01
2.492061964783988670e-01
1.645954521417239413e-01
6.472841069762277355e-01
2.950819672131147486e-01
7.246753246753246946e-01
1.967080227871472742e-01
9.251558605428855664e-02
1.542515604757979386e-01
3.135456017269292461e-01
1.054258646580094050e-01
1.194929343308395731e-01
4.377520873474630148e-01
2.198312236286920074e-01
7.259259259259259744e-02
9.811349344647324333e-02
9.822229255683914695e-02
2.092081423851645527e-01
0.000000000000000000e+00
5.645161290322581182e-01
5.687331536388140485e-01
4.646464646464647519e-01
4.166666666666666297e-01
1.000000000000000000e+00
4.966280022283067197e-01
0.000000000000000000e+00
0.000000000000000000e+00
0.000000000000000000e+00
0.000000000000000000e+00
0.000000000000000000e+00
0.000000000000000000e+00
0.000000000000000000e+00
0.000000000000000000e+00
0.000000000000000000e+00
0.000000000000000000e+00
4.865591397849462485e-01
0.000000000000000000e+00
0.000000000000000000e+00
0.000000000000000000e+00
0.000000000000000000e+00
0.000000000000000000e+00
0.000000000000000000e+00
0.000000000000000000e+00
0.000000000000000000e+00
0.000000000000000000e+00
0.000000000000000000e+00
1.043979346336892933e-01
1.163860113290939857e-01
1.170532066001422900e-01
1.346447507098924579e-01
1.753646252736464906e-01
1.141271905733242109e-01
3.777641142775647332e-01
4.761883676620583539e-01
3.067053926023565191e-01
4.717349157239059121e-01
3.822978980226373613e-01
2.454651833629107882e-01
5.263511162330380966e-01
6.287843597723112854e-01
5.356166798009099894e-01
3.874756261811189706e-01
6.110202196317295886e-01
4.157241491790104049e-01
3.755239790119790921e-01
4.242127103439532476e-01
4.447677549224534621e-01
8.686295624380491187e-01
2.855176065851303679e-01
3.235336602964187236e-01
6.121670036161355188e-01
3.406107798077365745e-01
0.000000000000000000e+00
6.980810073448645570e-02
7.737252863788340873e-02
7.660450256879189346e-02
8.618959558584921021e-02
1.050490736742205333e-01
7.573155092370220665e-02
2.932064115339398924e-01
3.465658158286200607e-01
2.214733571858290284e-01
3.998941535491419841e-01
2.913976864109059095e-01
1.780831744778943460e-01
4.510584479095039456e-01
5.417534014749569860e-01
4.259189829051150955e-01
3.173527240447440723e-01
5.523795687498460616e-01
2.844731466687475119e-01
2.991699076423718351e-01
3.332643774874475828e-01
3.579988645261481528e-01
8.327329795341205099e-01
2.386317789036728199e-01
2.705245920811626403e-01
5.240622944726505139e-01
2.618643523299516440e-01
0.000000000000000000e+00
4.512968299711814790e-01
4.858888565609544852e-01
4.683544303797467778e-01
4.805194805194805685e-01
2.500000000000000000e-01
4.653555929080513964e-01
2.737783211397335492e-01
6.758826826078834227e-01
2.324070433900971011e-01
3.864887185338820030e-01
4.351688941596598692e-01
4.597821481652516473e-01
4.012656744404077269e-01
6.330689909277471550e-01
5.235886995425526047e-01
5.177609684379400612e-01
2.907310829395823859e-01
5.325707047676760952e-01
4.560439560439559781e-01
5.393242869011355412e-01
2.968172938643236503e-01
9.449684320535397530e-01
3.223286142278092292e-01
1.337119674646407574e-01
7.546806719464828062e-01
2.124763157894736798e-01
0.000000000000000000e+00
