4.281428402621327844e-01
4.264494452655804846e-01
4.360654398203140936e-01
4.616420445010751550e-01
4.216948711318786458e-01
4.245633346198605107e-01
5.310379333693189263e-01
1.034723374461134215e-01
4.011265402881893927e-01
3.836641735786960883e-02
4.939865351740856392e-01
4.633502649540254259e-01
7.860440075217428602e-01
5.012291013327572209e-01
4.116828828661688311e-01
3.025915317787744030e-01
7.813040213982209714e-01
3.686805673353601431e-01
3.948091543835242634e-01
8.009012505934612891e-01
2.524295046383467356e-01
4.407225623150333726e-01
7.885236599859593021e-01
4.726173580216226355e-01
4.489617876523189777e-01
4.851651218107263519e-01
0.000000000000000000e+00
1.029540072292160074e-01
1.046730425316849539e-01
1.121617116707579603e-01
1.047697821891370312e-01
7.012987012987013935e-02
1.067935912898610729e-01
1.991665948832802568e-01
0.000000000000000000e+00
4.212677919042728814e-01
1.083667198257419750e-01
1.269819940876108499e-01
2.415674258898889981e-01
1.732002851033499491e-01
3.814889336016097365e-01
2.530105255556157617e-01
1.221616769762942090e-01
2.075643117923179626e-01
1.681957186544342231e-01
1.322146409313916804e-01
1.039068994181213679e-01
2.384267403870318769e-01
2.636332109021548575e-01
1.335252350796392040e-01
3.026430946963066804e-01
1.040046096225871464e-01
1.826211747584589595e-01
0.000000000000000000e+00
8.494623655913979832e-01
8.840970350404312450e-01
7.373737373737374590e-01
6.166666666666665853e-01
1.000000000000000000e+00
8.358279749765121780e-01
0.000000000000000000e+00
0.000000000000000000e+00
0.000000000000000000e+00
0.000000000000000000e+00
0.000000000000000000e+00
0.000000000000000000e+00
0.000000000000000000e+00
0.000000000000000000e+00
0.000000000000000000e+00
0.000000000000000000e+00
4.801061007957559412e-01
0.000000000000000000e+00
0.000000000000000000e+00
0.000000000000000000e+00
0.000000000000000000e+00
0.000000000000000000e+00
0.000000000000000000e+00
0.000000000000000000e+00
0.000000000000000000e+00
0.000000000000000000e+00
0.000000000000000000e+00
1.096149862241447837e-01
1.155820194263692535e-01
1.388745064616359048e-01
1.302201583695388187e-01
2.315149565388029407e-01
1.203789503506214054e-01
3.410348132382028385e-01
8.922374853747977452e-02
4.423433587810384759e-01
1.366203292212941900e-01
2.956194128919308328e-01
7.602475758657167848e-02
5.281810660951684611e-01
3.835416477900641663e-01
4.037049652306164971e-01
3.065161175120911796e-01
6.874969779207265042e-01
2.077236699401261988e-01
2.110976627905578606e-01
6.361368363156458816e-01
3.338614754588645761e-01
5.342670711676531514e-01
4.366846836871753901e-01
1.653566894648392793e-01
4.291482296431208265e-01
2.997899629441546088e-01
0.000000000000000000e+00
7.350816475802413041e-02
7.680278820595515255e-02
9.207128596802391374e-02
8.311768784708561952e-02
1.450058338139493808e-01
8.016584843957191842e-02
2.601925231678882122e-01
4.699396948518325123e-02
3.434675575712713425e-01
1.026156918096920445e-01
2.154655913639174636e-01
5.046891830684374636e-02
4.529185356510626037e-01
2.953835846675305632e-01
2.975373436221306900e-01
2.437129127497573156e-01
6.344890060120920161e-01
1.187949363544010956e-01
1.568744275255266052e-01
5.499506571210723838e-01
2.557190424492621350e-01
4.559933087932790952e-01
3.801471732557177852e-01
1.319289357608877111e-01
3.382375034856672236e-01
2.261902621498638188e-01
0.000000000000000000e+00
6.357348703170029314e-01
6.598778004073320158e-01
6.524741081703108181e-01
6.709956709956710341e-01
3.750000000000000000e-01
6.461098388696390193e-01
5.415897206840194489e-01
0.000000000000000000e+00
4.220527248363065143e-01
4.450820766048302346e-02
4.882060218453578848e-01
4.774784417878096265e-01
7.868852459016393297e-01
5.012303822402415232e-01
4.099757294599700175e-01
3.239618634823209220e-01
7.908823037430678937e-01
3.888632597463060891e-01
4.229217110573043614e-01
8.121400338791645579e-01
2.400351517333307871e-01
4.088159205439260147e-01
8.324700279322927443e-01
5.010776420774547546e-01
4.271333390713355493e-01
5.021787025703794427e-01
0.000000000000000000e+00
