3.572460372012515872e-01
3.570724775901559234e-01
3.628288992467152418e-01
4.354664863802639729e-01
6.888407256322668371e-01
3.635472500982672717e-01
4.961927044623273830e-01
6.683708814391035036e-01
2.411830330117282761e-01
2.908785991882426591e-01
3.293810042114250214e-01
5.186605855210767446e-01
8.181675434523062451e-01
4.054717941026919070e-01
3.186441649460648451e-01
3.335043421979178024e-01
8.251523085718561745e-01
3.418051266127681842e-01
4.329169733271216458e-01
7.326745863479046106e-01
5.015070479656176250e-01
5.733165450046590061e-01
5.059949307803699448e-01
4.233868546997507920e-01
8.059491725506299220e-01
3.635570593164698661e-01
0.000000000000000000e+00
1.319643524866009887e-02
1.731591633621025472e-02
1.624390096069340539e-02
3.126550868486352441e-02
3.116883116883116533e-02
1.853747169259652161e-02
3.690254930788648968e-01
2.580295432985499904e-01
1.469104368531485294e-01
7.678244972577696892e-02
2.087189317821258605e-01
3.111986811235645245e-01
1.889559965487489501e-01
3.671641791044777392e-01
1.768385255359202768e-01
1.146299673907035799e-01
1.364806433702912269e-01
3.968887116074989452e-01
1.933399503957959342e-01
1.477470706794656863e-01
2.990324202060819503e-01
4.305785123966942018e-01
7.432098765432098020e-01
1.912733556539583102e-01
6.852545429324455317e-02
1.318082443522068381e-01
0.000000000000000000e+00
3.440860215053763715e-01
3.854447439353100302e-01
4.242424242424243097e-01
2.833333333333333259e-01
1.000000000000000000e+00
3.522804003141161711e-01
0.000000000000000000e+00
0.000000000000000000e+00
0.000000000000000000e+00
0.000000000000000000e+00
0.000000000000000000e+00
0.000000000000000000e+00
0.000000000000000000e+00
0.000000000000000000e+00
0.000000000000000000e+00
0.000000000000000000e+00
6.073825503355704258e-01
0.000000000000000000e+00
0.000000000000000000e+00
0.000000000000000000e+00
0.000000000000000000e+00
0.000000000000000000e+00
0.000000000000000000e+00
0.000000000000000000e+00
0.000000000000000000e+00
0.000000000000000000e+00
0.000000000000000000e+00
5.981170998936458094e-02
6.508897889885412180e-02
7.890903380238556419e-02
1.025137863453340348e-01
3.678084429891373963e-01
7.301620773894001992e-02
2.788510525149150432e-01
5.745555751597497540e-01
2.675985607360725771e-01
3.544542587043231219e-01
2.240737885932370110e-01
7.920518283436805973e-02
6.322543991305309419e-01
2.751105534388151863e-01
2.902791516014716633e-01
3.231014225894204284e-01
6.259962871707034360e-01
2.175844553517367053e-01
3.436786586560303114e-01
5.986812894264883500e-01
5.839624991168491652e-01
6.264498454524884963e-01
3.301061595583831831e-01
2.113653485123769826e-01
4.995806665970112803e-01
3.110969452128390378e-01
0.000000000000000000e+00
3.900791622103771950e-02
4.200402074750053671e-02
5.046337405182263480e-02
6.425191652524836483e-02
2.547461416424354752e-01
4.731149098277492859e-02
2.065116889253331700e-01
4.475269709205282331e-01
1.890394446853968791e-01
2.884900706062794584e-01
1.571477090892775541e-01
5.267188472251316256e-02
5.620345377029121181e-01
2.007530505406005528e-01
1.994196788213832561e-01
2.584832622731077501e-01
5.682314113147475254e-01
1.255935749846427418e-01
2.702360913788520724e-01
5.092202199690347708e-01
4.985987447614592671e-01
5.528365799701489003e-01
2.792812313235656374e-01
1.709920574004528682e-01
4.068071214817400860e-01
2.359546449311799021e-01
0.000000000000000000e+00
5.665706051873198312e-01
5.941227814954903597e-01
5.880322209436134040e-01
6.363636363636364646e-01
6.250000000000000000e-01
5.808345688458363965e-01
5.106168737791394463e-01
6.536008359285027103e-01
2.540635704829883323e-01
3.287185255689192287e-01
2.973493132709297271e-01
5.280890212046392973e-01
8.167648594227756575e-01
4.014804887956056612e-01
3.163659689508360739e-01
3.910461690438813420e-01
7.971376101291716143e-01
3.664044725059398822e-01
4.699915469146238589e-01
7.423748166668308057e-01
4.791750326026646967e-01
5.387773127347356139e-01
5.113974535033443125e-01
4.448939791060435578e-01
8.458028622952077358e-01
3.424099722991689188e-01
0.000000000000000000e+00
