4.165740813722187408e-01
4.024868722146432987e-01
4.206959127247951180e-01
4.208775370905495361e-01
4.927531058981013956e-01
4.124370552056613182e-01
2.490678725457963760e-01
2.580119277654142618e-01
3.695384081195909332e-01
5.089772127856394546e-01
5.758290136423055428e-01
3.242268182345354743e-01
9.260359713672777771e-01
6.942806268505707923e-01
5.237434585321285585e-01
1.624017468688698784e-01
8.144142695425198308e-01
4.662832076579739304e-01
2.112594142784135487e-01
7.526522204820057516e-01
1.850631282609767614e-01
4.786216263698978013e-01
6.160710332271979173e-01
4.286576204831973325e-01
1.583724867849551909e-01
7.253334135610650657e-01
0.000000000000000000e+00
3.804686526237067989e-02
4.341808568540549140e-02
5.248962026850927109e-02
4.852495175075820233e-02
5.194805194805195148e-02
4.195975342355370841e-02
5.717155185240296866e-02
1.202945990180033231e-01
2.998600998104188342e-01
9.754751474595568794e-02
1.375236757886487138e-01
1.935884822759443846e-01
1.159250585480093854e-01
7.087912087912088266e-01
3.619020987711857318e-01
7.344257651006119714e-02
3.781651160051819893e-01
2.369503321733629209e-01
5.987811112176111283e-02
1.692198076237976245e-01
2.518946692357096340e-01
7.553793072458049318e-01
2.296296296296296280e-01
2.961082910321488626e-01
1.879725814430077691e-02
2.129738178976162133e-01
0.000000000000000000e+00
5.107526881720431122e-01
4.824797843665767916e-01
3.737373737373738125e-01
2.833333333333333259e-01
1.000000000000000000e+00
4.276859469699231253e-01
0.000000000000000000e+00
0.000000000000000000e+00
0.000000000000000000e+00
0.000000000000000000e+00
0.000000000000000000e+00
0.000000000000000000e+00
0.000000000000000000e+00
0.000000000000000000e+00
0.000000000000000000e+00
0.000000000000000000e+00
4.958904109589041265e-01
0.000000000000000000e+00
0.000000000000000000e+00
0.000000000000000000e+00
0.000000000000000000e+00
0.000000000000000000e+00
0.000000000000000000e+00
0.000000000000000000e+00
0.000000000000000000e+00
0.000000000000000000e+00
0.000000000000000000e+00
1.033949218831947681e-01
1.040110539028211711e-01
1.311285949889585689e-01
1.205013371659892085e-01
2.757151476000658796e-01
1.154228281959699398e-01
1.653212950834996864e-01
2.752757772538654835e-01
4.011199183718009431e-01
6.209098678133890825e-01
4.608388487793809718e-01
9.838336169861705560e-02
6.763977734177097911e-01
6.569013079436916147e-01
5.726196499177770294e-01
2.300484937043361100e-01
6.679471583666618528e-01
3.333077615093533175e-01
1.528459677259799143e-01
7.585808770580746430e-01
2.260241399547803232e-01
6.129766946526480353e-01
3.819036045393460199e-01
2.734658375122485108e-01
1.366563961143438810e-01
5.662050607203822361e-01
0.000000000000000000e+00
6.909904693662832775e-02
6.865746542401712782e-02
8.653836885243645916e-02
7.642726495470042458e-02
1.786155422926487546e-01
7.664809236641739743e-02
1.156820058986332000e-01
1.716023583296255040e-01
3.048306863353834606e-01
5.530532758155732864e-01
3.651962033734753588e-01
6.611192166682627880e-02
6.102927760054317474e-01
5.728653880997873760e-01
4.646883017351223222e-01
1.777155836768031238e-01
6.132247149164411493e-01
2.132334056068638795e-01
1.106864992278380755e-01
6.903905850305971370e-01
1.645576645253271075e-01
5.383486715601513151e-01
3.276501833381615381e-01
2.253438420176756551e-01
9.287414490830986358e-02
4.800880678051401285e-01
0.000000000000000000e+00
6.253602305475505219e-01
6.348559790514984869e-01
6.340621403912544141e-01
6.320346320346319491e-01
5.000000000000000000e-01
6.351451154878088312e-01
2.789479891496638997e-01
2.667160361860705931e-01
3.831027215247869711e-01
5.288023207625359712e-01
5.468914611263082648e-01
3.505522514868307793e-01
9.519450800915330024e-01
6.709090396319139504e-01
5.035067513156169516e-01
1.785672687024741911e-01
8.125797166607209299e-01
4.745131833558169365e-01
2.422561257512713118e-01
7.473669223513500492e-01
1.959448707300316395e-01
4.493268363558592382e-01
6.523737584777087317e-01
4.555842221837926864e-01
1.722910205872392186e-01
7.032532673966795933e-01
0.000000000000000000e+00
