4.952295547131788656e-01
5.209457240502890496e-01
5.677599734269678233e-01
6.817472376624647001e-01
2.796669745276190167e-01
5.252852689077855963e-01
8.961027340779716965e-01
3.727088023356998070e-01
4.333997567989602562e-01
2.616827076378104300e-01
4.917409571922770617e-02
9.276245732469904359e-01
7.679405133262263705e-01
8.036763093354898357e-02
6.722651762741205239e-02
2.745476262085730923e-01
1.347630131466193149e-01
4.990996176568709974e-02
8.709266926014749277e-01
3.305363772992200300e-01
8.073973043666358151e-01
4.126455919620198864e-01
7.273370336782862822e-01
7.288170878734652192e-01
8.062342842668891452e-01
1.169023365989263485e-01
0.000000000000000000e+00
4.512339523868877378e-01
4.603530052095483605e-01
4.664060369124466421e-01
4.725668596636338759e-01
2.753246753246753609e-01
4.588412019852660673e-01
6.261451925428448417e-01
4.468085106382979621e-01
2.824103543390622528e-01
1.630236070264685089e-01
4.879182156133826664e-02
4.743865623844446544e-01
1.899710703953713109e-01
3.733990147783252667e-01
4.635103540414161616e-01
4.450644744967958144e-01
1.496442856706665381e-01
4.666244859221764241e-01
3.581424326655804347e-01
3.054862842892768771e-01
5.151926782273601457e-01
6.011313991262462464e-01
3.629629629629629317e-01
3.133364097831102812e-01
2.717058222676199675e-01
2.826388148779707676e-01
0.000000000000000000e+00
5.322580645161291146e-01
5.822102425876011234e-01
5.050505050505050830e-01
4.000000000000000222e-01
1.000000000000000000e+00
5.207526321264945857e-01
0.000000000000000000e+00
0.000000000000000000e+00
0.000000000000000000e+00
0.000000000000000000e+00
0.000000000000000000e+00
0.000000000000000000e+00
0.000000000000000000e+00
0.000000000000000000e+00
0.000000000000000000e+00
0.000000000000000000e+00
2.882165605095541316e-01
0.000000000000000000e+00
0.000000000000000000e+00
0.000000000000000000e+00
0.000000000000000000e+00
0.000000000000000000e+00
0.000000000000000000e+00
0.000000000000000000e+00
0.000000000000000000e+00
0.000000000000000000e+00
0.000000000000000000e+00
4.686067377436888837e-01
4.831165389891837192e-01
5.119538620669374929e-01
5.276703422016663092e-01
2.346436360573147528e-01
4.878645094547430228e-01
5.929188450206535066e-01
2.778710491890707401e-01
2.711402783408266570e-01
3.196179004390287126e-01
2.727049965545358390e-02
1.951087212458243458e-01
4.583226197115743972e-01
3.349469429155516043e-02
1.971086011224009171e-01
2.475113687016163855e-01
1.548775933103851976e-01
7.642317895719979992e-02
8.299958564450287124e-01
3.182491881812616885e-01
7.783607255415522230e-01
5.976529749012726711e-01
5.940908304816567842e-01
4.317456829492851700e-01
4.976340736640327833e-01
9.357990313679664940e-02
0.000000000000000000e+00
3.764841655758798256e-01
3.883847159439745012e-01
4.141674601653895227e-01
4.240216013725157107e-01
1.473223922750723780e-01
3.929777734697227354e-01
5.060920693651941304e-01
1.735949674951365873e-01
1.919263385083299356e-01
2.569269324472017169e-01
1.705948058678813384e-02
1.379755048724010669e-01
3.833448333615359638e-01
2.142417290466047675e-02
1.273128178250168274e-01
1.924829272550578341e-01
1.225834044289879632e-01
3.828345341298804161e-02
7.840534023811738251e-01
2.374620990279112109e-01
7.177452238491830450e-01
5.220096279216641655e-01
5.386667019756556929e-01
3.723225896797890400e-01
4.048625405363301399e-01
6.383978112847576991e-02
0.000000000000000000e+00
6.495677233429395514e-01
6.953738725632820916e-01
7.146144994246260707e-01
8.008658008658009475e-01
2.500000000000000000e-01
6.847028874459278880e-01
9.030207778902616944e-01
4.073813429417379450e-01
4.304842847979474252e-01
2.799085598171194844e-01
5.209719857607175708e-02
9.268914354394180988e-01
8.115942028985507761e-01
9.643094942814389725e-02
6.705591897785224964e-02
3.476196137528229091e-01
1.209911173445534782e-01
4.803949647128394340e-02
8.631488631488630769e-01
3.203643892339546051e-01
8.148526535923498182e-01
3.743408938045579282e-01
7.280562243441852655e-01
7.599559726693627670e-01
8.542909567386506309e-01
1.156342945816629664e-01
0.000000000000000000e+00
