5.678579672840118331e-01
5.700591694397008080e-01
5.916397151544157129e-01
6.200768104608844755e-01
7.154620994252911537e-01
5.766740045307621187e-01
4.897091699641987206e-01
5.754240698354230465e-01
3.044806158652384465e-01
2.738755368013158220e-01
4.238955617462288883e-01
4.283428425162186803e-01
7.650990743790583304e-01
4.757367254413396584e-01
3.614566424088366814e-01
4.146244550926296846e-01
6.997215675311747596e-01
3.757913703631901026e-01
3.865867988178102177e-01
8.314104224152382150e-01
2.618104593885101639e-01
6.523551891191626817e-01
5.021855041969658373e-01
3.831295765501638861e-01
5.551056910503057162e-01
4.010146639744123220e-01
0.000000000000000000e+00
1.846877726536208519e-01
1.909260555166783502e-01
2.350213655786889677e-01
1.788254755996691592e-01
1.194805194805194787e-01
1.974722534241302729e-01
1.451467415563161278e-01
2.117405793386311075e-01
1.604604286017398684e-01
3.646289849991235510e-02
1.442307692307692180e-01
1.437232390398915371e-01
1.929382093316520108e-01
3.428571428571429713e-01
2.068933188013453162e-01
1.499029059476551518e-01
2.193028992381572395e-01
3.003847292098252852e-01
9.916710338449052919e-02
1.570398328503067042e-01
3.138471419396274276e-01
1.529438012258989010e-01
2.113960113960113851e-01
1.834270819042392864e-01
8.239700374531833127e-02
1.670675159030387547e-01
0.000000000000000000e+00
6.236559139784947359e-01
5.902964959568733905e-01
4.848484848484848619e-01
3.166666666666666519e-01
1.000000000000000000e+00
5.614015496064915789e-01
0.000000000000000000e+00
0.000000000000000000e+00
0.000000000000000000e+00
0.000000000000000000e+00
0.000000000000000000e+00
0.000000000000000000e+00
0.000000000000000000e+00
0.000000000000000000e+00
0.000000000000000000e+00
0.000000000000000000e+00
5.370919881305638022e-01
0.000000000000000000e+00
0.000000000000000000e+00
0.000000000000000000e+00
0.000000000000000000e+00
0.000000000000000000e+00
0.000000000000000000e+00
0.000000000000000000e+00
0.000000000000000000e+00
0.000000000000000000e+00
0.000000000000000000e+00
2.650635952268585172e-01
2.677056735528254849e-01
2.956866092729373285e-01
2.695682327570320114e-01
4.135496167003314127e-01
2.762828715513466760e-01
2.839825684813814810e-01
4.678063327452176012e-01
1.996865701797532200e-01
1.728706775858215305e-01
2.095659061530218414e-01
4.723119212742954431e-02
5.258323489226444103e-01
2.184880145206351543e-01
2.635285766157796639e-01
3.320731797810070329e-01
5.855822268428183541e-01
2.149184372052514447e-01
2.190387850835080474e-01
7.497931261482664311e-01
2.361991347154540621e-01
5.109202284766660718e-01
2.863460533213024739e-01
2.110009087495818836e-01
3.825433280239227685e-01
2.956464010868601333e-01
0.000000000000000000e+00
1.929957847055419062e-01
1.933362186238101188e-01
2.141815880263861771e-01
1.876832063248416449e-01
2.956244951477589589e-01
2.003474826981114787e-01
2.108362117189550577e-01
3.384277333912595331e-01
1.356286862680260719e-01
1.316499404563324371e-01
1.458026922637807865e-01
3.085958902099006362e-02
4.505315048766891928e-01
1.548217997343339647e-01
1.779331776387896580e-01
2.665409717333728223e-01
5.257076533257774020e-01
1.237450915340349150e-01
1.633421129797217874e-01
6.799393829225695018e-01
1.728100445506476346e-01
4.323145980834671165e-01
2.393787057010413610e-01
1.706786050319425430e-01
2.948893624691152904e-01
2.226344484806747070e-01
0.000000000000000000e+00
6.893371757925073062e-01
7.041024148967123253e-01
7.019562715765247374e-01
7.056277056277056037e-01
6.250000000000000000e-01
6.993417568476306689e-01
5.039884126546747556e-01
5.859869563496920009e-01
3.054589649235339710e-01
2.779869907565900577e-01
4.220920459465653529e-01
4.396656639647295028e-01
7.950310559006210642e-01
4.864090537331376418e-01
3.619866284622730856e-01
4.508230687902194944e-01
6.849658417409401068e-01
3.934251495986500480e-01
4.145658263305321833e-01
8.194275739281221549e-01
2.695707558860862552e-01
6.538939769382329237e-01
5.116878664450281722e-01
3.938107118631704040e-01
5.822857720414376104e-01
3.955414061531289383e-01
0.000000000000000000e+00
