5.001223401077474762e-01
4.957835842792974734e-01
5.083463109102948074e-01
5.452406138581114003e-01
6.410034158143265159e-01
5.036485909747294709e-01
3.739591629225253455e-01
5.585575452637150384e-01
2.904965688611717001e-01
3.022517015308002764e-01
4.399387814813436881e-01
3.979060517120173168e-01
6.784872789941588378e-01
5.985829797699491195e-01
4.266587699195623085e-01
3.128206046836869980e-01
6.738651096306214061e-01
4.713313778873250426e-01
3.907291857919116262e-01
7.764240301405102018e-01
2.766707039265210999e-01
6.485734044697929468e-01
5.290719591261696664e-01
2.768872348639448422e-01
5.604630043330837141e-01
5.073749763855656125e-01
0.000000000000000000e+00
2.440483609622335903e-01
2.468081797682917800e-01
2.537200351547110322e-01
2.544251447477253736e-01
1.792207792207792250e-01
2.507327723237496864e-01
1.622461446255273332e-01
9.698169223156849483e-02
1.579198051488790444e-01
1.021976195650784458e-01
8.176229508196720674e-01
2.633704374936584047e-01
2.787709036988220146e-01
4.096852300242131983e-01
2.018628451872298557e-01
5.759104479738924587e-02
1.745021404332358361e-01
3.211009174311926229e-01
1.693183097202342058e-01
1.255307676754061075e-01
3.884001175663759908e-01
2.731236414780718880e-01
2.239558707643813928e-01
4.974619289340102002e-01
7.663497551138001573e-02
1.826211747584589595e-01
0.000000000000000000e+00
3.870967741935484874e-01
2.695417789757412752e-01
2.323232323232323482e-01
1.666666666666666574e-01
1.000000000000000000e+00
3.023943922353777847e-01
0.000000000000000000e+00
0.000000000000000000e+00
0.000000000000000000e+00
0.000000000000000000e+00
0.000000000000000000e+00
0.000000000000000000e+00
0.000000000000000000e+00
0.000000000000000000e+00
0.000000000000000000e+00
0.000000000000000000e+00
3.226381461675579265e-01
0.000000000000000000e+00
0.000000000000000000e+00
0.000000000000000000e+00
0.000000000000000000e+00
0.000000000000000000e+00
0.000000000000000000e+00
0.000000000000000000e+00
0.000000000000000000e+00
0.000000000000000000e+00
0.000000000000000000e+00
2.841550268277479585e-01
2.798750613753683281e-01
2.965672602977391659e-01
2.946726393784558917e-01
4.080393026574542503e-01
2.928720022829430780e-01
2.858281150229771139e-01
4.146688349645055172e-01
2.144431462389413401e-01
2.514385420094957801e-01
3.254560092695563123e-01
9.423317854937196536e-02
5.040195641179112673e-01
4.653067528259500207e-01
3.713454937256260857e-01
2.211519171599254374e-01
5.955826859082868907e-01
3.861937162338240914e-01
2.762993147439190000e-01
6.939849525544823372e-01
3.569624798598548532e-01
5.776521793776507874e-01
3.314630521772685690e-01
2.644729021718135176e-01
3.781577257611981047e-01
4.040781823529248085e-01
0.000000000000000000e+00
2.089034150786523436e-01
2.034169780640885383e-01
2.149217053593450444e-01
2.082382290820099513e-01
2.905922006012909842e-01
2.142222610793260151e-01
2.123961557345457885e-01
2.885355545634660790e-01
1.469198836664557251e-01
1.971784764208043828e-01
2.409502170731911419e-01
6.318078953254496755e-02
4.285220655646931331e-01
3.725405406832202893e-01
2.683882291621746408e-01
1.702615502901006495e-01
5.361551151454559960e-01
2.581034958530654677e-01
2.111938339445975643e-01
6.149094741275200615e-01
2.763105146663539236e-01
5.009058646540607285e-01
2.805325801957828658e-01
2.173573412264474536e-01
2.908932126898806092e-01
3.196504127300959786e-01
0.000000000000000000e+00
6.311239193083573173e-01
6.514402094850160196e-01
6.398158803222094848e-01
6.601731601731601895e-01
6.250000000000000000e-01
6.417382482160794988e-01
3.988973404218665308e-01
5.987685510351717921e-01
2.920390563751692481e-01
3.098987626546679808e-01
4.301511188636155669e-01
4.138319236755326758e-01
7.173913043478259421e-01
5.917204742556771979e-01
4.190566318796385414e-01
3.628021646186125881e-01
6.616520219396777591e-01
4.737823824611782086e-01
4.243281471004243244e-01
7.802683916958638166e-01
2.731570250305915826e-01
6.472016453925749646e-01
5.534652833698057162e-01
2.913502233619302828e-01
5.868368375525941927e-01
5.000008231296058092e-01
0.000000000000000000e+00
