3.998082257554251839e-01
3.941228159412883958e-01
4.089959001184304554e-01
4.373393565623560075e-01
5.955125925330464476e-01
4.007619883043149756e-01
3.929496502248655543e-01
5.665294305495603977e-01
2.744112551036175240e-01
3.116945182856926122e-01
4.506768722447743736e-01
4.365123391023787436e-01
6.850580944500445080e-01
5.688370420486970058e-01
4.079744280331116801e-01
2.966712442873478128e-01
6.952779209611728017e-01
4.620951089974455472e-01
3.933749961810556472e-01
7.754607153802232089e-01
2.646894533388164938e-01
6.796462724279165313e-01
5.017124211074761586e-01
3.157822884370873329e-01
5.768438795233402638e-01
4.924097093399150138e-01
0.000000000000000000e+00
2.774834849806805115e-02
2.995879014073556112e-02
2.879049610570659501e-02
3.617314585056520537e-02
3.896103896103896014e-02
3.087000228965913751e-02
2.854315035166099523e-01
1.881298992161254402e-01
9.658189607266626231e-02
6.595415553368022543e-02
7.003805620608899440e-01
5.612996521240395387e-01
1.159250585480093854e-01
5.027718550106611284e-01
1.768385255359202768e-01
1.290213263219398554e-01
2.179667998540779361e-01
3.245722787007190302e-01
9.726984822492212857e-02
1.918281220026856193e-01
4.638373390122704776e-01
2.428135788262371086e-01
5.609427609427608541e-01
4.183723595873588552e-01
1.287676119136793307e-01
2.202227432590855849e-01
0.000000000000000000e+00
3.548387096774193727e-01
2.452830188679245293e-01
2.222222222222222376e-01
1.499999999999999944e-01
1.000000000000000000e+00
2.755085582705334435e-01
0.000000000000000000e+00
0.000000000000000000e+00
0.000000000000000000e+00
0.000000000000000000e+00
0.000000000000000000e+00
0.000000000000000000e+00
0.000000000000000000e+00
0.000000000000000000e+00
0.000000000000000000e+00
0.000000000000000000e+00
4.547738693467336946e-01
0.000000000000000000e+00
0.000000000000000000e+00
0.000000000000000000e+00
0.000000000000000000e+00
0.000000000000000000e+00
0.000000000000000000e+00
0.000000000000000000e+00
0.000000000000000000e+00
0.000000000000000000e+00
0.000000000000000000e+00
1.218131337180335949e-01
1.225532428678811625e-01
1.370777672794016855e-01
1.505912613743415340e-01
3.199952179935758867e-01
1.322738160960101883e-01
3.051454318802953036e-01
4.239895383030221621e-01
2.154038672068399052e-01
2.942997884990321555e-01
3.226651915107309199e-01
1.494348148377592223e-01
5.170662092911004759e-01
4.174746611162389875e-01
3.551330693482974699e-01
2.729220425803298156e-01
5.430674891757503175e-01
3.594989629233559802e-01
3.100599288562118083e-01
7.599435986603659821e-01
3.526760768196773865e-01
6.262599738200722577e-01
3.892050814059193620e-01
2.295399494426255682e-01
4.026072141961787310e-01
4.293437512258225786e-01
0.000000000000000000e+00
8.223798670894938434e-02
8.175918247794955462e-02
9.078368886896945322e-02
9.739603947179709120e-02
2.141910221911764167e-01
8.868470682651280468e-02
2.288711352462162729e-01
2.970747708930177033e-01
1.476610451011936831e-01
2.344267636245506714e-01
2.385374138361833762e-01
1.031930754443809994e-01
4.416517931330873892e-01
3.267990040833698151e-01
2.541315223528164413e-01
2.142931475316473544e-01
4.818434416979247015e-01
2.350770372061206648e-01
2.404075792824014179e-01
6.920164093866532085e-01
2.724614202288222486e-01
5.526316143824852034e-01
3.345675488129250530e-01
1.867055271180018128e-01
3.133535662419432710e-01
3.434403514319070982e-01
0.000000000000000000e+00
5.596541786743516322e-01
5.778295024730870644e-01
5.811277330264671415e-01
5.930735930735930861e-01
5.000000000000000000e-01
5.705355427983472838e-01
4.141723293932854100e-01
6.163489748134066692e-01
2.747523945162588799e-01
3.219310700916481194e-01
4.409390164516511224e-01
4.533809724870466740e-01
7.322654462242561557e-01
5.654804762611846947e-01
4.055582733477763324e-01
3.239618634823209220e-01
6.798455870083834895e-01
4.685598704678348714e-01
4.267990074441687653e-01
7.719447708578145440e-01
2.687707934968825985e-01
6.644689985842234803e-01
5.147914969261533358e-01
3.438963086610267172e-01
6.186048676923864287e-01
4.725277577505406779e-01
0.000000000000000000e+00
