4.534905159453725965e-01
4.495634778834443068e-01
4.742357684405782425e-01
4.333779510923414513e-01
4.870047051988284359e-01
4.497338150554872627e-01
3.209084607301872505e-01
2.639889655914160471e-01
3.177243249218267840e-01
6.711532647924788320e-01
5.822369995151469579e-01
4.036899653789139952e-01
3.951265918543515054e-01
6.836160906356478772e-01
5.878725117736727235e-01
1.909529192437040557e-01
7.545986570501257429e-01
4.656326221961039069e-01
2.146288624611838447e-01
4.905435235134238958e-01
1.324905732285396875e-01
5.172629230323492200e-01
6.534473733230914405e-01
4.197928698539601378e-01
2.778739134553748213e-01
5.436063266456502285e-01
0.000000000000000000e+00
5.956313099837966252e-02
6.446621569084830250e-02
8.361366184804679136e-02
5.453542872897711169e-02
7.532467532467533589e-02
6.587106054118871401e-02
3.454473966857610767e-01
9.929078014184400391e-02
4.127080428500703446e-01
1.855575868372943416e-01
2.362961065573770947e-01
6.811178944891310705e-02
5.737704918032787704e-02
7.714285714285714635e-01
4.105697734266346988e-01
7.643068133865676961e-02
1.967667925383392025e-01
3.211009174311926229e-01
1.498308430159288052e-01
9.247714048212801741e-02
3.293352601156069315e-01
1.865234624728295820e-01
1.332395686826066128e-01
4.183723595873588552e-01
3.718325066639671661e-02
1.390051917601741183e-01
0.000000000000000000e+00
6.935483870967742437e-01
6.630727762803234615e-01
5.353535353535354702e-01
4.000000000000000222e-01
1.000000000000000000e+00
5.851039293328851310e-01
0.000000000000000000e+00
0.000000000000000000e+00
0.000000000000000000e+00
0.000000000000000000e+00
0.000000000000000000e+00
0.000000000000000000e+00
0.000000000000000000e+00
0.000000000000000000e+00
0.000000000000000000e+00
0.000000000000000000e+00
5.691823899371069029e-01
0.000000000000000000e+00
0.000000000000000000e+00
0.000000000000000000e+00
0.000000000000000000e+00
0.000000000000000000e+00
0.000000000000000000e+00
0.000000000000000000e+00
0.000000000000000000e+00
0.000000000000000000e+00
0.000000000000000000e+00
1.829242263818351422e-01
1.853905115439841156e-01
2.268655127679657380e-01
1.688517395773729834e-01
2.791625973577317454e-01
1.943947482545572703e-01
2.099396874326946438e-01
1.860377484174195462e-01
2.967780528743501067e-01
6.206430359176202671e-01
4.280603782170327998e-01
6.533964071956444020e-02
2.322720734111503038e-01
5.341075483380728350e-01
4.412142507199859898e-01
1.095444526970548171e-01
6.378554674538503555e-01
2.928586845769046154e-01
8.991178537961297401e-02
4.129789194161268551e-01
2.223842547923974289e-01
5.045543208020026871e-01
4.413307206694452312e-01
3.003611596487856250e-01
2.166048341476645156e-01
3.771235183783231415e-01
0.000000000000000000e+00
1.276306037711422148e-01
1.280992585234808634e-01
1.582202945795418148e-01
1.104883953965754007e-01
1.813168445479877988e-01
1.349206007916549654e-01
1.502729606034389209e-01
1.073454943815651264e-01
2.131238388279003970e-01
5.527678628375167769e-01
3.338195444810712065e-01
4.312162163384869462e-02
1.784172064388407919e-01
4.413263112261629484e-01
3.324811789403840923e-01
8.072440125997876192e-02
5.808626156507077365e-01
1.809551616760445847e-01
6.326904635196584081e-02
3.227115943152994437e-01
1.616232215045106946e-01
4.259177020054192853e-01
3.846629521152595821e-01
2.494629868928259775e-01
1.536348648706936104e-01
2.947635485725740301e-01
0.000000000000000000e+00
6.340057636887608261e-01
6.491125981961012315e-01
6.432681242807826161e-01
6.017316017316016730e-01
5.000000000000000000e-01
6.383446505808573201e-01
3.465455424350424307e-01
2.959088361666354916e-01
3.279490677266222454e-01
6.909098458935215570e-01
5.549309994241065080e-01
4.257020238328647066e-01
4.162508909479687436e-01
6.755944068804604630e-01
5.794927328156596058e-01
2.343797725190173153e-01
7.380458158017766390e-01
4.781369390267624642e-01
2.517949245189259333e-01
4.948654244306418537e-01
1.341004676096810844e-01
4.928286528370661168e-01
6.835762266373537344e-01
4.587451817497532058e-01
2.874503153819970569e-01
5.548286480109607677e-01
0.000000000000000000e+00
