4.137105040089921193e-01
4.297274947425133718e-01
4.494263616286635621e-01
5.317936114907224621e-01
5.159290287821678422e-01
4.290177962698877856e-01
7.834988557241899798e-01
3.856031028396120774e-01
3.678920020687543868e-01
3.477900947720699021e-01
3.723518892873877162e-01
7.606551828924924541e-01
5.646582467044168885e-01
3.555025039520997576e-01
2.089878298169609294e-01
2.257576503002527435e-01
6.298812875957398028e-01
1.795330437267495804e-01
6.097999962275237884e-01
3.370536324477888535e-01
6.796427227953587558e-01
4.769951630149763533e-01
4.349479769015955899e-01
4.870321848432832557e-01
5.625627263210158935e-01
1.691290090878302399e-01
0.000000000000000000e+00
1.194846067555777186e-01
1.194619391960189819e-01
1.147680092129587520e-01
1.324510614833195321e-01
8.571428571428572896e-02
1.220763128311443124e-01
4.174509001636662608e-01
4.874274661508704032e-01
2.698057108520005021e-01
6.735302607524296103e-02
9.304386353566684864e-02
6.364694847384739784e-01
9.197360017032149559e-02
4.051020408163266140e-01
1.768385255359202768e-01
1.209007120230505827e-01
1.009388091592779146e-01
2.293577981651375719e-01
2.558803795648423862e-01
2.493765586034912829e-02
3.926957435627955184e-01
3.460501080088022041e-01
1.649831649831650093e-01
2.069274410271723097e-01
4.676297485286248223e-01
4.567744096466253567e-01
0.000000000000000000e+00
3.064516129032258673e-01
2.318059299191374545e-01
2.323232323232323482e-01
2.333333333333333093e-01
1.000000000000000000e+00
2.693005767940070960e-01
8.055555555555554692e-01
0.000000000000000000e+00
0.000000000000000000e+00
0.000000000000000000e+00
0.000000000000000000e+00
0.000000000000000000e+00
0.000000000000000000e+00
0.000000000000000000e+00
0.000000000000000000e+00
0.000000000000000000e+00
4.502487562189054771e-01
0.000000000000000000e+00
0.000000000000000000e+00
0.000000000000000000e+00
0.000000000000000000e+00
0.000000000000000000e+00
0.000000000000000000e+00
0.000000000000000000e+00
0.000000000000000000e+00
0.000000000000000000e+00
0.000000000000000000e+00
1.149127840323884708e-01
1.307020447577333933e-01
1.491199563171602405e-01
1.744623907127059725e-01
2.731325239503952229e-01
1.334381780406757034e-01
5.053094338620383041e-01
2.895622751437733622e-01
2.525665032087176520e-01
2.163306023276982959e-01
1.656546812156645121e-01
1.594822101532148428e-01
4.107740452745283211e-01
1.363215728374815860e-01
2.570867612233973531e-01
1.994376257088688043e-01
4.226252114737121257e-01
8.382005645032447605e-02
4.488832830849283084e-01
2.263932936402281992e-01
6.356488405440118283e-01
3.790097980951550038e-01
1.158272571821352681e-01
2.174056049261989809e-01
4.146457190165100393e-01
2.027641688807518827e-01
0.000000000000000000e+00
7.728610422060622209e-02
8.759955139326058848e-02
9.946176834433997915e-02
1.145668055774926586e-01
1.765994601875715553e-01
8.952437358811410339e-02
4.153869165039242306e-01
1.826581063212112110e-01
1.768985590965051202e-01
1.674572814594341152e-01
1.124520083416646332e-01
1.107143247224486315e-01
3.376760467565710910e-01
9.242178419641239318e-02
1.728533061306426200e-01
1.522645288633687755e-01
3.624206509326520775e-01
4.232387167406688466e-02
3.683350949989729894e-01
1.611805044265875453e-01
5.542733752124038293e-01
3.049715656824682486e-01
9.228950120122936251e-02
1.761966142690856163e-01
3.245756627550134277e-01
1.460869345536293107e-01
0.000000000000000000e+00
6.507204610951009549e-01
6.747163223741636795e-01
6.616800920598390201e-01
7.251082251082250352e-01
5.000000000000000000e-01
6.630477038476531026e-01
7.818583672274386220e-01
4.271301097278050185e-01
3.735282443774454730e-01
3.710629921259841479e-01
3.808327724902744738e-01
7.674391351478041523e-01
5.840853158326495542e-01
3.750431996509893673e-01
2.172760674102282019e-01
2.647494338560860694e-01
6.352033660589060382e-01
1.984521889698930008e-01
6.315789473684210176e-01
3.319905823179788440e-01
6.807184979484858234e-01
4.767093887219387982e-01
4.538175697075137460e-01
5.274629171439493280e-01
5.966034808632594277e-01
1.606845785793153958e-01
0.000000000000000000e+00
