4.514623327744771153e-01
4.709505497675785524e-01
5.190302786431189030e-01
5.854758833313504773e-01
3.851477003100680641e-01
4.735229598292045594e-01
8.641715554982012382e-01
3.661524589976569155e-01
5.077453368393005650e-01
1.096532830773669920e-01
1.307465125376384707e-01
8.405127019761496898e-01
6.622881638076064670e-01
2.208197055620256255e-01
5.982164162647959915e-02
1.936064336857776791e-01
3.173859961824385678e-01
1.239950232814148456e-01
8.277192615257520369e-01
3.683276707756084623e-01
6.414447412411723448e-01
4.747468911469069353e-01
7.381983090605022113e-01
8.086672570905732993e-01
7.836608788752404964e-01
1.353238675260368673e-01
0.000000000000000000e+00
1.669107565748473299e-01
1.707565508125340470e-01
1.715307452192623705e-01
1.803694513371932318e-01
1.220779220779220769e-01
1.714568306640075757e-01
4.147664977039073886e-01
1.985815602836880078e-01
3.044091644720693379e-01
1.354013091938432445e-01
3.600702576112407849e-02
8.386715578647754299e-01
1.128254580520732797e-01
4.421052631578947789e-01
3.426246432258455155e-01
8.464796961729476044e-02
1.018200116603774352e-01
1.814918228958914970e-01
3.861245864991157406e-01
1.202351264695404320e-01
4.627967039724510401e-01
6.391319451983411559e-01
3.748633879781420042e-01
6.883484830598513016e-01
1.604908757669933628e-01
6.234679739955240052e-02
0.000000000000000000e+00
6.290322580645162365e-01
6.199460916442048886e-01
6.060606060606061884e-01
4.000000000000000222e-01
1.000000000000000000e+00
6.429087903835611906e-01
0.000000000000000000e+00
0.000000000000000000e+00
0.000000000000000000e+00
0.000000000000000000e+00
0.000000000000000000e+00
0.000000000000000000e+00
0.000000000000000000e+00
0.000000000000000000e+00
0.000000000000000000e+00
0.000000000000000000e+00
3.209219858156028282e-01
0.000000000000000000e+00
0.000000000000000000e+00
0.000000000000000000e+00
0.000000000000000000e+00
0.000000000000000000e+00
0.000000000000000000e+00
0.000000000000000000e+00
0.000000000000000000e+00
0.000000000000000000e+00
0.000000000000000000e+00
1.349979222662149869e-01
1.499640307308953702e-01
1.773230273344718055e-01
1.914302247412386082e-01
2.325358579668479475e-01
1.530498966283840856e-01
5.567346541918258840e-01
2.600705946204808217e-01
3.468268387506517891e-01
1.621299434214402702e-01
2.130571848267237556e-02
2.731118945206528759e-01
3.475605970132003009e-01
1.997867688514631812e-02
1.112872860128650832e-01
8.742932595688412967e-02
1.592719793276515805e-01
9.964126184116189888e-02
8.694593367139660245e-01
2.178198564226219158e-01
6.304247615650920844e-01
3.904164373856502390e-01
4.939086782666017861e-01
4.392521777462730093e-01
4.497905089817502144e-01
7.997250937018740569e-02
0.000000000000000000e+00
9.179772616227055426e-02
1.016052033065842353e-01
1.202302407230596282e-01
1.270601310023021790e-01
1.457606903885695915e-01
1.038218872493826828e-01
4.679599045057523110e-01
1.600687102485501834e-01
2.560229067999190145e-01
1.229683004663221779e-01
1.327920129648929581e-02
2.008876601475767520e-01
2.790762469878426688e-01
1.267825400912386824e-02
6.766848245800924366e-02
6.385627709232744031e-02
1.262341828954648415e-01
5.116442854584531130e-02
8.325042820189794135e-01
1.543813066569467152e-01
5.485609052998605684e-01
3.155508565279170896e-01
4.364583243072797103e-01
3.795945435655307953e-01
3.579524250980052336e-01
5.417533397869211953e-02
0.000000000000000000e+00
6.472622478386167444e-01
6.837358161187081507e-01
7.031070195627157071e-01
7.532467532467532756e-01
3.750000000000000000e-01
6.736747389636615901e-01
8.722707866493693007e-01
4.068240497229393959e-01
5.114389565961084960e-01
1.306581329740198472e-01
1.499145159977204322e-01
8.406986262574535074e-01
7.173913043478259421e-01
2.432045268665687376e-01
7.301628648333517713e-02
2.519448883941748374e-01
3.360017805349377884e-01
1.289729811491915068e-01
8.157635467980295374e-01
3.666774601866298333e-01
6.453572133126731503e-01
4.593865098357720056e-01
7.525444459004935194e-01
8.430841190024436216e-01
8.374294718307305763e-01
1.412459720730396828e-01
0.000000000000000000e+00
