4.912322663637700426e-01
4.979001052347669098e-01
5.011917822151688018e-01
5.900772138525129940e-01
6.862732591550979588e-01
5.009009582071644040e-01
6.052698954427031541e-01
5.883377572630329455e-01
2.773858522791954329e-01
3.026325270684159241e-01
2.960745745218004155e-01
6.451177947002740831e-01
8.341201818282822922e-01
3.048543844259720692e-01
2.323570157130270541e-01
5.754654620800245812e-01
7.034929396845850391e-01
2.153267191663128799e-01
5.714625430874362699e-01
8.204383945657401922e-01
5.100056867886022527e-01
4.692762705843523952e-01
3.349357436854158987e-01
3.692279299477947418e-01
8.091610046995837413e-01
2.655864824865188378e-01
0.000000000000000000e+00
1.274305122772030341e-01
1.336910038099681231e-01
1.632875715974179687e-01
1.225255031706644487e-01
5.454545454545454974e-02
1.365438556962672301e-01
4.593438476417199823e-01
2.861142217245240538e-01
2.732065863588869492e-01
4.805432227735706441e-02
2.949902128700758741e-01
2.269915442856526022e-01
1.334894613583137990e-01
1.505226480836237002e-01
1.683366733466934440e-01
1.343196375702556122e-01
1.704771804416953251e-01
1.192660550458715107e-01
1.631065581951006149e-01
1.289584258531752958e-01
2.659747766684182335e-01
1.837299083113701492e-01
4.499540863177226013e-02
2.650411916451693717e-01
1.654013564125923763e-01
3.553634232121922198e-01
0.000000000000000000e+00
5.698924731182796188e-01
5.956873315363881982e-01
5.353535353535354702e-01
3.833333333333333037e-01
1.000000000000000000e+00
5.540555926982647650e-01
6.041666666666666297e-01
0.000000000000000000e+00
0.000000000000000000e+00
0.000000000000000000e+00
0.000000000000000000e+00
0.000000000000000000e+00
0.000000000000000000e+00
0.000000000000000000e+00
0.000000000000000000e+00
0.000000000000000000e+00
6.033333333333333881e-01
0.000000000000000000e+00
0.000000000000000000e+00
0.000000000000000000e+00
0.000000000000000000e+00
0.000000000000000000e+00
0.000000000000000000e+00
0.000000000000000000e+00
0.000000000000000000e+00
0.000000000000000000e+00
0.000000000000000000e+00
1.436480010572602772e-01
1.528918374771819355e-01
1.666423231272332606e-01
1.881802131675764933e-01
3.442564223792964340e-01
1.579398262201998637e-01
3.797639013984148715e-01
4.531890801258415258e-01
2.067352598378008333e-01
2.213483503742823544e-01
1.609190954836970944e-01
8.236641857266169264e-02
5.724623080925712593e-01
1.907067885403732621e-01
3.138821758488749003e-01
6.352189982555758174e-01
6.877320256204546567e-01
1.613641206927294847e-01
4.786250855554587957e-01
7.434848251187531343e-01
4.665267131151834556e-01
3.900244683936853196e-01
1.417620157462133879e-01
2.448701900177616686e-01
6.224210837306924926e-01
1.856983436644868979e-01
0.000000000000000000e+00
9.813941042024870720e-02
1.037586974341611068e-01
1.122918268200037983e-01
1.246486241629986558e-01
2.344915106799609905e-01
1.074322890756533866e-01
2.950317680223817352e-01
3.244106099003092325e-01
1.410003107692190116e-01
1.716616107317137652e-01
1.089439964701440222e-01
5.486885273166020038e-02
4.985457173509363904e-01
1.331604336968851832e-01
2.189021768830663184e-01
5.667572779128355887e-01
6.347458141972233125e-01
8.824013513000193709e-02
3.973749026340842594e-01
6.724724296541038093e-01
3.790796428837742704e-01
3.151859597639601884e-01
1.137989506815467733e-01
2.000842142162959636e-01
5.352090367151871586e-01
1.326802660236984788e-01
0.000000000000000000e+00
7.187319884726224295e-01
7.413441955193482702e-01
7.169159953970080101e-01
7.792207792207792583e-01
6.250000000000000000e-01
7.328377165427609752e-01
6.211483603784202501e-01
6.110720144126068343e-01
2.761029149739862021e-01
3.155884584194416087e-01
3.077008635664921776e-01
6.605450624142213956e-01
8.695652173913044347e-01
3.171219142267819868e-01
2.363674154133942329e-01
5.933845922910478965e-01
6.776612581545866654e-01
2.340761596218318419e-01
5.816196542311191653e-01
7.953035274815422051e-01
5.168007673002318336e-01
4.586169451785911955e-01
3.456829435272013029e-01
3.972266638899606406e-01
8.429991025921702574e-01
2.668357641090678412e-01
0.000000000000000000e+00
