3.826803461989789490e-01
3.805636879939919837e-01
3.965083077940261269e-01
4.357796141579703963e-01
3.753844223378726142e-01
3.838226867211935733e-01
5.093736803426875959e-01
1.372052166553391628e-01
4.365117575914194692e-01
1.157254613587087588e-01
4.402508100323497819e-01
4.221244301393690668e-01
8.367465622909208145e-01
4.777062307775752914e-01
4.469852817493370489e-01
2.327040569166529682e-01
7.215459835179534043e-01
3.854492935513312846e-01
3.870552052009063049e-01
8.148127247699311626e-01
3.042573396911563699e-01
4.474527413797003694e-01
7.563245647788046089e-01
4.362691822724531487e-01
4.588728929406867829e-01
5.153481584495199774e-01
0.000000000000000000e+00
5.696123644522001206e-02
6.774745354171528289e-02
1.049792405370185283e-01
7.548938516680452071e-02
4.155844155844155841e-02
7.462420347291118250e-02
4.627086092284264929e-01
1.215805471124620230e-02
3.115722931023349185e-01
1.524757866894861924e-01
1.269819940876108499e-01
2.411523232775115710e-01
3.219076005961252207e-01
3.614457831325302850e-01
2.313330364432568675e-01
1.499029059476551518e-01
1.881778567681288428e-01
1.753250408059886523e-01
1.257286756184484711e-01
1.019191152553398927e-01
2.384267403870318769e-01
5.715611814345991082e-01
2.698955365622032199e-01
1.850166287414668487e-01
1.237005145437362341e-01
1.826211747584589595e-01
0.000000000000000000e+00
7.258064516129033583e-01
6.765498652291105364e-01
5.757575757575758013e-01
4.499999999999999556e-01
1.000000000000000000e+00
6.344851235204765905e-01
0.000000000000000000e+00
0.000000000000000000e+00
0.000000000000000000e+00
0.000000000000000000e+00
0.000000000000000000e+00
0.000000000000000000e+00
0.000000000000000000e+00
0.000000000000000000e+00
0.000000000000000000e+00
0.000000000000000000e+00
3.598409542743538636e-01
0.000000000000000000e+00
0.000000000000000000e+00
0.000000000000000000e+00
0.000000000000000000e+00
0.000000000000000000e+00
0.000000000000000000e+00
0.000000000000000000e+00
0.000000000000000000e+00
0.000000000000000000e+00
0.000000000000000000e+00
1.057059981291955664e-01
1.144703846169826678e-01
1.435985633133668449e-01
1.386079405203564097e-01
2.127037368234715453e-01
1.207814635819473015e-01
4.112095569871034861e-01
1.419039222691585445e-01
4.428015004631890017e-01
2.215189344114341097e-01
2.744312864765724447e-01
7.030283504780043824e-02
5.983526467743343069e-01
3.564567320976426146e-01
4.343981780444584606e-01
3.331798072868377147e-01
7.452929107425774191e-01
2.451580506475699583e-01
2.893626038254824007e-01
6.668783855126394489e-01
5.228670993975107484e-01
7.167277948626566975e-01
4.600157633608534802e-01
2.513871795861044589e-01
3.992533810368963376e-01
3.714913277957067050e-01
0.000000000000000000e+00
7.073392059654592945e-02
7.601584769206998216e-02
9.546874254314305364e-02
8.895498505069876494e-02
1.312781784664863727e-01
8.045236339129940850e-02
3.241129225663388347e-01
7.862530761672148483e-02
3.439046074424612076e-01
1.718047968199181708e-01
1.977841253337636607e-01
4.652407989617352024e-02
5.257716801247835914e-01
2.709243944113465252e-01
3.260390256704647216e-01
2.675381506195032011e-01
6.984564363239760265e-01
1.451622811965978532e-01
2.224097304032299771e-01
5.841606862600403627e-01
4.352100698303120740e-01
6.528604198494165622e-01
4.029243286004022817e-01
2.058060699404999916e-01
3.102463351752010046e-01
2.896277760766799991e-01
0.000000000000000000e+00
6.023054755043226738e-01
6.226360197846960709e-01
6.110471806674339090e-01
6.363636363636364646e-01
3.750000000000000000e-01
6.074990135920791401e-01
5.102765845831501723e-01
8.318556093635487425e-02
4.374663568000359826e-01
1.190897788494139631e-01
4.489281981642503361e-01
4.157510476217903816e-01
8.599920223374550865e-01
4.708099295609378676e-01
4.499319647786891863e-01
2.687604461844825821e-01
7.068025399305246648e-01
3.970063582409422143e-01
4.031007751937984995e-01
8.044640352634743197e-01
2.789439019280058885e-01
4.159862042510050761e-01
8.130142797945181243e-01
4.586257525455168516e-01
5.024663995124047933e-01
5.165082706766916942e-01
0.000000000000000000e+00
