4.456097778647889474e-01
4.450692747974474006e-01
4.665325592322910886e-01
5.175654512570506682e-01
3.661160116093886696e-01
4.521652481546807323e-01
4.549181476999160645e-01
4.832719558026046247e-01
2.725120020337544746e-01
3.790903110185662728e-01
4.095793545088414200e-01
3.903875417734378184e-01
4.731880170692762677e-01
4.752710014993306031e-01
2.506437330648503270e-01
3.838029013956372193e-01
3.620702450234398739e-01
3.150955112009891090e-01
6.068742530617852182e-01
1.000000000000000000e+00
4.599019283602692743e-01
6.843759140346835634e-01
5.782368224206471119e-01
3.425885520434723830e-01
7.665712323231584913e-01
3.442764652421119731e-01
0.000000000000000000e+00
3.172285927957123608e-01
3.278205427260711402e-01
3.829439039912719278e-01
3.229114971050454641e-01
7.792207792207793415e-02
3.345124313873779620e-01
3.639568287686126835e-01
6.453900709219857479e-01
2.227217830921027764e-01
1.023765996343692919e-01
1.553062985332182566e-01
1.126206569386379863e-01
8.168935815504307918e-02
4.709122203098108361e-01
5.483875552523486130e-01
1.239860518022637970e-01
1.127860872296156669e-01
3.684210526315788714e-01
7.691957833646255738e-01
1.606721451405044854e-01
3.874157032755298213e-01
6.505453171427099113e-01
2.861823361823362388e-01
2.013536379018613376e-01
1.739492301290053999e-01
3.465945618878341628e-01
0.000000000000000000e+00
6.935483870967742437e-01
6.145552560646900808e-01
5.151515151515152491e-01
4.000000000000000222e-01
1.000000000000000000e+00
6.029864604145415141e-01
0.000000000000000000e+00
0.000000000000000000e+00
0.000000000000000000e+00
0.000000000000000000e+00
0.000000000000000000e+00
0.000000000000000000e+00
0.000000000000000000e+00
0.000000000000000000e+00
0.000000000000000000e+00
0.000000000000000000e+00
1.089049338146811097e-01
0.000000000000000000e+00
0.000000000000000000e+00
0.000000000000000000e+00
0.000000000000000000e+00
0.000000000000000000e+00
0.000000000000000000e+00
0.000000000000000000e+00
0.000000000000000000e+00
0.000000000000000000e+00
0.000000000000000000e+00
3.539966526908753242e-01
3.644099221025637325e-01
4.006999656773226892e-01
3.733328659881324230e-01
2.272010805122628430e-01
3.709765800864300855e-01
2.772519522037988349e-01
4.059169259831656995e-01
2.206470640277491402e-01
3.959688806569059416e-01
2.360229960715997111e-01
1.136895664633148506e-01
4.708986328426951751e-01
2.410996227330144404e-01
2.293275165761312628e-01
3.282619952098466687e-01
3.852012245369131893e-01
2.052161325472932618e-01
6.560660370701212329e-01
8.518288280185257744e-01
3.806737232597473541e-01
7.004064101513138851e-01
4.683756035817516761e-01
2.488568875219685506e-01
5.734468916906712010e-01
2.816352352977776752e-01
0.000000000000000000e+00
2.693956701226791761e-01
2.765443672371434847e-01
3.067167349276267441e-01
2.760381461331060660e-01
1.418273352145841826e-01
2.823559736813257004e-01
2.051679383040910243e-01
2.805996384183822023e-01
1.517190200145959456e-01
3.270177531884034816e-01
1.666135609180385280e-01
7.703051346870271043e-02
3.956520234594706475e-01
1.728772109167607263e-01
1.513816974637171298e-01
2.631122618282649150e-01
3.267710980788790520e-01
1.170828427484952444e-01
5.825975022820572002e-01
8.048323793104557033e-01
2.978359385164798256e-01
6.343973596716894203e-01
4.111465808326220106e-01
2.035820539844244159e-01
4.826751302099299701e-01
2.106998978279367440e-01
0.000000000000000000e+00
5.619596541786744393e-01
5.784114052953157614e-01
5.788262370540852020e-01
6.060606060606059664e-01
2.500000000000000000e-01
5.752006571554545422e-01
4.711825911823861457e-01
5.083562057221687747e-01
2.642842455137786040e-01
3.616874533019137639e-01
4.184983719350805487e-01
4.063019467326659528e-01
5.069380203515263528e-01
4.960844598652615622e-01
2.603313289478993431e-01
4.349006341682670751e-01
3.482011807299651984e-01
3.286570176002564514e-01
6.100272708202223448e-01
1.000000000000000000e+00
4.650726309891025645e-01
6.599165228980571341e-01
5.961821194371190735e-01
3.711329103319520595e-01
7.956499700614968473e-01
3.471512113617375439e-01
0.000000000000000000e+00
