3.969005330168846601e-01
3.889218325970258405e-01
3.936364156245177881e-01
4.245990490689222074e-01
4.393026923599769873e-01
3.934650623775239886e-01
2.753630045408826388e-01
2.757028494295477028e-01
4.568535567831146782e-01
2.521874916431764424e-01
5.047840718899659906e-01
3.312221706875418947e-01
6.773842884880602044e-01
6.166541084648573534e-01
6.991014031020378328e-01
1.475638809182724387e-01
7.175569692989616222e-01
6.067627706040686908e-01
2.345005276485533363e-01
5.965369957997320727e-01
1.973089860511901272e-01
5.206883749659559912e-01
5.031411968426253711e-01
3.486034141198568470e-01
3.260640472964769776e-01
7.288416822568967168e-01
0.000000000000000000e+00
3.949582450454942883e-02
4.459995334732914929e-02
5.015607479467830421e-02
4.687069203198236667e-02
2.337662337662337053e-02
4.449756345021263493e-02
1.744718047909536995e-01
1.215805471124620230e-02
2.745000888858305510e-01
5.598720292504572038e-02
1.541725829353298161e-01
7.900718930316869004e-02
1.132637853949329254e-01
4.700000000000000844e-01
3.820975283901134611e-01
1.339516992891225944e-01
1.542515604757979386e-01
3.003847292098252852e-01
2.029232449233887015e-01
8.524606850221386201e-02
2.384267403870318769e-01
6.820327573825241130e-01
1.649831649831650093e-01
1.982970361879810017e-01
3.808619507306007512e-02
2.336850332160999577e-01
0.000000000000000000e+00
6.612903225806452401e-01
6.199460916442048886e-01
5.656565656565657463e-01
4.000000000000000222e-01
1.000000000000000000e+00
5.928860368695720862e-01
0.000000000000000000e+00
0.000000000000000000e+00
0.000000000000000000e+00
0.000000000000000000e+00
0.000000000000000000e+00
0.000000000000000000e+00
0.000000000000000000e+00
0.000000000000000000e+00
0.000000000000000000e+00
0.000000000000000000e+00
4.839572192513368898e-01
0.000000000000000000e+00
0.000000000000000000e+00
0.000000000000000000e+00
0.000000000000000000e+00
0.000000000000000000e+00
0.000000000000000000e+00
0.000000000000000000e+00
0.000000000000000000e+00
0.000000000000000000e+00
0.000000000000000000e+00
9.292472367572301994e-02
9.684641508433533552e-02
1.113031767437813180e-01
1.153615522533837368e-01
2.253330160016117079e-01
1.030189359211315381e-01
1.741861455164863681e-01
2.142624757712041084e-01
5.312497546487532363e-01
3.619106180422351215e-01
3.399731808057412374e-01
7.603927957956202466e-02
4.353119029547176666e-01
5.559317116381976565e-01
5.870274990387295277e-01
2.252099456851464065e-01
5.906288317678676236e-01
3.922240295554371703e-01
1.882018222680941211e-01
4.203782364421333462e-01
3.395910986154352385e-01
6.356108742948867185e-01
4.317471143521030008e-01
3.293414118281792202e-01
2.760087781364835013e-01
5.754855293974957542e-01
0.000000000000000000e+00
6.174185315992025691e-02
6.366487701488021678e-02
7.259096808352086261e-02
7.292080412730911343e-02
1.404565454239228850e-01
6.792583516313482894e-02
1.224405731314242018e-01
1.267741191031970527e-01
4.314329009868987930e-01
2.953367416716485283e-01
2.535977659580744836e-01
5.047896044390531856e-02
3.610732987398444505e-01
4.638831561321895558e-01
4.801105926266118207e-01
1.736557849840946743e-01
5.309736643220479557e-01
2.634117807526098476e-01
1.384566825376413735e-01
3.296517901945467677e-01
2.607912675830169613e-01
5.627528176032241536e-01
3.753589113121917897e-01
2.758440530416100822e-01
2.018537431239047497e-01
4.898295796036512550e-01
0.000000000000000000e+00
6.351585014409222296e-01
6.424207157404713264e-01
6.317606444188722525e-01
6.406926406926407580e-01
5.000000000000000000e-01
6.432804986218289001e-01
2.975336874976277635e-01
2.772867097784483259e-01
4.414121100367721651e-01
2.817812633628228314e-01
5.050704225352113941e-01
3.439775535742538581e-01
7.017955546180820736e-01
5.956029229385357837e-01
6.840152764486840953e-01
1.755632481491715691e-01
7.163947737506457525e-01
6.192726862109595443e-01
2.564581408408190821e-01
6.101019571076995440e-01
1.774725255118536626e-01
5.039786122733059814e-01
5.160744844975853063e-01
3.558873160068447561e-01
3.386438116823863309e-01
7.435187969924812457e-01
0.000000000000000000e+00
