6.763889654405161878e-01
6.565233647717416687e-01
6.637850367406472607e-01
6.642779317149158924e-01
3.953261622340105141e-01
6.655303846518718647e-01
1.679294981632918904e-01
3.544035491166243057e-01
2.454508320291727275e-01
4.658203403433919254e-01
7.867765883582577002e-01
3.060178401872079013e-01
4.694003648232124570e-01
7.589574790651956171e-01
8.017562054845439601e-01
1.470264067907303129e-01
3.536107433238582232e-01
7.097486791038528642e-01
1.736744346539840222e-01
3.945807524579213466e-01
7.155277420442990310e-02
6.335179314186615285e-01
5.804816289972052346e-01
1.591946297594586390e-01
3.189442470250457573e-01
8.224772314022302799e-01
0.000000000000000000e+00
3.268415804561884963e-01
3.278982971775134536e-01
3.592144740430948113e-01
2.988144472015439868e-01
2.883116883116883522e-01
3.336369464850957312e-01
1.376853349344852040e-01
1.097424412094065715e-01
8.616909453187687751e-02
4.220311953012567674e-02
1.459416233506597438e-01
2.303261793385742440e-01
4.594314173064951157e-01
5.283372365339579213e-01
3.351568000866598229e-01
1.220938402541260626e-01
9.867018144368130961e-02
2.793994995829858219e-01
2.025262649035877160e-01
7.409013697639960094e-02
2.635838150289017690e-01
1.259033371691599124e-01
1.284330484330484246e-01
1.228426395939086202e-01
6.394181186560279895e-02
3.097762373209643205e-01
0.000000000000000000e+00
8.817204301075268758e-01
8.760107816711589779e-01
7.676767676767677351e-01
6.333333333333333037e-01
1.000000000000000000e+00
8.452040873679007582e-01
0.000000000000000000e+00
0.000000000000000000e+00
0.000000000000000000e+00
0.000000000000000000e+00
0.000000000000000000e+00
0.000000000000000000e+00
0.000000000000000000e+00
0.000000000000000000e+00
2.848101265822785000e-01
4.304093567251462416e-01
1.386973180076628287e-01
0.000000000000000000e+00
0.000000000000000000e+00
0.000000000000000000e+00
0.000000000000000000e+00
0.000000000000000000e+00
0.000000000000000000e+00
0.000000000000000000e+00
0.000000000000000000e+00
0.000000000000000000e+00
0.000000000000000000e+00
5.056538604474305476e-01
4.875722007091157773e-01
5.367368671176739880e-01
4.460130133432124167e-01
3.168788720278439275e-01
5.072193619335824133e-01
1.716461375507392084e-01
2.436596481704865202e-01
1.848801832186595107e-01
3.212761769169321102e-01
4.267365889602164897e-01
9.797831041921578610e-02
4.190966606398907057e-01
4.795230079327883477e-01
5.784052331674135461e-01
7.210810195946981693e-02
4.178510476819676800e-01
4.271797738903183039e-01
1.121369992250209613e-01
1.906901142181942621e-01
7.308844290443805569e-02
5.110818459163177785e-01
4.024580745590893294e-01
1.739821206445997248e-01
1.834611664923051499e-01
6.180290776330176206e-01
0.000000000000000000e+00
4.131785160283818481e-01
3.927908328664727611e-01
4.394227315704972714e-01
3.432579520465967593e-01
2.116249139202708296e-01
4.122964904117956131e-01
1.204982904237799635e-01
1.478900797815899115e-01
1.244748283246713549e-01
2.584135365124546335e-01
3.325697461471950334e-01
6.582529593982866523e-02
3.455710406087190711e-01
3.864643564167747902e-01
4.708592412813611405e-01
5.233960889318961529e-02
3.578343923472429022e-01
2.949563297177817400e-01
7.971993754000544774e-02
1.332266219281589836e-01
4.928481916704613441e-02
4.324773341176912367e-01
3.471859461329785956e-01
1.391741602848772796e-01
1.278700439472233996e-01
5.352596712231305620e-01
0.000000000000000000e+00
7.014409221902018210e-01
7.011929007855688400e-01
6.777905638665132626e-01
6.753246753246753276e-01
3.750000000000000000e-01
6.936028160368886697e-01
1.899940464960349074e-01
3.887429808463643277e-01
2.324070433900971011e-01
4.566929133858267376e-01
7.903744072475051841e-01
3.290019491228947102e-01
4.942791762013729606e-01
7.568738682265088169e-01
7.879279497423893330e-01
1.873878390123708826e-01
3.475931252525732429e-01
7.366024037496294863e-01
1.904761904761904656e-01
4.155467720685113164e-01
7.798483282165658004e-02
6.240489158484373577e-01
6.105913327077772124e-01
1.738745804321031319e-01
3.735788964795828671e-01
8.193633276740237559e-01
0.000000000000000000e+00
