4.687430129130492062e-01
4.561291662927045021e-01
4.700688881682577591e-01
4.555618790183277866e-01
4.909515428940363080e-01
4.617246244765684793e-01
2.471818062144727768e-01
2.750281238927497762e-01
2.695171865034873271e-01
6.793749764415949466e-01
6.265397178619372953e-01
3.729041845902488772e-01
4.799937185689490127e-01
6.413690679038202003e-01
5.892778311180479900e-01
2.190741431794547278e-01
7.302310305226924481e-01
4.413874706122715708e-01
2.390865564288593426e-01
6.446225105450914539e-01
1.923503174806810434e-01
5.627623371995170709e-01
5.914032443646080051e-01
3.497453965532211217e-01
3.046316331387043386e-01
6.789462469562218550e-01
0.000000000000000000e+00
4.273650754082015946e-02
4.680817976829175497e-02
5.809619056277844085e-02
4.234904880066171773e-02
3.636363636363636187e-02
4.772156190230225636e-02
1.379356604330445046e-01
7.801418439716312214e-02
2.666239561853635531e-01
1.440950639853748050e-01
1.991268709907341172e-01
3.239280416482392955e-01
1.417550626808100622e-01
4.510714285714286786e-01
4.142606200054429477e-01
1.019273141284493533e-01
1.845101490608498651e-01
2.293577981651375719e-01
9.226109460366146986e-02
8.728179551122194901e-02
3.293352601156069315e-01
2.077650158137380743e-01
3.310039599347774919e-01
2.403702597790384754e-01
2.316871352669627737e-02
1.897265353972772961e-01
0.000000000000000000e+00
8.064516129032258673e-01
7.978436657681940991e-01
7.272727272727274039e-01
6.333333333333333037e-01
1.000000000000000000e+00
8.088754346216497915e-01
0.000000000000000000e+00
0.000000000000000000e+00
0.000000000000000000e+00
0.000000000000000000e+00
0.000000000000000000e+00
0.000000000000000000e+00
0.000000000000000000e+00
0.000000000000000000e+00
0.000000000000000000e+00
0.000000000000000000e+00
4.447174447174447320e-01
0.000000000000000000e+00
0.000000000000000000e+00
0.000000000000000000e+00
0.000000000000000000e+00
0.000000000000000000e+00
0.000000000000000000e+00
0.000000000000000000e+00
0.000000000000000000e+00
0.000000000000000000e+00
0.000000000000000000e+00
8.915191290447621597e-02
8.923966159215823701e-02
1.084168248043848592e-01
9.341415502729355502e-02
2.493565802736343873e-01
9.653649574774880726e-02
1.902780161447761298e-01
2.424377538118753228e-01
2.656368047352476447e-01
6.704150455443220746e-01
4.528298190955984959e-01
1.487328886441597886e-01
3.184772189336069204e-01
3.989703583587935753e-01
5.061705644840591711e-01
2.538078338459226480e-01
6.209448585353563033e-01
2.254976201259452639e-01
6.850419978495181361e-02
5.410213116155659918e-01
3.011912353622835381e-01
6.188906340793383087e-01
3.959206524569549579e-01
2.329331503766258749e-01
1.935499302687089251e-01
4.640177585812429450e-01
0.000000000000000000e+00
5.911065595286124630e-02
5.840683231780152695e-02
7.058604349228533859e-02
5.819509564016400738e-02
1.583438902907088330e-01
6.341396190964443402e-02
1.348534927911098635e-01
1.469945034895279168e-01
1.874447229060634823e-01
6.067161162372725070e-01
3.574533272318627386e-01
1.026703746548511265e-01
2.529262113352441221e-01
3.095611414674822592e-01
3.959301941753170517e-01
1.978516838331927929e-01
5.628722144018696305e-01
1.311254028423320950e-01
4.772748597707648921e-02
4.485608865801910539e-01
2.272380741516445424e-01
5.446939684210274635e-01
3.409514664163434405e-01
1.896569600166758685e-01
1.356264094376976037e-01
3.768179300384041364e-01
0.000000000000000000e+00
6.945244956772334000e-01
7.110852487634564678e-01
6.985040276179516061e-01
6.753246753246753276e-01
5.000000000000000000e-01
7.032090786212698008e-01
2.643323271839118638e-01
2.818847207085011797e-01
2.777290518516579709e-01
7.129666345663624449e-01
6.102775947721728045e-01
3.915961883542448119e-01
5.217391304347824832e-01
6.362331998521724152e-01
5.735265229260230191e-01
2.462292554506710918e-01
7.360537102377500140e-01
4.677027787290981564e-01
2.772754671488848466e-01
6.431183930517830882e-01
1.791362907895759360e-01
5.446524853894595397e-01
6.198182850653035647e-01
3.598413276483389822e-01
3.480803528408957792e-01
7.074853801169589396e-01
0.000000000000000000e+00
