3.144600492308353701e-01
3.035194292367264790e-01
2.703480656676540139e-01
2.663328054473181883e-01
2.054687433250903528e-01
2.847242306104618148e-01
1.213549825795445236e-01
3.046940249157055192e-01
2.312288040082178808e-01
5.903786208825100301e-01
4.699023557518032801e-01
3.445721537907234788e-01
4.560819554701145417e-02
8.940144988460354547e-01
6.756609573104310762e-01
3.054977217576027027e-01
4.277239473530007885e-01
5.065771410847975664e-01
2.837306321988426472e-01
1.368130495391732815e-01
2.926059246756334553e-01
6.892645136505414216e-01
2.522626354902466339e-01
5.133455078092103996e-01
2.813781831882710138e-01
9.720916081791904917e-01
0.000000000000000000e+00
1.001807304000996990e-02
9.213902495917900004e-03
5.939933933387889220e-03
1.163496002205680058e-02
3.896103896103896014e-02
9.978101798350472174e-03
1.192716857610475190e-01
3.520309477756284888e-01
7.916047811019166769e-02
1.037236601558741422e-01
1.968395334174022349e-01
5.470206655136777840e-02
6.416241450439691407e-02
6.446064139941692916e-01
1.785654642618570431e-01
6.924055409484858314e-02
9.532694059964422206e-02
1.976005645730415372e-01
1.450964887057095143e-01
1.087706266249270359e-01
1.243454607276436863e-01
2.580627407815080376e-01
2.261943102522813165e-01
2.738130785309048632e-01
2.268903001682678888e-02
1.881040514718778645e-01
0.000000000000000000e+00
1.000000000000000000e+00
9.353099730458221961e-01
9.090909090909091717e-01
7.166666666666666741e-01
1.000000000000000000e+00
9.157358944984498317e-01
0.000000000000000000e+00
0.000000000000000000e+00
0.000000000000000000e+00
0.000000000000000000e+00
0.000000000000000000e+00
0.000000000000000000e+00
0.000000000000000000e+00
0.000000000000000000e+00
0.000000000000000000e+00
0.000000000000000000e+00
5.261627906976744651e-01
0.000000000000000000e+00
0.000000000000000000e+00
0.000000000000000000e+00
0.000000000000000000e+00
0.000000000000000000e+00
0.000000000000000000e+00
0.000000000000000000e+00
0.000000000000000000e+00
0.000000000000000000e+00
0.000000000000000000e+00
1.088154052488243817e-02
6.201206711707873964e-03
1.038460186685186137e-03
0.000000000000000000e+00
6.069576729697245820e-02
3.512357669582133468e-03
9.590788280163953239e-02
5.095852958717970171e-01
2.329162402259078446e-01
6.890261067917327065e-01
3.373150940679344734e-01
4.077433849254230580e-02
2.607477323122053825e-02
7.313199666252081510e-01
6.267483389615476908e-01
2.370981250819785835e-01
3.908695748033703676e-01
3.562502105693152177e-01
3.068586567912459095e-01
1.857237107034770407e-01
3.500117674513291144e-01
7.288334733240702246e-01
3.261767754980713363e-01
3.145435194048233907e-01
1.546856312301796432e-01
6.750680337096240935e-01
0.000000000000000000e+00
6.899733815846131879e-03
3.863306193911120179e-03
6.324607964038053698e-04
0.000000000000000000e+00
3.297456125382691727e-02
2.183152381356023852e-03
6.471579762000606584e-02
3.797158411075823858e-01
1.613008792979549189e-01
6.272556787962666469e-01
2.512698721718688022e-01
2.654507301533703956e-02
1.840527807753256084e-02
6.580563095400052687e-01
5.235763637645803881e-01
1.836553600303703626e-01
3.321262758720789909e-01
2.323272816778226835e-01
2.376056008879050552e-01
1.294133728466570488e-01
2.700754366102735560e-01
6.666628466096475858e-01
2.756622622889490781e-01
2.623225251417916626e-01
1.061620691795412408e-01
5.981601943232196517e-01
0.000000000000000000e+00
5.550432276657060182e-01
5.760837940064009732e-01
5.420023014959723939e-01
5.194805194805194315e-01
2.500000000000000000e-01
5.421085290725221606e-01
1.350155680503892786e-01
2.012786678714544308e-01
2.543272077654857855e-01
6.065741941602035281e-01
4.764551863419321798e-01
3.671425842232250991e-01
6.643869076697606069e-02
8.969030940334723478e-01
7.013981634500767726e-01
3.432059770465765158e-01
4.185483338972484368e-01
5.282599146622717345e-01
2.906122448979592265e-01
1.322658707751875884e-01
2.937964816876917906e-01
6.538939769382329237e-01
2.498570396100208146e-01
5.391815066839982240e-01
3.381534548584546052e-01
9.841290322580642513e-01
0.000000000000000000e+00
