4.937651168157739523e-01
4.891123415819396136e-01
5.065184370854880491e-01
5.427794117726816303e-01
3.587109786207431927e-01
4.954968096105727415e-01
3.565822584512102211e-01
4.931758615398604828e-01
2.184621434803286633e-01
4.091859556440534673e-01
4.085569338206099799e-01
3.936702474475163305e-01
4.636473223589899773e-01
5.447130253028837910e-01
3.370363781110107260e-01
3.902530473686589563e-01
3.083739642138594306e-01
4.401830155829190572e-01
5.632133232918519194e-01
9.905972947568674192e-01
3.324024889907045144e-01
6.458149688343067796e-01
5.724255993168025913e-01
3.316360750338287477e-01
7.425583535294127957e-01
4.331027562268620068e-01
0.000000000000000000e+00
2.271749968839586464e-01
2.245859575460695812e-01
2.162923902172924628e-01
2.145023435346015694e-01
1.272727272727272596e-01
2.246411093872414666e-01
2.803281306135484430e-01
6.688077077478924437e-01
1.893561941378925639e-01
1.374696093028515698e-01
9.982704166040007321e-02
5.632400195121251008e-01
2.186955005231949745e-01
3.942857142857144614e-01
7.481629926519706153e-02
8.464796961729476044e-02
6.269579554822753975e-01
6.669019054340153962e-01
2.713161611649537730e-01
1.496259351620947697e-01
4.560562270099842164e-01
6.001000182829120400e-01
2.798416737348035088e-01
2.533158670378254929e-01
2.210534703960474745e-01
1.833863674426394197e-01
0.000000000000000000e+00
3.924731182795699880e-01
3.908355795148248379e-01
3.030303030303030942e-01
3.166666666666666519e-01
0.000000000000000000e+00
3.555133804274004938e-01
0.000000000000000000e+00
0.000000000000000000e+00
0.000000000000000000e+00
0.000000000000000000e+00
0.000000000000000000e+00
0.000000000000000000e+00
0.000000000000000000e+00
0.000000000000000000e+00
0.000000000000000000e+00
0.000000000000000000e+00
0.000000000000000000e+00
0.000000000000000000e+00
0.000000000000000000e+00
0.000000000000000000e+00
0.000000000000000000e+00
0.000000000000000000e+00
0.000000000000000000e+00
0.000000000000000000e+00
0.000000000000000000e+00
0.000000000000000000e+00
0.000000000000000000e+00
4.577707501560690506e-01
4.477814843405233391e-01
4.531421093945087186e-01
4.305952340759066077e-01
3.044514980849685193e-01
4.557919824927424424e-01
2.970613413996336938e-01
4.346791693438350479e-01
1.741983335449982517e-01
3.805149105745782023e-01
2.513034272884197007e-01
1.634823839435287640e-01
4.612716219962305075e-01
3.368514965539728401e-01
3.318412991311127103e-01
2.658357306260090702e-01
5.029284635284199112e-01
3.514616447485830464e-01
5.607346362661727035e-01
8.892044176950002488e-01
3.477175267680737702e-01
6.376761136004929220e-01
3.917302032741227791e-01
2.716345574216931791e-01
5.826678889542817874e-01
3.640034150940275604e-01
0.000000000000000000e+00
3.659433129194619161e-01
3.539759526092610686e-01
3.561590975261836878e-01
3.286313323490521188e-01
2.014857046554641151e-01
3.615915219701195671e-01
2.219438652528885614e-01
3.069792970265920462e-01
1.165371733221681472e-01
3.125595784513755526e-01
1.788784843810465319e-01
1.137292063905531725e-01
3.862222241276520029e-01
2.535610780731379910e-01
2.340552572278471744e-01
2.081725338287688243e-01
4.412489011183888810e-01
2.282950193419677754e-01
4.805367167204908085e-01
8.525207248794661741e-01
2.680248597797117993e-01
5.649956026227196393e-01
3.369655336879538998e-01
2.237143311128753087e-01
4.924303305263168506e-01
2.828342889534113391e-01
0.000000000000000000e+00
5.804034582132564513e-01
5.981961012510912390e-01
5.903337169159953435e-01
6.060606060606059664e-01
2.500000000000000000e-01
5.883316480577639451e-01
3.668910915458652999e-01
5.217340006095941840e-01
2.063822963438101121e-01
3.710629921259841479e-01
4.269191419704669865e-01
3.997641359895508506e-01
4.913043478260870067e-01
5.511850778380349425e-01
3.391376647432911562e-01
4.531433919377958475e-01
2.792102707951236162e-01
4.464022739794283323e-01
5.852646143203044105e-01
9.767906660388218087e-01
3.343622018576414279e-01
6.278998914729269076e-01
5.961821194371190735e-01
3.514273436876074186e-01
7.818409635213930953e-01
4.361872705018359220e-01
0.000000000000000000e+00
