4.866796079323856272e-01
4.925244457699164968e-01
4.916189046273782282e-01
6.013731670323829714e-01
7.435987092349982674e-01
4.978447448031599887e-01
6.564360743884409821e-01
6.860354710749364537e-01
2.596798115806435714e-01
1.341340280239143867e-01
2.852256642119262997e-01
5.594157688084416824e-01
8.833147925766423603e-01
3.608910101176317498e-01
1.661401609479968011e-01
5.200163729918465538e-01
6.895465401092386593e-01
2.476068856026642229e-01
5.372085168987090764e-01
9.071772456835699439e-01
5.760891796969278555e-01
5.091712812811400868e-01
3.547792500021562656e-01
3.542175834183305394e-01
7.063600067375134239e-01
3.609181587129373092e-01
0.000000000000000000e+00
9.315405708587810862e-02
9.811834227509526329e-02
9.543291814407371676e-02
1.180590019299696675e-01
5.714285714285714801e-02
9.952469072644809511e-02
4.149049199301932944e-01
3.223549985426988895e-01
2.853139239994746945e-01
7.320284833995988061e-02
7.003805620608899440e-01
1.698111279038968524e-01
8.360655737704918433e-01
3.375000000000000222e-01
2.189720140096029777e-01
2.079072937968643453e-01
2.977858909433518386e-01
2.455477603885590776e-01
1.816403125450894995e-01
2.531935467453814148e-01
3.533685469404027057e-01
4.007449579068499412e-01
5.207729468599033851e-01
2.842639593908630191e-01
1.521374144388480121e-01
1.678057419370930781e-01
0.000000000000000000e+00
3.172043010752688685e-01
2.237196765498652429e-01
2.121212121212121271e-01
1.499999999999999944e-01
1.000000000000000000e+00
2.589583958709568701e-01
0.000000000000000000e+00
0.000000000000000000e+00
0.000000000000000000e+00
0.000000000000000000e+00
0.000000000000000000e+00
0.000000000000000000e+00
0.000000000000000000e+00
0.000000000000000000e+00
0.000000000000000000e+00
0.000000000000000000e+00
4.713541666666666297e-01
0.000000000000000000e+00
0.000000000000000000e+00
0.000000000000000000e+00
0.000000000000000000e+00
0.000000000000000000e+00
0.000000000000000000e+00
0.000000000000000000e+00
0.000000000000000000e+00
0.000000000000000000e+00
0.000000000000000000e+00
1.413078440610229247e-01
1.480609247404844897e-01
1.560596817320569762e-01
1.995650880092598722e-01
4.065328177453351177e-01
1.561046386133305708e-01
4.656960705885988538e-01
5.239551348819588839e-01
2.047794040818184946e-01
2.403650795817409147e-01
2.208589338272622937e-01
6.996778458746188978e-02
7.533051757506079582e-01
2.674056701429072813e-01
3.295856156607632759e-01
6.280124729896721103e-01
6.769970105297700158e-01
2.125387861782082610e-01
4.273082647194612615e-01
8.776682003726561376e-01
5.480027286422958221e-01
4.960314565684400545e-01
1.945479811316930263e-01
2.803825427643769075e-01
5.372737705501440253e-01
3.120416877071457984e-01
0.000000000000000000e+00
9.641829431634252323e-02
1.002088966122927638e-01
1.045143647684344812e-01
1.331347105918310181e-01
2.892215430474125992e-01
1.060751784586513313e-01
3.761867288581671742e-01
3.943361451976428733e-01
1.395058109290414350e-01
1.877273320592656725e-01
1.546197501668182817e-01
4.629382593071762475e-02
6.971807886502108254e-01
1.943624461322687735e-01
2.321363933858928419e-01
5.589902781670490484e-01
6.230447723140850602e-01
1.221016487104632925e-01
3.476297981754377098e-01
8.376904161056528686e-01
4.609716023310659327e-01
4.173932672679643852e-01
1.585329690923106272e-01
2.315131246263000264e-01
4.450157342954390027e-01
2.367745554917719542e-01
0.000000000000000000e+00
6.541786743515849434e-01
6.843177189409368477e-01
6.616800920598390201e-01
7.619047619047618625e-01
7.500000000000000000e-01
6.723335645503153435e-01
6.705041831517986051e-01
6.997373655234557788e-01
2.741594830957930773e-01
1.302288385826769757e-01
2.755044975736773427e-01
5.776592840913897797e-01
9.057971014492751660e-01
3.688156561273240874e-01
1.594965690557959559e-01
5.353174671386240480e-01
6.697032293911788781e-01
2.555992463711820317e-01
5.495905368516833533e-01
9.070304462142287916e-01
5.875773364567696833e-01
4.937163554929996367e-01
3.733268435142367281e-01
3.611245333492552056e-01
7.310564003745908535e-01
3.471512113617375439e-01
0.000000000000000000e+00
