4.664451651795318288e-01
4.810823897328209142e-01
4.983503748606192829e-01
6.085814841451804291e-01
4.849199704112727716e-01
4.822490054690249384e-01
9.218816581357212048e-01
4.269368189471454134e-01
4.104452210648334987e-01
8.339833132456131448e-02
3.046384215064604772e-01
7.130910445488526372e-01
7.750392248624512481e-01
2.413125395189870681e-01
1.541437500810970695e-01
2.594674563070429318e-01
4.711638966543338913e-01
1.637788475073813921e-01
7.017476269789497678e-01
4.834485842788615040e-01
6.703340660359429215e-01
3.890478154407824851e-01
4.708516687553099267e-01
5.955500307976748786e-01
6.417018626585581087e-01
2.051140906971017364e-01
0.000000000000000000e+00
1.349090115916739552e-01
1.390171837337687566e-01
1.335575961451040961e-01
1.552247036118004075e-01
1.324675324675324561e-01
1.382279592561270198e-01
8.931043888857536084e-01
3.236143945363803009e-01
2.234973467364910760e-01
3.170618570765914579e-01
1.141686182669788829e-01
2.982075954292234821e-01
1.256830601092895905e-01
2.969387755102042004e-01
4.478253142370367534e-01
1.410547789876062663e-01
2.171486266357372796e-01
1.292743953294411829e-01
2.347227134060689835e-01
1.186549754645644106e-01
3.293352601156069315e-01
1.536751187122203932e-01
2.313058482775620650e-01
2.106956459569599982e-01
1.626538255751738549e-01
3.683079327862445740e-01
0.000000000000000000e+00
7.419354838709678601e-01
6.684636118598382692e-01
6.060606060606061884e-01
4.333333333333333481e-01
1.000000000000000000e+00
6.457274091402569471e-01
0.000000000000000000e+00
0.000000000000000000e+00
0.000000000000000000e+00
0.000000000000000000e+00
0.000000000000000000e+00
0.000000000000000000e+00
0.000000000000000000e+00
0.000000000000000000e+00
0.000000000000000000e+00
0.000000000000000000e+00
4.750656167979002698e-01
0.000000000000000000e+00
0.000000000000000000e+00
0.000000000000000000e+00
0.000000000000000000e+00
0.000000000000000000e+00
0.000000000000000000e+00
0.000000000000000000e+00
0.000000000000000000e+00
0.000000000000000000e+00
0.000000000000000000e+00
1.310025216690078320e-01
1.422010847586681059e-01
1.583096371162806548e-01
1.943124967974784179e-01
2.547317808068471079e-01
1.469599019535700046e-01
8.888522265377030163e-01
3.223152733032488837e-01
2.994058717335504882e-01
1.996812872246425119e-01
1.204230113897239995e-01
1.343062108577149916e-01
4.682866716752820402e-01
1.016003325932569590e-01
3.312866097725553072e-01
1.771785582216749422e-01
4.491390098830752020e-01
1.270856525919558666e-01
6.061361479958478071e-01
4.621883681353069484e-01
6.140469639721145567e-01
4.635883546048127357e-01
3.406426554604915502e-01
2.513500989426811216e-01
4.445592779671740935e-01
1.843330954211918060e-01
0.000000000000000000e+00
8.888724530373776078e-02
9.592679563737555037e-02
1.061605788156581298e-01
1.292061257574571020e-01
1.624229672554559079e-01
9.935083081793866233e-02
8.533130178577580383e-01
2.088049842604233208e-01
2.153263113917739113e-01
1.536109552723768368e-01
7.965052024576829703e-02
9.200671727720793891e-02
3.930880351812020002e-01
6.756652955115877157e-02
2.335829782026568047e-01
1.341051852534640987e-01
3.880955741785572233e-01
6.714139377378612605e-02
5.284050025487297964e-01
3.696337284503687370e-01
5.307762822856456619e-01
3.853622738055893504e-01
2.890203924416867576e-01
2.057734552863094146e-01
3.529262908084254691e-01
1.316165690290518331e-01
0.000000000000000000e+00
6.991354466858790140e-01
7.291242362525458542e-01
7.100115074798619696e-01
8.095238095238095344e-01
5.000000000000000000e-01
7.175060516714931724e-01
9.008313560942309284e-01
4.758214085559498985e-01
4.259611253979557199e-01
7.811852465810176227e-02
3.146018970968667006e-01
7.197039957973109248e-01
8.228423101881894297e-01
2.615981465455530786e-01
1.512666158443082831e-01
3.136084717148917012e-01
4.665750577760616746e-01
1.766196609514323057e-01
7.070217917675545305e-01
4.667200961731116093e-01
6.834251641798690935e-01
3.711512929296431063e-01
4.669311884070470597e-01
6.338057447939731137e-01
6.756225462354760181e-01
2.115198107628621926e-01
0.000000000000000000e+00
