4.774554873080101292e-01
4.789340665989916257e-01
4.904400409219700219e-01
5.693701232490815389e-01
6.690299341081915596e-01
4.867203599662786040e-01
6.076605950561135838e-01
5.422349054828576875e-01
2.941553776570703382e-01
2.707055724934838148e-01
3.716653456093289565e-01
5.654792935207856308e-01
7.424274499567838914e-01
3.502167992448210199e-01
2.575527938585961962e-01
3.855550879940683462e-01
7.260559520973295378e-01
3.004297035844113450e-01
5.319339534153944005e-01
7.049840921770585966e-01
4.971228384960665880e-01
4.840102554005721869e-01
4.898552930968862462e-01
4.404527552665495893e-01
8.151216084147058227e-01
3.147665572366293851e-01
0.000000000000000000e+00
1.732051601645269723e-01
1.854288157997045494e-01
2.123223323332424362e-01
1.736972704714639937e-01
4.415584415584415667e-02
1.830555457173225764e-01
5.209587057786730924e-01
7.143420015760442165e-01
1.469104368531485294e-01
8.488419502058319743e-02
2.704918032786884918e-01
2.389093126702798164e-01
7.745901639344263678e-01
5.181818181818181879e-01
1.768385255359202768e-01
1.739047216093969062e-01
1.704771804416953251e-01
2.455477603885590776e-01
5.981452103509861118e-01
1.673236264178263877e-01
4.149274921407564709e-01
2.436427294762872897e-01
6.929292929292929504e-01
1.776649746192894286e-01
2.643124665596575662e-01
2.092081423851645527e-01
0.000000000000000000e+00
3.064516129032258673e-01
2.264150943396226467e-01
2.222222222222222376e-01
2.333333333333333093e-01
1.000000000000000000e+00
2.651639126525759393e-01
0.000000000000000000e+00
0.000000000000000000e+00
0.000000000000000000e+00
0.000000000000000000e+00
0.000000000000000000e+00
0.000000000000000000e+00
0.000000000000000000e+00
0.000000000000000000e+00
0.000000000000000000e+00
0.000000000000000000e+00
2.666994106090373462e-01
0.000000000000000000e+00
0.000000000000000000e+00
0.000000000000000000e+00
0.000000000000000000e+00
0.000000000000000000e+00
0.000000000000000000e+00
0.000000000000000000e+00
0.000000000000000000e+00
0.000000000000000000e+00
0.000000000000000000e+00
1.712508725007961807e-01
1.770627108531200866e-01
1.999281863509496660e-01
2.114062495257750252e-01
3.659683674251660301e-01
1.861036435732096317e-01
4.355777143099797133e-01
4.207752520972338206e-01
2.538508327620302429e-01
3.030335851651584367e-01
2.225146472340410186e-01
1.027468450507115216e-01
6.314003750858352415e-01
2.663369753225315328e-01
3.432839804273496442e-01
3.912034430409749852e-01
5.952911582585294070e-01
2.233113090375841714e-01
4.589156905892777250e-01
6.323273016777739564e-01
4.814770350859144399e-01
4.889632779493782166e-01
3.897382561865878614e-01
2.331579878107168380e-01
5.786971554909716708e-01
2.864597531473028758e-01
0.000000000000000000e+00
1.187462717669897083e-01
1.217856167401491496e-01
1.373259627737536126e-01
1.420752786541176760e-01
2.531442590683083416e-01
1.285801321560755550e-01
3.471380212992272174e-01
2.941197840342057446e-01
1.779287913795349063e-01
2.421467196059769456e-01
1.559207050118509574e-01
6.920721569474330703e-02
5.611125109263050970e-01
1.934795425243261424e-01
2.438584419059236230e-01
3.208367771255531964e-01
5.358498583869522047e-01
1.295902605342605374e-01
3.780663269765858203e-01
5.457603134877595519e-01
3.937568290375602631e-01
4.103584521836379229e-01
3.350736347560254735e-01
1.898527224150128312e-01
4.882218229079616223e-01
2.147938272487676103e-01
0.000000000000000000e+00
6.703170028818443704e-01
6.857724759965087014e-01
6.754890678941311011e-01
7.402597402597401732e-01
6.250000000000000000e-01
6.855159493340484689e-01
6.233918068681193470e-01
5.831144712695464083e-01
3.054589649235339710e-01
2.896101401958900423e-01
3.542828398965218728e-01
5.807684496591370982e-01
7.788279773156898678e-01
3.548714167276570408e-01
2.509506665301781125e-01
4.249046996086385253e-01
7.217539425751831050e-01
3.149487313450345383e-01
5.494715579609721345e-01
7.073978628305231942e-01
5.146276155681528408e-01
4.639984438197887195e-01
4.971215386503620159e-01
4.785594000402924042e-01
8.672433776713784903e-01
3.120338983050847670e-01
0.000000000000000000e+00
