2.306789807307345619e-01
2.248432393962460640e-01
2.278381665343940377e-01
2.494766437358226785e-01
4.627237666307524311e-01
2.245936230112337562e-01
2.807079854636791993e-01
4.403592724740712505e-01
2.424637311042815435e-01
5.855390033743747003e-01
4.549140130134540216e-01
4.757047792964900212e-01
6.725850917088510572e-01
5.839606455308814503e-01
5.366614031565344334e-01
2.409383460752638761e-01
8.601110391833097779e-01
3.717601556219781722e-01
3.276483631448319223e-01
6.055123746565159726e-01
3.307253494082487699e-01
5.802607768505988473e-01
4.557503924127455086e-01
3.984875911374217150e-01
4.535814890166026681e-01
5.839300424600241124e-01
0.000000000000000000e+00
1.004611741243923856e-01
1.008708498561542849e-01
9.749371154953480334e-02
1.009649848359525787e-01
1.402597402597402509e-01
1.023874056845489044e-01
3.423013974568803741e-01
3.840985442329226673e-01
1.696394552701405156e-01
2.363695020969997507e-01
2.299635701275045685e-01
4.314314692042816590e-01
1.893105771390073966e-01
4.591836734693878208e-01
2.068933188013453162e-01
9.251558605428855664e-02
2.727940310501777432e-01
2.293577981651375719e-01
2.558803795648423862e-01
1.552241844368670298e-01
2.026142932212296466e-01
2.543992784499113924e-01
1.118565105986489283e-01
3.010953780390062118e-01
1.164453524004085694e-01
5.155517291910902689e-01
0.000000000000000000e+00
6.451612903225807383e-01
5.902964959568733905e-01
4.545454545454545858e-01
2.833333333333333259e-01
1.000000000000000000e+00
5.425723170609182411e-01
0.000000000000000000e+00
0.000000000000000000e+00
0.000000000000000000e+00
0.000000000000000000e+00
0.000000000000000000e+00
0.000000000000000000e+00
0.000000000000000000e+00
0.000000000000000000e+00
0.000000000000000000e+00
0.000000000000000000e+00
5.691823899371069029e-01
0.000000000000000000e+00
0.000000000000000000e+00
0.000000000000000000e+00
0.000000000000000000e+00
0.000000000000000000e+00
0.000000000000000000e+00
0.000000000000000000e+00
0.000000000000000000e+00
0.000000000000000000e+00
0.000000000000000000e+00
1.230434000844851106e-01
1.238798228817796776e-01
1.326483080459665009e-01
1.384038294720228990e-01
3.292697327477103197e-01
1.309782894103252993e-01
3.004512035475521703e-01
4.376447733262601170e-01
2.697504019007262999e-01
6.635929054425673268e-01
4.293787146377939790e-01
1.791888750666558172e-01
5.706223042341278529e-01
5.235681344990206210e-01
4.847802400680768509e-01
3.110359396514197350e-01
8.724170696671746938e-01
3.143882017410710161e-01
3.786821302851233195e-01
6.133571771603454348e-01
5.091452938823229912e-01
6.483917737717403984e-01
3.470994351877840778e-01
3.998371050096489743e-01
4.099460692230789682e-01
6.276465853165237307e-01
0.000000000000000000e+00
8.312456053709604831e-02
8.270652904143033224e-02
8.762019920135513673e-02
8.881224368391132939e-02
2.218838599452451765e-01
8.775166233265518922e-02
2.248429192032340707e-01
3.097481353676728166e-01
1.907922357928955315e-01
5.992370773763466829e-01
3.350655355546259262e-01
1.256796025438882136e-01
4.966262015640081073e-01
4.305602477793326610e-01
3.746252375700674930e-01
2.477220114471015422e-01
8.449550230158626718e-01
1.979155503992735543e-01
3.020753137998667404e-01
5.250547997544339207e-01
4.213339218354962279e-01
5.766755555350777662e-01
2.950137822517331365e-01
3.417156144111455074e-01
3.201819273237364594e-01
5.457056079328421738e-01
0.000000000000000000e+00
4.086455331412104375e-01
4.332266511492581795e-01
4.246260069044879293e-01
4.329004329004328966e-01
3.750000000000000000e-01
4.256382378237174580e-01
2.970297485208454047e-01
4.455256634419006989e-01
2.432932120891975192e-01
6.089238845144354650e-01
4.278018748081711120e-01
4.877949554602268867e-01
7.038551703073741006e-01
5.832993883801811386e-01
5.240239995592994582e-01
2.881953751001815611e-01
8.226265221323616483e-01
3.825902842331664333e-01
3.524189336751650803e-01
6.056422559820682228e-01
3.241233745728792082e-01
5.748923446417152361e-01
4.870921242301138321e-01
4.219728062733887342e-01
4.774809872155375556e-01
5.728631714839409472e-01
0.000000000000000000e+00
