6.399931805575460597e-01
6.205259597224415113e-01
6.295021682821406728e-01
6.124588735789371352e-01
4.576009086294077211e-01
6.277827266625848335e-01
1.896820122183007773e-01
3.813482643547116968e-01
2.482216021853471677e-01
4.265952659269990344e-01
8.500136551954250441e-01
2.734505606390326138e-01
3.456039795359050482e-01
8.059585033017191424e-01
7.471913560130302168e-01
1.349197794477039469e-01
4.254053148308223342e-01
7.744281448711973770e-01
1.658613131285537889e-01
4.728726330788997068e-01
1.919026749104307816e-02
6.255001865248627224e-01
6.191736981867694833e-01
1.686201395852673368e-01
2.620032475792500870e-01
7.253901642294456886e-01
0.000000000000000000e+00
1.391935684905895587e-01
1.409765959101158539e-01
1.478619268418341348e-01
1.276537082988695726e-01
1.818181818181818232e-01
1.409207142548360991e-01
2.045754095273960571e-01
1.605718085106383475e-01
3.896058446168073619e-01
7.644568459540079797e-02
2.242553682752250754e-01
1.745829727557390854e-01
5.456995284078150488e-02
6.383795309168446286e-01
3.726583601986581673e-01
1.328730825017548911e-02
9.205335060652461432e-02
5.135709035472191264e-01
4.161703021091500698e-02
2.053689306146397331e-02
2.109826589595375501e-01
4.817987716111857832e-01
1.566471734892787016e-01
1.228426395939086202e-01
8.239700374531833127e-02
2.584524509411711413e-01
0.000000000000000000e+00
7.311827956989248589e-01
6.118598382749326214e-01
6.868686868686869618e-01
4.833333333333332815e-01
1.000000000000000000e+00
6.785290919724771275e-01
0.000000000000000000e+00
0.000000000000000000e+00
0.000000000000000000e+00
0.000000000000000000e+00
0.000000000000000000e+00
0.000000000000000000e+00
0.000000000000000000e+00
0.000000000000000000e+00
6.164383561643835829e-01
2.139534883720930480e-01
4.209302325581395499e-01
0.000000000000000000e+00
0.000000000000000000e+00
0.000000000000000000e+00
0.000000000000000000e+00
0.000000000000000000e+00
0.000000000000000000e+00
0.000000000000000000e+00
0.000000000000000000e+00
0.000000000000000000e+00
0.000000000000000000e+00
2.966643784647973181e-01
2.829993488388297118e-01
3.052653423782349940e-01
2.581815324978349313e-01
3.086216639342707069e-01
2.942719407771153817e-01
1.811694222298478874e-01
2.840215750677393403e-01
1.636188859351378477e-01
2.825717658340529681e-01
4.960530446467524834e-01
9.980074419429008081e-02
2.436646512065514525e-01
4.797160670634863511e-01
5.010480014372727942e-01
2.919884464455169137e-02
4.571076918335741368e-01
4.725862694974008460e-01
2.472036479118155938e-02
2.146886318579370734e-01
2.569794294139804425e-02
5.125621393014536675e-01
6.221658220170263043e-01
1.281976573568437416e-01
1.680537577702803098e-01
4.988993517494121344e-01
0.000000000000000000e+00
2.194728751563025382e-01
2.060231715176146783e-01
2.222643609772609608e-01
1.785327861710913622e-01
2.048713042635424419e-01
2.154027023532385510e-01
1.278044395006038836e-01
1.783451986220829788e-01
1.087657735435491324e-01
2.241293403035374276e-01
3.998260659520432858e-01
6.711584131101921979e-02
1.880066570877401699e-01
3.866544814121040119e-01
3.907913229655343157e-01
2.082378189167050087e-02
3.958799290156009842e-01
3.379035208575997817e-01
1.687048891120884742e-02
1.519117233482437657e-01
1.690067033449349498e-02
4.339686375539159591e-01
5.681371177791390004e-01
1.011280081044295676e-01
1.161704159158556959e-01
4.112459989604666522e-01
0.000000000000000000e+00
7.602305475504322896e-01
7.733488507419261637e-01
7.629459148446490202e-01
7.316017316017315864e-01
3.750000000000000000e-01
7.614725684980531151e-01
1.985877830694335877e-01
4.218274898545655294e-01
2.501603592046183211e-01
4.441233836596113482e-01
8.453345070422535468e-01
2.901225376415664803e-01
3.741599231929775282e-01
8.069458955941455347e-01
7.326143961100981539e-01
1.684966474190217056e-01
4.054489570588761804e-01
8.052028652844808176e-01
1.858864027538726926e-01
4.963988254429151370e-01
2.050724048666191512e-02
6.264852473659715537e-01
6.147878474826289352e-01
1.804195988416155139e-01
2.948464247307749364e-01
7.270167675826735287e-01
0.000000000000000000e+00
