5.133931997929339630e-01
5.426877332307167290e-01
5.867711046546439935e-01
7.019279997872616139e-01
2.547986048878694287e-01
5.427145207211596656e-01
9.512580070344491823e-01
3.355617805287989253e-01
4.140349686966700027e-01
2.910234640925942751e-01
4.668176728996265012e-02
9.813367800273068431e-01
6.930592826737090872e-01
5.336718960703251691e-02
4.442317347392882310e-02
3.102599394228975349e-01
9.357432420146505336e-02
2.788162718236583681e-02
9.382686399295727675e-01
2.435269896896186115e-01
8.159273440095360375e-01
3.349828181267197058e-01
7.403610348349096704e-01
7.714793009904326038e-01
7.727162865085227539e-01
8.581688622904204422e-02
0.000000000000000000e+00
2.672784494578088199e-01
2.738900552056605653e-01
2.681758947783131619e-01
2.903225806451612545e-01
1.012987012987012908e-01
2.720299029915421718e-01
4.127001535424434930e-01
5.957446808510638014e-01
2.732065863588869492e-01
1.090898192825246471e-01
3.222501322051823935e-02
5.546931631598432944e-01
2.152647137866164906e-01
4.655462184873950804e-01
4.635103540414161616e-01
9.189851809844590269e-02
2.985514073725120676e-02
1.973311092577147985e-01
4.478826017131669612e-01
1.640635253970337271e-01
3.757996146435452212e-01
4.048131698827378555e-01
1.695940481966683455e-01
3.443470235348408126e-01
1.262101618260193792e-01
1.034361628738662553e-01
0.000000000000000000e+00
6.397849462365592377e-01
6.442048517520215789e-01
5.555555555555555802e-01
4.166666666666666297e-01
1.000000000000000000e+00
5.664856472016519540e-01
0.000000000000000000e+00
0.000000000000000000e+00
0.000000000000000000e+00
0.000000000000000000e+00
0.000000000000000000e+00
0.000000000000000000e+00
0.000000000000000000e+00
0.000000000000000000e+00
0.000000000000000000e+00
0.000000000000000000e+00
2.919354838709677380e-01
0.000000000000000000e+00
0.000000000000000000e+00
0.000000000000000000e+00
0.000000000000000000e+00
0.000000000000000000e+00
0.000000000000000000e+00
0.000000000000000000e+00
0.000000000000000000e+00
0.000000000000000000e+00
0.000000000000000000e+00
2.435498911940481293e-01
2.600860958598790740e-01
2.884040816387460904e-01
3.226298834307160801e-01
1.209450503794847753e-01
2.653791962198800425e-01
6.334972324274179556e-01
2.370500069884896033e-01
2.581542557985593289e-01
2.733945217140112405e-01
1.538815972000195931e-02
1.689814641840076126e-01
3.746190641689528533e-01
2.957171981544670647e-02
1.818540752575247277e-01
2.657136411600833359e-01
1.234711013363816168e-01
4.786797109408691409e-02
9.318430463090046079e-01
2.254798570239024968e-01
7.252778930344293551e-01
3.819980181133573183e-01
4.827489517628014148e-01
3.983183173074655858e-01
4.398734820954934843e-01
2.000937015848813783e-02
0.000000000000000000e+00
1.753930094386245142e-01
1.870815879924201397e-01
2.080844675483872475e-01
2.317460256411638664e-01
6.924969099868014122e-02
1.913417370635388526e-01
5.499755176840130932e-01
1.430641097071224666e-01
1.813904453546636708e-01
2.161268564011403215e-01
9.555916267058761626e-03
1.178927997775496839e-01
3.038643900965121714e-01
1.887167008740564533e-02
1.162364341862020811e-01
2.080673423173879377e-01
9.676885891230635472e-02
2.324039699639449119e-02
9.111639431974225545e-01
1.604534946703269904e-01
6.552688536392552443e-01
3.077351301646766291e-01
4.253584686861586750e-01
3.402710770865980949e-01
3.484414516670586992e-01
1.313416012426882329e-02
0.000000000000000000e+00
6.933717579250719965e-01
7.320337503636893395e-01
7.422324510932106767e-01
8.398268398268398105e-01
2.500000000000000000e-01
7.195170563142480047e-01
9.571220777326279183e-01
3.870564603220850719e-01
4.142393371632807630e-01
3.062688380569639213e-01
5.209719857607175708e-02
9.827382555898626082e-01
7.360330388895259812e-01
6.767430312808869752e-02
3.956810648197804647e-02
3.742485980620371411e-01
7.201852222890092747e-02
2.749150398553459884e-02
9.296375266524519176e-01
2.334533678130362722e-01
8.288536092606747507e-01
3.103287388115161249e-01
7.565233886236040206e-01
8.032682708634375501e-01
8.458028622952077358e-01
8.879841112214492682e-02
0.000000000000000000e+00
