2.392789633465888244e-01
2.256109959035044188e-01
2.298757149329206939e-01
2.152689624426231685e-01
4.406643155024794201e-01
2.254619590346960134e-01
1.897928929096486805e-01
4.556217124327008872e-01
2.116933174236985682e-01
7.167029476796512588e-01
6.297164671199940722e-01
3.790909078579777214e-01
5.946225526998613065e-01
6.902596623886558813e-01
6.470963437114202188e-01
1.551605495333887585e-01
8.644887368467422117e-01
4.933977175562596074e-01
1.678411140366039556e-01
5.513663646059420165e-01
1.425620255125897295e-01
5.205690700211772493e-01
5.059679414179343304e-01
4.374668450257239716e-01
3.703785905639368492e-01
7.088149255257886194e-01
0.000000000000000000e+00
2.581640284182973866e-01
2.666433403312339911e-01
2.845410188805043150e-01
2.414667769506478878e-01
1.922077922077922163e-01
2.624938379555341594e-01
1.130288151564747823e-01
5.043520309477755870e-01
1.789376900770917600e-01
2.294797508753447235e-01
1.847965633023898602e-01
8.678189004297978126e-01
4.423165313313926483e-01
6.406779661016949179e-01
4.807797413007833809e-01
6.857066646343784599e-02
3.127291911016176762e-01
5.546288573811508638e-01
3.974739915504796883e-01
2.350680675360778404e-01
2.659747766684182335e-01
4.116839278864595775e-01
3.339259259259258483e-01
3.177664974619289762e-01
2.602050467219005903e-01
6.622029952281094367e-01
0.000000000000000000e+00
4.462365591397849940e-01
4.986522911051213258e-01
3.737373737373738125e-01
3.166666666666666519e-01
0.000000000000000000e+00
4.380433007762334352e-01
0.000000000000000000e+00
0.000000000000000000e+00
0.000000000000000000e+00
0.000000000000000000e+00
0.000000000000000000e+00
0.000000000000000000e+00
0.000000000000000000e+00
0.000000000000000000e+00
0.000000000000000000e+00
0.000000000000000000e+00
0.000000000000000000e+00
0.000000000000000000e+00
0.000000000000000000e+00
0.000000000000000000e+00
0.000000000000000000e+00
0.000000000000000000e+00
0.000000000000000000e+00
0.000000000000000000e+00
0.000000000000000000e+00
0.000000000000000000e+00
0.000000000000000000e+00
1.729035986320093254e-01
1.747345337905676921e-01
1.905854386760242880e-01
1.630291797319222136e-01
2.767641322907400392e-01
1.779735757103112492e-01
2.438553177658595583e-01
5.228445454910048973e-01
2.703594689424403397e-01
8.406630823771028549e-01
5.131817734546063603e-01
3.039469968224987051e-01
5.710816893039809550e-01
6.685755972012714654e-01
6.206785589508813095e-01
2.669133954443290158e-01
8.531956548046006894e-01
4.011967628076911763e-01
3.099722146277821277e-01
6.748210634748599279e-01
2.620563435715302925e-01
5.891862451779574794e-01
5.591901132907746153e-01
4.681009527863007058e-01
3.315099186072789639e-01
6.653500168428224670e-01
0.000000000000000000e+00
1.199979982984332172e-01
1.200299432917211750e-01
1.302117804990801930e-01
1.062836323251294401e-01
1.794362670251850589e-01
1.224135148184646860e-01
1.775246217254038972e-01
3.931985459018780271e-01
1.912890278993683857e-01
8.020477844719313687e-01
4.170156835555232089e-01
2.269781574453308415e-01
4.971052464561732109e-01
5.859564377159194315e-01
5.168442350884118186e-01
2.091014250220351589e-01
8.222924358743688433e-01
2.713829221044977702e-01
2.403307167011552448e-01
5.931139198497163978e-01
1.941087702684792804e-01
5.130452704390755514e-01
5.025364532304710252e-01
4.077959634158317970e-01
2.492712740216562195e-01
5.872822766312741916e-01
0.000000000000000000e+00
4.097982708933718410e-01
4.250800116380564209e-01
4.188722669735328585e-01
4.025974025974026205e-01
3.750000000000000000e-01
4.171189353623218077e-01
2.061348828646369924e-01
4.427618565967275654e-01
2.148745822220722301e-01
7.489474342103986659e-01
5.820577005339120369e-01
3.801454371232163565e-01
6.086956521739130821e-01
6.811482459307149906e-01
6.290477811078540871e-01
1.916063416987012769e-01
8.389478419645928220e-01
5.086094298960778248e-01
1.866475233309403681e-01
5.280749640009457790e-01
1.425840390362066445e-01
5.195912020341527660e-01
5.290056487043841571e-01
4.621212350045065254e-01
3.951622118433306685e-01
6.993988032436182500e-01
0.000000000000000000e+00
