8.376306316885220316e-01
8.126116598338128938e-01
8.385059639951075727e-01
8.594954781877126582e-01
9.780388826368322519e-01
8.429751319056195680e-01
2.641407491635793803e-01
6.536934024429638113e-01
3.520281130599922648e-01
4.853742111644502311e-01
5.991502501607736120e-01
4.437711412188544147e-01
4.411759131030098535e-01
5.648470440474635534e-01
5.152002507371842288e-01
1.644969530317175188e-01
7.454841395827327410e-01
4.905712874700618453e-01
3.444328086825623192e-01
4.208602139925800012e-01
3.117818166843263072e-01
5.992373796406674780e-01
4.809064625594603459e-01
3.182824471350149675e-01
4.979905792320381552e-01
8.619488622408270073e-01
0.000000000000000000e+00
9.150255515393244943e-02
9.028846901485111653e-02
9.203867018213778006e-02
9.186655638268541313e-02
7.532467532467533589e-02
9.395655542055605935e-02
2.422085705723704407e-01
4.680851063829787329e-01
2.475675184141129526e-01
1.279707495429616149e-01
1.442307692307692180e-01
1.999471374536959667e-01
1.046658259773013966e-01
5.115207373271889457e-01
3.685287241148964554e-01
1.130924290433492629e-01
1.791308444235072683e-01
2.393661384487072441e-01
1.536183264641042823e-01
1.094823915820205829e-01
1.899421965317919514e-01
3.450181297088390497e-01
1.175938912264297698e-01
2.054734054292651768e-01
1.079145573527595936e-01
2.678430823607635403e-01
0.000000000000000000e+00
6.559139784946237395e-01
6.388140161725067712e-01
4.646464646464647519e-01
3.166666666666666519e-01
1.000000000000000000e+00
5.821010117570071252e-01
0.000000000000000000e+00
0.000000000000000000e+00
0.000000000000000000e+00
0.000000000000000000e+00
0.000000000000000000e+00
0.000000000000000000e+00
0.000000000000000000e+00
0.000000000000000000e+00
0.000000000000000000e+00
0.000000000000000000e+00
6.328671328671329199e-01
0.000000000000000000e+00
0.000000000000000000e+00
0.000000000000000000e+00
0.000000000000000000e+00
0.000000000000000000e+00
0.000000000000000000e+00
0.000000000000000000e+00
0.000000000000000000e+00
0.000000000000000000e+00
0.000000000000000000e+00
3.449633045328697190e-01
3.241096095794243626e-01
3.486216979048195608e-01
3.167725772004893470e-01
5.076973169837761812e-01
3.458838596533734266e-01
1.394478237433569578e-01
3.982675666900510891e-01
1.645066930890096701e-01
2.583131987568452193e-01
2.251327993380526360e-01
4.521978541059934464e-02
2.174950247364682010e-01
3.422910648115988774e-01
3.238782387305925159e-01
8.026361824988259563e-02
3.832808066721504758e-01
2.723563082549820824e-01
1.598752820049438306e-01
2.022614634297097425e-01
3.082355832934925433e-01
4.375525648655222977e-01
1.291835034823152206e-01
1.360566494700488072e-01
2.657521047351687482e-01
4.793724726632960786e-01
0.000000000000000000e+00
2.613683602286880348e-01
2.410060678240995014e-01
2.597477517778462586e-01
2.267670880436863379e-01
3.861670347659172942e-01
2.599614257378669580e-01
9.627938223163090559e-02
2.737286718867912305e-01
1.094144857639635926e-01
2.030815318815487047e-01
1.579821905412695515e-01
2.951229955120787674e-02
1.660957422560823127e-01
2.583498841405250657e-01
2.273012883925548955e-01
5.845268655682134273e-02
3.249603776848463133e-01
1.652695807615729984e-01
1.161428283080168655e-01
1.421824614868852366e-01
2.333157052350625094e-01
3.601361543105266461e-01
1.033281269010205561e-01
1.075865131937017161e-01
1.933412169240465439e-01
3.918678800655138739e-01
0.000000000000000000e+00
9.561959654178675549e-01
9.586848996217631758e-01
9.539700805523591010e-01
9.696969696969697239e-01
1.000000000000000000e+00
9.587810075975443658e-01
2.789479891496638997e-01
6.867535994730186166e-01
3.557836219799016542e-01
4.660477108985537908e-01
6.215563387483094004e-01
4.703366593268879514e-01
4.942791762013729606e-01
5.717917821195335204e-01
5.141785636865736642e-01
1.858190130426895514e-01
7.602820211515863846e-01
5.114655017589242458e-01
3.695074952559981307e-01
4.351308049165432124e-01
3.029218711033507816e-01
5.939104075285729367e-01
5.047889456748058112e-01
3.292845630163583337e-01
5.514139104050941320e-01
8.820527855631277170e-01
0.000000000000000000e+00
