5.640189174632670444e-02
6.105660292349734952e-02
8.121753823736810318e-02
9.656422728315128268e-02
3.915678061983864922e-01
5.732420895935885774e-02
4.930931179554809973e-01
5.752318143721762977e-01
3.508196540436923083e-01
4.259452801388138310e-01
3.509962390524340448e-01
5.574716488755325772e-01
5.055689337326961796e-01
4.712928029756461856e-01
5.384127254709708543e-01
0.000000000000000000e+00
9.347753032918375560e-01
3.176860363433450241e-01
3.850908283282495903e-01
4.200112034947691697e-01
4.095891392768014616e-01
6.946605664873301000e-01
4.265224010515766828e-01
5.304848971925568701e-01
3.179412567933757039e-01
4.718014319105517940e-01
0.000000000000000000e+00
1.808706219618596567e-01
1.918046808179768581e-01
2.119586629087492624e-01
1.892473118279569544e-01
5.714285714285714801e-02
1.919163233388978540e-01
3.048054191671213387e-01
5.626477541371157631e-01
5.325640481592105457e-01
2.391729181113282920e-01
1.413080601092896460e-01
2.123569168333195867e-01
2.896174863387978582e-01
4.866828087167071049e-01
4.076388070258163410e-01
4.356152822410486181e-02
2.738170512924593680e-01
2.945008414309755462e-01
1.915357169396588732e-01
7.533250207813799171e-02
2.757225433526012126e-01
2.899564128448197664e-01
3.241730279898218381e-01
1.807548002648422525e-01
3.284356093344859007e-02
2.092081423851645527e-01
0.000000000000000000e+00
6.720430107526882413e-01
6.549865229110511944e-01
6.767676767676767957e-01
4.833333333333332815e-01
1.000000000000000000e+00
6.473112830446592358e-01
0.000000000000000000e+00
0.000000000000000000e+00
0.000000000000000000e+00
0.000000000000000000e+00
0.000000000000000000e+00
0.000000000000000000e+00
0.000000000000000000e+00
0.000000000000000000e+00
0.000000000000000000e+00
0.000000000000000000e+00
4.972527472527473180e-01
0.000000000000000000e+00
0.000000000000000000e+00
0.000000000000000000e+00
0.000000000000000000e+00
0.000000000000000000e+00
0.000000000000000000e+00
0.000000000000000000e+00
0.000000000000000000e+00
0.000000000000000000e+00
0.000000000000000000e+00
5.053294127880691988e-02
6.422820419980712625e-02
9.360584711424801974e-02
8.544832658619627708e-02
2.278654355338097792e-01
6.735865773410154578e-02
5.860708410655230960e-01
9.488427779757555580e-01
3.647413590793159299e-01
4.684495656689389165e-01
2.485986155800160580e-01
2.128982828547064665e-01
6.643552254567317572e-01
3.916790187069350004e-01
5.938882476114147879e-01
1.569467196865048653e-01
1.000000000000000000e+00
2.819645821604541136e-01
4.292252448226903105e-01
4.315339721784281490e-01
5.284663473001484091e-01
8.794672555939588854e-01
7.847876846381067750e-01
5.162999600262461186e-01
3.017031028871792753e-01
4.522358508719416248e-01
0.000000000000000000e+00
3.278303917574315607e-02
4.142756173423806088e-02
6.040059090890501081e-02
5.294948058784848532e-02
1.423156584272292635e-01
4.350090703935133307e-02
4.988031356312375708e-01
9.236179707709974984e-01
2.718662752196249199e-01
3.966654556609988114e-01
1.766943588193706227e-01
1.519336745188217819e-01
5.970109216419661191e-01
3.028389526226717976e-01
4.875187536576648384e-01
1.178536851215728487e-01
1.000000000000000000e+00
1.725639413128536304e-01
3.494572321450926111e-01
3.401923965572049569e-01
4.409103095511760495e-01
8.461211150617462540e-01
7.459693892405210303e-01
4.558128656909520293e-01
2.235215417530777571e-01
3.653819715390445033e-01
0.000000000000000000e+00
1.850144092219019321e-01
2.123945301134710917e-01
2.359033371691600101e-01
2.380952380952381375e-01
3.750000000000000000e-01
2.050349303152511071e-01
5.075724746577098268e-01
4.353355963862604039e-01
3.480680696909186356e-01
3.983916904004017878e-01
3.542828398965218728e-01
5.733868212912435203e-01
4.834660765640257374e-01
4.846508848153934790e-01
5.455344881668194867e-01
6.310739351922678431e-02
8.898133144514495108e-01
3.333926073975148618e-01
3.987138263665596094e-01
4.060475322646632801e-01
4.112381451552419298e-01
6.800081442710202984e-01
4.104871386345303463e-01
5.839669538011496019e-01
3.257346719804314894e-01
4.719657577679137184e-01
0.000000000000000000e+00
