4.252800812022301535e-01
4.235016358409269266e-01
4.366830262915148975e-01
4.122020820368410554e-01
4.609646553772717148e-01
4.192762114380481631e-01
3.223839443960951345e-01
2.818749592902463075e-01
2.847883397324759702e-01
4.839390914637685670e-01
5.571615776505883799e-01
3.689848826522682534e-01
4.696643739735605338e-01
6.922005969360878197e-01
5.619600083395098755e-01
2.239772767532122177e-01
7.130251307872910171e-01
4.753762272274547618e-01
1.966282289055472088e-01
5.270839882638170826e-01
1.513050842710403354e-01
5.684221217824075856e-01
7.640619850888217268e-01
4.622578251800959492e-01
2.359979193768170225e-01
6.080787118750509146e-01
0.000000000000000000e+00
8.863579708338527319e-02
9.339087162740068726e-02
1.014334636482104451e-01
8.133443617314585483e-02
2.337662337662337053e-02
9.178990511774456906e-02
3.081395348837209225e-01
3.755781683626271406e-01
3.599289117844918229e-01
1.516513181499769547e-01
2.207526080476900354e-01
8.099657657466841076e-02
6.700407085487952719e-02
5.907335907335909964e-01
3.579752096786165128e-01
7.516648314194324110e-02
1.629303804575570058e-01
3.367643768180801356e-01
2.467921603273892650e-02
1.138458202320286328e-01
2.026142932212296466e-01
1.349883866230842111e-01
3.496023630992955988e-01
1.982970361879810017e-01
5.065701771091221661e-02
3.875397755819795509e-01
0.000000000000000000e+00
4.892473118279569988e-01
4.636118598382749090e-01
4.444444444444445308e-01
3.333333333333333703e-01
1.000000000000000000e+00
4.917179725912772525e-01
0.000000000000000000e+00
0.000000000000000000e+00
0.000000000000000000e+00
0.000000000000000000e+00
0.000000000000000000e+00
0.000000000000000000e+00
0.000000000000000000e+00
0.000000000000000000e+00
3.629032258064516236e-01
0.000000000000000000e+00
5.838709677419354760e-01
0.000000000000000000e+00
0.000000000000000000e+00
0.000000000000000000e+00
0.000000000000000000e+00
0.000000000000000000e+00
0.000000000000000000e+00
0.000000000000000000e+00
0.000000000000000000e+00
0.000000000000000000e+00
0.000000000000000000e+00
1.119339116966731051e-01
1.169020544891625768e-01
1.401802178116967612e-01
1.119731079074964830e-01
2.351395305465341368e-01
1.206401929839358012e-01
3.293575220536060222e-01
2.536154693105819313e-01
3.199581184204748352e-01
5.418344161423795935e-01
4.506730090170129044e-01
1.078227379945575493e-01
3.194021748377304792e-01
5.707889796305392061e-01
5.114030423289795957e-01
2.163959876561352136e-01
6.322838590312289675e-01
3.282776510302760076e-01
5.455530907894412529e-02
4.318264313295250290e-01
2.487812889839092767e-01
5.598456937757376739e-01
4.768218903892900151e-01
3.243836317074950681e-01
1.795845838758070023e-01
4.974633630458037414e-01
0.000000000000000000e+00
7.515926993687910285e-02
7.773847563055147347e-02
9.300858321916963267e-02
7.062115929262358094e-02
1.476904398562309262e-01
8.035179084621069112e-02
2.498998080930608934e-01
1.552449382869923178e-01
2.327428703824534206e-01
4.702678709765306109e-01
3.553766315182340652e-01
7.282529812096599775e-02
2.537500104842393411e-01
4.794424162808725853e-01
4.012032261519988818e-01
1.662959591534001746e-01
5.749196562498095631e-01
2.091231218845779338e-01
3.776139577650250434e-02
3.404699761246965939e-01
1.831153467592587236e-01
4.823291940631254104e-01
4.194864819036576709e-01
2.713020809325170646e-01
1.249097698674336843e-01
4.098118415548033244e-01
0.000000000000000000e+00
6.149855907780978903e-01
6.366016875181845780e-01
6.455696202531645556e-01
6.103896103896104819e-01
3.750000000000000000e-01
6.262535785393713583e-01
3.418666315144258672e-01
3.011527902252847388e-01
2.898409679060406363e-01
5.204175059512908819e-01
5.242267397488378222e-01
3.913761961965162017e-01
5.119339440072248060e-01
6.823527866952494580e-01
5.321235275390002739e-01
2.497625558157463566e-01
7.078930556677411889e-01
4.955821568478574468e-01
2.299373932840068635e-01
5.291208239496220100e-01
1.443803867769725136e-01
5.565731255584646098e-01
8.056349102345694568e-01
4.996972888485577968e-01
2.571535126424433493e-01
6.023879142300194722e-01
0.000000000000000000e+00
