5.191111611736194398e-01
5.219822647650516068e-01
5.277625583994942637e-01
4.798791660413328497e-01
7.505286698484066044e-01
5.155805624411999855e-01
1.019822729787940863e-01
6.863148769014516537e-01
3.741302976376321698e-01
6.217694692238974197e-01
5.101501071787791775e-01
3.466676766514932284e-01
1.274803077035916443e-01
9.400486231060087849e-01
7.787150351358759215e-01
1.116995707241486002e-01
7.563342352168984650e-01
7.157480565638130177e-01
6.174686456377465049e-02
1.984351614892976290e-01
4.664791701224241249e-02
6.645676072656482303e-01
3.287745497718785881e-01
3.435767711787716117e-01
0.000000000000000000e+00
7.829659431192111940e-01
0.000000000000000000e+00
1.154960737878599070e-01
1.100458751263509866e-01
1.112828438948995496e-01
1.038323683484973919e-01
4.935064935064935321e-02
1.139492610198513112e-01
7.274587115012646210e-01
6.010638297872341607e-01
2.133820944877476977e-01
2.128355623977677413e-01
3.134040501446480054e-01
2.888675502676431028e-01
5.628415300546447675e-01
6.580645161290322731e-01
3.351568000866598229e-01
6.985685071574637695e-02
2.257133335170906918e-01
7.856724575444075098e-01
7.166363142592419022e-02
4.483174087253774531e-02
8.633736205990540924e-01
2.731236414780718880e-01
2.447889750215331839e-01
1.834270819042392864e-01
6.099518459069019904e-02
7.048651817116060592e-01
0.000000000000000000e+00
3.924731182795699880e-01
3.288409703504043269e-01
3.232323232323232043e-01
2.666666666666667185e-01
1.000000000000000000e+00
3.529548050132843562e-01
0.000000000000000000e+00
0.000000000000000000e+00
0.000000000000000000e+00
0.000000000000000000e+00
0.000000000000000000e+00
0.000000000000000000e+00
0.000000000000000000e+00
0.000000000000000000e+00
0.000000000000000000e+00
0.000000000000000000e+00
5.905383360522022951e-01
0.000000000000000000e+00
0.000000000000000000e+00
0.000000000000000000e+00
0.000000000000000000e+00
0.000000000000000000e+00
0.000000000000000000e+00
0.000000000000000000e+00
0.000000000000000000e+00
0.000000000000000000e+00
0.000000000000000000e+00
1.536101504678932805e-01
1.552263641147246798e-01
1.693355791934002541e-01
1.320791708785982177e-01
3.879391030256131856e-01
1.585628726763425034e-01
2.446000862121511243e-01
6.768044166098572401e-01
2.793240869041023755e-01
5.453147923167296351e-01
3.899454005202135365e-01
1.412787205373035038e-01
2.263681091525944211e-01
7.309184009405138571e-01
4.986321463247876951e-01
3.766417044504000167e-02
5.520159942298898947e-01
4.949158099964947044e-01
4.752328152409246442e-02
1.170956399007975213e-01
1.262835656419160069e-01
5.984547760896696822e-01
1.359032983735644073e-01
2.870708612778380964e-01
2.091990923917519396e-02
6.745464156300985392e-01
0.000000000000000000e+00
1.055116159680413168e-01
1.054804758028091149e-01
1.142851652426235265e-01
8.440638033259451056e-02
2.724859954106460536e-01
1.078936099795355652e-01
1.781323391771939546e-01
5.631319595287311852e-01
1.986355165739924489e-01
4.738356872489853377e-01
2.983747260925040390e-01
9.714162531190573269e-02
1.734785156253624838e-01
6.575855339343170680e-01
3.883758086432377299e-01
2.695521331245437358e-02
4.910018754175202726e-01
3.598409451453436492e-01
3.278524769002433281e-02
7.860072376321880494e-02
8.751556441803998165e-02
5.228608923216673254e-01
1.089128868656304983e-01
2.375007395323109893e-01
1.331905394152793631e-02
5.975746362428270286e-01
0.000000000000000000e+00
7.095100864553314235e-01
7.273785277858597631e-01
7.111622554660529394e-01
6.580086580086579318e-01
7.500000000000000000e-01
7.116177947411358451e-01
1.023861043838706908e-01
6.663317096046388333e-01
3.973561647655967644e-01
6.416559794357140634e-01
4.828490945674044355e-01
3.493670717274778292e-01
1.474318926566197119e-01
9.450233043958105039e-01
7.809636186744930431e-01
1.479663438294469557e-01
7.386235823733657835e-01
7.334318065239157081e-01
7.639935023237243161e-02
1.980906491453778839e-01
5.369502271215942368e-02
6.603005510374347908e-01
3.464472835334184708e-01
3.589094758893400794e-01
0.000000000000000000e+00
7.986700901183751977e-01
0.000000000000000000e+00
