4.704760646187708950e-01
4.945988134320566942e-01
5.328438661727226133e-01
6.400398458531626478e-01
3.056765447602719510e-01
4.958616570721159356e-01
9.108025730468543024e-01
3.469845803538273987e-01
4.793786313747836481e-01
2.177868627469045082e-01
9.788983146585628070e-02
8.320101917806513869e-01
7.098324565163182109e-01
1.786567032479697281e-01
1.407253732920549227e-02
2.585870290658824899e-01
2.303630594724079828e-01
6.209806790247021646e-02
8.576696916768471457e-01
2.716250597419890278e-01
8.234430684706839365e-01
3.670027031671695417e-01
7.767380918824779990e-01
7.583501071396849813e-01
7.957927479533589699e-01
1.068036126832462296e-01
0.000000000000000000e+00
1.000000000000000000e+00
1.000000000000000000e+00
1.000000000000000222e+00
9.903501516404742411e-01
4.831168831168831113e-01
1.000000000000000000e+00
4.763757344852566078e-01
2.093156986774008521e-01
2.750194497489214518e-01
7.178846925580778526e-02
5.495529061102832902e-02
4.651885841373385455e-01
5.299431247908998888e-01
3.211822660098523352e-01
3.426246432258455155e-01
7.095248915289809055e-02
6.843798750107851769e-02
0.000000000000000000e+00
7.121264626296737177e-01
1.671353531065952192e-01
4.627967039724510401e-01
3.444414359529772707e-01
2.883350640359986228e-01
2.961082910321488626e-01
1.194196909036118470e-01
9.337384211482252505e-02
0.000000000000000000e+00
8.172043010752688685e-01
8.867924528301888154e-01
6.060606060606061884e-01
7.333333333333332815e-01
1.000000000000000000e+00
8.128942734385072866e-01
0.000000000000000000e+00
0.000000000000000000e+00
0.000000000000000000e+00
0.000000000000000000e+00
0.000000000000000000e+00
4.508928571428570953e-01
0.000000000000000000e+00
0.000000000000000000e+00
0.000000000000000000e+00
0.000000000000000000e+00
2.754946727549467123e-01
0.000000000000000000e+00
0.000000000000000000e+00
0.000000000000000000e+00
0.000000000000000000e+00
0.000000000000000000e+00
0.000000000000000000e+00
0.000000000000000000e+00
0.000000000000000000e+00
0.000000000000000000e+00
0.000000000000000000e+00
8.642779135956768499e-01
8.689594411014865960e-01
8.782149084760695334e-01
8.762836146682738692e-01
3.305570018992933790e-01
8.709074139637448253e-01
6.270957717746332705e-01
2.610317762585218637e-01
2.812553480879750323e-01
1.280725130326867411e-01
1.200573537605065244e-02
1.620935364311236748e-01
4.783086440671759920e-01
1.919641366992008713e-02
7.914979026955881736e-02
1.629117751500308575e-01
1.531723473106847422e-01
3.407436877361019745e-02
7.952957266440725537e-01
2.349529224942774608e-01
7.219250544816046000e-01
3.588347915520573306e-01
5.109062555444769949e-01
4.239046762058831241e-01
4.517938275902237955e-01
4.519367960327747014e-02
0.000000000000000000e+00
8.208823407801887351e-01
8.257621417038043532e-01
8.363565980372571484e-01
8.311990331526517561e-01
2.229582088425404729e-01
8.282106758919689504e-01
5.429739630725097799e-01
1.607906843829638444e-01
2.002266163692832668e-01
9.587982045230530881e-02
7.439828022499817006e-03
1.126811297008696311e-01
4.029483659599786827e-01
1.217623905814951835e-02
4.700537247975195010e-02
1.226200533453506991e-01
1.211692823984126255e-01
1.628948836010435386e-02
7.422885934586371803e-01
1.680233572501312889e-01
6.513891816033319238e-01
2.864603294336289241e-01
4.534747118325399562e-01
3.647557227055728823e-01
3.598825794945961776e-01
3.006421303164014125e-02
0.000000000000000000e+00
6.023054755043226738e-01
6.444573756182718771e-01
6.616800920598390201e-01
7.359307359307358798e-01
2.500000000000000000e-01
6.312030795201614142e-01
9.238640733884739831e-01
3.883204341280530603e-01
4.785156960546849136e-01
2.283464566929133133e-01
1.119446572422794217e-01
8.370763399382455949e-01
7.520255551666676919e-01
1.971880950337893124e-01
2.551607303453033715e-02
3.239618634823209220e-01
2.310439233424592675e-01
6.688634796692763396e-02
8.594657375145180467e-01
2.615591325164113856e-01
8.255636749049365397e-01
3.506296465096646608e-01
7.988733888335313171e-01
7.891595519851113405e-01
8.542909567386506309e-01
1.166224616659758961e-01
0.000000000000000000e+00
