4.751307256977550519e-01
4.649051809062012541e-01
4.778866905018872568e-01
5.048175155638356948e-01
5.203801466071555915e-01
4.723188102389235254e-01
4.004854554669581845e-01
4.829419744041154594e-01
2.660168886497950025e-01
3.013429076377031057e-01
5.515885494937861067e-01
3.841527012755877601e-01
8.289446530102356769e-01
5.508271221678093799e-01
4.375238577814284380e-01
3.265838112770940160e-01
5.544693162912786022e-01
4.487548033324877395e-01
3.818236692436774993e-01
9.390340251158514340e-01
1.870385374651816757e-01
6.118026310144976110e-01
4.822769669199939990e-01
3.378022073634667777e-01
5.793910188909386916e-01
5.074645196262966840e-01
0.000000000000000000e+00
1.970428767294029604e-01
2.052250991369256039e-01
2.205352001697123976e-01
2.036945133719327283e-01
7.532467532467533589e-02
2.055135369945930712e-01
7.944874274661509750e-01
6.881878209831255866e-01
4.163161551486710410e-01
5.228519195612435499e-02
2.409171466548516438e-01
3.957884819285960587e-01
1.955775829203202365e-01
4.084821428571429047e-01
1.371632153195279091e-01
7.816063676573842267e-02
2.035407079193730373e-01
7.436021245774987465e-01
1.830361773560974514e-01
4.347683423021393434e-01
3.062131879571541870e-01
4.547727974402875351e-01
2.474747474747475140e-01
2.054734054292651768e-01
7.663497551138001573e-02
1.113940023088694775e-01
0.000000000000000000e+00
4.892473118279569988e-01
4.636118598382749090e-01
4.949494949494950280e-01
3.666666666666665853e-01
1.000000000000000000e+00
4.706069980335377823e-01
0.000000000000000000e+00
0.000000000000000000e+00
0.000000000000000000e+00
0.000000000000000000e+00
0.000000000000000000e+00
0.000000000000000000e+00
0.000000000000000000e+00
0.000000000000000000e+00
0.000000000000000000e+00
0.000000000000000000e+00
2.180722891566265198e-01
0.000000000000000000e+00
0.000000000000000000e+00
0.000000000000000000e+00
0.000000000000000000e+00
0.000000000000000000e+00
0.000000000000000000e+00
0.000000000000000000e+00
0.000000000000000000e+00
0.000000000000000000e+00
0.000000000000000000e+00
1.636110416521094901e-01
1.665011591203380270e-01
1.889398703119853362e-01
1.815151917539661319e-01
2.950940946868536585e-01
1.738969454977623563e-01
3.757354691068877095e-01
3.617754793772300359e-01
2.745091689721795847e-01
2.794708798154752483e-01
3.775751435423141400e-01
1.483157956042487902e-01
6.476048993936853737e-01
3.875161703645635392e-01
3.446457820038204556e-01
2.475457585445464126e-01
5.418124582956744817e-01
3.255581523934589216e-01
2.505769416970871077e-01
1.000000000000000000e+00
2.480507727536643836e-01
6.057481478631048244e-01
3.256200418313639489e-01
2.385922077465962854e-01
3.410871692893295837e-01
3.846154980925627909e-01
0.000000000000000000e+00
1.129863508513672121e-01
1.138541607651425425e-01
1.289658133162276121e-01
1.197306640814554402e-01
1.939503326924364446e-01
1.193403086475621766e-01
2.913576539396925957e-01
2.417870801000528425e-01
1.946816909527871731e-01
2.214199604711791225e-01
2.871114680600779234e-01
1.023599493222328016e-01
5.786824648621307077e-01
2.990188285739580065e-01
2.450328161221784484e-01
1.925121865405183263e-01
4.805621277723255425e-01
2.069123100056980968e-01
1.894339176461403706e-01
1.000000000000000000e+00
1.825139818639429645e-01
5.306227657884223792e-01
2.751500837181178882e-01
1.945916602261531514e-01
2.576849136389869899e-01
3.016296640272965179e-01
0.000000000000000000e+00
6.564841498559077504e-01
6.656968286296189863e-01
6.570771001150749191e-01
6.796536796536796210e-01
5.000000000000000000e-01
6.588533663440919730e-01
4.205149344703783543e-01
5.263511156592366458e-01
2.601667735728031561e-01
3.397349721528709621e-01
5.270869456369553507e-01
3.925930052787721669e-01
8.458498023715415037e-01
5.483839524713367553e-01
4.284682524322256936e-01
3.719731802077512750e-01
5.573848951852207190e-01
4.656229027764303696e-01
4.063492063492063489e-01
8.957461809635723915e-01
1.914541698518437141e-01
5.937584060856596624e-01
4.925559799077203760e-01
3.611245333492552056e-01
6.242588553691453823e-01
5.104276315789473273e-01
0.000000000000000000e+00
