4.913681326427230545e-01
4.933846007629314467e-01
5.069359076733763736e-01
5.747169280355866050e-01
7.077776809074303177e-01
5.006697253642244938e-01
5.659827813161115717e-01
5.334098025880484872e-01
2.974356420637710441e-01
2.507040792221214565e-01
3.728537408641307005e-01
5.711607243964388347e-01
7.586496533866636804e-01
3.865292940732021898e-01
2.668126707716012014e-01
3.689939013432523840e-01
7.737456607655581742e-01
3.209257133617537949e-01
4.968440831255434009e-01
7.354812208298301401e-01
4.417129762697598605e-01
5.156289234235028607e-01
5.186038941861026430e-01
4.673880008903714689e-01
8.022618600172261027e-01
3.099953162470574508e-01
0.000000000000000000e+00
2.623239436619718146e-01
2.737811989736412821e-01
3.162105645967815404e-01
2.566859663633856981e-01
1.428571428571428492e-01
2.748490503400233265e-01
4.614062696714088530e-01
2.635024549918167924e-01
4.726215592626844542e-01
1.230697421136567327e-01
7.003805620608899440e-01
2.102548521628935241e-01
9.282786885245901676e-01
7.246753246753246946e-01
1.768385255359202768e-01
1.117048944372003305e-01
2.786479802143446705e-01
3.211009174311926229e-01
3.099056151652322955e-01
1.000000000000000000e+00
3.171077983977283465e-01
2.366604082127066189e-01
5.609427609427608541e-01
4.974619289340102002e-01
2.643124665596575662e-01
1.023191392807169531e-01
0.000000000000000000e+00
2.956989247311828661e-01
2.156334231805929758e-01
2.222222222222222376e-01
1.499999999999999944e-01
1.000000000000000000e+00
2.587256865024903374e-01
0.000000000000000000e+00
0.000000000000000000e+00
0.000000000000000000e+00
0.000000000000000000e+00
0.000000000000000000e+00
0.000000000000000000e+00
0.000000000000000000e+00
0.000000000000000000e+00
0.000000000000000000e+00
0.000000000000000000e+00
4.367112100965107047e-01
0.000000000000000000e+00
0.000000000000000000e+00
0.000000000000000000e+00
0.000000000000000000e+00
0.000000000000000000e+00
0.000000000000000000e+00
0.000000000000000000e+00
0.000000000000000000e+00
0.000000000000000000e+00
0.000000000000000000e+00
2.108134451663121745e-01
2.185479409324903033e-01
2.542686972946486268e-01
2.440777637054701854e-01
3.981140021857639821e-01
2.283391062044758391e-01
3.528484497922046437e-01
4.162503469026174741e-01
2.614463925198912131e-01
2.816083297859772738e-01
2.545565568679298840e-01
9.983506903738625926e-02
6.695103006613332131e-01
2.742609285928538920e-01
2.996257561725638174e-01
3.502526645523860171e-01
6.200114502278890605e-01
2.145117123018905336e-01
3.923670851609115662e-01
9.042554920553256270e-01
4.127143478627440798e-01
4.620334799820320359e-01
3.173814544548101413e-01
2.303349123263900289e-01
5.289514367445806720e-01
2.738531310617536851e-01
0.000000000000000000e+00
1.492646626606507487e-01
1.537590698508555231e-01
1.800587652788534221e-01
1.673484231791722010e-01
2.816024124251543248e-01
1.614233797564001982e-01
2.707052471740062360e-01
2.899781053318230550e-01
1.840486482856735495e-01
2.232869503983554993e-01
1.815128353509705139e-01
6.714017142615991141e-02
6.026857859907039927e-01
2.000461807989893925e-01
2.070758220430141405e-01
2.830141557894624849e-01
5.618833146362711695e-01
1.234637641726525209e-01
3.147401181336976217e-01
8.720185366279782357e-01
3.275505485224665669e-01
3.838437790989843168e-01
2.675874801746713771e-01
1.873964918190372808e-01
4.364888724262014352e-01
2.041306539564395894e-01
0.000000000000000000e+00
7.100864553314121252e-01
7.291242362525458542e-01
7.169159953970080101e-01
7.619047619047618625e-01
6.250000000000000000e-01
7.280975862978084079e-01
5.836015994956048614e-01
5.664540578047023711e-01
3.102517894050927927e-01
2.682543371760254258e-01
3.606983216665260450e-01
5.977201728597626440e-01
7.823981471733865156e-01
3.941333835753842441e-01
2.679218818131501867e-01
4.130010326822102229e-01
7.785084189792992326e-01
3.359059107972919289e-01
5.179439573663400243e-01
7.252460046060437149e-01
4.497683867217081577e-01
4.984343336668431990e-01
5.392470191069194119e-01
4.940279809441596726e-01
8.480552981076673325e-01
3.066138695703423123e-01
0.000000000000000000e+00
