7.070095224491355079e-01
7.024288530138234066e-01
7.058975256884802985e-01
7.360544447081258657e-01
7.831296644632945725e-01
7.087897045050903788e-01
2.689285482677402084e-01
8.939495021549036524e-01
1.786211014143023190e-01
3.982731931977102624e-01
5.801353919274866433e-01
3.224423845047860171e-01
8.878511594813215391e-01
5.729311012612501308e-01
4.919337614437065964e-01
4.174576815136519237e-01
3.584545971274626375e-01
3.437743635123428065e-01
4.658196076523635210e-01
6.104097145754582288e-01
2.727185939931304204e-01
9.700674872629536649e-01
4.584615275259007472e-01
2.845237348294566981e-01
2.628307718049643915e-01
4.946822594825953656e-01
0.000000000000000000e+00
3.739249657235448054e-02
4.103102402612550381e-02
3.648816559081129174e-02
4.218362282878411473e-02
4.415584415584415667e-02
3.875262458033920665e-02
1.243885507273029267e-01
6.881878209831255866e-01
5.169427861980380179e-02
1.371846435100548267e-01
7.280573172190979436e-02
2.408143946248475498e-02
5.737704918032787704e-02
2.428571428571428825e-01
4.569598968051045151e-01
7.763440673602850506e-03
1.038205795007114685e-01
1.070336391437308743e-01
1.221530793561849126e-01
8.906305664410402168e-02
4.014351205899940322e-01
1.199079401611047313e-01
8.376068376068379617e-02
1.545471225001529003e-01
1.153962951715761798e-02
2.053433701487011320e-01
0.000000000000000000e+00
7.096774193548387455e-01
7.843665768194070242e-01
5.454545454545455252e-01
8.166666666666666519e-01
1.000000000000000000e+00
7.200304454659672837e-01
4.027777777777777346e-01
0.000000000000000000e+00
0.000000000000000000e+00
0.000000000000000000e+00
0.000000000000000000e+00
0.000000000000000000e+00
0.000000000000000000e+00
0.000000000000000000e+00
0.000000000000000000e+00
0.000000000000000000e+00
5.055865921787709993e-01
0.000000000000000000e+00
0.000000000000000000e+00
0.000000000000000000e+00
0.000000000000000000e+00
0.000000000000000000e+00
0.000000000000000000e+00
5.022026431718061845e-01
0.000000000000000000e+00
0.000000000000000000e+00
0.000000000000000000e+00
2.970729889184706707e-01
2.898455396919229488e-01
3.024511655365484941e-01
2.833012623766387739e-01
3.824864187698543416e-01
2.995801391800644309e-01
1.065500939375614298e-01
5.554012690086833626e-01
8.798230495750292146e-02
3.781872257978675655e-01
2.899032372437505556e-01
3.618990544615185989e-02
4.199650992470134181e-01
2.744642887668695685e-01
5.704818945245223594e-01
1.694536050842416763e-01
2.828306107619575904e-01
1.975683840584116502e-01
3.311707016243568003e-01
3.821436103823858677e-01
4.113031336874374277e-01
6.433661689414580387e-01
2.867034149651452868e-01
2.216066546305661689e-01
6.780135608329618258e-02
3.443022806259369295e-01
0.000000000000000000e+00
2.198200729604014025e-01
2.117599679863042539e-01
2.198822382844846379e-01
1.988626129169034362e-01
2.676419804465073327e-01
2.198921479732525164e-01
7.230475522348417394e-02
4.270790879417102892e-01
5.581888466929021964e-02
3.103938129850167260e-01
2.106614061283070827e-01
2.350013725919908314e-02
3.463972688620620688e-01
2.002153231213127937e-01
4.624156285775343767e-01
1.278714658622314704e-01
2.327851918251681029e-01
1.119030882350123129e-01
2.590523226653532740e-01
2.942285787368632000e-01
3.262265950142337889e-01
5.711887054821067622e-01
2.397010000183438239e-01
1.798268485514435966e-01
4.434657972802402703e-02
2.651480373933534640e-01
0.000000000000000000e+00
8.265129682997118810e-01
8.286296188536514951e-01
7.951668584579977272e-01
8.030303030303029832e-01
7.500000000000000000e-01
8.102908200113586590e-01
2.840641238954441095e-01
9.484816318194039253e-01
1.819348066942679809e-01
3.836090545580804756e-01
6.183991009669520533e-01
3.505522514868307793e-01
9.641745858212091846e-01
5.956029229385357837e-01
4.696033417336968330e-01
5.053379488895028970e-01
3.703339872767945629e-01
3.498352417668815217e-01
4.840611741385296707e-01
6.023330517629559289e-01
2.603764493476727893e-01
9.638234574861103132e-01
4.836724994673395894e-01
2.928068396895233683e-01
3.396284798207649391e-01
5.118987539413049070e-01
0.000000000000000000e+00
