3.464403140727438934e-01
3.467040874405473705e-01
3.494380195916595433e-01
4.288620487919905244e-01
6.706864519064976715e-01
3.525900383161857388e-01
4.867036988653211105e-01
6.896020162826902444e-01
2.539901663841664936e-01
2.917702413994717192e-01
3.817374244766716940e-01
5.066732459196797711e-01
8.396385584457236595e-01
4.359305154017962258e-01
3.204865034184634087e-01
3.213224210406919745e-01
7.844756337188489859e-01
3.392955521656748630e-01
4.546634922007564139e-01
7.172298863106275624e-01
5.057528056198723476e-01
4.920086894812188971e-01
5.569773229276953064e-01
4.222173915504769948e-01
7.718845484035409266e-01
3.393070792894802290e-01
0.000000000000000000e+00
1.311853421413436416e-02
1.699712308529663374e-02
1.606206624844683239e-02
3.054866280672732803e-02
2.597402597402596880e-02
1.825948012976799650e-02
3.154816833234669327e-01
2.580295432985499904e-01
1.630709774707345683e-01
7.678244972577696892e-02
7.003805620608899440e-01
1.570394255063188860e-01
6.090794451450189939e-01
5.673469387755102344e-01
3.016897993517899668e-01
2.079072937968643453e-01
3.002821401688744452e-01
4.013761467889908063e-01
3.280653582241868649e-01
1.662510390689941886e-01
2.990324202060819503e-01
4.305785123966942018e-01
6.049382716049381825e-01
4.974619289340102002e-01
2.643124665596575662e-01
2.721487188075698005e-01
0.000000000000000000e+00
2.150537634408602183e-01
2.021563342318059564e-01
2.020202020202020166e-01
1.333333333333333315e-01
1.000000000000000000e+00
2.012926365415300123e-01
0.000000000000000000e+00
0.000000000000000000e+00
0.000000000000000000e+00
0.000000000000000000e+00
0.000000000000000000e+00
0.000000000000000000e+00
0.000000000000000000e+00
0.000000000000000000e+00
0.000000000000000000e+00
0.000000000000000000e+00
5.656250000000000444e-01
0.000000000000000000e+00
0.000000000000000000e+00
0.000000000000000000e+00
0.000000000000000000e+00
0.000000000000000000e+00
0.000000000000000000e+00
0.000000000000000000e+00
0.000000000000000000e+00
0.000000000000000000e+00
0.000000000000000000e+00
6.251925538825808815e-02
6.880370888153841680e-02
7.904585298580280028e-02
1.098625143672479210e-01
3.600896938736650732e-01
7.631331101906979608e-02
3.476670026588450924e-01
5.448283679676346747e-01
2.650650392951529044e-01
3.028899976067280786e-01
3.198249081499683344e-01
7.840739792280626563e-02
6.985245098330385982e-01
4.167855372207895925e-01
3.504370029096796069e-01
4.164709554816905523e-01
7.583490916038084784e-01
2.267043223962625365e-01
4.039700839630375739e-01
6.727776115968693293e-01
5.809897915685574565e-01
5.252751433866196251e-01
5.849168167830618437e-01
3.469300302972160299e-01
5.622006365209522016e-01
2.850374100029421376e-01
0.000000000000000000e+00
4.083634193086632669e-02
4.449821552711663575e-02
5.055510438964713749e-02
6.919358364356975599e-02
2.480486279631684554e-01
4.954343310055980831e-02
2.660820168526126794e-01
4.159554844984815758e-01
1.869805124090370974e-01
2.420194444624541030e-01
2.360880016532346248e-01
5.211859620596409615e-02
6.349249249078314783e-01
3.261524664863634237e-01
2.500452496929190804e-01
3.446684969836075196e-01
7.131350034944221594e-01
1.319749144829833187e-01
3.255737016992258370e-01
5.908059887737429072e-01
4.954537446203084450e-01
4.468329590782318950e-01
5.291152480973269068e-01
2.920535667784526224e-01
4.708627605558012852e-01
2.135851763258616032e-01
0.000000000000000000e+00
4.997118155619597601e-01
5.248763456502765212e-01
5.304948216340622524e-01
6.233766233766233622e-01
7.500000000000000000e-01
5.209027388327233110e-01
5.050533805950881971e-01
6.905985644064911444e-01
2.489652176647092485e-01
2.889769751883818349e-01
3.719478394058839399e-01
5.093585568897428528e-01
8.867807153965785449e-01
4.389576462767201259e-01
3.249075424128410328e-01
3.541912110501843625e-01
7.271486025839888345e-01
3.431268753141017980e-01
4.542599381874146136e-01
7.103251378153047080e-01
4.872714702349214555e-01
4.591036927262081013e-01
5.326045120371174502e-01
4.409632589589942420e-01
8.940445216705051878e-01
3.543578947368420939e-01
0.000000000000000000e+00
