4.941024241658187321e-01
5.108667711361774000e-01
5.326678940156046593e-01
6.617140187501566739e-01
4.740825684724332412e-01
5.166071991081429005e-01
8.636001339996843829e-01
4.639729448814513546e-01
3.920962825608254043e-01
7.635735029359380643e-02
1.747431815015512147e-01
6.824891745982312186e-01
8.098647620615778697e-01
2.005048957407498667e-01
1.246731347939077639e-01
3.844555863700687137e-01
4.474674470410964222e-01
1.574450010453008197e-01
7.109887893389945646e-01
7.339184323208448602e-01
7.172882460967999751e-01
4.657480066387081896e-01
4.302677891779775887e-01
4.990797267571867035e-01
7.991046361951149590e-01
1.601417491295450413e-01
0.000000000000000000e+00
1.107596908886950143e-01
1.178368711608739766e-01
1.315574143103918625e-01
1.340501792114695556e-01
1.220779220779220769e-01
1.170468739603233443e-01
7.298314094115262440e-01
1.172476233589859751e-01
1.894961252058642853e-01
6.090759725082733889e-02
3.901324085750318416e-02
1.791442950405883749e-01
1.621129326047358599e-01
5.218045112781956041e-01
7.728790915163662456e-01
9.905490361230934182e-02
1.067547456665346173e-01
1.878137441578673350e-01
3.332678792086442021e-01
2.105846494873926389e-01
3.082150989665440322e-01
1.786507189268984330e-01
1.606557377049180335e-01
1.484905156291744799e-01
1.388079715170850992e-01
2.684264266535567045e-01
0.000000000000000000e+00
5.752688172043011194e-01
5.390835579514825504e-01
5.353535353535354702e-01
4.166666666666666297e-01
1.000000000000000000e+00
5.473496156078270225e-01
4.249084249084248976e-01
0.000000000000000000e+00
0.000000000000000000e+00
0.000000000000000000e+00
0.000000000000000000e+00
0.000000000000000000e+00
0.000000000000000000e+00
0.000000000000000000e+00
0.000000000000000000e+00
0.000000000000000000e+00
2.276729559748427445e-01
0.000000000000000000e+00
0.000000000000000000e+00
0.000000000000000000e+00
0.000000000000000000e+00
0.000000000000000000e+00
0.000000000000000000e+00
0.000000000000000000e+00
0.000000000000000000e+00
0.000000000000000000e+00
0.000000000000000000e+00
2.371554241862414703e-01
2.481307679515699638e-01
2.681428150724358694e-01
2.998844132024577336e-01
2.736558905412644904e-01
2.549560246327603474e-01
6.558061044894794023e-01
3.733546752260685220e-01
2.467648438483935891e-01
9.520701792886843151e-02
8.091773279951952613e-02
9.071025659808729102e-02
5.785736428315146895e-01
1.211653086954146419e-01
3.418983805381037300e-01
3.479630657892378576e-01
4.402463778376610737e-01
1.464990018477030920e-01
6.913778227733742288e-01
6.179402816689605338e-01
5.981157788521657137e-01
4.891651483329007011e-01
3.168139051508112036e-01
2.875106124049429113e-01
6.019356849261590092e-01
1.856007305745198677e-01
0.000000000000000000e+00
1.702269987296963771e-01
1.773566791982056357e-01
1.913396234895534398e-01
2.125712405594247234e-01
1.770074935538210603e-01
1.828172776118529019e-01
5.746061024486307511e-01
2.517724622188527994e-01
1.722612033692892120e-01
7.037344614582302649e-02
5.229032677165185161e-02
6.070250491077594512e-02
5.049358163087043216e-01
8.146158368761052815e-02
2.426652236917817562e-01
2.809287064218574659e-01
3.794456361095798202e-01
7.893456851508030836e-02
6.219039779643009691e-01
5.300326156123431609e-01
5.136574887255264121e-01
4.105589336591027316e-01
2.670676475230193692e-01
2.378951792190454606e-01
5.130180738004175289e-01
1.326041699867059331e-01
0.000000000000000000e+00
6.034582132564840773e-01
6.307826592958976075e-01
6.363636363636363535e-01
7.380952380952381375e-01
3.750000000000000000e-01
6.246973777692231833e-01
8.658378285978476363e-01
4.809515585134264692e-01
3.988189351449996645e-01
6.524184476940364519e-02
1.885213165787175127e-01
6.944698373776806433e-01
8.458498023715415037e-01
2.133147483208414075e-01
1.169894937917860395e-01
4.369281768563797463e-01
4.339898774315507080e-01
1.643319639627321693e-01
7.101373897633271870e-01
7.334748967832985800e-01
7.119616076692202311e-01
4.418369639317903941e-01
4.306944743541967213e-01
5.264305217084124244e-01
8.145747800855122067e-01
1.557236842105262919e-01
0.000000000000000000e+00
