4.439346626752507241e-01
4.451027771590836402e-01
4.360099085701716337e-01
4.062162379803040402e-01
6.566438536992023067e-01
4.344338326122085814e-01
1.075658437184052185e-01
7.002791038685971525e-01
3.156215213942423770e-01
6.387832567896726266e-01
5.089271117194916760e-01
3.420457557850765662e-01
1.386165972484404429e-01
9.825761552022482803e-01
8.576366685590958161e-01
8.349327819908225479e-02
7.152898409860588558e-01
7.603445661650775067e-01
7.696250543799076915e-02
1.593464480071313805e-01
5.239327622690709285e-02
5.826019258374580678e-01
2.779880254464390799e-01
2.345991196939110068e-01
5.236204599826399519e-02
8.034203223100581104e-01
0.000000000000000000e+00
1.338183971083136137e-01
1.308296399968898460e-01
1.208594720732187738e-01
1.248414667769506409e-01
1.194805194805194787e-01
1.317707435484465339e-01
1.124838662461911110e-01
6.913580246913579863e-01
1.094317362719383624e-01
4.159049360146252483e-01
2.541595302177636073e-01
7.757747620012156453e-02
1.417550626808100622e-01
8.485714285714286431e-01
6.059827989311957763e-01
7.500158772498061177e-02
8.056765987516193439e-01
7.555315704263355636e-01
1.653533161641890237e-01
1.801052923247437043e-01
2.659747766684182335e-01
1.109786254682565421e-01
1.649831649831650093e-01
2.099676972773419914e-01
1.156635776276632999e-01
3.941969519343492823e-01
0.000000000000000000e+00
7.311827956989248589e-01
7.035040431266846861e-01
7.070707070707071829e-01
5.333333333333333259e-01
1.000000000000000000e+00
6.861883212269953569e-01
0.000000000000000000e+00
0.000000000000000000e+00
0.000000000000000000e+00
0.000000000000000000e+00
0.000000000000000000e+00
0.000000000000000000e+00
0.000000000000000000e+00
0.000000000000000000e+00
0.000000000000000000e+00
0.000000000000000000e+00
6.013289036544851029e-01
0.000000000000000000e+00
0.000000000000000000e+00
0.000000000000000000e+00
0.000000000000000000e+00
0.000000000000000000e+00
0.000000000000000000e+00
0.000000000000000000e+00
0.000000000000000000e+00
0.000000000000000000e+00
0.000000000000000000e+00
1.296053641057699490e-01
1.331275568287216826e-01
1.368430756785600222e-01
1.138801292452829017e-01
3.600183162108190338e-01
1.328496696264798160e-01
2.075170554524754518e-01
8.183018408173194924e-01
2.591507953744806025e-01
6.738369876317036322e-01
3.874207433261273037e-01
1.217427591226108996e-01
2.177019128444932505e-01
8.124454936586216203e-01
6.090548518645949594e-01
8.805032979104443491e-02
7.483428356907677603e-01
5.864091310194505802e-01
1.015173541764977649e-01
2.156983275831616531e-01
1.434618795633063604e-01
5.459481629171301087e-01
1.434162472822138046e-01
3.116347948852669081e-01
9.902567392943084634e-02
7.085304606801693383e-01
0.000000000000000000e+00
8.787226222084243421e-02
8.934768225603972880e-02
9.061568842939507484e-02
7.191422783130335672e-02
2.479869643479571395e-01
8.909984854022623413e-02
1.483580121213592951e-01
7.410354366086697731e-01
1.821941743197120489e-01
6.104776602717090217e-01
2.960664291760662925e-01
8.284365056493420143e-02
1.662673402394074240e-01
7.556299055387485364e-01
5.040428254336917213e-01
6.432599874604816304e-02
7.018778211634206787e-01
4.553548820931832553e-01
7.181924891159741087e-02
1.527072684056838270e-01
1.002861899931508094e-01
4.679691555197116881e-01
1.151814061515636922e-01
2.596771617002439081e-01
6.591678007201856593e-02
6.361231647430521940e-01
0.000000000000000000e+00
6.426512968299711304e-01
6.607506546406751724e-01
6.467203682393555253e-01
6.017316017316016730e-01
6.250000000000000000e-01
6.424164310696355296e-01
1.165244350504614501e-01
6.464964790162363029e-01
3.241747464734228146e-01
6.674742580254390267e-01
5.000096646129361666e-01
3.547912909719334040e-01
1.417069243156199310e-01
9.734644982353559683e-01
8.506714150289053089e-01
1.293088222236027374e-01
6.967956312575884770e-01
7.799655884526064398e-01
8.895842348106530739e-02
1.443410005351245529e-01
4.400363028447851210e-02
5.762722858172001361e-01
2.981260647359453841e-01
2.543395024121319903e-01
4.235801839745317876e-02
7.858656531309544668e-01
0.000000000000000000e+00
