6.017887976097842095e-01
5.998097413977376835e-01
6.440998721574693331e-01
6.387953708293576671e-01
5.873078957435244885e-01
6.129187104341573544e-01
4.418553384672570528e-01
5.049549901290317777e-01
3.357846550459653301e-01
3.225495980040001820e-01
5.089909357755505459e-01
3.614168038759003609e-01
6.966599062241572993e-01
4.981458194404147499e-01
4.646666658387587079e-01
3.153603395818787014e-01
5.292600312702473442e-01
5.194969440860427445e-01
2.993951933531717735e-01
7.971834551726725282e-01
1.472120540047953674e-01
7.132964979663950489e-01
5.412639253541806639e-01
3.639777138384570065e-01
4.024032839977179643e-01
4.625690493429567285e-01
0.000000000000000000e+00
4.973513648261249087e-01
5.199595676852500903e-01
6.283601539533897329e-01
4.584505100634133079e-01
7.012987012987013935e-02
5.259896248473683311e-01
3.396032288306611857e-01
1.746148202494497426e-01
1.944139466685274598e-01
6.595415553368022543e-02
2.362961065573770947e-01
8.068254255521516427e-01
1.093711769023733571e-01
3.593406593406595073e-01
9.999999999999998890e-01
5.620351019124025793e-02
1.680733848911919737e-01
2.652572796170722391e-01
1.338835442867689074e-01
1.390753884519470573e-01
2.659747766684182335e-01
2.103611424080704673e-01
1.793630206081567868e-01
1.381838691483362469e-01
4.744069912609238937e-02
1.439364335026702690e-01
0.000000000000000000e+00
8.333333333333333703e-01
9.191374663072776618e-01
7.171717171717172379e-01
7.666666666666666075e-01
1.000000000000000000e+00
8.335208365697915900e-01
2.124542124542124488e-01
0.000000000000000000e+00
0.000000000000000000e+00
0.000000000000000000e+00
0.000000000000000000e+00
0.000000000000000000e+00
0.000000000000000000e+00
0.000000000000000000e+00
0.000000000000000000e+00
0.000000000000000000e+00
2.194664902998236244e-01
0.000000000000000000e+00
0.000000000000000000e+00
0.000000000000000000e+00
0.000000000000000000e+00
0.000000000000000000e+00
0.000000000000000000e+00
0.000000000000000000e+00
0.000000000000000000e+00
0.000000000000000000e+00
0.000000000000000000e+00
3.955085750058520144e-01
4.038994858627101836e-01
5.026267322091910739e-01
3.630803055501731214e-01
3.057743159574420888e-01
4.191483692888348100e-01
2.309513667120914882e-01
3.489377884173708311e-01
2.692114365646319785e-01
2.169358992415151288e-01
2.148761675087861311e-01
1.054545359153357120e-01
4.326742754967300986e-01
2.217522184336442326e-01
3.430907179425928266e-01
1.921070061111367355e-01
4.442446150655625647e-01
2.865802955838633870e-01
1.693147714994851505e-01
7.244167430314047973e-01
2.042603836122384164e-01
6.050722215247126279e-01
2.369432098714581159e-01
1.182445963716101112e-01
2.365106736148638866e-01
3.660234485311971708e-01
0.000000000000000000e+00
3.070606738538754765e-01
3.125630310956603042e-01
4.047871060011914990e-01
2.669094455855592352e-01
2.025578189323479217e-01
3.266882599847426016e-01
1.670585899328927981e-01
2.308793214576049802e-01
1.903528709146170839e-01
1.679636847370736263e-01
1.499364619932331277e-01
7.113491735953419992e-02
3.585408319848171765e-01
1.574047250739603054e-01
2.436919110520255061e-01
1.462517457552199862e-01
3.833299269443124491e-01
1.761035515785009942e-01
1.235206116839211443e-01
6.500822643614267982e-01
1.471505107431679837e-01
5.299020131600558070e-01
1.953886879337974891e-01
9.299154043334889597e-02
1.695008979181366060e-01
2.846631127704248865e-01
0.000000000000000000e+00
7.210374639769452365e-01
7.279604306080884601e-01
7.330264672036824747e-01
7.272727272727272929e-01
5.000000000000000000e-01
7.288007431912103540e-01
4.538404865703581370e-01
5.456667529311352016e-01
3.257693646323820413e-01
3.093389070073334635e-01
5.157244838896390959e-01
3.772900786195506617e-01
7.387363719952713126e-01
5.155171514479757189e-01
4.714587069599334712e-01
3.572758383530276749e-01
5.181055272427663727e-01
5.508303509800689390e-01
3.265306122448978776e-01
7.850021996376191913e-01
1.451322827110830271e-01
7.002052786292950470e-01
5.581954246775369111e-01
3.768167476435932972e-01
4.499275686690796805e-01
4.571233278000195188e-01
0.000000000000000000e+00
