4.684749294887267101e-01
4.658066647035190577e-01
5.005696422002496870e-01
5.068179162203041432e-01
6.845868178065628307e-01
4.778655114533962855e-01
4.237626872294504854e-01
5.824301062818864061e-01
3.283385535744466344e-01
4.642692996761607072e-01
4.848735090398991199e-01
4.360658594622258688e-01
7.221138524346283338e-01
4.598820522206391037e-01
4.092725743035199315e-01
2.899213454895872566e-01
7.924875003005973362e-01
3.906995568196924840e-01
3.421788990043320711e-01
7.225406075866415145e-01
2.575335312430284129e-01
6.456696169073344871e-01
4.548678389076070694e-01
4.746527349978499899e-01
5.550367005139592580e-01
4.222369281996364299e-01
0.000000000000000000e+00
1.006325564003490020e-01
1.071300831972630679e-01
1.371336788192866196e-01
9.815274331403363306e-02
4.155844155844155841e-02
1.111870207957747214e-01
3.764889070740136123e-01
3.971631205673759046e-01
1.579198051488790444e-01
1.179556474048167880e-01
9.429702695193109552e-02
1.843293878943058628e-01
2.500871991628880742e-01
3.793911007025762006e-01
1.891189786981369858e-01
2.801530715641142866e-02
1.542515604757979386e-01
2.615797717610203188e-01
2.774092328492082649e-01
1.601188286115313164e-01
2.659747766684182335e-01
1.334459334051004697e-01
2.419753086419753618e-01
1.065989847715735905e-01
2.048049693980085462e-01
1.143024618991793639e-01
0.000000000000000000e+00
6.559139784946237395e-01
6.145552560646900808e-01
5.151515151515152491e-01
4.000000000000000222e-01
1.000000000000000000e+00
5.929108000366688502e-01
0.000000000000000000e+00
0.000000000000000000e+00
0.000000000000000000e+00
0.000000000000000000e+00
0.000000000000000000e+00
0.000000000000000000e+00
0.000000000000000000e+00
0.000000000000000000e+00
0.000000000000000000e+00
0.000000000000000000e+00
6.501436781609194748e-02
0.000000000000000000e+00
0.000000000000000000e+00
0.000000000000000000e+00
0.000000000000000000e+00
0.000000000000000000e+00
0.000000000000000000e+00
0.000000000000000000e+00
0.000000000000000000e+00
0.000000000000000000e+00
0.000000000000000000e+00
1.735660118559541054e-01
1.775111413716781161e-01
2.170528148633713572e-01
1.877974361738078413e-01
3.774733652382304960e-01
1.900479769759931825e-01
2.885401600874732964e-01
5.354291009868112905e-01
3.005029937537714302e-01
4.833753432984499998e-01
3.107058761837609984e-01
7.025045194407608662e-02
5.346636853255162247e-01
2.127474064690917377e-01
3.107347823045983892e-01
1.559375461225100956e-01
6.247418493423011476e-01
2.005051675773555364e-01
2.318337629311844061e-01
7.475276162949711090e-01
2.717673908960173135e-01
6.572623705850153542e-01
1.911698731277187147e-01
2.680925789163517425e-01
3.990449669210105466e-01
3.244567347506527311e-01
0.000000000000000000e+00
1.205002580850044747e-01
1.221242496021729962e-01
1.505431664851436258e-01
1.243651821247397371e-01
2.632140318841564852e-01
1.315899768088716337e-01
2.146929520675900371e-01
4.061641994430967295e-01
2.162474881866998933e-01
4.113839422586786365e-01
2.282658828604294254e-01
4.648807570075191853e-02
4.595241931321455975e-01
1.502985998384929189e-01
2.162758490595039496e-01
1.170493860434705380e-01
5.668993692000467988e-01
1.138846706838425454e-01
1.738494309639075919e-01
6.772543541794204813e-01
2.022291761297395629e-01
5.863990638784604137e-01
1.556317954187794728e-01
2.205672150249494701e-01
3.100535209313161622e-01
2.476073153964575280e-01
0.000000000000000000e+00
6.357348703170029314e-01
6.482397439627582969e-01
6.547756041426927576e-01
6.580086580086579318e-01
6.250000000000000000e-01
6.471130901565326221e-01
4.401770102093663928e-01
5.831144712695464083e-01
3.434459641209212100e-01
4.737276401728646169e-01
4.733256682954871675e-01
4.606392640553128581e-01
7.322654462242561557e-01
4.755414174615102962e-01
4.094065412116987823e-01
3.389378705342900311e-01
7.844907931050084660e-01
4.183987886096890429e-01
3.637849989781319904e-01
7.200280504908836976e-01
2.576238291480583698e-01
6.455521896771098112e-01
4.833881383463412007e-01
4.940279809441596726e-01
5.755383232609038169e-01
4.227051499717033867e-01
0.000000000000000000e+00
