4.142574363341462451e-01
4.174797238411771527e-01
4.133640888469078956e-01
4.009169801018213075e-01
6.715245762030750409e-01
4.096511120672414741e-01
1.113028847951255673e-01
6.752858430730566131e-01
3.763808792966873984e-01
4.045738935037203055e-01
4.999434124089706666e-01
3.670539547624908083e-01
1.599371121990518230e-01
9.664065185326102814e-01
8.119297164408334488e-01
2.265849916640005901e-02
7.182224503680425531e-01
7.507075767732909188e-01
9.639534468182309190e-02
2.455025348614512382e-01
1.121531966406166814e-01
7.120456806812266448e-01
3.084778778193162374e-01
2.789123955563335144e-01
2.732928966554171168e-02
7.872208039537041957e-01
0.000000000000000000e+00
1.327901034525738599e-01
1.285358836793406567e-01
1.213140588538352133e-01
1.258891645988420294e-01
1.766233766233766267e-01
1.319038087664468617e-01
7.795893844910817272e-02
4.494214259051885207e-01
1.101029965808555389e-01
9.917733089579527928e-02
1.362898236931642248e-01
1.910260022810259528e-01
4.456967213114754189e-02
5.603686635944701289e-01
3.351568000866598229e-01
1.182641489389955058e-01
3.310254201042590605e-01
7.297748123436195167e-01
2.104305781867366054e-01
1.066610581978787720e-01
3.926957435627955184e-01
2.694773181515353055e-01
8.376068376068379617e-02
3.252635689183913659e-01
1.404974551041966724e-01
4.604183377552908962e-01
0.000000000000000000e+00
4.731182795698924970e-01
4.474393530997304858e-01
4.848484848484848619e-01
4.000000000000000222e-01
1.000000000000000000e+00
4.632413644490740445e-01
0.000000000000000000e+00
0.000000000000000000e+00
0.000000000000000000e+00
0.000000000000000000e+00
0.000000000000000000e+00
0.000000000000000000e+00
0.000000000000000000e+00
0.000000000000000000e+00
0.000000000000000000e+00
0.000000000000000000e+00
4.452644526445264650e-01
0.000000000000000000e+00
0.000000000000000000e+00
0.000000000000000000e+00
0.000000000000000000e+00
0.000000000000000000e+00
0.000000000000000000e+00
0.000000000000000000e+00
0.000000000000000000e+00
0.000000000000000000e+00
0.000000000000000000e+00
1.002484182354297371e-01
1.057468100761451701e-01
1.116948885708439754e-01
1.012775716933976833e-01
4.004423044112596086e-01
1.075523502776333240e-01
1.746154069459413538e-01
5.373816501993025074e-01
3.153966516123988262e-01
4.217977445167526707e-01
3.550369864218668736e-01
1.044635161784571720e-01
1.050440301237376417e-01
7.849977669748351428e-01
5.487611680286069715e-01
2.276768506014903437e-02
5.532980326940126758e-01
5.317040871042015837e-01
1.438754474389960514e-01
2.694726394269890690e-01
1.715655689549521190e-01
7.397953712780864777e-01
2.693298203354936859e-01
2.641739022627922484e-01
4.409238490855504899e-02
6.862993592023526324e-01
0.000000000000000000e+00
6.687953817687108948e-02
6.987286597078540273e-02
7.286356241687910740e-02
6.342503500950191775e-02
2.837026591959863064e-01
7.110012344880795032e-02
1.227692774827541244e-01
4.081906281894390198e-01
2.288481162032229566e-01
3.514896971111543533e-01
2.668930760313290573e-01
7.042875614190541311e-02
7.665218174762289394e-02
7.220678496782536593e-01
4.395526176099288085e-01
1.619400122069952763e-02
4.923172260918184939e-01
3.971583923093368051e-01
1.037700893561233628e-01
1.961732841779481040e-01
1.216260510695260089e-01
6.792407232476871393e-01
2.241001954393304629e-01
2.170924764834675225e-01
2.845140491388936654e-02
6.108145385076382272e-01
0.000000000000000000e+00
6.484149855907781479e-01
6.709339540296770377e-01
6.455696202531645556e-01
6.190476190476190688e-01
6.250000000000000000e-01
6.459748839200037951e-01
1.226046960008614350e-01
6.916008845289969287e-01
3.933237241258756844e-01
4.196637582464354255e-01
4.990646582195878977e-01
3.854432172189180550e-01
1.909633418584825160e-01
9.605039542072084657e-01
8.122210645133280948e-01
5.939674662046612319e-02
7.286965021887883420e-01
7.714346636439221028e-01
1.160714285714286031e-01
2.248574287938238658e-01
1.188365767043804144e-01
7.084886008829810455e-01
3.018368785930816145e-01
3.121123351142562896e-01
3.019568505294417671e-02
7.730006835269991328e-01
0.000000000000000000e+00
