5.678213905046347598e-02
2.822743313798214970e-02
8.508604053771851028e-03
9.471080499735551328e-03
1.123093392632090737e-01
2.559808084783221638e-02
0.000000000000000000e+00
5.078752808265813989e-01
1.988538141674995874e-01
4.060282597591050591e-01
8.191181553345209254e-01
0.000000000000000000e+00
1.714607064637463374e-01
9.968602452984740570e-01
9.369679149197395196e-01
2.050587952328459806e-01
4.952773750070076364e-01
1.000000000000000000e+00
0.000000000000000000e+00
5.220602613462428376e-01
1.326006168116400374e-04
3.832236876764162359e-01
5.245689098385057925e-01
0.000000000000000000e+00
8.330282541551049524e-01
9.531410009243458381e-01
0.000000000000000000e+00
1.581391000872492403e-02
1.608739600342119769e-02
1.172833893990363197e-02
1.714915908464295646e-02
5.194805194805196535e-03
1.596986193799078413e-02
0.000000000000000000e+00
3.877960658370132041e-01
1.938837415815986009e-01
2.531595262697718396e-01
1.940111052353252763e-01
2.583865186681300052e-03
5.737704918032787704e-02
9.119601328903655935e-01
2.580398893024142826e-01
6.703949473449910545e-02
4.294950070972977652e-02
6.036697247706420688e-01
7.130984470009563148e-02
1.692198076237976245e-01
1.392538097740409486e-01
9.992328346758727609e-02
2.074074074074073737e-01
0.000000000000000000e+00
1.739492301290053999e-01
2.459234786315676602e-01
0.000000000000000000e+00
5.322580645161291146e-01
5.660377358490565891e-01
5.050505050505050830e-01
3.666666666666665853e-01
1.000000000000000000e+00
4.963857466745426050e-01
0.000000000000000000e+00
0.000000000000000000e+00
0.000000000000000000e+00
0.000000000000000000e+00
0.000000000000000000e+00
0.000000000000000000e+00
0.000000000000000000e+00
0.000000000000000000e+00
0.000000000000000000e+00
0.000000000000000000e+00
4.559193954659949699e-01
0.000000000000000000e+00
0.000000000000000000e+00
0.000000000000000000e+00
0.000000000000000000e+00
0.000000000000000000e+00
0.000000000000000000e+00
0.000000000000000000e+00
0.000000000000000000e+00
0.000000000000000000e+00
0.000000000000000000e+00
1.392210892985057402e-01
1.282330035718345362e-01
1.243926191639252998e-01
1.202816111112631203e-01
1.101244786617247007e-01
1.335747342674743487e-01
2.872363054069888566e-01
7.180441803792676492e-01
3.846991257125237373e-01
7.513792496566864543e-01
8.211148963106297272e-01
2.405611587827360953e-02
2.186733731997081431e-01
9.621215370683211532e-01
9.601317701117076941e-01
3.233701583293946413e-01
8.019724839401876082e-01
1.000000000000000000e+00
1.988013631977534335e-01
6.513368509508148385e-01
1.632574005743793188e-01
5.926212412816420638e-01
7.184661179583229362e-01
5.222363555876290420e-01
8.680273531087403516e-01
9.382575282225941171e-01
0.000000000000000000e+00
9.488696558522385915e-02
8.582463245129917651e-02
8.176502834235141459e-02
7.627691400293334922e-02
6.247473580659884673e-02
8.962291706914055078e-02
2.135880736959115400e-01
6.128337309595648374e-01
2.898196322904419420e-01
6.975252984626507669e-01
7.645740879983502492e-01
1.551479331127003647e-02
1.670734385886570306e-01
9.485331455052583571e-01
9.432497427977662996e-01
2.587239280476718029e-01
7.627891684452408061e-01
1.000000000000000000e+00
1.469406698694566415e-01
5.667776850357786333e-01
1.152596563403707752e-01
5.166767196344719260e-01
6.719766985534396664e-01
4.618046698973233832e-01
8.255163074917168942e-01
9.179462760493799500e-01
0.000000000000000000e+00
3.458213256484143905e-02
3.927844050043649560e-02
2.761795166858460604e-02
3.463203463203468058e-02
0.000000000000000000e+00
2.811026852347564553e-02
0.000000000000000000e+00
4.170217125713114315e-01
1.851228013769524727e-01
3.481190897788494221e-01
7.643192488262908757e-01
0.000000000000000000e+00
2.086956521739130599e-01
9.573765502049058629e-01
9.026138160614652906e-01
2.462292554506710918e-01
3.852814986219128546e-01
9.950951423051992428e-01
0.000000000000000000e+00
5.249518098093810536e-01
0.000000000000000000e+00
3.852884271300726082e-01
5.133258568303598057e-01
0.000000000000000000e+00
8.050376718760413608e-01
9.495968704539521354e-01
0.000000000000000000e+00
