4.905335833412358681e-01
5.137909888202123465e-01
5.739061216256291509e-01
6.357348077710962553e-01
3.549755678940555992e-01
5.193534610293479847e-01
8.144244989826250336e-01
3.281802073689255028e-01
5.755486024786240495e-01
2.403172527343372389e-01
1.216922159476638843e-01
8.398750517223322332e-01
6.262808790730239883e-01
2.348291799616610276e-01
6.754803326144309672e-02
1.331721377383068283e-01
2.659547446538277349e-01
1.075991595597824702e-01
7.943232464921470282e-01
2.824121385016941099e-01
6.899898686162571071e-01
5.116536194765840539e-01
7.819292437190894507e-01
8.219026229866901456e-01
7.661204492630079299e-01
8.759519743972110639e-02
0.000000000000000000e+00
5.334039636046367105e-01
5.436980017105980112e-01
5.415946904264024031e-01
5.482768127929418256e-01
2.805194805194805574e-01
5.390109872772423927e-01
3.469721767594108330e-01
4.045728802794537060e-01
4.070196242513416385e-01
8.750432333613322733e-02
5.000611695620260644e-02
3.260150647110057198e-01
1.132637853949329254e-01
5.546218487394959373e-01
3.426246432258455155e-01
3.842572304995617305e-02
4.762605784275789067e-02
1.459549624687239144e-01
2.579888755050637750e-01
9.053164959940573908e-02
4.034805067027426584e-01
6.789073373883501850e-01
2.212141135218058663e-01
3.364294200237607502e-01
8.847049296487499714e-02
4.302293621723496386e-02
0.000000000000000000e+00
6.774193548387097419e-01
6.873315363881401518e-01
6.060606060606061884e-01
4.499999999999999556e-01
1.000000000000000000e+00
6.367998941899657428e-01
0.000000000000000000e+00
0.000000000000000000e+00
0.000000000000000000e+00
0.000000000000000000e+00
0.000000000000000000e+00
0.000000000000000000e+00
0.000000000000000000e+00
0.000000000000000000e+00
0.000000000000000000e+00
0.000000000000000000e+00
3.507751937984496249e-01
0.000000000000000000e+00
0.000000000000000000e+00
0.000000000000000000e+00
0.000000000000000000e+00
0.000000000000000000e+00
0.000000000000000000e+00
0.000000000000000000e+00
0.000000000000000000e+00
0.000000000000000000e+00
0.000000000000000000e+00
5.011642097466162404e-01
5.153159850076313164e-01
5.361431594216854446e-01
5.293448186856316573e-01
2.961406963323474084e-01
5.152820216400898490e-01
4.756800064138126949e-01
2.579805610365836777e-01
3.709893920596439854e-01
1.386952714851099611e-01
1.848281100135285016e-02
1.004771828426299640e-01
4.111348473190088448e-01
3.937328436770626272e-02
1.440144614986711424e-01
7.334902823495026425e-03
9.026289606980286706e-02
7.072823865908972607e-02
6.504197677319216719e-01
1.647404918658992301e-01
6.182326423693610407e-01
4.010260011726525242e-01
3.619817322767899803e-01
4.523659026775801451e-01
4.418383989955356750e-01
4.240001224143830072e-02
0.000000000000000000e+00
4.086775409196399256e-01
4.205650149660776771e-01
4.388120895466770532e-01
4.257357810587377167e-01
1.947889154484710450e-01
4.204280484906077753e-01
3.859601152487235343e-01
1.585021334744415311e-01
2.774524673495144533e-01
1.042571472198192128e-01
1.149968566315023866e-02
6.759547217792283291e-02
3.380174429878609055e-01
2.527059068089670957e-02
8.964696481157966024e-02
5.183660991335103940e-03
7.000280725046725827e-02
3.521297667508622997e-02
5.763877890011671612e-01
1.135050154955438151e-01
5.353035725963527502e-01
3.254643640848035591e-01
3.089009971182385961e-01
3.923640236750439714e-01
3.503201164502422471e-01
2.816424946409767927e-02
0.000000000000000000e+00
6.645533141210375749e-01
7.058481233633984164e-01
7.445339470655926162e-01
7.792207792207792583e-01
3.750000000000000000e-01
6.951282269586988027e-01
8.293505093189932342e-01
3.717354754343358825e-01
5.671977591614262293e-01
2.482026703183840555e-01
1.355762481867951452e-01
8.553457395784799244e-01
6.541207008436078496e-01
2.537786367303326851e-01
7.688050027893879312e-02
1.940207873697126217e-01
2.878299583317769361e-01
1.161237474992969643e-01
8.043126684636119350e-01
2.800274665251725192e-01
6.823187896619312687e-01
5.088282618850453742e-01
8.098447267896944357e-01
8.499498966983187742e-01
8.011081748323577445e-01
9.184335245697183847e-02
0.000000000000000000e+00
