4.761960140808203512e-01
4.816133056590947703e-01
4.926368404385537136e-01
5.839353040315191645e-01
6.618915473804662941e-01
4.896000383897620711e-01
5.522162795295160187e-01
5.464655721318922854e-01
2.873461918575695995e-01
2.017904082553106937e-01
3.363015609311253984e-01
5.391403735903502747e-01
7.882293262481497864e-01
3.784634439184852428e-01
2.845737487572238544e-01
3.964338743857835912e-01
7.290928809995118609e-01
3.327378014491407798e-01
4.786143750194711277e-01
8.375065050652367171e-01
4.962191118475352547e-01
6.304071877291134163e-01
4.116020883020286014e-01
3.827703085465661292e-01
7.387991466094258053e-01
3.045849867312052650e-01
0.000000000000000000e+00
4.330985915492958083e-01
4.305652748619859249e-01
4.171288298936266514e-01
4.478081058726219865e-01
3.740259740259740395e-01
4.339201983846404098e-01
4.911824877250409171e-01
1.835724888668975874e-01
1.821404153994860553e-01
8.190127970749544462e-02
8.176229508196720674e-01
2.774596964319507864e-01
8.360655737704918433e-01
4.732919254658385366e-01
2.077330514046465959e-01
1.382798892984815065e-01
9.770773332191309835e-02
1.551386455004638565e-01
1.666641027855976787e-01
3.016108377704387888e-01
2.990324202060819503e-01
2.782938014186834286e-01
3.945249597423510224e-01
2.460492290010536376e-01
1.143243077300914734e-01
6.631602293970406681e-02
0.000000000000000000e+00
3.118279569892473679e-01
2.345013477088948584e-01
2.121212121212121271e-01
1.499999999999999944e-01
1.000000000000000000e+00
2.856239987461168250e-01
0.000000000000000000e+00
0.000000000000000000e+00
0.000000000000000000e+00
0.000000000000000000e+00
0.000000000000000000e+00
0.000000000000000000e+00
0.000000000000000000e+00
0.000000000000000000e+00
0.000000000000000000e+00
0.000000000000000000e+00
4.393203883495145345e-01
0.000000000000000000e+00
0.000000000000000000e+00
0.000000000000000000e+00
0.000000000000000000e+00
0.000000000000000000e+00
0.000000000000000000e+00
0.000000000000000000e+00
0.000000000000000000e+00
0.000000000000000000e+00
0.000000000000000000e+00
3.533432730232508590e-01
3.508601537157273187e-01
3.597863313206111080e-01
3.854442179286446946e-01
4.368122716075475420e-01
3.636018058819380228e-01
4.090719227400350100e-01
3.704056007805278106e-01
2.325074033525483808e-01
2.730064035741333051e-01
2.771243882523927171e-01
1.234002900634271205e-01
6.566738292636258301e-01
2.788181053797451625e-01
3.775111231577589210e-01
4.178847502441580541e-01
5.948767787562281306e-01
2.516258866626850943e-01
3.943651078563963353e-01
8.602135315705266017e-01
4.931187767114594278e-01
6.218592734383880938e-01
2.682004747366579789e-01
2.533543496780592541e-01
5.181987928059728077e-01
2.533333267857226234e-01
0.000000000000000000e+00
2.688130313544941918e-01
2.644581784176822659e-01
2.696382755837601897e-01
2.869345231433972909e-01
3.171945711154101621e-01
2.757245718595472406e-01
3.221134869227603170e-01
2.492160859093626168e-01
1.609796463225564300e-01
2.157894907219623515e-01
2.000123424623698187e-01
8.404598274395169710e-02
5.885847846814897810e-01
2.038439544704983009e-01
2.738709446765332789e-01
3.460130998921449597e-01
5.354160364014215467e-01
1.498714124667851477e-01
3.165993999382467061e-01
8.154400985892258369e-01
4.052946553984890787e-01
5.478874326892892999e-01
2.230908902072984423e-01
2.075372691954447957e-01
4.255480874540223390e-01
1.870125319747655279e-01
0.000000000000000000e+00
6.311239193083573173e-01
6.499854524294443880e-01
6.340621403912544141e-01
6.969696969696970168e-01
6.250000000000000000e-01
6.369657251866948089e-01
5.757235323392048132e-01
5.918176723332709832e-01
2.998845413726747289e-01
2.050457978466976305e-01
3.233179423360974525e-01
5.561703786002850647e-01
8.408611228366400514e-01
3.856798255514137241e-01
2.726647564469913410e-01
4.259859115238606719e-01
7.086622587323849753e-01
3.385194335291423773e-01
4.984802431610941831e-01
8.324039231687597740e-01
4.980185273301194204e-01
6.001728669766007718e-01
4.211018701069999537e-01
4.076037342742513392e-01
7.743069898677464868e-01
3.008421052631579107e-01
0.000000000000000000e+00
