4.129240437038423917e-01
4.090706096814211712e-01
4.356019715249213053e-01
4.513383147318545952e-01
4.106286885861571978e-01
4.146573021163681982e-01
4.839678436637608328e-01
1.764076828374513128e-01
3.977812823561353017e-01
4.758264073101015068e-02
4.072746593857562436e-01
3.983564258934219060e-01
8.265369407972299465e-01
4.929811944638710641e-01
3.692630874683578979e-01
2.628615800746858522e-01
7.067544896647193209e-01
4.187522587019514297e-01
3.327227099267818788e-01
9.459971566601167448e-01
2.489908275488429967e-01
5.056598197652181215e-01
9.150092853182574260e-01
4.924934424558735646e-01
5.021930801317978643e-01
5.724797995452001187e-01
0.000000000000000000e+00
1.517200548423283113e-01
1.549879480600264703e-01
1.762584477376731296e-01
1.539012958367796946e-01
1.662337662337662336e-01
1.614816325502874128e-01
2.703552224605562104e-01
1.770373344038539409e-01
3.701499048695450211e-01
5.843192714980516289e-02
1.307987443320544063e-01
8.247934969628312185e-02
2.152647137866164906e-01
3.542016806722689815e-01
2.250458363535582373e-01
6.153684633362543899e-02
1.322992511101720170e-01
3.830391654636053911e-01
1.202059724806948671e-01
1.167855010361420198e-01
3.926957435627955184e-01
5.714687668371726259e-01
3.136281912980941611e-01
1.634517766497461944e-01
1.811372148450800246e-01
1.567576620331602166e-01
0.000000000000000000e+00
9.032258064516131002e-01
9.460916442048518116e-01
7.575757575757576801e-01
5.999999999999999778e-01
1.000000000000000000e+00
8.447892696373698884e-01
0.000000000000000000e+00
0.000000000000000000e+00
0.000000000000000000e+00
0.000000000000000000e+00
0.000000000000000000e+00
0.000000000000000000e+00
0.000000000000000000e+00
0.000000000000000000e+00
0.000000000000000000e+00
0.000000000000000000e+00
5.526717557251907831e-01
0.000000000000000000e+00
0.000000000000000000e+00
0.000000000000000000e+00
0.000000000000000000e+00
0.000000000000000000e+00
0.000000000000000000e+00
0.000000000000000000e+00
0.000000000000000000e+00
0.000000000000000000e+00
0.000000000000000000e+00
1.740681286938490224e-01
1.793950156776111804e-01
2.249128527773411879e-01
1.867722045226748451e-01
2.564076374904882272e-01
1.900451555712209251e-01
3.836656328754997070e-01
1.309324724081391556e-01
5.365227786105543073e-01
2.511999519333181219e-01
2.769177763925819713e-01
5.863345521017493400e-02
5.600086774330024220e-01
4.392239685698018370e-01
4.818649986030268950e-01
3.451954265062429084e-01
6.306560947984425347e-01
2.770715134383059941e-01
2.130279284180411903e-01
8.633953994948808663e-01
3.480107374120914310e-01
9.999999999999997780e-01
9.261619585564373480e-01
2.608571075230814440e-01
4.895839346961388117e-01
4.037931123461876437e-01
0.000000000000000000e+00
1.208811930966267045e-01
1.235485264393582638e-01
1.566865916942405124e-01
1.236066099937438434e-01
1.637004698024011051e-01
1.315878196260945043e-01
2.986014557389189417e-01
7.179979575501979627e-02
4.368491691631197771e-01
1.969740957517521207e-01
1.998411982963755884e-01
3.855274739872927015e-02
4.855938480908986166e-01
3.473862167712108429e-01
3.717528804888292626e-01
2.784119758341652706e-01
5.731862919346157881e-01
1.688367792859598038e-01
1.584427639592110859e-01
8.194792709262999075e-01
2.682867233205135093e-01
1.000000000000000000e+00
9.104444296163987094e-01
2.141572465934802327e-01
3.968505860022966680e-01
3.193845459589814695e-01
0.000000000000000000e+00
6.023054755043226738e-01
6.237998254291534650e-01
6.294591484464903131e-01
6.493506493506493449e-01
3.750000000000000000e-01
6.166392183992702725e-01
4.989028125821057813e-01
2.016192409135380836e-01
4.016273164216611624e-01
5.372857804539132864e-02
4.031842507326113267e-01
4.207053634375167439e-01
8.591005356920391467e-01
4.960844598652615622e-01
3.592968587677632941e-01
2.841476008319636648e-01
7.093038211138127380e-01
4.435805060821781387e-01
3.566634707574305452e-01
9.311180124223604748e-01
2.375738883635121201e-01
4.484897329672866695e-01
9.198948226057328537e-01
5.235083820470294302e-01
4.604698998580363245e-01
5.775974820772862284e-01
0.000000000000000000e+00
