4.868441679140214084e-01
5.044635628130376137e-01
5.558185543279152707e-01
5.921473513707569136e-01
4.489873747452539643e-01
5.082363647372853954e-01
7.651581032007743755e-01
3.537734264141351170e-01
4.068741194572915720e-01
3.785634061096240233e-01
2.296322340095391379e-01
7.523826073192755315e-01
5.881076155152310525e-01
2.987148955732412126e-01
1.821165092959245169e-01
2.020970538104329695e-01
4.123830290841532520e-01
1.872714451767042709e-01
6.184573050927466564e-01
4.150755932950643823e-01
5.266870167722741414e-01
5.587185951584617838e-01
6.648638111862004152e-01
6.944815985993380014e-01
6.617281298823428637e-01
1.548623185061563934e-01
0.000000000000000000e+00
1.162283435124018688e-01
1.219112044164528535e-01
1.238900506106615923e-01
1.261097325613454445e-01
7.272727272727273762e-02
1.208462330934682583e-01
4.288420162194965801e-01
2.635024549918167924e-01
1.875100403823851125e-01
2.359460694698356509e-02
2.732240437158467428e-02
1.270521993939378591e-01
5.048511207761794406e-01
2.757763975155279601e-01
3.426246432258455155e-01
3.389413024923670914e-02
1.500584227318019492e-01
1.322180248246087042e-01
1.726227788102591698e-01
2.032961075571940168e-01
4.034805067027426584e-01
4.463239994885564998e-01
1.405694712053093820e-01
2.203045685279189092e-01
4.744069912609238937e-02
9.506343365872343965e-02
0.000000000000000000e+00
7.688172043010753631e-01
7.897574123989218320e-01
6.060606060606061884e-01
6.833333333333333481e-01
1.000000000000000000e+00
7.755614303516947805e-01
0.000000000000000000e+00
0.000000000000000000e+00
0.000000000000000000e+00
0.000000000000000000e+00
0.000000000000000000e+00
0.000000000000000000e+00
0.000000000000000000e+00
0.000000000000000000e+00
0.000000000000000000e+00
5.661538461538462297e-01
4.132420091324200406e-01
0.000000000000000000e+00
0.000000000000000000e+00
0.000000000000000000e+00
0.000000000000000000e+00
0.000000000000000000e+00
0.000000000000000000e+00
0.000000000000000000e+00
0.000000000000000000e+00
0.000000000000000000e+00
0.000000000000000000e+00
1.533779486905411105e-01
1.652891530230682360e-01
1.921276217582512658e-01
1.950597188574301200e-01
2.591427883587528180e-01
1.698498476776360011e-01
5.214994430074317844e-01
2.673600420107497544e-01
2.980175645404968821e-01
3.388147468145599195e-01
1.039537712592344398e-01
6.501957396299296033e-02
4.283624791873401616e-01
1.258751340337066482e-01
2.316943429231685947e-01
1.071691963676599801e-01
3.396264749839688069e-01
1.102401603113498108e-01
4.070506816003638395e-01
3.370825629802005619e-01
5.829838343269594381e-01
6.424105923265086560e-01
4.688992675498453444e-01
3.763376955406523283e-01
3.980827931769788108e-01
7.387718728119441192e-02
0.000000000000000000e+00
1.053389458126952061e-01
1.129493884209932242e-01
1.313813919483320658e-01
1.297635975592241198e-01
1.657913367385722148e-01
1.163018516677012948e-01
4.317330616804696541e-01
1.655680183883783685e-01
2.141620298188190163e-01
2.742334940078133276e-01
6.809837136001256619e-02
4.290281891451169782e-02
3.544099940999580478e-01
8.484913270401578389e-02
1.531859178214906303e-01
7.889884166986571579e-02
2.842905257053269796e-01
5.723818258914843693e-02
3.284647475761612867e-01
2.538784639840909185e-01
4.975626726983360948e-01
5.701472248883072691e-01
4.116626954184596787e-01
3.194901492324920822e-01
3.091637842072181841e-01
4.988832987839308952e-02
0.000000000000000000e+00
6.691642651296829669e-01
7.110852487634564678e-01
7.468354430379747777e-01
7.662337662337661559e-01
3.750000000000000000e-01
7.021381182332125936e-01
7.708079520138255702e-01
3.923329556035207166e-01
4.066436477283584816e-01
4.069414507544099058e-01
2.302276818807582615e-01
7.779665817048994070e-01
6.342710997442453369e-01
3.120819993876772780e-01
1.960775288354947299e-01
2.370301302398249987e-01
4.026615210989121785e-01
2.016602517964055930e-01
6.361185983827493118e-01
4.076149068322981739e-01
5.232855445432977870e-01
5.288347128575104916e-01
6.818844753839177208e-01
7.231419677762451759e-01
7.310564003745908535e-01
1.621147463252726739e-01
0.000000000000000000e+00
