4.758077602875490086e-01
4.806372328090557922e-01
4.927448700520247193e-01
5.712493609084503543e-01
6.701074218604825550e-01
4.870257928719685658e-01
5.818724661881422566e-01
4.937600093629702647e-01
3.026014778798653548e-01
2.244912903622452438e-01
3.484685813163163060e-01
5.500151444730970729e-01
7.521227868292802432e-01
3.666908697573046383e-01
2.417233245348344994e-01
4.211240565234699584e-01
7.531033608167567728e-01
2.929483886982443552e-01
5.084352113416363839e-01
8.661304095236977973e-01
4.791953286686119751e-01
5.792005019444653735e-01
4.547769654772073622e-01
4.177201242932186975e-01
7.735226576542441057e-01
2.718318815841641589e-01
0.000000000000000000e+00
2.982830611990527347e-01
3.164139646994790778e-01
3.599115071067066629e-01
2.878411910669975149e-01
1.064935064935064873e-01
3.116040727694275314e-01
3.990180032733224857e-01
3.223549985426988895e-01
1.696394552701405156e-01
8.837979890310787567e-02
9.999999999999998890e-01
3.608431871697960203e-01
8.360655737704918433e-01
3.837209302325581550e-01
2.778891115564462444e-01
1.531253719392778323e-01
1.477043804895586121e-01
1.842382313129794502e-01
3.302527818199245679e-01
2.712291436357559538e-01
3.660176452692424642e-01
1.741520083292235066e-01
5.609427609427608541e-01
5.841624365482233072e-01
1.088345450539766890e-01
8.394405401508359121e-02
0.000000000000000000e+00
3.118279569892473679e-01
2.237196765498652429e-01
2.121212121212121271e-01
1.166666666666666685e-01
1.000000000000000000e+00
2.589583958709568701e-01
0.000000000000000000e+00
0.000000000000000000e+00
0.000000000000000000e+00
0.000000000000000000e+00
0.000000000000000000e+00
0.000000000000000000e+00
0.000000000000000000e+00
0.000000000000000000e+00
0.000000000000000000e+00
0.000000000000000000e+00
3.016163972671221383e-01
0.000000000000000000e+00
0.000000000000000000e+00
0.000000000000000000e+00
0.000000000000000000e+00
0.000000000000000000e+00
0.000000000000000000e+00
0.000000000000000000e+00
0.000000000000000000e+00
0.000000000000000000e+00
0.000000000000000000e+00
1.966217973196000557e-01
2.062603200399660830e-01
2.338939717899284343e-01
2.307543019493293324e-01
3.679589495712582981e-01
2.124034727740310435e-01
3.727672348217916376e-01
3.631907044339411361e-01
2.420065240230413472e-01
3.049161584330288832e-01
3.155731498198287577e-01
1.027334353346817108e-01
6.301781692046359851e-01
2.454273181483701549e-01
3.504553814555472213e-01
4.294381386212104967e-01
6.218559885422525468e-01
1.980033612175073343e-01
4.092545701657794854e-01
8.596935254499435963e-01
4.248826224939766805e-01
5.243581523144740242e-01
3.057162295215265502e-01
2.336890025124986892e-01
5.173024074843899367e-01
2.184703533007937848e-01
0.000000000000000000e+00
1.381840872833708933e-01
1.441526649276778649e-01
1.637654522425006920e-01
1.569348168359956941e-01
2.548773112137803221e-01
1.488723084918340267e-01
2.886579596140411708e-01
2.430000320009841897e-01
1.684779459766587439e-01
2.438165207973215787e-01
2.324329645041472436e-01
6.919768211493526611e-02
5.597937517477393765e-01
1.763763536672372512e-01
2.500612038323873909e-01
3.570453230501165476e-01
5.638379260663701764e-01
1.121959992314624094e-01
3.305368210515452487e-01
8.147807017432115995e-01
3.390244719388325612e-01
4.459016507735821810e-01
2.569327616800911596e-01
1.903151657323082224e-01
4.246398928850063093e-01
1.586059584354769236e-01
0.000000000000000000e+00
6.887608069164266045e-01
7.099214431189992958e-01
7.008055235903337676e-01
7.532467532467532756e-01
6.250000000000000000e-01
7.026625430040834841e-01
6.014060312690689969e-01
5.431751239223172600e-01
3.128536084093676006e-01
2.283464566929133133e-01
3.439479319647789080e-01
5.648354466904986770e-01
7.950310559006210642e-01
3.760473356592324845e-01
2.372840149344446758e-01
4.591274812698387109e-01
7.409125042963513597e-01
3.088622522477161292e-01
5.307240704500979511e-01
8.479528033403270770e-01
4.844851961732034029e-01
5.652677803010227597e-01
4.576963973337293545e-01
4.381168754042343849e-01
8.291684758691318935e-01
2.730015211439000833e-01
0.000000000000000000e+00
