4.164278392040556831e-01
4.046109984978203400e-01
4.299747030646681178e-01
4.137558294130989633e-01
4.384347160039805402e-01
4.139851577439384034e-01
1.692582799487967748e-01
2.662917452757874726e-01
4.137912242992651812e-01
5.131642007391000737e-01
5.788163731159553516e-01
3.108453406101779892e-01
7.466153010594805961e-01
7.750836426683529456e-01
6.067053604931452737e-01
1.326537280516464357e-01
7.015534569764891870e-01
6.344832030898396313e-01
1.584232973233499209e-01
6.002964448749877890e-01
1.153239667779181743e-01
5.843409585225222136e-01
5.440456268179922894e-01
3.448472487020173283e-01
1.274720153813788670e-01
7.493962329617090967e-01
0.000000000000000000e+00
1.688271220241804871e-01
1.823808413031646203e-01
2.059278116192381214e-01
1.810862972153294836e-01
3.636363636363636187e-02
1.818268894185485762e-01
5.332564191999145109e-02
1.202945990180033231e-01
2.739022199852955142e-01
1.058219659682182456e-01
1.420834727333556424e-01
1.495513260705907954e-01
6.525851197982346363e-02
8.485714285714286431e-01
2.735470941883767493e-01
7.060576812848301520e-02
3.408461900836180503e-01
3.825289190267251449e-01
6.994937392713679314e-02
7.375179073592613710e-02
2.518946692357096340e-01
9.164392569455860338e-01
1.974009096816113917e-01
1.878172588832487389e-01
7.386336699378942550e-02
3.683079327862445740e-01
0.000000000000000000e+00
4.301075268817204922e-01
4.420485175202156780e-01
3.636363636363636465e-01
2.333333333333333093e-01
1.000000000000000000e+00
3.736856901290072086e-01
0.000000000000000000e+00
0.000000000000000000e+00
0.000000000000000000e+00
0.000000000000000000e+00
0.000000000000000000e+00
0.000000000000000000e+00
0.000000000000000000e+00
0.000000000000000000e+00
0.000000000000000000e+00
0.000000000000000000e+00
4.340527577937649539e-01
0.000000000000000000e+00
0.000000000000000000e+00
0.000000000000000000e+00
0.000000000000000000e+00
0.000000000000000000e+00
0.000000000000000000e+00
0.000000000000000000e+00
0.000000000000000000e+00
0.000000000000000000e+00
0.000000000000000000e+00
1.323371992814105225e-01
1.399198845190368079e-01
1.810592903147133503e-01
1.509394323118404824e-01
2.443675823429163341e-01
1.499933270811024677e-01
1.291225243648288501e-01
2.440903121846959567e-01
4.421886015885184706e-01
6.261464052748919595e-01
4.487076039589311671e-01
1.400182781088635808e-01
4.420236049424450808e-01
8.092369344049694657e-01
5.633139989500858258e-01
2.328103073243521504e-01
5.573286032284041625e-01
4.549904442084584111e-01
8.417097012752638996e-02
5.215906091974809033e-01
2.478819025300499357e-01
7.196527317913989918e-01
3.045713305707997698e-01
2.629546368712412097e-01
1.136286836462299110e-01
6.341468356183851407e-01
0.000000000000000000e+00
8.985818789970140275e-02
9.426684486591541123e-02
1.230282926970856228e-01
9.764307669161148562e-02
1.545830325962598284e-01
1.015743419447329710e-01
8.867085137674834971e-02
1.482061008779705924e-01
3.433199630704911742e-01
5.586627722865631362e-01
3.534873497662073261e-01
9.621075255703781526e-02
3.675363600664945385e-01
7.516776006580798697e-01
4.548247710935902077e-01
1.800390937862103580e-01
4.964578092201936688e-01
3.209962960284394318e-01
5.907202337550343518e-02
4.286771880027411830e-01
1.823750203511986245e-01
6.561868726563429011e-01
2.558904110583202218e-01
2.160128562423913046e-01
7.625308837621597169e-02
5.528025079488300131e-01
0.000000000000000000e+00
6.265129682997119254e-01
6.409659586848996948e-01
6.455696202531645556e-01
6.255411255411256199e-01
3.750000000000000000e-01
6.381800635523874332e-01
1.919912141051495214e-01
2.845821821506877569e-01
4.442253698042845089e-01
5.408563134978227049e-01
5.522080258851338463e-01
3.426682351915996128e-01
8.235512245131666464e-01
7.411947485457335283e-01
5.845902176587626231e-01
1.546064175803982810e-01
7.284148963570717950e-01
6.473950318751374722e-01
1.876010781671159089e-01
6.021788952735244171e-01
1.125622096689824492e-01
5.618616076217918254e-01
5.785585271238273819e-01
3.597819239681101511e-01
1.361093379280438054e-01
7.479689712291217596e-01
0.000000000000000000e+00
