3.320267981307385430e-01
3.223339213360882916e-01
2.956164420445972496e-01
2.756673016312041202e-01
2.310372473420256867e-01
3.031050925542557728e-01
1.368764702841361314e-01
3.069686564555187402e-01
2.258038352754790923e-01
6.387620062067268512e-01
4.545152909402213615e-01
4.053564728821302809e-01
9.100050574988938212e-02
8.074423151700091950e-01
6.842294518389393509e-01
2.918940373467255878e-01
4.443797449563304802e-01
4.339666690321727360e-01
3.422247751947375960e-01
1.622784746869403438e-01
2.418825695726207203e-01
6.623204895639894785e-01
3.218484363899376532e-01
6.268406152786847318e-01
2.369063862075198035e-01
9.268727586503354710e-01
0.000000000000000000e+00
1.677988283684407611e-02
1.555866573361325278e-02
1.469830590659756964e-02
7.444168734491315997e-03
2.857142857142856707e-02
1.493918950796271905e-02
1.290652552663534847e-01
3.207855973813421580e-01
1.821404153994860553e-01
2.543560207730015121e-01
9.566883305849255281e-02
5.470206655136777840e-02
3.804515929477264580e-02
5.369539551357734863e-01
3.165576435890649076e-01
1.257344110104846591e-01
1.091407709002809867e-01
2.013683719483749801e-01
2.127239167883841486e-01
8.961970074812969367e-02
5.535579031293602625e-02
6.081045536741739310e-01
2.716212901643365596e-01
1.440021373230029322e-01
6.697510464860101376e-02
2.286049237983586724e-01
0.000000000000000000e+00
6.720430107526882413e-01
6.630727762803234615e-01
7.171717171717172379e-01
5.333333333333333259e-01
1.000000000000000000e+00
6.576625459699478871e-01
0.000000000000000000e+00
0.000000000000000000e+00
0.000000000000000000e+00
0.000000000000000000e+00
0.000000000000000000e+00
0.000000000000000000e+00
0.000000000000000000e+00
0.000000000000000000e+00
0.000000000000000000e+00
0.000000000000000000e+00
4.458128078817734097e-01
0.000000000000000000e+00
0.000000000000000000e+00
0.000000000000000000e+00
0.000000000000000000e+00
0.000000000000000000e+00
0.000000000000000000e+00
0.000000000000000000e+00
0.000000000000000000e+00
0.000000000000000000e+00
0.000000000000000000e+00
4.849732432929354520e-02
4.178509770405602897e-02
3.547177161381454003e-02
2.527250320340601597e-02
8.042902446180000275e-02
3.843402394817152512e-02
1.222740391958823114e-01
5.169353886056757830e-01
2.306962268773571356e-01
6.403633508901833693e-01
3.156134478692677048e-01
5.449544274929740695e-02
5.462654258411570041e-02
5.506428031815449042e-01
6.703840724237785098e-01
3.036529219587074113e-01
4.606411576597690960e-01
2.934162078096153592e-01
3.584114745596107543e-01
2.562010541583756851e-01
2.813016333314891648e-01
8.195513398139460115e-01
3.174230630038596956e-01
3.165108505338336542e-01
1.467759465282952869e-01
6.341295577808733208e-01
0.000000000000000000e+00
3.142591893274021553e-02
2.659586987009510128e-02
2.208164805957987809e-02
1.502807773789735513e-02
4.446688741665180689e-02
2.439889674733103364e-02
8.366663304756633002e-02
3.871672326164129485e-01
1.595581730406953891e-01
5.739720140856894304e-01
2.324675415183222738e-01
3.574987573837917765e-02
3.903002134665872758e-02
4.583840803569282363e-01
5.729302942109133490e-01
2.411794935083522717e-01
3.993416882550866465e-01
1.813880458137610008e-01
2.835398507542749025e-01
1.852456524823882789e-01
2.102662085741267006e-01
7.730301639873635722e-01
2.676255963144714700e-01
2.641140540559056005e-01
1.003027624147993513e-01
5.527836049275609565e-01
0.000000000000000000e+00
5.020172910662823451e-01
5.242944428280478242e-01
4.959723820483313839e-01
4.718614718614717596e-01
2.500000000000000000e-01
4.971727074150137371e-01
1.527418480258747602e-01
2.010513632030062336e-01
2.480463280000722026e-01
6.527168097890202469e-01
4.566037385148566941e-01
4.242343006794312421e-01
1.146148695290221120e-01
8.063532324931956818e-01
7.083958823318555753e-01
3.239618634823209220e-01
4.127907063276330391e-01
4.502038223965567632e-01
3.562435432555574044e-01
1.419440833204450580e-01
2.517707408444952444e-01
6.432584116968683707e-01
3.218461985453702212e-01
6.575909794311260992e-01
2.841785923256908708e-01
9.398060941828252357e-01
0.000000000000000000e+00
