2.370038160879370803e-01
2.405969694904246392e-01
3.731834836403322697e-01
3.266621255195101270e-01
1.193203471094826940e-01
2.702898809128138069e-01
8.462503729509671668e-01
3.532963004700495624e-01
1.000000000000000000e+00
5.313463379522264107e-01
1.419169217767456415e-01
7.447169448596545616e-01
6.991204886309677624e-01
1.203169291011694231e-01
3.886304840525850457e-03
9.226526163639281464e-04
1.212716222415481937e-01
9.288865138221255591e-02
5.450206813242337578e-01
2.567998259526380611e-01
5.554397978985028406e-01
4.183688663032326671e-01
9.182775503205082845e-01
1.000000000000000222e+00
3.977928072363109413e-01
2.631011002099724605e-01
0.000000000000000000e+00
4.966969961361088204e-02
5.047041443122619875e-02
5.542928144982876837e-02
6.148331954783568809e-02
7.792207792207794803e-03
5.432944586772334161e-02
3.283082020874138474e-01
4.494214259051885207e-01
2.893294990617472084e-01
3.151279707495429627e-01
3.112192622950821219e-02
2.447571617534198829e-01
9.042834479111580559e-02
1.233082706766917003e-01
0.000000000000000000e+00
1.077590929009640819e-01
1.601751995109667870e-01
7.819556020345103109e-02
1.614846382410841663e-01
2.018762617266358084e-01
2.244820706941531019e-01
1.202428785414429990e-01
3.181527206218563997e-01
4.167051222888786821e-01
2.236490101658640539e-01
4.638360772720317993e-02
0.000000000000000000e+00
9.569892473118281062e-01
9.056603773584906980e-01
9.696969696969697239e-01
6.999999999999999556e-01
1.000000000000000000e+00
9.200984171165672576e-01
0.000000000000000000e+00
0.000000000000000000e+00
0.000000000000000000e+00
0.000000000000000000e+00
0.000000000000000000e+00
0.000000000000000000e+00
0.000000000000000000e+00
0.000000000000000000e+00
0.000000000000000000e+00
0.000000000000000000e+00
3.562992125984251746e-01
0.000000000000000000e+00
0.000000000000000000e+00
0.000000000000000000e+00
0.000000000000000000e+00
0.000000000000000000e+00
0.000000000000000000e+00
0.000000000000000000e+00
0.000000000000000000e+00
0.000000000000000000e+00
0.000000000000000000e+00
1.925041576103636576e-02
2.751870273421930246e-02
1.013863736018542072e-01
7.606012401836070858e-02
6.300970297153896116e-02
4.877838680195289989e-02
9.514348699796171260e-01
5.165414903709280026e-01
9.612618893955559018e-01
9.198165090290737478e-01
7.991259417777929475e-02
1.942898665333067099e-01
5.024419970039954997e-01
1.425401534543236926e-01
2.933587159672135236e-02
2.141717838822707609e-01
3.002963819989585836e-01
9.737664820414587696e-02
4.575665233406021049e-01
3.437640395906336188e-01
5.004952247614954386e-01
5.522760881924544396e-01
8.680167360111976649e-01
1.000000000000000000e+00
3.244254675885547279e-01
2.072537661224983507e-01
0.000000000000000000e+00
1.226584487142928781e-02
1.736649330358813748e-02
6.572982100926796911e-02
4.683496590300245677e-02
3.430256071652743044e-02
3.115738678992352462e-02
9.348129555715637418e-01
3.867664817775464670e-01
9.463358774450462141e-01
8.985543597601786114e-01
5.160987122163457341e-02
1.373385529777180758e-01
4.269414199028209178e-01
9.696829046665877971e-02
1.677745803802041524e-02
1.644459596459402762e-01
2.484545437462249984e-01
4.988242091977117265e-02
3.767538476843883544e-01
2.597659398376818696e-01
4.126545521461764121e-01
4.744926051784264520e-01
8.416859317467066948e-01
9.999999999999998890e-01
2.430913690081669132e-01
1.496478288547259394e-01
0.000000000000000000e+00
4.132564841498558295e-01
4.530113471050334351e-01
5.627157652474107374e-01
5.151515151515151381e-01
1.250000000000000000e-01
4.576526649124031954e-01
8.479735680686393273e-01
2.988846811696559969e-01
1.000000000000000000e+00
4.848605145827608043e-01
1.461719960048057931e-01
7.673279297264262722e-01
7.322654462242561557e-01
1.335389577065184130e-01
1.861137641939931975e-02
0.000000000000000000e+00
7.985413744740532671e-02
1.051480687652156798e-01
5.611325611325610474e-01
2.321822109385121014e-01
5.607298362149942816e-01
3.772704994910386356e-01
9.411039848586895129e-01
1.000000000000000000e+00
4.090586195665164571e-01
2.737189919383479220e-01
0.000000000000000000e+00
