4.395210307435262198e-01
4.558859343338328429e-01
4.674381452138007820e-01
5.883228955846919739e-01
5.247789214740874453e-01
4.563299601155259566e-01
8.828618322107213423e-01
4.649527084498263907e-01
3.395964934267005075e-01
1.279603960604512869e-01
2.421362396603128353e-01
7.182416385995608055e-01
8.146788787763884487e-01
2.318588324507829257e-01
1.502108440005842371e-01
2.945197948661026910e-01
5.372546102977235893e-01
1.592580632053557099e-01
7.468503449909313918e-01
5.555406862249628874e-01
6.972570113645775169e-01
3.465231654674812978e-01
5.089177326879144037e-01
5.651286211504806811e-01
6.959111497797320078e-01
1.977821225494007518e-01
0.000000000000000000e+00
1.207310233079895295e-01
1.351683383873726885e-01
1.567415219565415074e-01
1.482216708023159635e-01
9.090909090909092549e-02
1.348084667501740219e-01
7.525515128624785666e-01
6.268656716417910779e-01
1.343283016580280043e-01
8.825568933997773868e-04
1.212742175856929561e-01
3.571658163515566420e-01
1.772347664707701886e-01
1.505226480836237002e-01
4.488977955911823692e-01
1.075545696860643607e-01
5.540683776462837495e-02
1.070336391437308743e-01
2.951041807541665563e-01
7.382858642866518828e-02
3.926957435627955184e-01
9.563691916987421271e-01
2.823045267489711074e-01
1.531996338520429379e-01
1.663282342854564277e-01
2.286049237983586724e-01
0.000000000000000000e+00
7.688172043010753631e-01
6.765498652291105364e-01
5.555555555555555802e-01
4.166666666666666297e-01
1.000000000000000000e+00
6.354111815854970313e-01
4.444444444444444198e-01
0.000000000000000000e+00
0.000000000000000000e+00
0.000000000000000000e+00
0.000000000000000000e+00
0.000000000000000000e+00
0.000000000000000000e+00
0.000000000000000000e+00
0.000000000000000000e+00
1.887179487179487525e-01
5.276967930029154985e-01
0.000000000000000000e+00
0.000000000000000000e+00
0.000000000000000000e+00
0.000000000000000000e+00
0.000000000000000000e+00
0.000000000000000000e+00
0.000000000000000000e+00
0.000000000000000000e+00
0.000000000000000000e+00
0.000000000000000000e+00
1.378663789610737878e-01
1.555080169701534842e-01
1.738342053285730771e-01
2.114097021550793709e-01
2.745605423226299413e-01
1.586099191992790258e-01
7.115883469518766713e-01
3.603074258099619454e-01
1.916184105967603246e-01
1.142239259654114214e-01
1.083137748244747955e-01
1.330337238763402707e-01
5.362783217087998544e-01
7.459089627520121280e-02
3.370710434167691893e-01
2.459846350898069467e-01
3.684945240966575053e-01
1.238506976398163206e-01
7.016011549021570204e-01
3.450811461873324326e-01
5.707000563204581711e-01
4.925828170239028303e-01
3.277555894006298765e-01
2.640837087655429904e-01
4.842342518491487002e-01
1.788278970173186044e-01
0.000000000000000000e+00
9.389455970871973811e-02
1.056884821554959220e-01
1.176273602121431228e-01
1.420779025394138251e-01
1.777134172223941988e-01
1.079284565045111610e-01
6.377606955691322854e-01
2.405310499403617297e-01
1.295290377192687969e-01
8.505623629276343189e-02
7.113632003274855675e-02
9.107341060968515700e-02
4.611734233598169808e-01
4.885345538060431592e-02
2.385213587344366670e-01
1.911846684196720214e-01
3.110796611245740806e-01
6.521582092081450177e-02
6.334354088935789662e-01
2.609304492776153839e-01
4.846155849499079737e-01
4.139569794993434582e-01
2.771154994850029141e-01
2.170125883810788414e-01
3.915528802749796422e-01
1.273406009360111280e-01
0.000000000000000000e+00
6.391930835734871419e-01
6.761710794297353111e-01
6.593785960874568586e-01
7.662337662337661559e-01
5.000000000000000000e-01
6.650769738270260190e-01
8.880354020418734784e-01
4.977211386568513585e-01
3.533751371333753166e-01
1.328561202576951095e-01
2.506003764522618527e-01
7.287252994217118252e-01
8.576169930302024458e-01
2.537786367303326851e-01
1.455561665685829453e-01
3.439911244475311047e-01
5.387885694249650026e-01
1.691268363051121881e-01
7.490996398559424119e-01
5.663822421342024072e-01
7.063605990879054941e-01
3.280706768750797364e-01
5.096838111807844296e-01
6.070238088489459116e-01
7.200586954667959061e-01
2.051253481894149688e-01
0.000000000000000000e+00
