4.436287208508893354e-01
4.572567890583236760e-01
4.728092411983728649e-01
5.842809335429723916e-01
4.604499489131816947e-01
4.580535870309672131e-01
9.272345406020878755e-01
4.258599351856798831e-01
4.175340575652732866e-01
7.390313167367812408e-02
3.009721464034372795e-01
7.105473988880181002e-01
7.889271919568247027e-01
2.407293855204038491e-01
1.530627739623015293e-01
2.519020369576514540e-01
4.624331089276312312e-01
1.562619857337919360e-01
7.099480152157273682e-01
4.808804797143728660e-01
6.786674222119086775e-01
3.726591710057355344e-01
4.910820521686565243e-01
5.951843958715972160e-01
6.581064270768471891e-01
2.044384882876988385e-01
0.000000000000000000e+00
1.350959740745357185e-01
1.392582225332400503e-01
1.339515713549716547e-01
1.558312655086848686e-01
6.493506493506494281e-02
1.385570388372957817e-01
9.375451816809611261e-01
3.236143945363803009e-01
2.234973467364910760e-01
4.570383912249065261e-04
1.141686182669788829e-01
3.355612627944003501e-01
2.349726775956284541e-01
3.510204081632652962e-01
4.705460303322694937e-01
1.159850859341344798e-01
2.376703360651763741e-01
1.292743953294411829e-01
2.433584955116907533e-01
1.186549754645644106e-01
3.293352601156069315e-01
5.934989985304051086e-02
2.106081390032006340e-01
2.106956459569599982e-01
1.626538255751738549e-01
3.202283257969072428e-01
0.000000000000000000e+00
7.419354838709678601e-01
6.684636118598382692e-01
6.060606060606061884e-01
4.333333333333333481e-01
1.000000000000000000e+00
6.457274091402569471e-01
6.236559139784945138e-01
0.000000000000000000e+00
0.000000000000000000e+00
0.000000000000000000e+00
0.000000000000000000e+00
0.000000000000000000e+00
0.000000000000000000e+00
0.000000000000000000e+00
0.000000000000000000e+00
0.000000000000000000e+00
3.790575916230367048e-01
0.000000000000000000e+00
0.000000000000000000e+00
0.000000000000000000e+00
0.000000000000000000e+00
0.000000000000000000e+00
0.000000000000000000e+00
0.000000000000000000e+00
0.000000000000000000e+00
0.000000000000000000e+00
0.000000000000000000e+00
1.092737484421099081e-01
1.211304273859641345e-01
1.337040455584951326e-01
1.753752052507160375e-01
2.310634354223658482e-01
1.245322127399799417e-01
9.059594797667733790e-01
3.356141304271793024e-01
3.106823739864413847e-01
1.711031617252229964e-01
1.222989808355781083e-01
1.398437285921879658e-01
4.852034046023732117e-01
9.524318338619530699e-02
3.357644840599285363e-01
1.747446526770097819e-01
4.512646956328563164e-01
1.222773094841162478e-01
6.134577338516438161e-01
4.667488440500895397e-01
6.210644010863296538e-01
4.402506749409915709e-01
3.493933702684084430e-01
2.596943312662498560e-01
4.804051214777744772e-01
1.628682583504447168e-01
0.000000000000000000e+00
7.326553482719339039e-02
8.074459558256497083e-02
8.837280578927106389e-02
1.152328113782298269e-01
1.446723014543892516e-01
8.312811887430671121e-02
8.753115447351561551e-01
2.197397910940986909e-01
2.248404141305872239e-01
1.302167008139527016e-01
8.097964372885102513e-02
9.608193387674285324e-02
4.097671482446713642e-01
6.311312345041902860e-02
2.374033213979644119e-01
1.321373187557139395e-01
3.901690253112842788e-01
6.428336619663073404e-02
5.362500732989056162e-01
3.740735337853414166e-01
5.383734259699186619e-01
3.627305497107274346e-01
2.971476999083197956e-01
2.131294979783430188e-01
3.877739962578046762e-01
1.150646268181720333e-01
0.000000000000000000e+00
6.766570605187320897e-01
7.084666860634274421e-01
6.962025316455696666e-01
7.965367965367964320e-01
5.000000000000000000e-01
6.984149628258157216e-01
9.131412147660435963e-01
4.652759622358609293e-01
4.331239583623461842e-01
7.386129618413084241e-02
3.110818134614135033e-01
7.169073916737468410e-01
8.181358415407955498e-01
2.622770424975520709e-01
1.456444683094049175e-01
3.090280447189817092e-01
4.466051431762125823e-01
1.724385666431681174e-01
7.146179401993355551e-01
4.610738429952431217e-01
6.930605872183955851e-01
3.461569896759822962e-01
4.839568605883377561e-01
6.271882467952860640e-01
6.781380320535536077e-01
2.160102858472636722e-01
0.000000000000000000e+00
