5.275215852697325847e-01
5.262633108140171156e-01
5.620624798184001847e-01
5.726628632692627452e-01
7.096989457608877672e-01
5.389711360169815446e-01
4.281439799441636995e-01
5.285125781437998160e-01
3.459191042315964415e-01
4.791494891207966900e-01
4.405388091421974517e-01
4.633828059907229013e-01
7.005867792221575074e-01
4.555260336624682993e-01
4.011350851710491217e-01
2.779254587614006233e-01
7.598472951886405813e-01
3.852349505375716188e-01
3.689177740204498956e-01
7.288139487282233597e-01
2.667143287594804790e-01
6.552045717601550079e-01
4.593039979053483712e-01
4.792675426317887233e-01
5.445760904020927606e-01
4.007437765289170173e-01
0.000000000000000000e+00
1.233640782749595016e-01
1.287302698079464958e-01
1.665302906324817589e-01
1.135925006892748862e-01
3.896103896103896014e-02
1.341350965715523980e-01
3.149016850695005587e-01
3.099482461184589477e-01
1.579198051488790444e-01
1.078153564899451688e-01
1.950254381006218396e-01
1.780061039263577394e-01
1.817915690866510614e-01
3.116883116883117921e-01
1.310746492985971345e-01
3.467797332828009838e-02
1.662899236763024369e-01
1.070336391437308743e-01
1.360581759316543127e-01
8.866722083679690058e-02
2.659747766684182335e-01
1.920044864605031654e-01
2.095983307250912642e-01
1.293401015228426987e-01
2.048049693980085462e-01
1.235390244768908019e-01
0.000000000000000000e+00
6.344086021505377371e-01
5.956873315363881982e-01
5.454545454545455252e-01
4.000000000000000222e-01
1.000000000000000000e+00
5.800343477364977574e-01
0.000000000000000000e+00
0.000000000000000000e+00
0.000000000000000000e+00
0.000000000000000000e+00
0.000000000000000000e+00
0.000000000000000000e+00
0.000000000000000000e+00
0.000000000000000000e+00
0.000000000000000000e+00
0.000000000000000000e+00
4.113636363636363202e-01
0.000000000000000000e+00
0.000000000000000000e+00
0.000000000000000000e+00
0.000000000000000000e+00
0.000000000000000000e+00
0.000000000000000000e+00
0.000000000000000000e+00
0.000000000000000000e+00
0.000000000000000000e+00
0.000000000000000000e+00
1.700551322327170656e-01
1.724886146543709309e-01
2.087647285919533857e-01
1.849862218879630982e-01
3.632713337543311827e-01
1.850278219440063543e-01
2.626862018045366121e-01
3.929949527244427920e-01
2.493796955504474777e-01
3.613716472906887134e-01
2.363129183481170736e-01
5.903950546498071272e-02
4.658449806004127947e-01
1.950115446689772991e-01
2.812500808099818173e-01
1.771140469221001990e-01
6.161320988647451813e-01
1.821856218516903492e-01
1.794757386599188376e-01
6.233754388078962538e-01
2.496826290104926516e-01
6.312315059156212715e-01
1.648011758191394449e-01
1.895046322244948733e-01
3.820425223387027280e-01
2.737783311024727384e-01
0.000000000000000000e+00
1.178419130444411378e-01
1.183401975560128272e-01
1.441175573257849341e-01
1.222872437962240766e-01
2.508022993287729041e-01
1.277612445075327341e-01
1.930127954018876490e-01
2.690280013295094919e-01
1.743479544738359699e-01
2.948407664389223748e-01
1.668445957068159791e-01
3.882845572410126289e-02
3.906949163435466388e-01
1.364792239682702801e-01
1.920968124391177201e-01
1.340529812788796016e-01
5.577779409283178946e-01
1.016759084496099280e-01
1.315271382312271919e-01
5.359561402028989452e-01
1.838578515286885540e-01
5.580058393730562560e-01
1.331662120287347983e-01
1.523036098848978837e-01
2.944323076104541914e-01
2.040677178126050206e-01
0.000000000000000000e+00
7.077809798270893182e-01
7.276694791969742226e-01
7.307249712313003132e-01
7.402597402597401732e-01
6.250000000000000000e-01
7.282029844626952686e-01
4.401770102093663928e-01
5.719007314374398021e-01
3.503627130296727010e-01
4.799145869478177451e-01
4.308103724387137845e-01
4.808664959828480301e-01
7.295151670658364118e-01
4.638751316130551028e-01
4.018720229938767541e-01
3.393720750673965281e-01
7.602820211515863846e-01
4.163900496336762069e-01
4.031007751937984995e-01
7.204164776580556095e-01
2.697765980163496780e-01
6.420087756192877082e-01
4.845338205214293481e-01
4.912090009758161013e-01
5.859576485265852730e-01
4.100397219463753906e-01
0.000000000000000000e+00
