4.741702592195229382e-01
4.952922424344194940e-01
5.307810063918358967e-01
6.414474099835973941e-01
3.882315202221047201e-01
4.985002422174058534e-01
9.074774561202438861e-01
3.994509843447603403e-01
4.784059091406513975e-01
1.129300674418570738e-01
1.055092796064083238e-01
8.301644135389486534e-01
7.331116175573618721e-01
1.865873983110169498e-01
5.193055721846978612e-02
2.025802506536900083e-01
2.906522852009287838e-01
1.099289905187630645e-01
8.808714161091200090e-01
3.932669635953542908e-01
7.590462015254215711e-01
4.218252201180782146e-01
6.261174222183405469e-01
7.491020522194904441e-01
7.914496039747652700e-01
1.196748794844432195e-01
0.000000000000000000e+00
6.698865760937305902e-01
6.715651971075344839e-01
6.652422947540685971e-01
6.816652881169009692e-01
4.571428571428571286e-01
6.721211408177183433e-01
5.064911648034620129e-01
4.902482269503547485e-01
2.448873002660399978e-01
9.619870138057112774e-02
3.682120901639340804e-02
7.123700939530390741e-01
6.841851494696240543e-01
3.942857142857144614e-01
3.426246432258455155e-01
4.142716763225084975e-02
2.560304493527907344e-01
1.993040177159126625e-01
6.691455838482374130e-01
1.301095088366041597e-01
5.221129012421596993e-01
2.731236414780718880e-01
2.256256256256256032e-01
2.629441624365482788e-01
1.938718334365507612e-01
8.921167757984732605e-02
0.000000000000000000e+00
5.913978494623656212e-01
5.741239892183288562e-01
6.060606060606061884e-01
3.833333333333333037e-01
1.000000000000000000e+00
6.026954114351156244e-01
0.000000000000000000e+00
0.000000000000000000e+00
0.000000000000000000e+00
0.000000000000000000e+00
0.000000000000000000e+00
0.000000000000000000e+00
0.000000000000000000e+00
0.000000000000000000e+00
0.000000000000000000e+00
0.000000000000000000e+00
3.428030303030303316e-01
0.000000000000000000e+00
0.000000000000000000e+00
0.000000000000000000e+00
0.000000000000000000e+00
0.000000000000000000e+00
0.000000000000000000e+00
0.000000000000000000e+00
0.000000000000000000e+00
0.000000000000000000e+00
0.000000000000000000e+00
4.961538425781917283e-01
5.024592972217626352e-01
5.090293383346182754e-01
5.260571969903725664e-01
3.408819321230905919e-01
5.041422481002070244e-01
7.052948111690151567e-01
3.046786033830652385e-01
2.967822290170679667e-01
1.451654313452117595e-01
0.000000000000000000e+00
1.458333417703775448e-01
4.067253348023449622e-01
0.000000000000000000e+00
8.018625321331251943e-02
8.545864198747965546e-02
2.644016197609349028e-01
7.131841186842202696e-02
9.658145777843940571e-01
2.567424996060101439e-01
6.805764764591032412e-01
3.535146252594543181e-01
2.877217774912661508e-01
3.835321265494711085e-01
4.201533160130217492e-01
5.572143628267856030e-02
0.000000000000000000e+00
4.036721449523684724e-01
4.076216316002432283e-01
4.112189197160616150e-01
4.223724126956127090e-01
2.316336453719132771e-01
4.092060994287743947e-01
6.305233456504555356e-01
1.945870001897748724e-01
2.131273346163727045e-01
1.093915314401931460e-01
0.000000000000000000e+00
1.005149789173921393e-01
3.338504887486552497e-01
0.000000000000000000e+00
4.765755964479564954e-02
6.236717866503871388e-02
2.164149016328695829e-01
3.552954578213664283e-02
9.550644540456010301e-01
1.856889043725824529e-01
6.041929156849215055e-01
2.816215689458432814e-01
2.406197542549047830e-01
3.262661455315829517e-01
3.297456156373924085e-01
3.727327606732028231e-02
0.000000000000000000e+00
6.576368876080691539e-01
6.988652894966540519e-01
7.146144994246260707e-01
8.051948051948052409e-01
3.750000000000000000e-01
6.859538971114432782e-01
9.063611316450408406e-01
4.320412305290102228e-01
4.795230728596763248e-01
1.170355098370362557e-01
1.279337999829965877e-01
8.395181845588840508e-01
7.950310559006210642e-01
2.092915450325851245e-01
6.821781340297171370e-02
2.586664727357350646e-01
2.923952002493377389e-01
1.224172496951636824e-01
8.691648548407724384e-01
3.922177566678846095e-01
7.622625526312595268e-01
4.109572168728318209e-01
6.538171045895886380e-01
7.764692431232664838e-01
8.585787570245136946e-01
1.310824593476378475e-01
0.000000000000000000e+00
