7.351519556117429577e-01
7.113208473021548350e-01
7.548406045755104987e-01
7.057391531519485728e-01
4.433808061546979928e-01
7.304018766674225116e-01
2.468016200473001631e-01
3.345050384818419875e-01
3.525120494886931910e-01
4.820470665129664711e-01
7.607159137093914003e-01
3.358721328878778722e-01
4.198009070693095035e-01
6.838568910834124104e-01
6.586709709129738854e-01
1.870481421797036692e-01
3.941489807378528720e-01
6.400125378924158559e-01
2.076579759612161569e-01
4.092694167540842365e-01
3.670652807727387001e-02
6.667997227775602775e-01
6.884308699519361419e-01
2.355378950300679453e-01
3.718142800899701950e-01
7.551707274337650100e-01
0.000000000000000000e+00
3.355353359092608789e-01
3.326024414897753578e-01
3.761251022820256695e-01
3.054866280672732248e-01
2.779220779220779591e-01
3.439438218114794776e-01
1.263702622190300273e-01
9.698169223156849483e-02
3.717112523393024670e-01
8.750432333613322733e-02
1.406640733537093957e-01
2.303261793385742440e-01
7.944514501891553060e-02
6.000000000000001998e-01
4.863059452237808999e-01
6.985685071574637695e-02
1.488430204871654949e-01
4.652686762778505125e-01
2.914497893390121108e-01
8.757867236670230371e-02
2.406305832895428432e-01
3.616388121566488367e-01
2.631951100036206137e-01
1.520812182741116958e-01
6.939672516792028123e-02
2.286049237983586724e-01
0.000000000000000000e+00
9.301075268817206032e-01
9.919137466307278439e-01
7.575757575757576801e-01
7.833333333333333259e-01
1.000000000000000000e+00
9.077666403416156937e-01
0.000000000000000000e+00
0.000000000000000000e+00
0.000000000000000000e+00
0.000000000000000000e+00
0.000000000000000000e+00
0.000000000000000000e+00
0.000000000000000000e+00
0.000000000000000000e+00
0.000000000000000000e+00
0.000000000000000000e+00
1.839430894308943243e-01
0.000000000000000000e+00
0.000000000000000000e+00
0.000000000000000000e+00
0.000000000000000000e+00
0.000000000000000000e+00
0.000000000000000000e+00
0.000000000000000000e+00
0.000000000000000000e+00
0.000000000000000000e+00
0.000000000000000000e+00
4.790596602846000085e-01
4.598979071084333681e-01
5.440351757822665668e-01
4.133664157230590996e-01
2.854469635031885444e-01
4.871871962301285164e-01
1.416714140040220560e-01
2.074655229441277338e-01
2.326329943793097321e-01
1.738570620530739408e-01
3.269594285282449997e-01
7.859786830772796939e-02
2.740129767030590191e-01
4.208499108196113170e-01
4.562955996980163631e-01
1.093026380632653449e-01
3.514694801865958507e-01
3.474975324894915008e-01
6.461024866597764316e-02
1.707115658404327885e-01
0.000000000000000000e+00
5.022948669823652512e-01
4.915625997331107833e-01
8.159914104624998998e-02
2.093597781933163038e-01
4.431606407074583087e-01
0.000000000000000000e+00
3.867347117278427948e-01
3.656680251581941876e-01
4.469517521673470606e-01
3.125205170021354006e-01
1.862707936376736262e-01
3.923068775374302097e-01
9.792794442063318394e-02
1.220197180191322783e-01
1.610783119573791777e-01
1.324505609704898501e-01
2.422524842678062118e-01
5.225065122643257620e-02
2.139342650900163956e-01
3.299707859834276613e-01
3.468808344689179313e-01
8.053839646288979415e-02
2.952309176912509825e-01
2.249757453119375916e-01
4.493261919535679327e-02
1.179985885457198735e-01
0.000000000000000000e+00
4.236533800419707840e-01
4.341200798378956893e-01
6.344806500569788454e-02
1.479331604554912638e-01
3.566395998858877814e-01
0.000000000000000000e+00
8.011527377521614479e-01
7.983706720977596927e-01
7.940161104718067575e-01
7.575757575757575690e-01
3.750000000000000000e-01
7.895397475863833447e-01
2.689878951845856569e-01
3.800490483673721331e-01
3.482547362785552991e-01
4.927476170741814654e-01
7.692344571277083265e-01
3.559119857983431556e-01
4.637681159420290466e-01
6.798006052173972691e-01
6.685823912977657546e-01
2.137365254052872032e-01
3.870869663296030438e-01
6.643577165614669156e-01
2.237741888549397151e-01
4.339929702922625809e-01
4.761667094485655394e-02
6.617522402431422757e-01
6.972941232463747419e-01
2.506992278623858539e-01
4.149944002323001646e-01
7.843221030860501042e-01
0.000000000000000000e+00
