5.237566055932001419e-01
5.280168282761497078e-01
5.446755594027998804e-01
6.100207580868766133e-01
6.685026721987847864e-01
5.354988212438094308e-01
5.178459631484932935e-01
5.182337113614601254e-01
3.098184161294191830e-01
2.430744786698030291e-01
3.593195981379350146e-01
5.046017749671688479e-01
7.422893412037426808e-01
4.277946753165232097e-01
2.726536958755985118e-01
3.907731933030296201e-01
6.786773920196433885e-01
3.355785835073289425e-01
4.800422943079125648e-01
7.955473488817320638e-01
4.335192438069015997e-01
6.390896319235194190e-01
5.166885533717782142e-01
4.103818314919813748e-01
6.782261557396745966e-01
3.624497352788745852e-01
0.000000000000000000e+00
4.757260376417799530e-01
4.734235284970065294e-01
4.611934418280450032e-01
4.733939895230218076e-01
3.922077922077921719e-01
4.751083636174777136e-01
3.172721127161459709e-01
3.971631205673759046e-01
2.790228564019143764e-01
9.366369753782721741e-02
7.003805620608899440e-01
3.556628908867111027e-01
8.360655737704918433e-01
3.201166180758018287e-01
2.184852797382204059e-01
2.759124381717992791e-01
2.786479802143446705e-01
2.293577981651375719e-01
4.926977656928672733e-01
3.231716626800346104e-01
3.533685469404027057e-01
3.187026830597783356e-01
3.629629629629629317e-01
5.001952362358453863e-01
1.016586409844836836e-01
2.144531904203649808e-01
0.000000000000000000e+00
3.172043010752688685e-01
2.237196765498652429e-01
2.121212121212121271e-01
1.499999999999999944e-01
1.000000000000000000e+00
2.589583958709568701e-01
0.000000000000000000e+00
0.000000000000000000e+00
0.000000000000000000e+00
0.000000000000000000e+00
0.000000000000000000e+00
0.000000000000000000e+00
0.000000000000000000e+00
0.000000000000000000e+00
0.000000000000000000e+00
0.000000000000000000e+00
2.496551724137930917e-01
0.000000000000000000e+00
0.000000000000000000e+00
0.000000000000000000e+00
0.000000000000000000e+00
0.000000000000000000e+00
0.000000000000000000e+00
0.000000000000000000e+00
0.000000000000000000e+00
0.000000000000000000e+00
0.000000000000000000e+00
3.870659066360817580e-01
3.896303974045646212e-01
4.079586361240821191e-01
4.020404212439280256e-01
4.558903490366865707e-01
3.982272291500846828e-01
3.157292652714160930e-01
3.900647289483058500e-01
2.086277545641047615e-01
2.099075525692610800e-01
2.340613113608506213e-01
7.188606593642898890e-02
6.038224241995584496e-01
2.768212838024501909e-01
3.356602609134138326e-01
3.570818148044427875e-01
5.732185178802904346e-01
2.165879116180718378e-01
4.130326818695582158e-01
7.685270939892672182e-01
3.663121236181142715e-01
5.529832012055222457e-01
2.982262536258182273e-01
2.397852053954940832e-01
4.495705189463943263e-01
2.937139875573794301e-01
0.000000000000000000e+00
2.992971023525510255e-01
2.994115899734774988e-01
3.134318387473047363e-01
3.020639794790392352e-01
3.352773092325079252e-01
3.072181136672264001e-01
2.380115138456710966e-01
2.664281225300344502e-01
1.424493147209215105e-01
1.620966461126087110e-01
1.650520235090349730e-01
4.761321552770025889e-02
5.315754355662984931e-01
2.021779748532611665e-01
2.373142013424251739e-01
2.892527918401876508e-01
5.128595294760835976e-01
1.249017224818822630e-01
3.340963216926513546e-01
7.022889219259433879e-01
2.847510825090394659e-01
4.752231318953015760e-01
2.501245839710093399e-01
1.956339345438312671e-01
3.577406509343930563e-01
2.209802569960489516e-01
0.000000000000000000e+00
7.256484149855908505e-01
7.471632237416352407e-01
7.376294591484465757e-01
7.792207792207792583e-01
6.250000000000000000e-01
7.389986414129351422e-01
5.399829694008574377e-01
5.558661314905956052e-01
3.200791248577805614e-01
2.447293363521420018e-01
3.488443350458079184e-01
5.262625738586813595e-01
7.594530410869539949e-01
4.316257814696785045e-01
2.682671501572962969e-01
4.239037880944414027e-01
6.798455870083834895e-01
3.498853721800890826e-01
5.012518294540240227e-01
7.836617026943176745e-01
4.396188299770346086e-01
6.236650565418161429e-01
5.290056487043841571e-01
4.342507829892241489e-01
7.310564003745908535e-01
3.604521370540444414e-01
0.000000000000000000e+00
