4.288761691279527888e-01
4.627718106667340070e-01
5.113449348825753749e-01
5.864706342960419594e-01
1.277625375336522984e-01
4.544442823967054235e-01
9.931972192872615679e-01
1.598753970982359773e-01
5.534738762921631583e-01
1.674866918928709092e-01
4.801894481756763255e-02
9.066653650965580402e-01
5.417006164405838708e-01
1.894177966428724491e-01
0.000000000000000000e+00
2.464933488046452403e-01
1.045462188949117799e-01
0.000000000000000000e+00
8.159288508695581310e-01
2.500518925112673596e-01
7.921364403951050015e-01
4.672049516597468477e-01
6.813124106301142735e-01
9.441555510848533839e-01
6.679521007758361106e-01
0.000000000000000000e+00
0.000000000000000000e+00
6.257011093107316124e-02
6.920146178368712098e-02
6.512713276964572640e-02
8.679349324510614305e-02
3.636363636363636187e-02
6.741023296909184892e-02
4.608224222585926011e-01
1.415630924794607504e-01
3.482245999750774867e-01
7.377137326594257472e-02
1.553062985332182566e-01
1.703156234247991119e-01
4.672131147540983798e-01
3.251552795031056320e-01
4.635103540414161616e-01
2.089314676579323571e-02
7.471942326590738648e-02
6.422018348623853568e-02
3.493267384327581881e-01
1.818370739817123938e-02
3.293352601156069315e-01
5.733375953629119559e-01
3.218106995884773003e-01
3.520996769727735565e-01
7.663497551138001573e-02
2.623335191128700616e-02
0.000000000000000000e+00
7.634408602150538625e-01
7.412398921832884513e-01
5.858585858585859674e-01
4.833333333333332815e-01
1.000000000000000000e+00
6.744765717480466494e-01
0.000000000000000000e+00
0.000000000000000000e+00
0.000000000000000000e+00
0.000000000000000000e+00
0.000000000000000000e+00
0.000000000000000000e+00
0.000000000000000000e+00
0.000000000000000000e+00
0.000000000000000000e+00
0.000000000000000000e+00
2.976973684210525994e-01
0.000000000000000000e+00
0.000000000000000000e+00
0.000000000000000000e+00
0.000000000000000000e+00
0.000000000000000000e+00
0.000000000000000000e+00
0.000000000000000000e+00
0.000000000000000000e+00
0.000000000000000000e+00
0.000000000000000000e+00
8.433051361459120709e-02
1.058456365287688827e-01
1.365970185392214598e-01
1.576948434893723494e-01
2.174875921221164354e-02
1.057181033291466621e-01
7.503651599208960299e-01
1.399121263103845769e-01
4.815844449460903176e-01
2.371187970856163396e-01
6.708649366897612154e-02
6.035944074154697692e-02
4.614915847940970206e-01
1.151773584839731468e-01
1.810146544128246049e-01
1.849225283909734507e-01
2.438152607606425271e-02
2.147020042502212345e-02
6.284106891709004827e-01
1.812307834179993637e-01
7.316178027608067902e-01
4.786576545300773589e-01
5.750009664263062703e-01
5.790209193559756606e-01
3.757682236607264858e-01
5.266451381477188498e-03
0.000000000000000000e+00
5.576349151771869961e-02
6.994213440354074551e-02
9.043959843638579854e-02
1.024561903204735391e-01
1.140371555057304032e-02
6.981390693149386317e-02
6.829813938455064903e-01
7.737688535303377524e-02
3.815120944267669234e-01
1.849700474793393723e-01
4.299518570954752317e-02
3.972552126296252650e-02
3.864370560191288662e-01
7.717862598832736509e-02
1.156328848445782598e-01
1.403896434847967112e-01
1.851262115251095519e-02
1.011775051975986883e-02
5.523805938310508701e-01
1.259794878734749601e-01
6.626265487518213648e-01
4.001577973783163045e-01
5.188349427625995602e-01
5.199818806303672103e-01
2.887219120654030413e-01
3.429678439294259196e-03
0.000000000000000000e+00
6.438040345821325339e-01
6.965376782077394857e-01
7.238204833141542727e-01
7.705627705627706714e-01
1.250000000000000000e-01
6.768408293284834398e-01
1.000000000000000000e+00
1.943714904231821639e-01
5.648190451547999702e-01
1.884257474808656019e-01
3.853448144788129692e-02
9.198973365211461362e-01
5.637181409295350942e-01
2.048038120981631738e-01
0.000000000000000000e+00
2.908729830364158442e-01
1.209911173445534782e-01
0.000000000000000000e+00
8.340727595385981630e-01
2.490214245679055471e-01
7.915701655146855087e-01
4.620328699324040000e-01
6.900182031087551682e-01
9.804545991415101192e-01
7.241575333388728941e-01
0.000000000000000000e+00
0.000000000000000000e+00
