4.724997483033153145e-01
4.670983057385660331e-01
4.652869131672920933e-01
5.084084287484820219e-01
5.493279694814250380e-01
4.687697182925860684e-01
4.140433527951297710e-01
5.301276053934941279e-01
2.574613636468006117e-01
3.437115066062345070e-01
5.535716172526113921e-01
4.052374683906033725e-01
6.426891034986738083e-01
5.408838123044115154e-01
4.758872691393698506e-01
3.696176886505895265e-01
5.598134591715848707e-01
4.638489295392773659e-01
3.435300711091185955e-01
8.391460225881032242e-01
2.663954226184622187e-01
4.838257986007165057e-01
4.334970589544815400e-01
3.698634690524973401e-01
4.566766424537743729e-01
4.838304564209835457e-01
0.000000000000000000e+00
4.670946030163282414e-02
4.870538838348496824e-02
5.073188471679244971e-02
5.271574303832367303e-02
2.337662337662337053e-02
4.925941484898802014e-02
2.383670645217090822e-01
1.835724888668975874e-01
1.322312791255078612e-01
7.644568459540079797e-02
1.391803278688524270e-01
1.881988601731996447e-01
8.842523596621956750e-02
3.942857142857144614e-01
2.150968603874415797e-01
7.628195213904342964e-02
4.552106404884109780e-01
1.510316568154621564e-01
1.225950069841051371e-01
1.007754586137396269e-01
2.659747766684182335e-01
7.594169543536627431e-02
2.419753086419751398e-02
1.776649746192894286e-01
5.215530276595251036e-02
8.246478986333483086e-02
0.000000000000000000e+00
4.677419354838709964e-01
4.474393530997304858e-01
4.545454545454545858e-01
3.666666666666665853e-01
1.000000000000000000e+00
4.586482969657798003e-01
0.000000000000000000e+00
0.000000000000000000e+00
0.000000000000000000e+00
0.000000000000000000e+00
0.000000000000000000e+00
0.000000000000000000e+00
0.000000000000000000e+00
0.000000000000000000e+00
4.166666666666666297e-01
4.543209876543209957e-01
5.084269662921347965e-01
0.000000000000000000e+00
0.000000000000000000e+00
0.000000000000000000e+00
0.000000000000000000e+00
0.000000000000000000e+00
0.000000000000000000e+00
0.000000000000000000e+00
0.000000000000000000e+00
0.000000000000000000e+00
0.000000000000000000e+00
1.257259878876241244e-01
1.274532578306305508e-01
1.355140175887709075e-01
1.508777802947838254e-01
2.835544412598695052e-01
1.334124914081107338e-01
2.928641185100591127e-01
4.068164261685281446e-01
1.963286781072594023e-01
2.934320147545930180e-01
3.161741226804982707e-01
6.801933468602339161e-02
4.089771859342359317e-01
3.813897161399837366e-01
4.034467709810390934e-01
2.694072010716430654e-01
5.800552281173785296e-01
2.547920684607815622e-01
2.228414300169241358e-01
8.928045519152394416e-01
3.166224495998836153e-01
3.918851216475356392e-01
5.982792875198850169e-02
3.120639307483679126e-01
2.989459492905768290e-01
3.678571239255058467e-01
0.000000000000000000e+00
8.506161219189317668e-02
8.526505785479848720e-02
8.966511564756537989e-02
9.759932547935662450e-02
1.847748819628680650e-01
8.950583884881457841e-02
2.183658014639965339e-01
2.814116022727055633e-01
1.330837301528366712e-01
2.336621251814618438e-01
2.329487481261084403e-01
4.495642746467842787e-02
3.359770027656581726e-01
2.934202648478076991e-01
2.973011092090972474e-01
2.112535876518772393e-01
5.199547817217373691e-01
1.521931429030779492e-01
1.664537357882527324e-01
8.571691442142144179e-01
2.405970901375550364e-01
3.169189624143572970e-01
4.690001413354971671e-02
2.600671851145923696e-01
2.211729898190067378e-01
2.863256961791716959e-01
0.000000000000000000e+00
6.605187319884726627e-01
6.700610997963341031e-01
6.467203682393555253e-01
6.839826839826839144e-01
5.000000000000000000e-01
6.656128849826788985e-01
4.357231698486011551e-01
5.696189684262168429e-01
2.584241113787634214e-01
3.464834856171966626e-01
5.557993259421760701e-01
4.186877812767134666e-01
6.819158513236875940e-01
5.367044116701695788e-01
4.654961639956361474e-01
4.262323464225117320e-01
5.524343546514225434e-01
4.884384515856033948e-01
3.643026743729754768e-01
7.992805501751837349e-01
2.687707934968825985e-01
4.755515387187226883e-01
4.589739972096955611e-01
3.766010592542392565e-01
5.039375412627493667e-01
4.887110633727174136e-01
0.000000000000000000e+00
