4.451119483591889914e-01
4.590089110712209930e-01
4.766075827161793121e-01
5.853474381924295145e-01
4.660824081978751643e-01
4.601404092085543684e-01
9.163132135901743691e-01
4.360593208811689436e-01
4.059365677521586946e-01
8.023615237405234968e-02
3.126771386441321576e-01
7.202793178502761018e-01
7.748372514400453381e-01
2.424361874744392353e-01
1.535269371314822162e-01
2.543776104791142245e-01
4.607052701036082887e-01
1.633095015936353589e-01
7.006624789613800086e-01
4.732864306997751624e-01
6.764646249012151724e-01
3.988665557258678218e-01
4.755375738861697954e-01
5.921822816882444940e-01
6.540183480670042071e-01
2.076548234824437955e-01
0.000000000000000000e+00
1.350336532469151307e-01
1.395225876681440158e-01
1.348304391308300931e-01
1.558312655086848686e-01
7.272727272727273762e-02
1.387855600978363801e-01
8.931043888857536084e-01
3.236143945363803009e-01
2.234973467364910760e-01
3.312184105817833624e-02
1.420834727333556424e-01
3.139567092372440582e-01
2.349726775956284541e-01
2.969387755102042004e-01
4.446851661280518675e-01
1.159850859341344798e-01
2.164497703450713184e-01
1.292743953294411829e-01
2.354279689446947543e-01
1.186549754645644106e-01
3.293352601156069315e-01
1.536751187122203932e-01
2.705723905723904643e-01
2.203045685279189092e-01
1.965400392366684346e-01
3.354730792325508193e-01
0.000000000000000000e+00
7.419354838709678601e-01
6.684636118598382692e-01
6.060606060606061884e-01
4.333333333333333481e-01
1.000000000000000000e+00
6.457274091402569471e-01
6.236559139784945138e-01
0.000000000000000000e+00
0.000000000000000000e+00
0.000000000000000000e+00
0.000000000000000000e+00
0.000000000000000000e+00
0.000000000000000000e+00
0.000000000000000000e+00
0.000000000000000000e+00
0.000000000000000000e+00
3.810526315789473650e-01
0.000000000000000000e+00
0.000000000000000000e+00
0.000000000000000000e+00
0.000000000000000000e+00
0.000000000000000000e+00
0.000000000000000000e+00
0.000000000000000000e+00
0.000000000000000000e+00
0.000000000000000000e+00
0.000000000000000000e+00
1.245537225191766240e-01
1.389041769113000813e-01
1.594529202794612299e-01
1.911807083172094579e-01
2.343177004835155230e-01
1.424918786496076617e-01
8.696797159994598125e-01
3.423114609350579873e-01
2.937190098685412698e-01
1.672406641812127503e-01
1.410763052392560724e-01
1.413652977257672250e-01
5.070549710369909313e-01
1.149826042127677361e-01
3.309592947866286661e-01
1.861940080432051836e-01
4.453358343128872576e-01
1.308323718659015200e-01
5.853077565418525197e-01
4.484615512957006445e-01
6.192668097443322361e-01
4.909761040741966731e-01
3.069193577192332878e-01
2.572079790567936008e-01
4.405884174840735135e-01
1.645766105767777487e-01
0.000000000000000000e+00
8.421448403931636184e-02
9.352901981580141744e-02
1.069985976061534616e-01
1.268746786003839833e-01
1.470806166265122839e-01
9.608848289703086909e-02
8.289089585183139208e-01
2.253161758493156253e-01
2.105669143299259416e-01
1.270909557186676309e-01
9.443265119352739489e-02
9.720560746778805772e-02
4.315676247511692210e-01
7.703977447761684028e-02
2.333044198060571228e-01
1.414248731966901151e-01
3.843914176115742487e-01
6.938572376403599751e-02
5.062783081762405324e-01
3.563635934898212176e-01
5.364240397168225094e-01
4.123585763284526862e-01
2.580287752491583486e-01
2.109340714889428314e-01
3.491246725757000680e-01
1.163701359374917366e-01
0.000000000000000000e+00
6.657060518731987564e-01
6.997381437299972085e-01
6.858457997698504949e-01
7.878787878787878451e-01
5.000000000000000000e-01
6.932220507296943390e-01
9.050344066953701638e-01
4.758214085559498985e-01
4.203361445139551789e-01
7.703253960724787408e-02
3.198926894701541457e-01
7.287252994217118252e-01
8.032668748498676958e-01
2.625917859143379052e-01
1.434089554467269378e-01
3.040517711083059460e-01
4.562234120865069631e-01
1.734676370687726343e-01
7.044688132290859439e-01
4.569304167791881088e-01
6.905941720359650704e-01
3.678915964083212531e-01
4.839568605883377561e-01
6.319641120805310486e-01
6.876774708532659153e-01
2.160102858472636722e-01
0.000000000000000000e+00
