5.017096897623130047e-01
5.062979905800850666e-01
5.184964663957978281e-01
5.736067874184034299e-01
6.745514110254375861e-01
5.099863840974667717e-01
5.008879555055694155e-01
5.380471122184621313e-01
2.804467188224990526e-01
2.151757469904965747e-01
3.631769013464735130e-01
5.134214976984864398e-01
7.171204679755339706e-01
4.753007035919136203e-01
3.027020184360733612e-01
3.970973281582867997e-01
7.131143669412984831e-01
3.742823510502432116e-01
4.654894427586675487e-01
8.267298629167937341e-01
3.639873235436175691e-01
6.285175981326670547e-01
4.842345603956887956e-01
4.014656840902084411e-01
6.285817208560059433e-01
3.699558116285432963e-01
0.000000000000000000e+00
1.858562881715069004e-01
2.002799160251924615e-01
2.177470679152650468e-01
1.869313482216707900e-01
1.012987012987012908e-01
1.938342921092062743e-01
4.412352832479805587e-01
2.433323344321246529e-01
1.469104368531485294e-01
6.090759725082733889e-02
6.352459016393442459e-01
2.724759664075038224e-01
8.360655737704918433e-01
3.510204081632652962e-01
1.768385255359202768e-01
1.229008633281956642e-01
5.274408196914380786e-01
3.794829024186822108e-01
2.035602593737670940e-01
1.850213176735580611e-01
3.053019732908112682e-01
4.827872327539217689e-01
5.609427609427608541e-01
6.443956647002334615e-01
1.423220973782771404e-01
1.703330804772084095e-01
0.000000000000000000e+00
3.118279569892473679e-01
2.318059299191374545e-01
2.323232323232323482e-01
1.833333333333333204e-01
1.000000000000000000e+00
2.980157791628365582e-01
0.000000000000000000e+00
0.000000000000000000e+00
0.000000000000000000e+00
0.000000000000000000e+00
0.000000000000000000e+00
0.000000000000000000e+00
0.000000000000000000e+00
0.000000000000000000e+00
0.000000000000000000e+00
0.000000000000000000e+00
4.931880108991825162e-01
0.000000000000000000e+00
0.000000000000000000e+00
0.000000000000000000e+00
0.000000000000000000e+00
0.000000000000000000e+00
0.000000000000000000e+00
0.000000000000000000e+00
0.000000000000000000e+00
0.000000000000000000e+00
0.000000000000000000e+00
2.119754003307172674e-01
2.212007693842267253e-01
2.448233029735955579e-01
2.442681628875543742e-01
3.684386417361370514e-01
2.272361631467042509e-01
3.433376425254091036e-01
3.917536654492703163e-01
2.199400383559447780e-01
2.245415497847316200e-01
2.278838225102169934e-01
1.037659848813674568e-01
6.124856486356384799e-01
3.530565665935014863e-01
3.615039376383190062e-01
3.628154743144498262e-01
7.010158586931178881e-01
2.920743127458226840e-01
3.482537702670245316e-01
8.067105413848236761e-01
3.677496163340298052e-01
5.696144452235718525e-01
3.804380711664712145e-01
2.537178835313269598e-01
4.638527509903662693e-01
3.023071799828570549e-01
0.000000000000000000e+00
1.501784956560628381e-01
1.558480745271599299e-01
1.724650462146477270e-01
1.674983090590494994e-01
2.552955197579535040e-01
1.605484773879380933e-01
2.622338871540005334e-01
2.679255637389414968e-01
1.511705315794180937e-01
1.743447244886230929e-01
1.601539820658023361e-01
6.993215160616950143e-02
5.408046032932836145e-01
2.678925037738721926e-01
2.597062155960472296e-01
2.945119457646758199e-01
6.493037593148176523e-01
1.803467116356755051e-01
2.743522941362221967e-01
7.486508271864669162e-01
2.860542546489069915e-01
4.924957740961655728e-01
3.262647008073528143e-01
2.078574007581235339e-01
3.715640213807904213e-01
2.283563003413765502e-01
0.000000000000000000e+00
6.922190201729105929e-01
7.198137910968869235e-01
7.008055235903337676e-01
7.402597402597401732e-01
6.250000000000000000e-01
7.118697642068320119e-01
5.245018120188342792e-01
5.774531657232401249e-01
2.936947593778896914e-01
2.193564387128773552e-01
3.542828398965218728e-01
5.329760044194103985e-01
7.474560592044401375e-01
4.723411319336691672e-01
2.904223909703987916e-01
4.345752050961464441e-01
7.078930556677411889e-01
3.761874995285002798e-01
4.920155373327579351e-01
8.166639113903125802e-01
3.699846896526816087e-01
6.204112906740578692e-01
4.929476901493132779e-01
4.251940255388741985e-01
6.535036192144499934e-01
3.638733060195398217e-01
0.000000000000000000e+00
