4.841840416189857610e-01
4.850929856965138232e-01
4.972903584024066515e-01
5.567065197955667344e-01
7.425289199355562531e-01
4.919906676759648878e-01
5.242859688518137773e-01
5.884074887453214497e-01
2.880033772442698314e-01
2.475115840411373780e-01
3.826079554645663849e-01
5.499402842094839317e-01
7.581851021281446057e-01
4.264880371497856149e-01
2.838086800864385584e-01
3.613927863559838194e-01
7.883656573068718032e-01
3.408153362978743051e-01
4.684946557569025227e-01
7.314805637976081742e-01
4.025203829633723918e-01
5.624758878269796591e-01
5.194779814599510548e-01
4.700449731428364419e-01
7.696525588735295687e-01
3.333449820428955324e-01
0.000000000000000000e+00
1.512838090489841969e-01
1.598864785008942135e-01
1.876534230384580559e-01
1.516956162117452656e-01
1.584415584415584388e-01
1.604280746684548786e-01
4.153402631151534852e-01
2.580295432985499904e-01
1.630709774707345683e-01
1.083667198257419750e-01
9.999999999999998890e-01
1.630790073462832224e-01
8.360655737704918433e-01
5.673469387755102344e-01
1.768385255359202768e-01
2.079072937968643453e-01
3.002821401688744452e-01
2.071618822136725990e-01
2.017913597429644157e-01
1.662510390689941886e-01
2.990324202060819503e-01
2.253442323717312901e-01
6.049382716049381825e-01
3.908629441624366097e-01
1.521374144388480121e-01
1.203183809465045440e-01
0.000000000000000000e+00
3.118279569892473679e-01
2.398921832884097216e-01
2.121212121212121271e-01
1.166666666666666685e-01
1.000000000000000000e+00
2.943612062216048875e-01
0.000000000000000000e+00
0.000000000000000000e+00
0.000000000000000000e+00
0.000000000000000000e+00
0.000000000000000000e+00
0.000000000000000000e+00
0.000000000000000000e+00
0.000000000000000000e+00
0.000000000000000000e+00
0.000000000000000000e+00
5.501519756838906261e-01
0.000000000000000000e+00
0.000000000000000000e+00
0.000000000000000000e+00
0.000000000000000000e+00
0.000000000000000000e+00
0.000000000000000000e+00
0.000000000000000000e+00
0.000000000000000000e+00
0.000000000000000000e+00
0.000000000000000000e+00
1.427598817520064900e-01
1.474531767564470908e-01
1.722147797387237889e-01
1.786703473073183446e-01
3.934938689793835431e-01
1.573980852212918391e-01
3.103261709796061307e-01
4.356389909871570265e-01
2.366283545528428123e-01
2.736318004264211012e-01
2.906606309963389867e-01
9.248819507301164755e-02
6.125114256464554430e-01
3.189845284629901911e-01
2.968573366084988896e-01
3.630345511738710673e-01
6.244993472123070433e-01
2.239686113513050247e-01
3.231314100411959434e-01
6.521169191544247123e-01
3.702753943114388546e-01
5.279005579632414236e-01
3.652794626491107088e-01
2.392557862939981295e-01
5.475348670734259127e-01
2.968590935131113495e-01
0.000000000000000000e+00
9.748574791740527434e-02
9.976357150004772079e-02
1.164224045049476464e-01
1.176427722703980994e-01
2.774504272958846496e-01
1.070314086311798252e-01
2.333352400944117555e-01
3.078744347474757781e-01
1.642237086269271173e-01
2.163331500247333561e-01
2.112965153666215845e-01
6.195211000575995275e-02
5.408321318843793968e-01
2.379868881619795484e-01
2.048000773938409014e-01
2.947132775901620261e-01
5.666419545322207707e-01
1.300512494940488373e-01
2.519179158261555251e-01
5.676458934543890944e-01
2.883475389881328121e-01
4.495022905850697970e-01
3.119920090409686875e-01
1.951713171656889179e-01
4.555997681922714926e-01
2.236738790155657908e-01
0.000000000000000000e+00
6.962536023054755052e-01
7.186499854524295294e-01
7.123130034522439091e-01
7.575757575757575690e-01
7.500000000000000000e-01
7.146022134867134890e-01
5.496838950248669198e-01
6.195591257238930449e-01
2.964679591963417238e-01
2.740157480314958649e-01
3.677855576706912100e-01
5.738917487130789086e-01
8.032668748498676958e-01
4.310208592086602342e-01
2.806073718885834234e-01
4.129488714817415307e-01
7.831274376068704246e-01
3.571563350710235119e-01
4.922258790279094853e-01
7.283527250459277402e-01
4.085078034701143945e-01
5.419749978514994959e-01
5.290056487043841571e-01
4.940279809441596726e-01
8.042502233883123131e-01
3.219278195488721739e-01
0.000000000000000000e+00
