3.751285431212421084e-01
3.643904006156608588e-01
3.543435517302708782e-01
3.721896516810272448e-01
4.495407724971780539e-01
3.624151469871821352e-01
2.349511630757292191e-01
3.819359740486362176e-01
2.243221839672647766e-01
6.999944528394911325e-01
6.233044435387417037e-01
3.731883485241686005e-01
6.979130489038708474e-01
7.042744735631676356e-01
6.463382561087082090e-01
2.061176977430148050e-01
6.892409589789187940e-01
4.412498026561119113e-01
2.580489341466287723e-01
5.767498356967113438e-01
2.205058453723594547e-01
5.105992976617393930e-01
3.498276532259385618e-01
3.615073077348742725e-01
3.604951062710777254e-01
6.249475906250280266e-01
0.000000000000000000e+00
7.827495949146205667e-02
7.534406344763237839e-02
8.167409158408341086e-02
8.028673835125448022e-02
4.155844155844155841e-02
8.048041433100325270e-02
1.409574468085106336e-01
6.345975948196114214e-01
2.196680012423239403e-01
2.062888482632541653e-01
2.992881794650560368e-01
4.286270319636893422e-01
2.539310806289729050e-01
5.267857142857143016e-01
2.735470941883767493e-01
9.251558605428855664e-02
3.201134534605268867e-01
3.135456017269292461e-01
1.784928799210406258e-01
3.411283112972285925e-01
3.293352601156069315e-01
1.837299083113701492e-01
3.299663299663296856e-02
9.881093108963212579e-02
1.245318352059925082e-01
3.377118192475753733e-01
0.000000000000000000e+00
3.763440860215053752e-01
3.584905660377358805e-01
3.131313131313131493e-01
2.500000000000000000e-01
1.000000000000000000e+00
3.435493200090726229e-01
0.000000000000000000e+00
0.000000000000000000e+00
0.000000000000000000e+00
0.000000000000000000e+00
0.000000000000000000e+00
0.000000000000000000e+00
0.000000000000000000e+00
0.000000000000000000e+00
0.000000000000000000e+00
0.000000000000000000e+00
5.098591549295774517e-01
0.000000000000000000e+00
0.000000000000000000e+00
0.000000000000000000e+00
0.000000000000000000e+00
0.000000000000000000e+00
0.000000000000000000e+00
0.000000000000000000e+00
0.000000000000000000e+00
0.000000000000000000e+00
0.000000000000000000e+00
7.623263222589049537e-02
7.634632344643432766e-02
8.139291765833767123e-02
8.899958852376521623e-02
2.261353930500756837e-01
8.146154864055821232e-02
2.021259497113174763e-01
3.864870312267853492e-01
2.272797847506498048e-01
6.685771874156036798e-01
5.360625401834754333e-01
1.645924304391260806e-01
5.722202239694054171e-01
5.197164706571508752e-01
5.114969668820327220e-01
1.867278546450963361e-01
6.937198204775527621e-01
3.354188502807352035e-01
2.306242131509472770e-01
6.694141101319277531e-01
3.668378670694877330e-01
5.298518191587593407e-01
1.578451488720178375e-01
2.437154372473522290e-01
2.975406951614230078e-01
5.945495577941023457e-01
0.000000000000000000e+00
5.018039550885672329e-02
4.959479226652246941e-02
5.213097408244868336e-02
5.528151905507833197e-02
1.410449156703067475e-01
5.304499457878308899e-02
1.441118127856760855e-01
2.632658637743213181e-01
1.568839911607140813e-01
6.046986513258105767e-01
4.403301714008421852e-01
1.145678984914103582e-01
4.982930552407358049e-01
4.266464215614644839e-01
4.012980993017279951e-01
1.418598120627609371e-01
6.412971465366181789e-01
2.149665982128589059e-01
1.728515782929936906e-01
5.870139288099300856e-01
2.852275316081680501e-01
4.514890009553276795e-01
1.272930989333085350e-01
1.990724978059579264e-01
2.199781606399927592e-01
5.100301457185305587e-01
0.000000000000000000e+00
6.224783861671470131e-01
6.398021530404423007e-01
6.156501726121980100e-01
6.103896103896104819e-01
3.750000000000000000e-01
6.221660209377725126e-01
2.581442444967990690e-01
3.925919212507837375e-01
2.279659105353610826e-01
7.210101265490268529e-01
5.801424764805045431e-01
3.849935913718550706e-01
7.484168503050512289e-01
7.029844702622203290e-01
6.482568202766898491e-01
2.510251925751643132e-01
6.411952215687370948e-01
4.569665769491328966e-01
2.835283850488798940e-01
5.607247450013832513e-01
2.161222650763294784e-01
5.084737160742199835e-01
3.848447163285320105e-01
3.906428231260932193e-01
3.719674724818370359e-01
6.057427809692863541e-01
0.000000000000000000e+00
