4.594914200347184341e-01
4.850093874031446983e-01
5.382826496138040095e-01
6.090751774968843346e-01
3.296511242816245746e-01
4.865684208733973559e-01
8.676169638334527701e-01
3.428701721829487958e-01
5.329296284547260232e-01
2.229390577225377479e-01
1.106670444142429099e-01
8.895409718355912210e-01
6.281268596564327789e-01
1.776825050657791505e-01
3.924265922824865527e-02
2.038339235468473731e-01
2.478261178474290283e-01
7.513835259266218869e-02
7.729473382610581034e-01
2.762680920475500956e-01
7.265110536075765069e-01
4.772712379024514062e-01
7.410136251326036039e-01
8.952940508490725424e-01
7.481695026304210350e-01
6.335639281229676900e-02
0.000000000000000000e+00
5.632244796210894577e-01
5.653137392115699100e-01
5.611722277782829060e-01
5.707747449682933905e-01
3.012987012987013435e-01
5.653336650033493616e-01
5.160830677348035023e-01
2.746615087040619185e-01
2.596463682014287233e-01
6.090759725082733889e-02
8.018531717747684473e-02
4.435840305801821426e-01
5.111241217798594416e-01
3.764705882352942234e-01
4.761745713649521150e-01
6.063641295893701377e-02
4.449001364766849709e-02
9.772636617471081033e-02
2.886042365570785639e-01
8.798229146235536646e-02
4.627967039724510401e-01
5.291589533196578987e-01
2.633260711692084755e-01
2.994923857868021511e-01
9.031979256698358105e-02
7.620164126611961297e-02
0.000000000000000000e+00
6.505376344086022389e-01
6.576819407008086538e-01
5.757575757575758013e-01
4.499999999999999556e-01
1.000000000000000000e+00
6.184319178926659388e-01
0.000000000000000000e+00
0.000000000000000000e+00
0.000000000000000000e+00
0.000000000000000000e+00
0.000000000000000000e+00
9.181818181818180991e-01
0.000000000000000000e+00
0.000000000000000000e+00
0.000000000000000000e+00
0.000000000000000000e+00
3.947655398037077656e-01
0.000000000000000000e+00
0.000000000000000000e+00
0.000000000000000000e+00
0.000000000000000000e+00
0.000000000000000000e+00
0.000000000000000000e+00
0.000000000000000000e+00
0.000000000000000000e+00
0.000000000000000000e+00
0.000000000000000000e+00
6.016162571128078618e-01
6.109117417613397771e-01
6.260355948958691297e-01
6.209693221395399254e-01
2.978534152688373515e-01
6.112998332805060775e-01
5.320276397153322900e-01
2.659586118415747102e-01
3.542393405409823837e-01
1.709204984394399052e-01
3.315645549356982524e-02
9.208984516099616435e-02
4.953583705359434486e-01
5.520197784635261229e-02
1.242361061111808551e-01
1.194629083806577619e-01
1.617830342958701539e-01
5.048473369211348150e-02
5.783315806437103745e-01
1.658535691695417480e-01
6.877563627288337811e-01
4.646424046715760259e-01
5.087041404643835030e-01
4.826343272213877711e-01
4.122363388378391669e-01
3.660001792940259513e-02
0.000000000000000000e+00
5.129491265227273944e-01
5.207384443410127961e-01
5.344101584982761111e-01
5.230878175386413087e-01
1.961635182722849535e-01
5.210616355270826228e-01
4.424639823043829967e-01
1.645064626948418152e-01
2.625472234765601209e-01
1.300686858771496479e-01
2.081665313209002388e-02
6.167193408347521055e-02
4.198624991581480503e-01
3.575557030817977378e-02
7.625152903529006099e-02
8.838349189178079657e-02
1.283246013408089192e-01
2.458224689389948425e-02
4.989304396968178290e-01
1.143406561181044001e-01
6.123020123840682283e-01
3.863925269689134079e-01
4.512626714548744200e-01
4.221559227195389452e-01
3.223210686426752347e-01
2.423716904928180371e-02
0.000000000000000000e+00
6.115273775216139018e-01
6.575501891184172276e-01
6.939010356731875051e-01
7.489177489177489822e-01
2.500000000000000000e-01
6.433194313834625921e-01
8.822565840827443218e-01
3.788387010795779553e-01
5.344085036195364014e-01
2.368668468680220629e-01
1.239850316854397283e-01
9.017352101464249925e-01
6.608695652173912638e-01
1.924255597186039224e-01
5.040779444538083520e-02
2.602351307716890272e-01
2.568207679483447414e-01
8.431757272466991471e-02
7.803379416282643088e-01
2.800274665251725192e-01
7.222984912616311481e-01
4.583074115439412788e-01
7.555270562563405345e-01
9.362339974872058157e-01
8.129747354410975513e-01
7.303196641911524623e-02
0.000000000000000000e+00
