4.549107403598671162e-01
4.588089290038563917e-01
4.630067772686474736e-01
5.506097892619761236e-01
6.113010628157893311e-01
4.618353892532056637e-01
6.553376812468103552e-01
5.173486225347748713e-01
2.777583332713106090e-01
1.874778722572650880e-01
3.549486463351082532e-01
6.102029945847188275e-01
7.233183906465295854e-01
3.405539578094460285e-01
2.268662818672454728e-01
4.704070811066591862e-01
6.587410911168758432e-01
2.762826476309423462e-01
5.460265327767421795e-01
8.313609724623930441e-01
5.082241958723279218e-01
4.824780794282205187e-01
3.602878762933818813e-01
4.095002550449859946e-01
7.047739060758458907e-01
3.471485342963883669e-01
0.000000000000000000e+00
1.204973202044123254e-01
1.189487598164995080e-01
1.130102736612419306e-01
1.310173697270471393e-01
1.480519480519480457e-01
1.223320051698429112e-01
4.670779302530531085e-01
2.203439230545030103e-01
1.283683428813919281e-01
8.190127970749544462e-02
9.999999999999998890e-01
3.207791998342407469e-01
8.360655737704918433e-01
2.933333333333334458e-01
2.735470941883767493e-01
1.229008633281956642e-01
4.030443999528914301e-01
2.873008208594880486e-01
2.558803795648423862e-01
1.718676282267305178e-01
4.975682678891767963e-01
4.827872327539217689e-01
5.609427609427608541e-01
6.040609137055837907e-01
1.423220973782771404e-01
1.369248241500585772e-01
0.000000000000000000e+00
3.118279569892473679e-01
2.264150943396226467e-01
2.020202020202020166e-01
1.499999999999999944e-01
1.000000000000000000e+00
2.642447047902959922e-01
0.000000000000000000e+00
0.000000000000000000e+00
0.000000000000000000e+00
0.000000000000000000e+00
0.000000000000000000e+00
0.000000000000000000e+00
0.000000000000000000e+00
0.000000000000000000e+00
0.000000000000000000e+00
0.000000000000000000e+00
3.634538152610441442e-01
0.000000000000000000e+00
0.000000000000000000e+00
0.000000000000000000e+00
0.000000000000000000e+00
0.000000000000000000e+00
0.000000000000000000e+00
0.000000000000000000e+00
0.000000000000000000e+00
0.000000000000000000e+00
0.000000000000000000e+00
1.178270893205584091e-01
1.229062134973168963e-01
1.340569729536956745e-01
1.668277062071598094e-01
3.339210757492285797e-01
1.306188211845771274e-01
4.719733552034670598e-01
3.469473051463012880e-01
2.295070550556222999e-01
2.363881606050755035e-01
2.563000174341406590e-01
9.659862144045738841e-02
5.856384397181133572e-01
2.280362534061373125e-01
3.468586057919079702e-01
4.667415539691666115e-01
6.828328182742948727e-01
1.995909645214419270e-01
4.354684965232742400e-01
7.724234632234534548e-01
5.024635593130754030e-01
4.380523666204558797e-01
1.839593952383222764e-01
2.326412308416740959e-01
4.995297135100640329e-01
2.589730555277459656e-01
0.000000000000000000e+00
7.937319306915463502e-02
8.201111795433152496e-02
8.862459271191572285e-02
1.090235418431386161e-01
2.257734577280138821e-01
8.749299753558270609e-02
3.823232628358472773e-01
2.292034122309569710e-01
1.586263004422751866e-01
1.843503067714792887e-01
1.829280251163963866e-01
6.484988488677267959e-02
5.123509819837075430e-01
1.623995785958287086e-01
2.469445732761921530e-01
3.932044828568476702e-01
6.293986809167051444e-01
1.132668168355576849e-01
3.554254364807901689e-01
7.069701050306849144e-01
4.146249329928287652e-01
3.606163981845680877e-01
1.494568682950777605e-01
1.894028268310342655e-01
4.067561852160881952e-01
1.916879079816084519e-01
0.000000000000000000e+00
6.789625360230546747e-01
7.026476578411406937e-01
6.823935558112773636e-01
7.532467532467532756e-01
6.250000000000000000e-01
6.940000266595921508e-01
6.653060975516535969e-01
5.637694414170023594e-01
2.927214422740562760e-01
2.020221309545607857e-01
3.542828398965218728e-01
6.325875578212024619e-01
7.598432543384958660e-01
3.492167565263552542e-01
2.213135413350312830e-01
4.988602315535322074e-01
6.646805013355250313e-01
2.870917890170656683e-01
5.653286610615628760e-01
8.302283003430607211e-01
5.146276155681528408e-01
4.650386875359012739e-01
3.669520648534334573e-01
4.319264677826575305e-01
7.508343081327676360e-01
3.387753557880275324e-01
0.000000000000000000e+00
