4.515991024906003126e-01
4.710208846613643807e-01
4.868487702780408544e-01
6.114818007280902190e-01
6.023804103348997518e-01
4.729734079891181331e-01
8.893663166794485431e-01
4.915870877936525662e-01
2.751535215571093707e-01
1.415732409716835560e-01
1.828889292853724813e-01
7.256274332604878419e-01
7.895707766338960765e-01
1.887484306869240958e-01
1.373302555005513070e-01
3.682191282247480046e-01
6.317813801307621269e-01
1.382116012575393682e-01
7.374548035761807618e-01
7.945632734309046041e-01
6.709007696100657281e-01
4.727764521011855736e-01
3.858020575161436039e-01
4.633444509171504855e-01
8.508564599570366260e-01
1.222272617347487378e-01
0.000000000000000000e+00
3.450704225352113075e-01
3.485421040354561018e-01
3.342728126799405786e-01
3.741935483870967860e-01
3.792207792207792361e-01
3.496578338721741952e-01
1.000000000000000000e+00
6.239911958914159396e-01
1.162756728998115552e-01
7.561907927538641383e-02
1.237005197920831301e-01
5.058051448247924409e-01
1.939890710382514150e-01
2.571428571428571175e-01
2.209786449208690495e-01
8.464796961729476044e-02
2.345581099272648073e-01
4.962468723936613868e-01
4.859699990415029536e-01
5.207569312014083129e-01
2.659747766684182335e-01
1.163812360387193046e-01
2.239123630672926746e-01
3.067848716665475539e-01
1.534121309402208533e-01
1.291019542111943030e-01
0.000000000000000000e+00
7.688172043010753631e-01
7.061994609164420345e-01
6.464646464646465196e-01
4.666666666666666741e-01
1.000000000000000000e+00
6.682595016085651762e-01
0.000000000000000000e+00
0.000000000000000000e+00
0.000000000000000000e+00
0.000000000000000000e+00
0.000000000000000000e+00
0.000000000000000000e+00
0.000000000000000000e+00
0.000000000000000000e+00
0.000000000000000000e+00
0.000000000000000000e+00
4.918478260869564855e-01
0.000000000000000000e+00
0.000000000000000000e+00
0.000000000000000000e+00
0.000000000000000000e+00
0.000000000000000000e+00
0.000000000000000000e+00
0.000000000000000000e+00
0.000000000000000000e+00
0.000000000000000000e+00
0.000000000000000000e+00
2.088820499164150135e-01
2.238380796280953211e-01
2.391034519894825738e-01
2.762692327555950067e-01
3.758550509364957382e-01
2.281650588982894190e-01
6.866167585629363579e-01
3.697492676076803986e-01
1.597648411205393471e-01
9.843220704480448724e-02
8.529427944028500352e-02
1.328951609513663312e-01
5.289078691977275870e-01
1.309296254761018741e-01
3.050302691681735512e-01
3.400526025124188667e-01
4.897524363033785022e-01
1.374402983118090948e-01
6.571322232296288313e-01
6.526345538347220199e-01
5.156559611597056891e-01
4.272171543962648421e-01
3.214622082554174920e-01
2.470293982744871109e-01
6.033945364879600426e-01
9.963110579214273788e-02
0.000000000000000000e+00
1.477479049173398007e-01
1.579301519151632971e-01
1.679004634363374382e-01
1.931185754746044259e-01
2.617898193230518422e-01
1.612852564706510616e-01
6.092120126815270265e-01
2.486483796420252412e-01
1.059569851030960075e-01
7.284890406679161989e-02
5.526221378546564145e-02
9.097185264542223537e-02
4.536578698577307667e-01
8.850298534136163964e-02
2.115380148536800953e-01
2.737474098340874629e-01
4.280966673942656620e-01
7.338092391647603463e-02
5.837724138731775758e-01
5.682222660015860960e-01
4.279013246577447749e-01
3.502404094901446219e-01
2.713295046514461184e-01
2.019776998157182257e-01
5.145880853343807182e-01
6.817926549950276138e-02
0.000000000000000000e+00
6.668587896253601599e-01
6.982833866744253548e-01
6.939010356731875051e-01
7.922077922077921386e-01
6.250000000000000000e-01
6.922584695948833522e-01
8.920520692331961321e-01
5.407061460863067381e-01
2.816805644644002626e-01
1.459534053088723526e-01
1.893357265897543940e-01
7.529423234954105704e-01
8.285295554469955803e-01
2.035367468939563440e-01
1.275910349761907314e-01
4.098768513067754249e-01
6.352033660589060382e-01
1.453862358114656750e-01
7.403726708074533924e-01
7.918884630633012955e-01
6.782770729513584174e-01
4.577213843817112826e-01
3.834566287834586529e-01
4.998395295486679490e-01
8.589700188005987558e-01
1.219423558897242410e-01
0.000000000000000000e+00
