4.516925953228341228e-01
4.456345263735057571e-01
4.723496662526087686e-01
4.615335192690548372e-01
3.181586256743115237e-01
4.490570208160884480e-01
3.594173466939041828e-01
0.000000000000000000e+00
3.909633262076031013e-01
2.499936148155453841e-01
5.521924011153099832e-01
3.790450167194560072e-01
5.579750638793957718e-01
6.471592433694390856e-01
5.035904460910960445e-01
1.915003002134789689e-01
6.593006770650227111e-01
5.661490647526560283e-01
2.096265763941206339e-01
7.161740397694357219e-01
1.513869998447093246e-01
6.427071742226194706e-01
7.257986246652374795e-01
4.633551561876330105e-01
3.837571858938423341e-01
5.564390150327217510e-01
0.000000000000000000e+00
1.106662096472641327e-01
1.083352771946193976e-01
1.268297117919811035e-01
1.111111111111111188e-01
3.896103896103896014e-02
1.169030254560561588e-01
1.851354641490038366e-01
1.215805471124620230e-02
2.227217830921027764e-01
8.190127970749544462e-02
1.524831243972998851e-01
1.485701268341850234e-01
5.319504851120776534e-02
3.830687830687831141e-01
2.550140932271045546e-01
1.166040907008868421e-01
2.020963372983159145e-01
2.527815732968963225e-01
2.558803795648423862e-01
1.832154308107282747e-01
3.293352601156069315e-01
6.619407717056903229e-01
1.705259064839117489e-01
1.740514497117784387e-01
2.103344270988697640e-01
1.439364335026702690e-01
0.000000000000000000e+00
7.688172043010753631e-01
7.897574123989218320e-01
6.969696969696970168e-01
5.166666666666666075e-01
1.000000000000000000e+00
7.098658725572033479e-01
0.000000000000000000e+00
0.000000000000000000e+00
0.000000000000000000e+00
0.000000000000000000e+00
0.000000000000000000e+00
0.000000000000000000e+00
0.000000000000000000e+00
0.000000000000000000e+00
5.000000000000000000e-01
0.000000000000000000e+00
3.408662900188323963e-01
0.000000000000000000e+00
0.000000000000000000e+00
0.000000000000000000e+00
0.000000000000000000e+00
0.000000000000000000e+00
0.000000000000000000e+00
0.000000000000000000e+00
0.000000000000000000e+00
0.000000000000000000e+00
0.000000000000000000e+00
1.302283753731801053e-01
1.292189565376672400e-01
1.672226188944188063e-01
1.413204858749216308e-01
1.875439534383444018e-01
1.425548316906615209e-01
2.678537851995346220e-01
0.000000000000000000e+00
4.134450251104581087e-01
3.403119689313927054e-01
3.612125373507139026e-01
9.187476967579655263e-02
2.825022699154993155e-01
4.862339728722500087e-01
4.385417086972659417e-01
1.696300386898041967e-01
6.868596401494873049e-01
3.121906745742329403e-01
7.193696630940493719e-02
5.331593810459622773e-01
2.745763532094182002e-01
8.972065051250692758e-01
4.612941681666842264e-01
2.352994461534212434e-01
3.454834612258961268e-01
4.074469075986432154e-01
0.000000000000000000e+00
8.832467834265955720e-02
8.653284946126754695e-02
1.127208366862873790e-01
9.085524471182765405e-02
1.134555258978275083e-01
9.613434303651330337e-02
1.973076817182846110e-01
0.000000000000000000e+00
3.162396861706251450e-01
2.755922189876985340e-01
2.723941048164270073e-01
6.152071062284031333e-02
2.212865311134228352e-01
3.930896367533486258e-01
3.299503646728921824e-01
1.280134470323906482e-01
6.337928013164642049e-01
1.961614404718310389e-01
5.019952851647885295e-02
4.404818013871078519e-01
2.045903953588054103e-01
8.681944227287188287e-01
4.041796124666268142e-01
1.917184836646238510e-01
2.615698645214776241e-01
3.227965253642902654e-01
0.000000000000000000e+00
6.720461095100864757e-01
6.930462612743673034e-01
6.927502876869965354e-01
6.753246753246753276e-01
2.500000000000000000e-01
6.764846909579741441e-01
3.781658482633269980e-01
0.000000000000000000e+00
4.160874297821058887e-01
2.893435187493104133e-01
5.460044477390657569e-01
4.050445217937398423e-01
5.855980079009068806e-01
6.479608665322915684e-01
4.867132558830977174e-01
2.266503356227231869e-01
6.449054839591770172e-01
5.898694055475852682e-01
2.447514043181912013e-01
7.206185119228599723e-01
1.412284292683454456e-01
6.031485675569444593e-01
7.707304925094120573e-01
4.769447503455872539e-01
4.126095821594985003e-01
5.744744641230605797e-01
0.000000000000000000e+00
