4.760179925024090597e-01
4.676597067062033819e-01
4.786052373407370109e-01
4.705056059803724988e-01
3.799733753578902196e-01
4.682648145192429556e-01
3.205444725406396134e-01
2.453487498067254691e-01
3.500406373397378923e-01
3.854506516545589401e-01
6.463803545657561545e-01
3.622901839053206396e-01
5.087778905892869075e-01
6.569917169347276875e-01
6.041223010138873084e-01
3.088349221232253861e-01
5.612780842230429279e-01
4.802332514617829728e-01
1.652530468000490416e-01
6.315559476602873312e-01
1.609384637620017711e-01
6.049072245905630085e-01
5.591290883089163888e-01
3.257045409695791260e-01
2.480689578840250542e-01
6.722611536826589296e-01
0.000000000000000000e+00
1.183316714445967893e-01
1.169038177435658271e-01
1.130405794466163710e-01
1.075820237110559768e-01
5.194805194805195148e-02
1.177589898736011165e-01
1.687564792417436399e-01
1.202945990180033231e-01
1.650702196089925966e-01
8.403852315347071222e-02
1.793032786885245811e-01
3.324748980005208798e-01
4.161412358133670386e-02
4.655462184873950804e-01
1.425379494621427101e-01
6.584569982719090664e-02
5.247267159880517062e-02
4.859905777336969157e-01
6.212070000554920091e-02
6.943198847428994069e-02
3.926957435627955184e-01
8.200600505270949636e-02
1.113727413948164546e-01
2.473237171432879355e-01
4.450999956617932019e-02
1.648082008778865015e-01
0.000000000000000000e+00
8.924731182795698770e-01
9.353099730458221961e-01
7.575757575757576801e-01
6.666666666666666297e-01
1.000000000000000000e+00
8.774275216762376095e-01
0.000000000000000000e+00
0.000000000000000000e+00
0.000000000000000000e+00
0.000000000000000000e+00
0.000000000000000000e+00
0.000000000000000000e+00
0.000000000000000000e+00
0.000000000000000000e+00
0.000000000000000000e+00
0.000000000000000000e+00
4.403892944038929613e-01
0.000000000000000000e+00
0.000000000000000000e+00
0.000000000000000000e+00
0.000000000000000000e+00
0.000000000000000000e+00
0.000000000000000000e+00
0.000000000000000000e+00
0.000000000000000000e+00
0.000000000000000000e+00
0.000000000000000000e+00
2.043575062807845288e-01
2.002750183703886355e-01
2.209557680923004419e-01
1.960494274103893320e-01
2.277538407556801703e-01
2.100655838225934380e-01
3.285809684278164777e-01
2.605097575005305699e-01
3.236443399901453022e-01
4.077098300819310683e-01
4.820271043877294437e-01
1.823201826771426726e-01
2.860412439386987860e-01
4.560823011664651982e-01
4.744573736589535740e-01
3.845070200206714972e-01
4.207744208836228239e-01
2.733430040569697073e-01
4.568443605940308849e-02
4.982051821061566077e-01
2.590503622045913223e-01
5.820354712391493379e-01
2.132310425594192704e-01
2.486859827580785165e-01
2.037801556406517722e-01
5.139290876357954785e-01
0.000000000000000000e+00
1.442055096345415399e-01
1.395148740801184228e-01
1.535876800178228863e-01
1.305026935116343489e-01
1.422336025306393803e-01
1.470471871044786716e-01
2.492188093934647464e-01
1.603984603369131845e-01
2.359024932778352734e-01
3.380942077669983337e-01
3.859184716665796655e-01
1.280835403906520620e-01
2.243643627965005716e-01
3.635864657784780851e-01
3.644879492556190037e-01
3.145841098750835063e-01
3.606413702528876719e-01
1.660140587306220272e-01
3.148931718313885408e-02
4.051193887352359524e-01
1.916085915627562808e-01
5.055093439732882832e-01
1.746730151262596564e-01
2.034319479923143437e-01
1.435686709394600746e-01
4.263433362645666636e-01
0.000000000000000000e+00
6.195965417867435043e-01
6.348559790514984869e-01
6.110471806674339090e-01
6.017316017316016730e-01
3.750000000000000000e-01
6.158579853144053873e-01
3.312384824663241467e-01
2.408003079736588670e-01
3.871334083428847883e-01
4.124968249936499243e-01
6.243068165088088151e-01
3.616539224015858922e-01
5.603864734299515149e-01
6.579994196273348805e-01
5.954061546346122169e-01
3.290790571144981413e-01
5.675977716064213308e-01
5.086094298960778248e-01
1.904761904761904656e-01
6.248130038324303248e-01
1.605378845524936260e-01
5.864359621462290617e-01
5.884466470497131674e-01
3.423841910984628534e-01
2.435043006335643190e-01
6.695278487480835761e-01
0.000000000000000000e+00
