5.649822205693406652e-01
5.806463688073613127e-01
6.054240732729530006e-01
7.382227282546092173e-01
4.714976966389314850e-01
5.883978282434638718e-01
8.909591919014778760e-01
4.397729071918776711e-01
3.799378953694705352e-01
6.748031659970943341e-02
1.793058037185397691e-01
7.002386133460601902e-01
8.007194641396301327e-01
1.779232160728136392e-01
1.057844376519498641e-01
4.050527808481365621e-01
3.901964591744708777e-01
1.429998202995966528e-01
7.450456959385474143e-01
7.525494493723933198e-01
7.041881815082786655e-01
4.437588608180523808e-01
4.471519276576656488e-01
4.978116130755585456e-01
8.508360275259597705e-01
1.808664135880276858e-01
0.000000000000000000e+00
1.552411816028916869e-01
1.748153331778244945e-01
1.973512743582749862e-01
1.659222497932175133e-01
1.220779220779220769e-01
1.664522724864683778e-01
6.841569746389931650e-01
1.964689904934359133e-01
2.349853832189924274e-01
4.316689305812302924e-01
4.252049180327865940e-02
1.791442950405883749e-01
1.147540983606557541e-01
4.421052631578947789e-01
7.801157871298153301e-01
1.000000000000000000e+00
1.393239901071723075e-01
9.119266055045870401e-01
3.443232363006158425e-01
3.273938059878237494e-01
2.990324202060819503e-01
2.038434982738780432e-01
1.606557377049180335e-01
1.460019098356536427e-01
1.331400265796786331e-01
2.388628370457209216e-01
0.000000000000000000e+00
5.752688172043011194e-01
5.390835579514825504e-01
5.353535353535354702e-01
4.166666666666666297e-01
1.000000000000000000e+00
5.473496156078270225e-01
4.344569288389512618e-01
0.000000000000000000e+00
0.000000000000000000e+00
0.000000000000000000e+00
0.000000000000000000e+00
0.000000000000000000e+00
0.000000000000000000e+00
0.000000000000000000e+00
0.000000000000000000e+00
0.000000000000000000e+00
2.231812577065351577e-01
0.000000000000000000e+00
0.000000000000000000e+00
0.000000000000000000e+00
0.000000000000000000e+00
0.000000000000000000e+00
0.000000000000000000e+00
0.000000000000000000e+00
0.000000000000000000e+00
0.000000000000000000e+00
0.000000000000000000e+00
2.561756108650494745e-01
2.654326885325032359e-01
2.939203607045624000e-01
3.160184522814059038e-01
2.475885631162976219e-01
2.744535530042196969e-01
6.846658813997241744e-01
3.662874434776897670e-01
2.384056500899965902e-01
1.200381583370175864e-01
6.994280223841042865e-02
6.805861443108651709e-02
5.951439613228448611e-01
9.098714651670303244e-02
3.158728765236410441e-01
4.903361125059610970e-01
3.696623278566750770e-01
1.765748615190804727e-01
6.949353063665486552e-01
5.984371016804448384e-01
4.997363024275031096e-01
4.543267385602001163e-01
2.774831267113904154e-01
2.098508275919994670e-01
5.943339648092218486e-01
1.756341284337606945e-01
0.000000000000000000e+00
1.856820127964127209e-01
1.914657986990278560e-01
2.126990258876398643e-01
2.261281260538534621e-01
1.570083364322269470e-01
1.988302772209393221e-01
6.070005729717897758e-01
2.456614259975337666e-01
1.656270189355198708e-01
8.958697556238820470e-02
4.490267154839727715e-02
4.498336144522008251e-02
5.223754861024620944e-01
6.014846239976118225e-02
2.205678187720102323e-01
4.164998236809592247e-01
3.121720204416316147e-01
9.800926080932605144e-02
6.259089286817142161e-01
5.089581096646003111e-01
4.118955680737793612e-01
3.763398080658449385e-01
2.314042657731141261e-01
1.696898492758532884e-01
5.048626856215350234e-01
1.248696951402533117e-01
0.000000000000000000e+00
6.899135446685880080e-01
7.285423334303171572e-01
7.238204833141542727e-01
8.354978354978355171e-01
5.000000000000000000e-01
7.109204060475960985e-01
9.004125794161537133e-01
4.575205851499518639e-01
3.887549490168321631e-01
5.269533615990296127e-02
1.978328380635011596e-01
7.197039957973109248e-01
8.324918996307737462e-01
1.935589900569732458e-01
1.025318474476347025e-01
4.427944711628883923e-01
3.848277685173626672e-01
1.453862358114656750e-01
7.441860465116278966e-01
7.554838536204996347e-01
7.053522018520858028e-01
4.128377142898839169e-01
4.472742759795569345e-01
5.278076072078645709e-01
8.716208162273465510e-01
1.752486721390631441e-01
0.000000000000000000e+00
