6.319882527419866669e-01
6.368567675301048947e-01
7.343791768595380187e-01
7.924712614632396512e-01
3.636907664503752358e-01
6.730705484284091877e-01
6.400902010522142582e-01
3.074386133511316510e-01
6.335510338530083718e-01
5.649521569375469676e-01
2.273029740861747250e-01
7.116496793453720437e-01
7.158262158401972330e-01
1.445046558452112717e-01
4.879299074527207458e-02
2.211990057970718571e-01
2.602250691259770932e-01
1.291535717592308952e-01
7.812303820125010567e-01
4.858852361753374094e-01
7.367989145034110621e-01
5.307030544575782605e-01
7.149502908378957411e-01
6.297627234326399481e-01
5.995582975807988158e-01
2.744770773478454329e-01
0.000000000000000000e+00
9.379284556898916103e-02
9.390405100692016116e-02
1.026153892778131488e-01
1.111111111111111188e-01
4.415584415584415667e-02
1.000757076471977258e-01
2.129609502864157067e-01
3.802625622453603693e-02
1.732014656190720703e-01
1.480009538192512686e-01
4.053813257305771689e-02
1.531081733025616565e-01
1.256830601092895905e-01
1.559718969555035084e-01
3.553774215096860978e-01
8.957834258447755493e-02
3.615789267067091028e-01
7.265787182749616768e-02
4.100144885862446742e-01
1.510043985513603304e-01
3.890751445086704785e-01
1.648734177215189778e-01
2.998389694041867504e-01
2.203045685279189092e-01
1.251288238694920063e-01
1.248409867551320551e-01
0.000000000000000000e+00
9.301075268817206032e-01
9.191374663072776618e-01
9.898989898989900560e-01
6.333333333333333037e-01
1.000000000000000000e+00
9.660661044045369961e-01
0.000000000000000000e+00
0.000000000000000000e+00
0.000000000000000000e+00
0.000000000000000000e+00
0.000000000000000000e+00
0.000000000000000000e+00
0.000000000000000000e+00
0.000000000000000000e+00
0.000000000000000000e+00
0.000000000000000000e+00
1.871768355739400480e-01
0.000000000000000000e+00
0.000000000000000000e+00
0.000000000000000000e+00
0.000000000000000000e+00
0.000000000000000000e+00
0.000000000000000000e+00
0.000000000000000000e+00
0.000000000000000000e+00
0.000000000000000000e+00
0.000000000000000000e+00
2.883362010508450091e-01
2.876280619325978227e-01
3.442386246434891994e-01
3.384988295466596631e-01
2.059337321054752756e-01
3.126490896762051941e-01
4.630687722683959340e-01
2.185881527794643620e-01
4.769854972166963636e-01
6.740353684275550705e-01
5.333927499865476207e-02
1.740245502118188403e-01
4.616536672400350927e-01
7.963431905173257164e-02
1.093609496566352313e-01
2.283006741464150835e-01
3.649198795579509103e-01
9.014513517110628316e-02
6.387317777482932613e-01
3.799487778684440542e-01
6.892002747507205429e-01
6.014216797946709825e-01
3.026767557490672722e-01
2.444628772463437461e-01
4.584407183410836861e-01
1.602992015537402226e-01
0.000000000000000000e+00
2.124233102303701437e-01
2.098979287324105880e-01
2.558915460240328565e-01
2.453786258098368811e-01
1.264219159976712747e-01
2.310365130470977135e-01
3.736267562874039383e-01
1.298248900397290517e-01
3.769895193084593643e-01
6.106959359120651687e-01
3.390244783946888552e-02
1.217304820501600160e-01
3.865953763913025365e-01
5.230640670662928260e-02
6.640425961030707591e-02
1.762474742052532739e-01
3.077401344978848430e-01
4.582573688779735532e-02
5.635994154216570351e-01
2.922281741807210564e-01
6.139371685725862893e-01
5.260143420294571825e-01
2.541668563667671688e-01
1.997272805295201570e-01
3.663080526031627371e-01
1.131052270211085342e-01
0.000000000000000000e+00
7.325648414985590495e-01
7.483270293860926348e-01
8.066743383199078687e-01
8.484848484848483974e-01
2.500000000000000000e-01
7.542782406035742904e-01
6.600347661998700044e-01
3.428108130806555298e-01
6.326443472183661543e-01
5.182694859771740381e-01
2.481095064596070543e-01
7.143632587557818825e-01
7.859856479527227435e-01
1.600306843451015926e-01
6.118808685829917049e-02
2.462292554506710918e-01
2.437880722614136353e-01
1.381510051848305609e-01
7.876447876447876251e-01
4.773276319485628694e-01
7.213184914192337649e-01
4.921681223416966011e-01
7.636049593034257565e-01
6.647039873291948897e-01
5.880684601105810039e-01
2.819373587342589582e-01
0.000000000000000000e+00
