6.224203810257507019e-01
6.061380155356397292e-01
6.117590038866982383e-01
6.263331813686423555e-01
3.585547916529689960e-01
6.122437210776274785e-01
2.014577649788358849e-01
3.922405772020731707e-01
2.401184450476137044e-01
5.831405204787286634e-01
8.413663532354839214e-01
4.551991198291719387e-01
3.542638630878133243e-01
5.860902450239053874e-01
5.980700011618973466e-01
3.048516112409007661e-01
2.389960002694191399e-01
4.473909128136209779e-01
4.123369710041607794e-01
3.755957488333832028e-01
2.941677684967210493e-01
9.420596242858852998e-01
3.785424794045819663e-01
2.104947579556251114e-01
4.282793402891823531e-01
5.348630704285205484e-01
0.000000000000000000e+00
2.150068552910382458e-01
2.165383718217868125e-01
2.309603903385156198e-01
2.173145850565205150e-01
5.714285714285714801e-02
2.219623271703190515e-01
1.815098199672668944e-01
3.068987749838814061e-01
3.044716474372712867e-01
1.428755780191418578e-01
2.072181331549012850e-01
3.375253131177782251e-01
3.460837887067394480e-02
2.689655172413794038e-01
4.148263025212904909e-01
6.223718340282757833e-02
2.985514073725120676e-02
3.467889908256880371e-01
1.331659158439567059e-01
2.332298749529054804e-02
4.501425818882465735e-01
1.852309224876766969e-01
1.183138940045017073e-01
2.349762567545440328e-01
6.469186244467142743e-02
3.429073856975380363e-01
0.000000000000000000e+00
6.827956989247312425e-01
6.442048517520215789e-01
6.060606060606061884e-01
4.166666666666666297e-01
1.000000000000000000e+00
6.215901512119977879e-01
0.000000000000000000e+00
0.000000000000000000e+00
0.000000000000000000e+00
0.000000000000000000e+00
0.000000000000000000e+00
0.000000000000000000e+00
0.000000000000000000e+00
0.000000000000000000e+00
0.000000000000000000e+00
0.000000000000000000e+00
3.818565400843881297e-01
0.000000000000000000e+00
0.000000000000000000e+00
0.000000000000000000e+00
0.000000000000000000e+00
0.000000000000000000e+00
0.000000000000000000e+00
0.000000000000000000e+00
0.000000000000000000e+00
0.000000000000000000e+00
0.000000000000000000e+00
2.525424919718681771e-01
2.439328043491778564e-01
2.552474616309523547e-01
2.308493735706197425e-01
1.813202565448684966e-01
2.504647472508886308e-01
8.567738215537801238e-02
3.451710482364840904e-01
1.044938085930929850e-01
3.888241134092611517e-01
4.808168434901144428e-01
6.604342099940929689e-02
1.450941954659097366e-01
2.365185117394992265e-01
4.473150050353079665e-01
1.312502493118838931e-01
1.956389174081831772e-01
2.269758898535210734e-01
2.304667564526297063e-01
1.163785153755513280e-01
1.885607362875881821e-01
7.442612456282646782e-01
2.462468806225932560e-01
2.216980672540747044e-02
2.452064475132760268e-01
3.285427205545762286e-01
0.000000000000000000e+00
1.827092099553982441e-01
1.739676240655021466e-01
1.808496456993893553e-01
1.570086017192415806e-01
1.091417644008350063e-01
1.791695819478099083e-01
5.749724690923085912e-02
2.277113501864984624e-01
6.698590619281899472e-02
3.203162530354441428e-01
3.847255205857120774e-01
4.360299916156223921e-02
1.076323708230622622e-01
1.691883871485524993e-01
3.382820092409657420e-01
9.756134022514012516e-02
1.568129331376914015e-01
1.321663133777094545e-01
1.727217499708446624e-01
7.808827686339853136e-02
1.348002295414336138e-01
6.843866204659168062e-01
2.035872567824574819e-01
1.691919555743659487e-02
1.765241971401675380e-01
2.511961853182081983e-01
0.000000000000000000e+00
7.809798270893371086e-01
7.800407331975560687e-01
7.652474108170311817e-01
7.748917748917749648e-01
2.500000000000000000e-01
7.765749046547237855e-01
2.136426418649387537e-01
4.073813429417379450e-01
2.340894512799580607e-01
6.009117281392454268e-01
8.345590786095884450e-01
4.715098104458822492e-01
3.851191215906344389e-01
6.013124062956807236e-01
6.030673298073692123e-01
3.612987273784806774e-01
2.463547705307458369e-01
4.750743420735505929e-01
4.342857142857143860e-01
3.888364274825784062e-01
3.001724451578988706e-01
9.313062660843659524e-01
3.696718504197866739e-01
2.267487084451702550e-01
4.614050954239621305e-01
5.515604074546784918e-01
0.000000000000000000e+00
