3.585605046961488629e-01
3.707701390223379079e-01
4.091692818563532619e-01
4.477191942341800512e-01
6.304701115177542281e-01
3.750155253545477407e-01
7.643690718683582297e-01
4.018419536498641920e-01
4.974319212650695210e-01
2.111412912451927637e-01
3.587756236780393904e-01
7.211133084088242606e-01
6.357674691418863100e-01
3.697780450372863403e-01
2.187267331946038118e-01
1.827447428931026074e-01
8.610010291285112860e-01
1.970782866834776825e-01
5.258503777813514635e-01
4.220055452995588041e-01
5.200846086936297130e-01
4.642093232800718061e-01
6.487575365502038505e-01
5.108894706078974668e-01
6.046921380236603971e-01
1.685503989596680574e-01
0.000000000000000000e+00
3.888819643524867031e-02
4.412565119353083209e-02
5.936903354850441017e-02
4.361731458505650749e-02
9.870129870129872030e-02
4.552165072284525271e-02
4.149599681514576366e-01
2.482269503546097322e-02
3.748691215647445008e-01
4.111847034495164088e-02
2.081604067233865929e-01
2.386641932476332162e-01
1.172761664564943573e-01
3.942857142857144614e-01
2.592102443881473262e-01
4.819098640925306709e-02
1.293722765280886089e-01
1.235003528581510301e-01
1.983579746956772305e-01
6.781292383077394681e-02
3.803327224023685393e-01
3.287798359256099978e-02
8.838994434849356541e-02
3.364294200237607502e-01
5.175348995573714195e-02
3.769692500797433565e-02
0.000000000000000000e+00
8.602150537634409844e-01
8.032345013477089068e-01
7.575757575757576801e-01
7.333333333333332815e-01
1.000000000000000000e+00
8.019777999980112204e-01
5.296803652968036236e-01
0.000000000000000000e+00
0.000000000000000000e+00
0.000000000000000000e+00
0.000000000000000000e+00
0.000000000000000000e+00
0.000000000000000000e+00
0.000000000000000000e+00
0.000000000000000000e+00
5.575757575757576134e-01
6.395759717314487558e-01
0.000000000000000000e+00
0.000000000000000000e+00
0.000000000000000000e+00
0.000000000000000000e+00
0.000000000000000000e+00
0.000000000000000000e+00
0.000000000000000000e+00
0.000000000000000000e+00
0.000000000000000000e+00
0.000000000000000000e+00
4.280782701525398526e-02
5.847062881627407283e-02
9.175938572049069375e-02
9.527117323333245125e-02
3.354018820738180473e-01
6.408196010837596823e-02
4.947976355182703845e-01
2.379720567088228766e-01
3.664451304495511819e-01
1.674967101452748963e-01
2.018463792386927524e-01
1.353187827002412247e-01
4.819277813605762351e-01
1.681416432032207808e-01
2.755994207239766958e-01
1.054053043946301393e-01
6.124107036486456934e-01
1.189380565974357817e-01
3.608244646482050566e-01
2.512754041747780054e-01
5.337270607711216419e-01
4.234970179899071319e-01
3.564359171083566480e-01
2.503431908275282058e-01
4.073921000672038328e-01
1.379942577663210157e-01
0.000000000000000000e+00
2.764906255185700656e-02
3.758618131087715364e-02
5.914282395663886249e-02
5.942555535418780899e-02
2.270161693458452312e-01
4.130503916572636491e-02
4.048747132863024234e-01
1.437346107502334158e-01
2.733864663071321477e-01
1.272978959650648556e-01
1.398321491363695990e-01
9.275023074212268570e-02
4.065240411140900734e-01
1.159897065738321187e-01
1.875505290386391410e-01
7.754531778053852520e-02
5.538467051133642016e-01
6.231325147643938800e-02
2.857322559264966477e-01
1.812233181467081677e-01
4.462859825771809952e-01
3.466949752544828400e-01
3.037140939529957562e-01
2.048880736974613148e-01
3.178010784308764047e-01
9.628794437608551027e-02
0.000000000000000000e+00
5.746397694524496558e-01
6.028513238289205933e-01
6.179516685845799495e-01
6.536796536796536383e-01
6.250000000000000000e-01
5.975154977686475410e-01
7.736087553328350186e-01
4.563504557761667857e-01
5.011212315586915933e-01
2.172616772418008990e-01
3.568398457571202442e-01
7.378919343097515293e-01
6.761113825109914544e-01
3.831175558361393230e-01
2.290671760585800132e-01
2.225358462030406770e-01
8.759617021621577404e-01
2.178240648984628158e-01
5.505650536076498458e-01
4.236405121054633849e-01
5.094372754937673831e-01
4.441310222198927571e-01
6.691165733755168876e-01
5.335748604723995481e-01
6.475209760963819283e-01
1.708174692049271304e-01
0.000000000000000000e+00
