4.348133936191147519e-01
4.238258795759664022e-01
4.453684367248711418e-01
4.370006863859927648e-01
4.138178637895955081e-01
4.322380874383262572e-01
1.583984971360796190e-01
2.653273798036670517e-01
3.700916666795703858e-01
5.173560734304235575e-01
5.635452772531887033e-01
2.890931378755189352e-01
8.920985858487912035e-01
8.019993953457116298e-01
6.318162772926237958e-01
1.328508090090865235e-01
6.714423590396851882e-01
6.415280803262657372e-01
1.528627544967504637e-01
5.909869364928608260e-01
1.189339512672745180e-01
5.757517939691197961e-01
5.672831230922632528e-01
3.119408606707327891e-01
8.800845787324496072e-02
7.548564183446812015e-01
0.000000000000000000e+00
1.378692509036520408e-01
1.642951558976751825e-01
2.621450434888020209e-01
1.511993382961124843e-01
6.233766233766234455e-02
1.754983423972343304e-01
9.627163616525324930e-02
1.202945990180033231e-01
2.990398896668788886e-01
1.144209054737068687e-01
1.237005197920831301e-01
1.495513260705907954e-01
9.489725236665896846e-02
6.491289198606272626e-01
2.848881843288567639e-01
9.091539288066269320e-02
3.408461900836180503e-01
5.009174311926605228e-01
2.358139474341269803e-02
7.984424902655640199e-02
2.518946692357096340e-01
1.000000000000000000e+00
1.644131655647970147e-01
1.878172588832487389e-01
0.000000000000000000e+00
2.841686205549042721e-01
0.000000000000000000e+00
7.258064516129033583e-01
7.277628032345013764e-01
5.656565656565657463e-01
4.666666666666666741e-01
1.000000000000000000e+00
6.416623047546144987e-01
0.000000000000000000e+00
0.000000000000000000e+00
0.000000000000000000e+00
0.000000000000000000e+00
0.000000000000000000e+00
0.000000000000000000e+00
0.000000000000000000e+00
0.000000000000000000e+00
0.000000000000000000e+00
0.000000000000000000e+00
2.299872935196950463e-01
0.000000000000000000e+00
0.000000000000000000e+00
0.000000000000000000e+00
0.000000000000000000e+00
0.000000000000000000e+00
0.000000000000000000e+00
0.000000000000000000e+00
0.000000000000000000e+00
0.000000000000000000e+00
0.000000000000000000e+00
1.989015141881362858e-01
2.084650856537898500e-01
2.870792262675030404e-01
2.120414595074398001e-01
2.327505711155258838e-01
2.255560968169704195e-01
1.304646248406891029e-01
2.703691244915104597e-01
4.166584825550346816e-01
6.166890574155086124e-01
4.567377537907865159e-01
1.282275815886958492e-01
5.457322416270331544e-01
8.480542020452508378e-01
5.580421218047205700e-01
2.239851769025198447e-01
5.660391939687707819e-01
4.988791495310767599e-01
7.225478219368008936e-02
4.937678545561403620e-01
2.502372301417224998e-01
7.206484776381891777e-01
2.694242489604095070e-01
2.501607648949331075e-01
7.513401779128692226e-02
6.036093740644116190e-01
0.000000000000000000e+00
1.399540016610683058e-01
1.458679071453845011e-01
2.069797273624243983e-01
1.425581843426511619e-01
1.459195787235056385e-01
1.592175514288110549e-01
8.965548448690502381e-02
1.678542358127737555e-01
3.192343066964155041e-01
5.485433566131840966e-01
3.612252254458819811e-01
8.755897005218327145e-02
4.708614976852482648e-01
8.000081094749795785e-01
4.492707350370502839e-01
1.726303330462402585e-01
5.054335340636810781e-01
3.637909958930112819e-01
5.042878578335946438e-02
4.006953235741453345e-01
1.843150038747831121e-01
6.573205359594542774e-01
2.241846136194590722e-01
2.047277178056704505e-01
4.934707431031820635e-02
5.197194155161580786e-01
0.000000000000000000e+00
6.345821325648415279e-01
6.464940354960722058e-01
6.409666283084004546e-01
6.363636363636364646e-01
3.750000000000000000e-01
6.385937136688871751e-01
1.782648873908623255e-01
2.779330657452978026e-01
3.893869872347924810e-01
5.677803788040006738e-01
5.441078905867637872e-01
3.220050977060321395e-01
9.586426299045598398e-01
7.724567969889970520e-01
6.119036309496446169e-01
1.565377846449218513e-01
6.710786392250236432e-01
6.380003142027088625e-01
1.847475832438237875e-01
5.969670939606185334e-01
1.125805247997594405e-01
5.556236538376865264e-01
6.008574049459907140e-01
3.322452919649965253e-01
1.015722772079025726e-01
7.480864132161388902e-01
0.000000000000000000e+00
