5.846862439920572641e-01
5.904718435197227056e-01
6.044500780017045827e-01
6.956191359794743345e-01
7.143710791762563073e-01
5.999659025549282099e-01
5.596606428619250728e-01
5.362654199147419698e-01
3.130424450227663469e-01
1.712481002893510018e-01
3.426504544935994323e-01
5.412893310529541813e-01
8.134739964270342183e-01
3.671813582854332458e-01
2.097312800500888141e-01
4.446608977879502600e-01
6.628488065154327646e-01
3.053000393786007294e-01
5.425535153994762716e-01
8.397837001891926834e-01
5.035496170676592165e-01
5.930656012333711535e-01
4.776734450919786212e-01
4.403815558053993939e-01
6.833404484266915047e-01
3.414908251363989455e-01
0.000000000000000000e+00
4.166303128505546849e-01
4.159163362102481498e-01
4.189471770160924091e-01
4.253101736972704217e-01
4.727272727272727182e-01
4.230021625939209273e-01
2.703422038272693673e-01
2.861142217245240538e-01
9.232877995037203078e-02
8.190127970749544462e-02
7.003805620608899440e-01
3.870193812669000533e-01
8.360655737704918433e-01
3.116883116883117921e-01
5.511857047428189160e-01
1.229008633281956642e-01
1.821015051933830009e-01
2.087155963302752548e-01
2.153440702276128715e-01
3.218697442440411338e-01
3.293352601156069315e-01
6.553589143287966712e-01
4.289562289562288688e-01
4.600082315818357914e-01
9.488139825218475099e-02
1.567576620331602166e-01
0.000000000000000000e+00
3.172043010752688685e-01
2.237196765498652429e-01
2.121212121212121271e-01
1.499999999999999944e-01
1.000000000000000000e+00
2.589583958709568701e-01
0.000000000000000000e+00
0.000000000000000000e+00
0.000000000000000000e+00
0.000000000000000000e+00
0.000000000000000000e+00
0.000000000000000000e+00
0.000000000000000000e+00
0.000000000000000000e+00
0.000000000000000000e+00
0.000000000000000000e+00
3.339483394833948071e-01
0.000000000000000000e+00
0.000000000000000000e+00
0.000000000000000000e+00
0.000000000000000000e+00
0.000000000000000000e+00
0.000000000000000000e+00
0.000000000000000000e+00
0.000000000000000000e+00
0.000000000000000000e+00
0.000000000000000000e+00
4.898963248726271313e-01
4.892247015897207563e-01
5.108616127533989193e-01
5.095424998742915657e-01
5.593260968052597981e-01
5.035236941015305279e-01
3.320542349721053998e-01
3.951311218899470901e-01
1.972556103058052956e-01
1.958738637235553082e-01
1.946848832311037780e-01
6.172771833017576260e-02
6.629425232797057088e-01
2.367420345233710588e-01
3.256727617691714816e-01
3.942433448535602736e-01
5.210336175099676836e-01
2.320773364635325131e-01
4.123064818288593170e-01
7.723855597662450112e-01
4.279481826599284000e-01
6.011013338573376608e-01
2.356917044243362902e-01
2.156955570010441470e-01
4.501813917505792517e-01
2.582319584495343934e-01
0.000000000000000000e+00
3.974469205570415609e-01
3.944287878998492536e-01
4.130654578556677281e-01
4.056132188568009611e-01
4.394783563053593634e-01
4.085857446338879706e-01
2.522680598601109159e-01
2.709289691500106345e-01
1.337853515361252799e-01
1.504669827964931206e-01
1.343342283217218713e-01
4.065677978559883998e-02
5.954585780455337041e-01
1.693680100440590475e-01
2.288184534502510636e-01
3.236839767282931324e-01
4.594610943182173557e-01
1.357765894294362674e-01
3.334114197986884909e-01
7.069245125336947044e-01
3.419315125557896851e-01
5.256735874336317949e-01
1.942888739984396373e-01
1.747213664866529292e-01
3.583287983486331263e-01
1.910722602722746410e-01
0.000000000000000000e+00
7.625360230547550966e-01
7.887692755309863024e-01
7.767548906789413232e-01
8.354978354978355171e-01
6.250000000000000000e-01
7.810841487876764022e-01
5.824005723252549949e-01
5.790930874620898727e-01
3.279048571009193225e-01
1.751650657788893506e-01
3.389742091777330213e-01
5.659618736826864671e-01
8.565688229466339454e-01
3.772151845277393334e-01
2.107421512941082264e-01
4.800085635468596124e-01
6.747581544215484062e-01
3.051318295751660470e-01
5.642218416147011251e-01
8.416997801010764890e-01
5.126084837234615721e-01
5.624107828970476008e-01
4.948168614258638964e-01
4.686932612463809988e-01
7.255305265327135489e-01
3.346178489702515968e-01
0.000000000000000000e+00
