4.803028214979798705e-01
5.084199707425520742e-01
5.493055758983895753e-01
6.762521561472045750e-01
3.072759515029775956e-01
5.106374170595240347e-01
9.388068764665027377e-01
4.075189779306502835e-01
4.106355278142646004e-01
2.393737540165480349e-01
3.427274992224416117e-02
9.505298828601701500e-01
8.315788762931503042e-01
7.780472809245225774e-02
5.491091167388600924e-02
2.947566027492096730e-01
1.601765100314207491e-01
3.839441354759762226e-02
9.364083999974721628e-01
3.380284081116103900e-01
8.258006010944760611e-01
3.714438454826277658e-01
6.998252570831129393e-01
6.519484236004675637e-01
7.724500923361498073e-01
7.655099773838269783e-02
0.000000000000000000e+00
4.052411816028917424e-01
4.147500194386128936e-01
4.206443009970602942e-01
4.207885304659497727e-01
2.233766233766233955e-01
4.120126600923104676e-01
6.701599704345072572e-01
2.746615087040619185e-01
1.762687523084298102e-01
7.038391224862888818e-02
6.531762295081966485e-02
8.583914588775840571e-01
3.442622950819672623e-01
3.764705882352942234e-01
4.635103540414161616e-01
1.293981701156098341e-01
1.352758354309348821e-01
2.954128440366972086e-01
5.498837822294643241e-01
1.400008750054687612e-01
4.377520873474630148e-01
4.989026795988822371e-01
3.928279399562495389e-01
4.090074522086618591e-01
1.397577352633532499e-01
9.906213364595545245e-02
0.000000000000000000e+00
6.720430107526882413e-01
6.522911051212938460e-01
5.555555555555555802e-01
4.000000000000000222e-01
1.000000000000000000e+00
5.805008064639756160e-01
0.000000000000000000e+00
0.000000000000000000e+00
0.000000000000000000e+00
0.000000000000000000e+00
0.000000000000000000e+00
0.000000000000000000e+00
0.000000000000000000e+00
0.000000000000000000e+00
0.000000000000000000e+00
0.000000000000000000e+00
7.372708757637475019e-02
0.000000000000000000e+00
0.000000000000000000e+00
0.000000000000000000e+00
0.000000000000000000e+00
0.000000000000000000e+00
0.000000000000000000e+00
0.000000000000000000e+00
0.000000000000000000e+00
0.000000000000000000e+00
0.000000000000000000e+00
3.181237576916275955e-01
3.359439321422504898e-01
3.635632417754626200e-01
3.877265170776301728e-01
1.821045295126891839e-01
3.389802127461648551e-01
6.389016562099238961e-01
2.958919842528102140e-01
2.859541129327117792e-01
2.766124097720301656e-01
5.852757447363132748e-03
1.919924900444439642e-01
5.095810078058065073e-01
1.621473374543347390e-02
2.215206721491154163e-01
2.744837487261480025e-01
1.700578829260044333e-01
6.592161596747320162e-02
9.170806711219909868e-01
2.841593501888366458e-01
7.365731620175780536e-01
4.875471978589396294e-01
4.928453571294615365e-01
4.549957748669912760e-01
4.497341068284610444e-01
3.404249314288332329e-02
0.000000000000000000e+00
2.378741078434196687e-01
2.513142120772542398e-01
2.730062505556460906e-01
2.890015303465177099e-01
1.096832844801708673e-01
2.538840030056084274e-01
5.559095221666896514e-01
1.876242284207566002e-01
2.041102545592782536e-01
2.189273009058457231e-01
3.613030148605533842e-03
1.355541270987675739e-01
4.341063528941846994e-01
1.026693993179267350e-02
1.454656058254856499e-01
2.156460200511979841e-01
1.352353188783136373e-01
3.264871966692588223e-02
8.923211593114963591e-01
2.084190015869931134e-01
6.683970893752587683e-01
4.089528357356983501e-01
4.353982403378422461e-01
3.949348880088534575e-01
3.578981259473141274e-01
2.251300547495882487e-02
0.000000000000000000e+00
6.438040345821325339e-01
6.889729415187664241e-01
7.077100115074798081e-01
8.051948051948052409e-01
2.500000000000000000e-01
6.770718340222036113e-01
9.480950245303945145e-01
4.438632542499532652e-01
4.147430727403108586e-01
2.589969877926331376e-01
3.600515225242661987e-02
9.554642271442966850e-01
8.635682158920539031e-01
9.453054851376424539e-02
4.908858135706882508e-02
3.658178831916705231e-01
1.473609762529819456e-01
3.787766795964020439e-02
9.414654113794513890e-01
3.271991911021234767e-01
8.325000120006672555e-01
3.382021952911918872e-01
7.213147609980958830e-01
6.782804878370953805e-01
8.275295651421660237e-01
8.279390063944902511e-02
0.000000000000000000e+00
