4.270476484356147129e-01
4.513813892375126979e-01
4.981545089923660186e-01
5.505352339089630842e-01
1.762712759279487784e-01
4.461554848137156970e-01
8.957740433481509168e-01
1.611708974464013677e-01
5.050155680041759076e-01
2.790002601578652763e-01
1.555372706328304044e-01
8.216806057929807450e-01
5.218940952817215928e-01
2.748622651475963186e-01
2.539520915571391591e-02
2.704631846729077527e-01
1.992683687214908961e-01
5.503762440428652813e-02
7.003065049207837234e-01
2.923304857417653446e-01
7.092380623382386062e-01
5.177654748941674656e-01
7.197862183703491734e-01
8.361652075745140689e-01
7.725281787208791995e-01
2.841797616325936193e-02
0.000000000000000000e+00
4.177053471270099350e-02
4.747686805069591121e-02
5.597478558656847347e-02
5.139233526330301560e-02
2.337662337662337053e-02
4.788404580192257010e-02
5.198558828877978266e-01
4.120940649496080965e-01
4.692272618515560545e-01
1.115173674588665342e-01
1.193108283002588532e-01
1.843293878943058628e-01
2.971747471224276405e-01
3.269841269841270437e-01
4.635103540414161616e-01
7.643068133865676961e-02
4.769340026547348454e-01
9.174311926605499545e-02
4.103169495537120071e-01
3.412521328258302789e-02
3.757996146435452212e-01
9.992328346758727609e-02
1.747599451303154527e-01
3.614563276737267072e-01
1.367408386575603985e-01
5.861664712778436037e-03
0.000000000000000000e+00
6.612903225806452401e-01
6.442048517520215789e-01
5.353535353535354702e-01
3.833333333333333037e-01
1.000000000000000000e+00
5.637304125153549395e-01
0.000000000000000000e+00
0.000000000000000000e+00
0.000000000000000000e+00
0.000000000000000000e+00
0.000000000000000000e+00
0.000000000000000000e+00
0.000000000000000000e+00
0.000000000000000000e+00
0.000000000000000000e+00
0.000000000000000000e+00
3.136915077989601008e-01
0.000000000000000000e+00
0.000000000000000000e+00
0.000000000000000000e+00
0.000000000000000000e+00
0.000000000000000000e+00
0.000000000000000000e+00
0.000000000000000000e+00
0.000000000000000000e+00
0.000000000000000000e+00
0.000000000000000000e+00
5.443104385393959799e-02
7.209489122236845127e-02
1.084167514147992284e-01
1.148456930254813102e-01
5.141250152318954658e-02
7.408370964952981641e-02
5.401887940564913393e-01
1.680273668226060502e-01
4.353590226832441124e-01
2.408208587166436043e-01
1.097518851537659934e-01
5.662081036081512142e-02
3.843606856666212934e-01
1.288399013361382073e-01
1.473872479270319502e-01
1.732140732428810725e-01
2.808641212443840907e-01
2.904538197222461537e-02
5.503258857632187251e-01
1.257723904430770867e-01
7.502670586295480115e-01
3.645359947272126533e-01
4.352791429972171500e-01
4.364951273278294686e-01
4.484164773773995361e-01
1.008943773949311229e-02
0.000000000000000000e+00
3.539041218798111288e-02
4.671677333842855218e-02
7.058599259714340435e-02
7.257008827298472298e-02
2.769911569194455359e-02
4.803322216389405153e-02
4.508371508950445028e-01
9.538069735466758736e-02
3.368256001873276562e-01
1.881149421537709476e-01
7.214157141678001484e-02
3.718793156126359856e-02
3.128969149886358658e-01
8.699002990722315420e-02
9.196571450679860704e-02
1.309016042219622311e-01
2.310303912951559013e-01
1.380641725687978272e-02
4.697515770915893230e-01
8.483135470173158721e-02
6.844334318645031168e-01
2.916654141141506451e-01
3.787829937790601065e-01
3.769204658108380457e-01
3.566302972923033887e-01
6.587619895353946653e-03
0.000000000000000000e+00
6.685878962536022652e-01
7.102123945301135333e-01
7.215189873417721111e-01
7.619047619047618625e-01
1.250000000000000000e-01
6.927425742523368735e-01
9.119551116056552331e-01
1.962959606253918687e-01
5.201250801796023504e-01
2.986901892280994231e-01
1.472380230792375011e-01
8.443352665213695873e-01
5.653162389280641520e-01
2.826230826223627424e-01
3.240063933883007008e-02
3.158405462252829032e-01
1.944500100180324154e-01
6.281395013754273449e-02
7.127104369183283605e-01
2.993039194688370541e-01
7.037989463643697929e-01
5.084737160742199835e-01
7.303780093621823344e-01
8.792276970120429525e-01
8.486193663605320348e-01
2.715295701941422557e-02
0.000000000000000000e+00
