3.987266390267019123e-01
3.915895982727699565e-01
4.020255227014122301e-01
4.009770850821881005e-01
5.451505783188383969e-01
3.937150848477826148e-01
3.047436087366191537e-01
3.289677661017277321e-01
2.818450319377351354e-01
6.206804379605351807e-01
5.723321236538939649e-01
4.250954849140992087e-01
8.667818684069973356e-01
5.959554959061046375e-01
5.694242309482309139e-01
2.243821994436958622e-01
8.895243706022231134e-01
3.255183254225740841e-01
2.681716169712694553e-01
7.200700256979385427e-01
1.775188726113903770e-01
5.757434053901758775e-01
5.207059320409830327e-01
3.866077264980130046e-01
3.034210144168344447e-01
5.414024222561503175e-01
0.000000000000000000e+00
1.800604512027919601e-01
1.774434336365757203e-01
1.730460344879837797e-01
1.743038323683485102e-01
2.129870129870130024e-01
1.804674877796509924e-01
1.158216783216784451e-01
5.499181669394435090e-01
2.551589742860292942e-01
1.729165737726847119e-01
2.039488258750554173e-01
5.917295406863970486e-01
4.749948122017016439e-01
5.504464285714286698e-01
3.607433446127226162e-01
1.092998344532086774e-01
3.201134534605268867e-01
2.408256880733945504e-01
4.149546843882127023e-01
2.309042209291585768e-01
2.659747766684182335e-01
1.852309224876766969e-01
5.633162482263340820e-01
1.902060316512391713e-01
9.488139825218475099e-02
3.810082063305977873e-01
0.000000000000000000e+00
6.290322580645162365e-01
5.983827493261455466e-01
4.747474747474748069e-01
3.333333333333333703e-01
1.000000000000000000e+00
5.414235537944308563e-01
0.000000000000000000e+00
0.000000000000000000e+00
0.000000000000000000e+00
0.000000000000000000e+00
0.000000000000000000e+00
0.000000000000000000e+00
0.000000000000000000e+00
0.000000000000000000e+00
0.000000000000000000e+00
0.000000000000000000e+00
1.415168100078185998e-01
0.000000000000000000e+00
0.000000000000000000e+00
0.000000000000000000e+00
0.000000000000000000e+00
0.000000000000000000e+00
0.000000000000000000e+00
0.000000000000000000e+00
0.000000000000000000e+00
0.000000000000000000e+00
0.000000000000000000e+00
2.336484047660414287e-01
2.294107332623126494e-01
2.409677037299100544e-01
2.238393770239721636e-01
3.875122238498016625e-01
2.379110111409249440e-01
2.259017220107859547e-01
3.176487239954884356e-01
2.974386742574336440e-01
6.788719218833834113e-01
4.532587952762380246e-01
2.122033040868992471e-01
7.206633794771133417e-01
4.660963159427589098e-01
5.277898545494200677e-01
2.257390044743579072e-01
8.579829336347062352e-01
2.625696924121823650e-01
2.966369326192248579e-01
7.166679512977640609e-01
2.304901842156271696e-01
5.432357200027846389e-01
3.212811634123389215e-01
3.042632840788526138e-01
2.274548559889062460e-01
4.872657810449935178e-01
0.000000000000000000e+00
1.674065675286124932e-01
1.623469511273880617e-01
1.693853694194426829e-01
1.515883169444485201e-01
2.721057244956956445e-01
1.690550352025836922e-01
1.629955780505392693e-01
2.050115438954339675e-01
2.136770092278914845e-01
6.160245488719178208e-01
3.578667961431098998e-01
1.513840532413666673e-01
6.598665473332958609e-01
3.733099091045229967e-01
4.178732875426327542e-01
1.740990197681587248e-01
8.279197229892409915e-01
1.579423925110514659e-01
2.287035029448407641e-01
6.410608343885217941e-01
1.681708695057152481e-01
4.651806155519960240e-01
2.711633254485094069e-01
2.529914351230410086e-01
1.622464582131624145e-01
3.996688593743888962e-01
0.000000000000000000e+00
6.092219020172910948e-01
6.290369508292115164e-01
6.271576524741081515e-01
6.233766233766233622e-01
5.000000000000000000e-01
6.208919111237279909e-01
3.288310011902347840e-01
3.582992534306851939e-01
2.981831108912880168e-01
6.610998221996443602e-01
5.476019693201366056e-01
4.402498226830374728e-01
9.096989966555182328e-01
5.908294204596113985e-01
5.562752748480969123e-01
2.611778339182961872e-01
8.647863804979512015e-01
3.320685508043268452e-01
2.885431400282886250e-01
7.095072728355128477e-01
1.903133136570813733e-01
5.601943665400374028e-01
5.581954246775369111e-01
4.103416810392392922e-01
3.260177044576457739e-01
5.388798198705320175e-01
0.000000000000000000e+00
