5.047839178542661287e-01
5.021805139328487932e-01
5.168023547908477955e-01
5.430204891740941786e-01
6.736465108630438348e-01
5.081814369430905920e-01
3.919602971721077300e-01
5.493822422355603141e-01
2.716908785021917572e-01
3.241176393318278004e-01
4.520639014466362182e-01
4.367081348707227972e-01
6.436731957776865576e-01
5.842298340471927531e-01
4.077480922381463424e-01
3.117195977404612073e-01
7.170076056131555742e-01
4.714646655006242693e-01
3.857774806321193628e-01
7.583056109500384556e-01
2.478659122400833081e-01
6.727570247462094644e-01
4.999121520796685481e-01
3.398627564964582515e-01
5.559621500655594906e-01
4.579985245293894947e-01
0.000000000000000000e+00
2.264271469525115377e-01
2.381541093227587669e-01
2.470224565869624245e-01
2.302178108629721609e-01
4.155844155844155841e-02
2.340630953164725692e-01
1.863718304513864998e-01
1.489361702127660614e-01
1.301342565929877737e-01
1.855575868372943416e-01
8.957845433255268164e-01
4.906116169278527117e-01
1.651663034208281644e-01
4.493506493506495003e-01
1.978907309568632700e-01
2.473502775343266458e-01
1.393239901071723075e-01
3.972943554657129006e-01
1.448823721791166474e-01
1.272329380630057849e-01
4.638373390122704776e-01
8.973502711402936427e-02
2.177777777777777368e-01
4.790827936285665389e-01
1.287676119136793307e-01
1.248409867551320551e-01
0.000000000000000000e+00
3.924731182795699880e-01
2.533692722371967965e-01
2.121212121212121271e-01
1.666666666666666574e-01
1.000000000000000000e+00
2.950386151337436313e-01
0.000000000000000000e+00
0.000000000000000000e+00
0.000000000000000000e+00
0.000000000000000000e+00
0.000000000000000000e+00
0.000000000000000000e+00
0.000000000000000000e+00
0.000000000000000000e+00
0.000000000000000000e+00
0.000000000000000000e+00
4.480198019801980291e-01
0.000000000000000000e+00
0.000000000000000000e+00
0.000000000000000000e+00
0.000000000000000000e+00
0.000000000000000000e+00
0.000000000000000000e+00
0.000000000000000000e+00
0.000000000000000000e+00
0.000000000000000000e+00
0.000000000000000000e+00
2.037354554415253816e-01
2.064391526061429838e-01
2.255062595400523229e-01
2.205782924492539765e-01
3.463479439920020830e-01
2.144554948160773966e-01
2.896992693231463800e-01
4.105621871845949733e-01
2.081506523339315962e-01
2.793757957613376419e-01
3.086668137774241094e-01
1.039360124442363364e-01
4.609464207883509079e-01
3.811446040674837388e-01
3.384449643305256217e-01
2.686881029956726952e-01
5.541249511219548118e-01
3.549446387152581095e-01
2.417366206558382302e-01
6.533230467507815664e-01
3.067500770047514314e-01
5.572669115284438757e-01
2.698678307022168710e-01
1.966787069744468930e-01
3.833354313667924895e-01
3.413783175776744505e-01
0.000000000000000000e+00
1.437196725196893676e-01
1.442916539138944798e-01
1.571523631359404150e-01
1.490807034997885805e-01
2.362683850193523227e-01
1.504776830088145889e-01
2.156762010217496695e-01
2.848018806890249555e-01
1.420837468475838195e-01
2.213369689769956739e-01
2.265255748940906977e-01
7.005316939948197374e-02
3.859046621858895354e-01
2.931968553531386634e-01
2.396986623086251045e-01
2.106326265407640341e-01
4.931660612647781328e-01
2.312254539760980609e-01
1.820549066093171131e-01
5.689891938839990448e-01
2.320311579503179233e-01
4.796554084108706761e-01
2.245812258001693706e-01
1.584111153380608483e-01
2.956126470093548009e-01
2.625463100778462344e-01
0.000000000000000000e+00
6.916426512968298912e-01
7.049752691300552598e-01
6.996547756041427979e-01
7.099567099567098971e-01
6.250000000000000000e-01
7.021859495140622132e-01
4.173997450171776924e-01
5.918176723332709832e-01
2.796247755597189855e-01
3.283396041679610411e-01
4.433183255015491486e-01
4.625782034448134850e-01
6.745718050065876437e-01
5.814372317983762528e-01
4.047107381634600931e-01
3.500112936248342965e-01
7.093038211138127380e-01
4.728789406022532171e-01
4.177985948477752620e-01
7.542588551284205023e-01
2.517707408444952444e-01
6.609255358337343678e-01
5.220097011887330218e-01
3.594995130293174856e-01
5.851488817429568723e-01
4.503563676915744995e-01
0.000000000000000000e+00
