5.765207895492046042e-01
5.772136322359204819e-01
6.006195841772159483e-01
6.414476262608961310e-01
7.183723565771777952e-01
5.888713573858472827e-01
4.297420351053041210e-01
5.378137413705653680e-01
3.003602488031744677e-01
3.968612957622897897e-01
4.198361917999321458e-01
4.059578692556354840e-01
8.097839627960511377e-01
4.666276130999271188e-01
4.043000559700314911e-01
3.436274991796304246e-01
7.125679333165659823e-01
3.819825105892361572e-01
3.478998845740864931e-01
8.595609616995824043e-01
3.036812673882240410e-01
6.697496879371734879e-01
4.484685379900077429e-01
3.957530210931574643e-01
5.697393719778304222e-01
4.159788035738282153e-01
0.000000000000000000e+00
2.139474012214882537e-01
2.183967032112588691e-01
2.360820680667939375e-01
2.287289771160738727e-01
1.454545454545454475e-01
2.240763236697827510e-01
4.249236962002920226e-01
2.907801418439716068e-01
1.934405971973680027e-01
8.190127970749544462e-02
1.396560940841055087e-01
8.779840391552223844e-02
2.396232996163237261e-01
5.115207373271889457e-01
8.871797649352763937e-02
4.356152822410486181e-02
1.662899236763024369e-01
2.140672782874617486e-01
1.181396549801748130e-01
9.975062344139651316e-02
2.518946692357096340e-01
9.992328346758727609e-02
2.177777777777777368e-01
1.198205642781253744e-01
2.530170620058260766e-01
9.506343365872343965e-02
0.000000000000000000e+00
4.946236559139784994e-01
5.309973045822102833e-01
4.949494949494950280e-01
3.833333333333333037e-01
1.000000000000000000e+00
4.915384026513643922e-01
2.781774580335731328e-01
0.000000000000000000e+00
0.000000000000000000e+00
0.000000000000000000e+00
0.000000000000000000e+00
0.000000000000000000e+00
0.000000000000000000e+00
0.000000000000000000e+00
0.000000000000000000e+00
0.000000000000000000e+00
4.160919540229884861e-01
0.000000000000000000e+00
0.000000000000000000e+00
0.000000000000000000e+00
0.000000000000000000e+00
0.000000000000000000e+00
0.000000000000000000e+00
0.000000000000000000e+00
0.000000000000000000e+00
0.000000000000000000e+00
0.000000000000000000e+00
2.695484835204580154e-01
2.706151369915671401e-01
3.056814363175084370e-01
2.858623562656297246e-01
3.965876237175123276e-01
2.852397682686625968e-01
2.705698959294959849e-01
3.481696528999941864e-01
1.846153742123783914e-01
2.245575127378003355e-01
1.905775913784387710e-01
5.113016822384841564e-02
5.059994847571118726e-01
1.982361696252872285e-01
2.991028906317219072e-01
1.679363912261346847e-01
6.269111341118902558e-01
1.741597374361933404e-01
1.369934337271794256e-01
7.373137038420189970e-01
2.743629145959239901e-01
5.601897035207972220e-01
1.387619350494582182e-01
1.562525502244855868e-01
4.043717478353350270e-01
2.556403817766706998e-01
0.000000000000000000e+00
1.967085113620170023e-01
1.957361112355991972e-01
2.226170990014671169e-01
2.009648322273560050e-01
2.802284024513905236e-01
2.078128694840832291e-01
1.995728008906165196e-01
2.302320933999624231e-01
1.242769437248701647e-01
1.743581522678183116e-01
1.311988535017409307e-01
3.347960248065978694e-02
4.305079771429285995e-01
1.389743302713594697e-01
2.066454891482885359e-01
1.266512796731716350e-01
5.692033438055965622e-01
9.644144441726613948e-02
9.849947199106351414e-02
6.651965273594799832e-01
2.044107837919016957e-01
4.826861935624764954e-01
1.112949668003271331e-01
1.243206991419821827e-01
3.149917080405760239e-01
1.889224015240659194e-01
0.000000000000000000e+00
7.475504322766570731e-01
7.657841140529533241e-01
7.698504027617952827e-01
7.922077922077921386e-01
7.500000000000000000e-01
7.625152629680448380e-01
4.401770102093663928e-01
5.877240718329420632e-01
3.032970464819716438e-01
3.997886845613946027e-01
4.196937413957428920e-01
4.035470201931142809e-01
8.546583850931677162e-01
4.830905714562731545e-01
3.997466035124651040e-01
4.016944715139703082e-01
6.810242595086997142e-01
4.065413779551673157e-01
3.729040912139504060e-01
8.557445286332153733e-01
3.067209110355946233e-01
6.472122468435025366e-01
4.784762065252019525e-01
4.115827914191849679e-01
6.102407041044538571e-01
4.398631858159988139e-01
0.000000000000000000e+00
