4.600047245655700667e-01
4.707463877264113083e-01
5.057451355406898941e-01
5.575366772617171840e-01
7.155875874835577743e-01
4.774084456836367174e-01
7.767867548128439825e-01
4.549281583591336942e-01
4.573411709017836113e-01
2.270547358123767845e-01
3.858698131658567787e-01
7.315804239334159353e-01
6.151445968108323337e-01
3.492921417130734896e-01
1.740108134756305491e-01
2.353945737960001505e-01
8.213636046300056837e-01
1.845445703910207069e-01
6.065033014110818854e-01
4.746682947182342405e-01
5.373143677992040512e-01
4.417835749379442900e-01
5.828852330907479118e-01
4.889982790196021334e-01
6.662625427157279345e-01
1.513331748116550912e-01
0.000000000000000000e+00
9.268665087872367259e-02
9.639219345307518949e-02
1.159196290571870153e-01
8.712434518886132129e-02
8.571428571428572896e-02
9.770625576993188788e-02
3.339268361292963005e-01
1.023936170212765839e-01
3.034881192813154716e-01
2.886782024573786298e-02
1.141686182669788829e-01
1.759120293655437317e-01
1.692648094136579018e-01
4.768831168831169087e-01
1.215764863059453083e-01
1.247443762781186294e-01
1.488430204871654949e-01
7.410021171489061809e-02
2.154805561176372231e-01
9.975062344139651316e-02
3.803327224023685393e-01
1.225146345124330516e-01
3.185185185185185341e-01
1.400418035234398673e-01
1.016586409844836836e-01
3.175068386088314432e-02
0.000000000000000000e+00
7.849462365591398649e-01
7.735849056603774088e-01
6.464646464646465196e-01
6.166666666666665853e-01
1.000000000000000000e+00
7.693771727407594518e-01
8.689138576779025236e-01
0.000000000000000000e+00
0.000000000000000000e+00
0.000000000000000000e+00
0.000000000000000000e+00
0.000000000000000000e+00
0.000000000000000000e+00
0.000000000000000000e+00
0.000000000000000000e+00
3.345454545454545903e-01
4.049217002237136542e-01
0.000000000000000000e+00
0.000000000000000000e+00
0.000000000000000000e+00
0.000000000000000000e+00
0.000000000000000000e+00
0.000000000000000000e+00
0.000000000000000000e+00
0.000000000000000000e+00
0.000000000000000000e+00
0.000000000000000000e+00
9.749487337675555310e-02
1.083592942594882036e-01
1.435385030069329382e-01
1.417036740635342351e-01
3.638575751804435932e-01
1.166665490575562458e-01
4.911461276937536535e-01
2.672787834882234814e-01
2.946461698556722686e-01
1.475754359782519565e-01
1.672830122048830637e-01
6.869747280393834199e-02
4.571252505649980868e-01
1.577800862310841934e-01
1.896381541553328054e-01
1.888669847230752818e-01
4.920105480463043968e-01
8.272176073496390059e-02
3.543064006801002197e-01
2.166629544375218153e-01
4.359899019671414910e-01
3.074442083289201655e-01
1.804935970927927791e-01
1.170373643915829653e-01
4.501449119093330342e-01
6.617476245865605566e-02
0.000000000000000000e+00
6.494322839081084764e-02
7.170647304746741169e-02
9.542543862206800953e-02
9.112417854499627046e-02
2.513107583320154381e-01
7.752910700817144951e-02
4.012416691612218367e-01
1.655064109137666661e-01
2.113410958124664341e-01
1.113101561095273806e-01
1.136622269826728093e-01
4.542158195892703754e-02
3.821780396916371614e-01
1.082323902656736059e-01
1.218628447643937129e-01
1.436043069626343205e-01
4.303446186303321319e-01
4.172020833950886021e-02
2.798187566416381333e-01
1.534680125720492838e-01
3.495887803623370926e-01
2.404647026136245702e-01
1.464973237265226880e-01
9.200791091186188986e-02
3.582936678366933081e-01
4.450826917469452582e-02
0.000000000000000000e+00
6.841498559077809904e-01
7.073028804189700480e-01
7.100115074798619696e-01
7.424242424242424310e-01
7.500000000000000000e-01
6.979760070391177740e-01
7.810785783302480745e-01
5.083562057221687747e-01
4.707218798147437822e-01
2.230161155224353875e-01
3.804141924719044443e-01
7.414479273800472781e-01
6.518859775410308366e-01
3.623510976201982925e-01
1.875298471824259350e-01
2.635031683465933749e-01
8.657123051377537681e-01
2.048000037612305591e-01
6.297999732925061434e-01
5.013766570872346673e-01
5.406979941250564803e-01
4.275757459052244025e-01
6.123297906020641612e-01
5.175268513884760946e-01
6.866091542551425730e-01
1.598745396425194087e-01
0.000000000000000000e+00
