4.611707442461241424e-01
4.649713806680080275e-01
4.736032919484376436e-01
5.622704777965545908e-01
6.505527219923137316e-01
4.708965535170546168e-01
6.388111056807579402e-01
5.480883158520063470e-01
2.952800120378794579e-01
1.700076163611227154e-01
3.440662901435770360e-01
5.974889757153193370e-01
7.260546983837706803e-01
3.428871435309068239e-01
2.221956500912652122e-01
4.499919386645345742e-01
6.799873677801466787e-01
2.775251134629657113e-01
5.359719853836513170e-01
8.810660669823139335e-01
5.039471440478102693e-01
5.130308633219645698e-01
3.678898616090688911e-01
4.032085062814141363e-01
6.982202186124358834e-01
3.661754868097326643e-01
0.000000000000000000e+00
1.131123021313723137e-01
1.160251924422673470e-01
1.093735794163105818e-01
1.279294182519988832e-01
1.194805194805194787e-01
1.162377861486925401e-01
5.805111418859374428e-01
2.093156986774008521e-01
1.148831836292052988e-01
7.678244972577696892e-02
9.999999999999998890e-01
2.237811813465044875e-01
8.360655737704918433e-01
3.167247386759582950e-01
2.150968603874415797e-01
1.229008633281956642e-01
4.030443999528914301e-01
1.408496266870252200e-01
2.395184510687242696e-01
1.674055601736400001e-01
4.495016942395853587e-01
4.596471039509014700e-01
5.609427609427608541e-01
6.040609137055837907e-01
1.051945937143787535e-01
2.163143364973716953e-01
0.000000000000000000e+00
3.118279569892473679e-01
2.264150943396226467e-01
2.020202020202020166e-01
1.666666666666666574e-01
1.000000000000000000e+00
2.642447047902959922e-01
0.000000000000000000e+00
0.000000000000000000e+00
0.000000000000000000e+00
0.000000000000000000e+00
0.000000000000000000e+00
0.000000000000000000e+00
0.000000000000000000e+00
0.000000000000000000e+00
0.000000000000000000e+00
0.000000000000000000e+00
3.345656192236599047e-01
0.000000000000000000e+00
0.000000000000000000e+00
0.000000000000000000e+00
0.000000000000000000e+00
0.000000000000000000e+00
0.000000000000000000e+00
0.000000000000000000e+00
0.000000000000000000e+00
0.000000000000000000e+00
0.000000000000000000e+00
1.179640325842761239e-01
1.241102223241654645e-01
1.367467983306456247e-01
1.726952716764617035e-01
3.583745818368746505e-01
1.326771603810352751e-01
4.850805681211767251e-01
3.621720555068850822e-01
2.370535253336606418e-01
2.004977315386484715e-01
2.750801737663312041e-01
1.023374404746795197e-01
5.888877112487460597e-01
2.433698286232839347e-01
3.488769858492205556e-01
4.645137760706641306e-01
6.098997154697798351e-01
1.913871370130614813e-01
4.040750933375227838e-01
8.759922932907786564e-01
4.692706343796207991e-01
4.535955606173747157e-01
2.049099475394799974e-01
2.302393431595097795e-01
4.859238379018075982e-01
3.047794912646252241e-01
0.000000000000000000e+00
7.947141999813944757e-02
8.287119958340294357e-02
9.054678221419629192e-02
1.132794534012847576e-01
2.465683025989424682e-01
8.897545753324476170e-02
3.952279821677233684e-01
2.421267650622679901e-01
1.645591829363205749e-01
1.542862208715709005e-01
1.983204907591268884e-01
6.891621025783883914e-02
5.157715179304487307e-01
1.747110362216799939e-01
2.486921082826901441e-01
3.910219533388863966e-01
5.511979894361995758e-01
1.077627723920881048e-01
3.256721480215155617e-01
8.355442093487115418e-01
3.817616655681624893e-01
3.756298087794331386e-01
1.674647157233370987e-01
1.873134089582604300e-01
3.932237555695030085e-01
2.304880226832651813e-01
0.000000000000000000e+00
6.731988472622478792e-01
6.956648239743963291e-01
6.846950517836593031e-01
7.575757575757575690e-01
6.250000000000000000e-01
6.945112224403470202e-01
6.457972524255513047e-01
6.007846067625630671e-01
3.022776382884732049e-01
1.745036165486540947e-01
3.313481831533373612e-01
6.155751188560890652e-01
7.629733520336605679e-01
3.492167565263552542e-01
2.149349368190114351e-01
4.785071670245353292e-01
6.747581544215484062e-01
2.941484610334834660e-01
5.510204081632652517e-01
8.796821177683150639e-01
5.190660127555256631e-01
4.901101051039887802e-01
3.733268435142367281e-01
4.287562528674604412e-01
7.411581937149597232e-01
3.554598875830351501e-01
0.000000000000000000e+00
