5.299533424896971656e-01
5.250149657348939236e-01
5.370214487220554833e-01
5.511524156081686332e-01
6.761144164499159892e-01
5.316703009212699893e-01
2.756459715362862828e-01
4.309793339639765852e-01
2.570500663415659082e-01
5.811022960137436355e-01
4.727475916578561810e-01
4.352011802218441749e-01
6.915497615148767929e-01
5.927812863054162662e-01
5.007704681346653031e-01
2.248822798648013599e-01
8.644583102916125750e-01
3.662531136612845462e-01
3.044285449079476846e-01
7.169690839213712641e-01
2.705898113786228687e-01
5.764634494579744528e-01
5.758247994852330187e-01
4.420278425922161691e-01
4.384308523082977027e-01
5.880461366275934187e-01
0.000000000000000000e+00
8.620995886825377763e-01
8.430137625379053867e-01
8.386519986665454951e-01
8.099255583126551139e-01
1.000000000000000000e+00
8.587034112148761444e-01
3.386921589049248782e-01
6.688077077478924437e-01
3.381588918189809556e-01
2.487626521603424901e-01
1.793032786885245811e-01
3.513455559496287961e-01
3.377911993097498233e-01
5.673469387755102344e-01
1.930920664859130387e-01
1.007252727711516749e-01
1.791308444235072683e-01
2.516736920406644762e-01
4.180256169137603894e-01
1.716388042240078460e-01
1.000000000000000000e+00
3.239714530040858076e-01
5.000704950924569347e-01
2.301920105936879901e-01
8.539325842696629532e-02
1.502567574261512440e-01
0.000000000000000000e+00
4.838709677419354982e-01
4.690026954177898277e-01
3.838383838383838675e-01
2.666666666666667185e-01
1.000000000000000000e+00
4.132052532120013000e-01
0.000000000000000000e+00
0.000000000000000000e+00
0.000000000000000000e+00
0.000000000000000000e+00
0.000000000000000000e+00
0.000000000000000000e+00
0.000000000000000000e+00
0.000000000000000000e+00
0.000000000000000000e+00
0.000000000000000000e+00
2.786759045419553438e-01
0.000000000000000000e+00
0.000000000000000000e+00
0.000000000000000000e+00
0.000000000000000000e+00
0.000000000000000000e+00
0.000000000000000000e+00
0.000000000000000000e+00
0.000000000000000000e+00
0.000000000000000000e+00
0.000000000000000000e+00
1.000000000000000000e+00
9.641848819286448213e-01
9.649480916309338685e-01
8.748287427125117643e-01
1.000000000000000000e+00
9.866582140935978851e-01
2.529682571335334362e-01
4.897239747831714785e-01
2.751374142917922816e-01
5.593309734515194975e-01
3.683241733134919871e-01
1.468512965219522792e-01
5.790783602976399269e-01
3.881538351526536701e-01
4.441663780062908851e-01
2.791667357106983882e-01
6.944472721725265529e-01
2.540926218984214668e-01
2.956077146378455200e-01
7.206019009839426115e-01
4.060222307379289797e-01
5.893582490482822678e-01
4.756182385336220619e-01
2.951558465913042273e-01
3.378515364847245461e-01
4.873572350835689848e-01
0.000000000000000000e+00
9.999999999999998890e-01
9.510846779330190959e-01
9.517107011004899420e-01
8.292897115097612737e-01
9.999999999999998890e-01
9.816589956739123490e-01
1.849880464027365834e-01
3.598616492499369102e-01
1.951965275783016651e-01
4.882747047812870389e-01
2.787653487274199815e-01
1.012709849168987875e-01
5.054645645870288195e-01
2.996031567346641999e-01
3.352840749325749492e-01
2.197114314251869538e-01
6.420942671467873009e-01
1.516793132138536948e-01
2.278109274620746527e-01
6.456352961607267904e-01
3.212846474246722206e-01
5.132269349413844939e-01
4.182959871038902655e-01
2.447676285700709498e-01
2.548347872687629079e-01
3.997594996957181124e-01
0.000000000000000000e+00
6.103746397694524983e-01
6.304917078847833700e-01
6.202531645569621110e-01
6.233766233766233622e-01
6.250000000000000000e-01
6.180669831094635081e-01
2.884224049995607331e-01
4.248405433535267228e-01
2.468589204585109886e-01
6.048867471111566418e-01
4.495171026156941085e-01
4.461231576225480611e-01
7.390618593854185736e-01
5.956029229385357837e-01
4.915830945558738452e-01
2.568775579207600579e-01
8.615706521031967213e-01
3.814753633389810217e-01
3.332232487972163204e-01
7.129917184265009977e-01
2.676885310395895612e-01
5.666843828446742615e-01
5.928582836456557370e-01
4.655819798799869513e-01
4.592707695124539358e-01
5.889862239491345797e-01
0.000000000000000000e+00
