4.168645813969555913e-01
4.081831254079573146e-01
4.298493607021629526e-01
4.080590653578153315e-01
4.032981862082125613e-01
4.112530013914226235e-01
3.400991610312181224e-01
1.849070211471444403e-01
3.109917210579322688e-01
6.159085254796191622e-01
6.180320513154325957e-01
3.790823467254157420e-01
4.754675144548062837e-01
6.043067942084210387e-01
5.928631402643554926e-01
2.354121605327814670e-01
6.735293418983157032e-01
4.810160806516154963e-01
2.022487331041348257e-01
5.916595633239684071e-01
1.680390511652086194e-01
5.770587277270949889e-01
5.638174162402265210e-01
3.606695243800464024e-01
2.777003342637764938e-01
6.035451837740929415e-01
0.000000000000000000e+00
2.517761435871869458e-02
2.665422595443589504e-02
2.948752916931841883e-02
2.911497105045492140e-02
5.454545454545454974e-02
2.754425031461199547e-02
1.424808267168035103e-01
1.215805471124620230e-02
2.173703939458236922e-01
1.371846435100548267e-01
2.240035358405656485e-01
4.977951004467390250e-02
2.838654012079378508e-01
4.794642857142857872e-01
5.061551674778126397e-01
2.293436980020068794e-01
6.271457236630131882e-02
2.393661384487072441e-01
1.059894250199249766e-01
1.552241844368670298e-01
2.659747766684182335e-01
2.769940405397586236e-01
2.548463356973995619e-01
3.026430946963066804e-01
6.697510464860101376e-02
2.459234786315676602e-01
0.000000000000000000e+00
8.978494623655913776e-01
8.436657681940701314e-01
7.474747474747475140e-01
7.500000000000000000e-01
1.000000000000000000e+00
8.826743660780357326e-01
0.000000000000000000e+00
0.000000000000000000e+00
0.000000000000000000e+00
0.000000000000000000e+00
0.000000000000000000e+00
0.000000000000000000e+00
0.000000000000000000e+00
0.000000000000000000e+00
0.000000000000000000e+00
0.000000000000000000e+00
5.292397660818712879e-01
0.000000000000000000e+00
0.000000000000000000e+00
0.000000000000000000e+00
0.000000000000000000e+00
0.000000000000000000e+00
0.000000000000000000e+00
0.000000000000000000e+00
0.000000000000000000e+00
0.000000000000000000e+00
0.000000000000000000e+00
9.584788808631450330e-02
9.750011910351741307e-02
1.181952058960237251e-01
1.015118498168995353e-01
2.555434845951718437e-01
1.040622754128412986e-01
3.047427199965111466e-01
1.870970251358924918e-01
3.162770990120510328e-01
6.049239452193311273e-01
4.050166566622278586e-01
1.038207700475417550e-01
4.898844279812126778e-01
4.824474439398143133e-01
4.893804341489870202e-01
3.183047215406047403e-01
5.158547680975926752e-01
2.719807670637372499e-01
7.385642862727870295e-02
4.978993582242656757e-01
3.029661072704693536e-01
6.297591398889976766e-01
4.940478102671108651e-01
3.094593072148168478e-01
2.528621834119011424e-01
4.792795087209814620e-01
0.000000000000000000e+00
6.378773938470694294e-02
6.411878779464208478e-02
7.740470113486166981e-02
6.358164177133784900e-02
1.630413865350134328e-01
6.865499665984847733e-02
2.285249380079292791e-01
1.080596986776695134e-01
2.295985766654668747e-01
5.360266002120608331e-01
3.122564736198463198e-01
6.997114286888800327e-02
4.144129529539283818e-01
3.893473248088998862e-01
3.791730083774367266e-01
2.541947646804067484e-01
4.542351103840276405e-01
1.649865052811328447e-01
5.158513834190103786e-02
4.048140084406422479e-01
2.287660889277934873e-01
5.564125913604129892e-01
4.365970711866822285e-01
2.577013254939342080e-01
1.827539454985579459e-01
3.917762638437919387e-01
0.000000000000000000e+00
6.138328530259367088e-01
6.168169915624091004e-01
6.283084004602991213e-01
6.017316017316016730e-01
3.750000000000000000e-01
6.117013492424615562e-01
3.536230785448478686e-01
1.906355355154664144e-01
3.144873087143773560e-01
6.507993536218282804e-01
6.081452570846765937e-01
3.901466186766114896e-01
4.856464588736975063e-01
6.010730866340039391e-01
5.758525339028219836e-01
2.587847614870877333e-01
6.904016452412269356e-01
5.086094298960778248e-01
2.339209774652235563e-01
5.918104439843571152e-01
1.644257099940038547e-01
5.748923446417152361e-01
5.853411705062905313e-01
3.801853428926098566e-01
2.742437647883068097e-01
6.058489161214726249e-01
0.000000000000000000e+00
