4.625530849216901164e-01
4.829482057980749588e-01
5.074234191644098058e-01
6.218344697157656142e-01
4.682195316571433619e-01
4.839770838751220605e-01
9.400307565060719295e-01
3.270324992975878198e-01
4.419665096730365228e-01
1.249695793192046045e-01
1.990673896009432786e-01
8.500212406775301544e-01
5.933554726000315194e-01
2.949436325326179609e-01
1.077286269261336360e-01
2.155713404952710466e-01
6.089730567040425591e-01
1.219387845663739978e-01
7.751526334412033314e-01
4.045739811921370555e-01
7.776309115674446826e-01
3.307141305357318428e-01
5.282961709660558558e-01
4.732771166676796870e-01
7.490791962014239358e-01
1.057456027112282371e-01
0.000000000000000000e+00
1.808083011342390689e-01
2.003576704766348304e-01
2.283540927963148004e-01
1.831816928591121774e-01
5.454545454545454974e-02
1.920265318853303649e-01
6.202127659574468987e-01
6.010638297872341607e-01
3.370899670590415953e-01
6.644940783721486888e-02
3.728836334318730295e-02
4.052435552533977248e-01
1.079412390887801165e-01
2.339495798319328745e-01
1.768385255359202768e-01
1.229008633281956642e-01
3.177839324916401642e-01
1.605504587155963114e-01
5.548002270900767030e-01
8.632265490120852314e-02
3.926957435627955184e-01
3.246642324431295856e-01
1.814814814814814659e-01
5.955329949238580278e-01
1.313742437337943325e-01
3.683079327862445740e-01
0.000000000000000000e+00
5.483870967741936164e-01
4.690026954177898277e-01
4.848484848484848619e-01
4.333333333333333481e-01
1.000000000000000000e+00
5.101118519569712850e-01
0.000000000000000000e+00
0.000000000000000000e+00
0.000000000000000000e+00
0.000000000000000000e+00
0.000000000000000000e+00
0.000000000000000000e+00
0.000000000000000000e+00
0.000000000000000000e+00
0.000000000000000000e+00
0.000000000000000000e+00
2.245657568238213497e-01
0.000000000000000000e+00
0.000000000000000000e+00
0.000000000000000000e+00
0.000000000000000000e+00
0.000000000000000000e+00
0.000000000000000000e+00
0.000000000000000000e+00
0.000000000000000000e+00
0.000000000000000000e+00
0.000000000000000000e+00
2.114174594107833816e-01
2.250014311877964746e-01
2.551890383151624864e-01
2.631242358894124722e-01
2.404406990442582437e-01
2.285389863729073712e-01
6.911271367162337143e-01
2.878704447903981944e-01
2.847385291956850972e-01
1.724217507057888010e-01
7.982760114293940834e-02
1.784003077966770379e-01
4.540320056347411093e-01
9.544122810674771085e-02
1.952514728140534173e-01
2.072318737264486899e-01
6.011595240776710369e-01
1.343620822449828611e-01
7.695432810756672737e-01
3.393835433991574391e-01
6.717709344729131393e-01
3.471778966408338718e-01
3.762989619931151886e-01
2.377840756694302726e-01
5.440439655744035985e-01
1.701274968577094482e-01
0.000000000000000000e+00
1.497395719319156160e-01
1.588502604435275689e-01
1.808024162983451755e-01
1.824915263249412556e-01
1.516398529949041230e-01
1.615820322885148652e-01
6.143352883082447979e-01
1.813377935097311711e-01
2.031038492232251358e-01
1.312857448970399799e-01
5.155236857232509129e-02
1.250753357096929808e-01
3.791677907102823375e-01
6.325140592038519527e-02
1.259533750496269755e-01
1.586924235709663011e-01
5.420026617329132268e-01
7.151394112985719198e-02
7.118000363912679873e-01
2.559022517601277635e-01
5.942972312601276785e-01
2.758814681915764955e-01
3.223570111825911910e-01
1.938860192508606861e-01
4.519902305151738964e-01
1.206262069828878958e-01
0.000000000000000000e+00
5.850144092219020653e-01
6.173988943846377975e-01
6.340621403912544141e-01
7.099567099567098971e-01
3.750000000000000000e-01
6.139484978532335768e-01
9.403400317449399637e-01
3.458004422644984643e-01
4.400805916083260216e-01
1.234784203074227316e-01
2.203596579476860828e-01
8.604790006659165380e-01
6.342710997442453369e-01
3.193901535346493348e-01
1.137654498906427308e-01
2.438448196214795249e-01
6.016677846210134462e-01
1.251937947815754681e-01
7.742454728370220529e-01
4.037081672383424635e-01
7.695995647357992686e-01
3.136602805145630724e-01
5.398309960851561673e-01
4.940279809441596726e-01
7.693377732025753479e-01
1.036821784190204987e-01
0.000000000000000000e+00
