5.271691513051786071e-01
5.525373434383642479e-01
6.111209768109266971e-01
6.795222700131298144e-01
3.700387424879412190e-01
5.576755681322622671e-01
8.218728216251725005e-01
3.231138734826980441e-01
5.718242462188638520e-01
2.300342900747024411e-01
1.212307250799871117e-01
8.339539771235285892e-01
6.327948786015925586e-01
2.374164893615203220e-01
6.659018669530727963e-02
1.519230705108289836e-01
2.567421948617596428e-01
1.041030382634124674e-01
7.789754070918644135e-01
2.818455182098041911e-01
6.971626296638311349e-01
5.110362324131970668e-01
7.804440339302742835e-01
8.301513932860267175e-01
7.107928136826774379e-01
8.334062618117255017e-02
0.000000000000000000e+00
8.791131746229591259e-01
8.841147655703289754e-01
8.881413461829863465e-01
8.618693134822167368e-01
4.051948051948051632e-01
8.793316428298676435e-01
4.644026186579377491e-01
4.045728802794537060e-01
3.817769604953989981e-01
6.360899021400151510e-02
5.000611695620260644e-02
1.441937319136472606e-01
1.168693812797461651e-01
2.600649350649351099e-01
3.426246432258455155e-01
3.842572304995617305e-02
7.961370863266989395e-02
1.666473115782139414e-01
2.481624887647866928e-01
1.062159416274129631e-01
4.034805067027426584e-01
6.195243574990411117e-01
1.649831649831650093e-01
3.364294200237607502e-01
1.016586409844836836e-01
8.234425722874794129e-02
0.000000000000000000e+00
6.827956989247312425e-01
6.927223719676550706e-01
6.060606060606061884e-01
4.499999999999999556e-01
1.000000000000000000e+00
6.367998941899655208e-01
0.000000000000000000e+00
0.000000000000000000e+00
0.000000000000000000e+00
0.000000000000000000e+00
0.000000000000000000e+00
5.872093023255814392e-01
0.000000000000000000e+00
0.000000000000000000e+00
0.000000000000000000e+00
0.000000000000000000e+00
3.649193548387096864e-01
0.000000000000000000e+00
0.000000000000000000e+00
0.000000000000000000e+00
0.000000000000000000e+00
0.000000000000000000e+00
0.000000000000000000e+00
0.000000000000000000e+00
0.000000000000000000e+00
0.000000000000000000e+00
0.000000000000000000e+00
6.899548202802183727e-01
6.977926320407222827e-01
7.186965630015458295e-01
6.838568785316155862e-01
3.266447697460505006e-01
6.973914119315728355e-01
4.688202418439408881e-01
2.247059382139312000e-01
3.717557134320096379e-01
1.223856321850234075e-01
1.933704480929765435e-02
6.951056876305949928e-02
4.021373125262297510e-01
4.281826526352061624e-02
1.530380646562577995e-01
0.000000000000000000e+00
9.222423138401980580e-02
6.280635653624544457e-02
6.083193432740467976e-01
1.499928677468255200e-01
6.051769257526738999e-01
3.736573872984028100e-01
2.666956775441720051e-01
4.447923182943682718e-01
3.789973471464198607e-01
4.481302871036918489e-02
0.000000000000000000e+00
6.108164467822411181e-01
6.177939593219488046e-01
6.395727206869368242e-01
5.939474813529739272e-01
2.196980713169980337e-01
6.172458916024935460e-01
3.792373056096803863e-01
1.341727836693880627e-01
2.781397685063076164e-01
9.142176738319879314e-02
1.203753362192172549e-02
4.597974905470653129e-02
3.295273114287500804e-01
2.753665075279276842e-02
9.587307073108666811e-02
0.000000000000000000e+00
7.156853679117580747e-02
3.100011342236026757e-02
5.307406411872165330e-01
1.025203603923579010e-01
5.212230101131047899e-01
3.000355944988894463e-01
2.217469519042881698e-01
3.849790887478062862e-01
2.916571687370905219e-01
2.980501162224019618e-02
0.000000000000000000e+00
6.956772334293948035e-01
7.343613616526041277e-01
7.652474108170311817e-01
8.181818181818181213e-01
3.750000000000000000e-01
7.219225797255038879e-01
8.349101307348449907e-01
3.694265594378493001e-01
5.610958731607881278e-01
2.363305985353229000e-01
1.330656000782020065e-01
8.394038472161210462e-01
6.786547131678499767e-01
2.549981933070185058e-01
7.576323846412295893e-02
2.080001039596961476e-01
2.707140155382314894e-01
1.140814851973269428e-01
7.898089171974522760e-01
2.815863814124683895e-01
6.920195270589001302e-01
5.046686714892548720e-01
8.154867489769752620e-01
8.638259947784026060e-01
7.653927462317525743e-01
8.769826964671945113e-02
0.000000000000000000e+00
