5.199464686237502686e-01
5.132472024492131801e-01
5.155517846114514580e-01
5.193923400166235993e-01
4.613013427664378607e-01
5.120943701335893827e-01
2.984301879088153142e-01
2.340890414044458356e-01
3.676328288706824932e-01
3.117112999918935090e-01
6.047011329491672749e-01
3.395056088824578433e-01
4.679730706490047298e-01
6.533731924279020387e-01
6.745811793392040290e-01
2.565805385492394564e-01
6.346684135077145239e-01
5.896026110209430238e-01
1.945441544261546918e-01
5.663472469698326295e-01
1.385019833093265595e-01
5.998566018717176318e-01
5.116676672481592636e-01
3.332818871573035580e-01
2.954849323328559985e-01
6.763005407236967192e-01
0.000000000000000000e+00
7.790103452573850229e-02
8.049918357825987247e-02
9.106888505015607593e-02
8.210642404190791888e-02
3.636363636363636187e-02
8.312334290448131213e-02
2.098032062784690455e-01
1.215805471124620230e-02
3.172531902640114421e-01
6.215722120658134786e-02
1.084772401718923640e-01
1.934916073056647257e-02
7.600596125186290242e-02
5.673469387755102344e-01
2.349104989640298236e-01
1.374733942656817254e-01
1.589754751494136531e-01
3.418171056525599605e-01
8.364955328991510730e-02
4.325919894142196687e-02
2.384267403870318769e-01
4.305785123966942018e-01
1.037037037037037424e-01
1.918781725888325518e-01
2.511566424322539404e-02
1.411834089715834906e-01
0.000000000000000000e+00
5.000000000000001110e-01
4.420485175202156780e-01
4.747474747474748069e-01
2.666666666666667185e-01
1.000000000000000000e+00
4.522223501916912136e-01
0.000000000000000000e+00
0.000000000000000000e+00
0.000000000000000000e+00
0.000000000000000000e+00
0.000000000000000000e+00
0.000000000000000000e+00
0.000000000000000000e+00
0.000000000000000000e+00
6.844106463878326663e-01
0.000000000000000000e+00
5.857605177993527867e-01
0.000000000000000000e+00
0.000000000000000000e+00
0.000000000000000000e+00
0.000000000000000000e+00
0.000000000000000000e+00
0.000000000000000000e+00
0.000000000000000000e+00
0.000000000000000000e+00
0.000000000000000000e+00
0.000000000000000000e+00
1.435772323882902324e-01
1.461022642915309477e-01
1.660482626065546974e-01
1.491989271922492533e-01
2.369618212569029048e-01
1.514859316281629287e-01
2.103133956449192432e-01
1.477693524449907314e-01
4.616175755209709353e-01
3.845590435610237723e-01
4.180045507261319626e-01
3.147401709865649266e-02
2.603435826948563570e-01
5.291925222107056737e-01
4.249550032726253646e-01
2.754376564853504572e-01
5.059826482896441213e-01
3.589047444188113167e-01
3.660338020783160395e-02
3.446107251636030266e-01
2.988699213813675870e-01
7.274751058595514408e-01
2.754734490317771733e-01
1.735707698800543763e-01
1.809630303547649088e-01
4.473543277500638959e-01
0.000000000000000000e+00
9.808730274759597245e-02
9.877469911093272881e-02
1.118529137721235578e-01
9.640914642225889564e-02
1.490449785736217003e-01
1.026709918165830682e-01
1.505687309495448156e-01
8.232560434010191552e-02
3.619998009887775980e-01
3.163298205399727725e-01
3.243595702172000772e-01
2.038384662175535267e-02
2.021871808529671077e-01
4.362952803430586446e-01
3.171816042001519564e-01
2.164730788657951988e-01
4.443098008387256215e-01
2.345732362119117842e-01
2.512170995528462125e-02
2.605143819230980040e-01
2.252429598601690675e-01
6.651094961390950910e-01
2.296010753631055890e-01
1.388278138266305639e-01
1.259611148208187870e-01
3.606723034178132004e-01
0.000000000000000000e+00
7.314121037463976460e-01
7.529822519639222111e-01
7.261219792865362122e-01
7.316017316017315864e-01
5.000000000000000000e-01
7.329734676950326877e-01
3.210873923811771169e-01
2.667160361860705931e-01
3.726770580942300182e-01
3.448497509239915049e-01
6.056787971926043124e-01
3.590721384679219641e-01
4.853990914990264915e-01
6.352038995036937141e-01
6.704379459520197759e-01
2.786178421305252062e-01
6.547304134784384111e-01
6.077887633858304328e-01
2.292993630573249009e-01
5.741840767927725020e-01
1.230027981661042658e-01
5.835303363278948607e-01
5.104479103373469329e-01
3.530347582782609184e-01
3.036258297202931722e-01
6.733997155049786798e-01
0.000000000000000000e+00
