4.644574192591008899e-01
4.867124524879029579e-01
5.207081180385737529e-01
6.204355833585086799e-01
2.894188746440077287e-01
4.855583168214088197e-01
9.299807308667180639e-01
3.568158316789376006e-01
4.498570368276444409e-01
1.775595467718681375e-01
1.232873214840031206e-01
8.153494829837785174e-01
6.910676845596571694e-01
1.873767647041084117e-01
3.058362607679260270e-02
2.897472222483408189e-01
1.875088227001657781e-01
7.564880336223087087e-02
8.365496762449611268e-01
3.558229545540720906e-01
7.588691752896838949e-01
3.687881119301882338e-01
7.615503442146140944e-01
7.366309220861113616e-01
7.927743653866016205e-01
1.191779516217348345e-01
0.000000000000000000e+00
9.889224728904401074e-01
9.876603685560999546e-01
9.812407188532291658e-01
9.768403639371381342e-01
4.883116883116883078e-01
9.863743310770618500e-01
5.117100319892874394e-01
3.898623279098873962e-01
2.616126925854103669e-01
1.037236601558741422e-01
2.408876874782001076e-02
4.395541656679664566e-01
5.299431247908998888e-01
2.873949579831933665e-01
3.521525810241171728e-01
6.703949473449910545e-02
9.532694059964422206e-02
7.502357883906368707e-02
8.565081344856331214e-01
2.058107742691464015e-01
4.627967039724510401e-01
6.024882567111246034e-01
1.209876543209876254e-01
4.139113733022362629e-01
2.048049693980085462e-01
6.656695099109294356e-02
0.000000000000000000e+00
3.440860215053763715e-01
3.288409703504043269e-01
4.141414141414142547e-01
1.666666666666666574e-01
1.000000000000000000e+00
3.441921117977634337e-01
0.000000000000000000e+00
0.000000000000000000e+00
0.000000000000000000e+00
0.000000000000000000e+00
0.000000000000000000e+00
0.000000000000000000e+00
0.000000000000000000e+00
0.000000000000000000e+00
0.000000000000000000e+00
0.000000000000000000e+00
3.358070500927644031e-01
0.000000000000000000e+00
0.000000000000000000e+00
0.000000000000000000e+00
0.000000000000000000e+00
0.000000000000000000e+00
0.000000000000000000e+00
0.000000000000000000e+00
0.000000000000000000e+00
0.000000000000000000e+00
0.000000000000000000e+00
7.650736458929201511e-01
7.672369497522538717e-01
7.792039398473351586e-01
7.812103850032213748e-01
2.921804437880430871e-01
7.721888512432527607e-01
5.920256404141641671e-01
2.700260833596133669e-01
2.661985447771412217e-01
1.311232202372689670e-01
1.353136284519107502e-02
1.294940539111296696e-01
4.036822353709141886e-01
6.380986850820558054e-03
6.980177385493091524e-02
1.816246533929224416e-01
8.789676595920381530e-02
5.228534601774853519e-02
7.736196422606320677e-01
2.223585923561990363e-01
6.271230449372479088e-01
3.507650037978566893e-01
4.222288971785239653e-01
4.185407491743078356e-01
4.072192108254735210e-01
5.833022291483647148e-02
0.000000000000000000e+00
6.985805637294149051e-01
6.994891954973359027e-01
7.118707449551047173e-01
7.101298249190033385e-01
1.916213994559052836e-01
7.053821681635998875e-01
5.051394396804741449e-01
1.675931274043306329e-01
1.879010491097662106e-01
9.827901177777170760e-02
8.393189793983069080e-03
8.848343357924104424e-02
3.309816332872196898e-01
4.016953973961623348e-03
4.116601010879397671e-02
1.377089893260396436e-01
6.811645726054182948e-02
2.550988100467338482e-02
7.165973083790657672e-01
1.579739502612506064e-01
5.449604071589331244e-01
2.791277324461191589e-01
3.661601397879679087e-01
3.595964865037715175e-01
3.176400834005241314e-01
3.907170346017224682e-02
0.000000000000000000e+00
6.184438040345821008e-01
6.598778004073320158e-01
6.731875719217491616e-01
7.445887445887446887e-01
2.500000000000000000e-01
6.487907840178880337e-01
9.412942378273607691e-01
4.046100412890730191e-01
4.463734650406810944e-01
1.882208347221906442e-01
1.461719960048057931e-01
8.247911139373785838e-01
7.474560592044401375e-01
2.060775636622868001e-01
4.119471070879858476e-02
3.479727145031288327e-01
1.944500100180324154e-01
8.075360712577159261e-02
8.410914927768859961e-01
3.545324240976415187e-01
7.622733880661015649e-01
3.519009611873399335e-01
7.858669841555039337e-01
7.586008841783444812e-01
8.628961283468307153e-01
1.299966424504064300e-01
0.000000000000000000e+00
