5.571282521265552568e-01
5.519712939339533886e-01
5.497043832525312368e-01
5.950566309470644022e-01
6.285428710782543504e-01
5.551177401055860106e-01
4.191620681181452146e-01
5.785596920541172805e-01
2.400634743264015158e-01
3.475617124083111298e-01
5.455845218633194049e-01
3.873808576541107884e-01
7.782878774162579338e-01
5.431336179746326653e-01
4.633030724262459099e-01
3.833317993781275579e-01
5.575991828277240270e-01
4.096329976345359780e-01
3.384613581284018347e-01
9.114970819533375623e-01
2.405836824277678976e-01
4.930066780308620666e-01
4.593684833212496876e-01
3.645366408418337922e-01
4.940684064034622791e-01
4.846656230579481361e-01
0.000000000000000000e+00
9.215692384394864878e-02
9.832050384884537253e-02
1.090705215625662888e-01
1.069203198235456204e-01
3.896103896103896014e-02
9.898258415245703157e-02
2.013931743178342115e-01
1.835724888668975874e-01
1.934405971973680027e-01
7.644568459540079797e-02
2.463536644165862377e-01
7.090548171923505283e-02
1.429472167177085473e-01
3.942857142857144614e-01
1.649966599866399264e-01
7.628195213904342964e-02
2.786479802143446705e-01
1.360597107759290991e-01
8.282152047128565897e-02
1.066610581978787720e-01
2.659747766684182335e-01
1.097270773172372982e-01
3.629629629629629317e-01
1.010792962397122352e-01
4.066345639379345678e-02
1.524032825322391149e-01
0.000000000000000000e+00
4.569892473118279952e-01
5.067385444743935929e-01
4.848484848484848619e-01
4.000000000000000222e-01
1.000000000000000000e+00
4.747520686886487207e-01
0.000000000000000000e+00
0.000000000000000000e+00
0.000000000000000000e+00
0.000000000000000000e+00
0.000000000000000000e+00
0.000000000000000000e+00
0.000000000000000000e+00
0.000000000000000000e+00
0.000000000000000000e+00
0.000000000000000000e+00
4.095022624434389580e-01
0.000000000000000000e+00
0.000000000000000000e+00
0.000000000000000000e+00
0.000000000000000000e+00
0.000000000000000000e+00
0.000000000000000000e+00
0.000000000000000000e+00
0.000000000000000000e+00
0.000000000000000000e+00
0.000000000000000000e+00
1.959714059423047772e-01
1.983704975936252390e-01
2.119937892687027148e-01
2.198970479106333586e-01
3.015720712126758185e-01
2.058838654976852256e-01
2.345512535504108431e-01
4.196613642925696719e-01
1.846891025311722112e-01
2.783055513250867197e-01
3.337552028725240261e-01
6.341761260081868468e-02
5.102779787583004989e-01
3.501941068725085149e-01
3.754652311486234018e-01
3.323520590779598383e-01
4.235398061035835493e-01
2.101785402050567186e-01
1.179435962821413497e-01
9.381671760922030145e-01
2.911204670209078804e-01
3.531674392341446200e-01
9.166576255485225921e-02
2.216693747408928772e-01
2.960460395202357819e-01
3.394457673594407643e-01
0.000000000000000000e+00
1.376798449253444634e-01
1.380448311347976520e-01
1.466145985461645707e-01
1.485579768919361721e-01
1.991578771134042136e-01
1.437929959114870870e-01
1.699663082390975299e-01
2.930982599317518700e-01
1.243320332541024975e-01
2.204031951829941716e-01
2.481607185083096190e-01
4.180881285547238813e-02
4.348075040016485260e-01
2.653467636201255475e-01
2.720479413602929775e-01
2.667922008681717361e-01
3.633005319407969225e-01
1.204776526018402766e-01
8.407092230668983257e-02
9.165674468422768673e-01
2.186099091108292258e-01
2.813064176980488162e-01
7.252893244884295321e-02
1.798811113713896237e-01
2.187089255304334179e-01
2.608300274934968188e-01
0.000000000000000000e+00
7.210374639769452365e-01
7.419260983415769672e-01
7.146144994246260707e-01
7.272727272727272929e-01
6.250000000000000000e-01
7.326051490956669854e-01
4.378671388474796311e-01
6.124703485416975735e-01
2.373202699711070007e-01
3.559518295507179131e-01
5.291380329454469233e-01
4.074617878265459625e-01
8.251121076233183249e-01
5.430280970248257955e-01
4.558121242766446923e-01
4.256121970621700168e-01
5.675977716064213308e-01
4.392403124563737382e-01
3.714285714285714413e-01
8.848275448862615855e-01
2.395649103577963679e-01
4.910096046289366134e-01
4.870921242301138321e-01
3.859331769003040424e-01
5.479957657756534539e-01
4.810322768246582115e-01
0.000000000000000000e+00
