4.310089761841304767e-01
4.557760802004222622e-01
4.665703868065222970e-01
5.630200680401928892e-01
5.869095499377936509e-01
4.471892119136124943e-01
9.768862115160359405e-01
4.291404370164079163e-01
3.431071550168505180e-01
2.602797225172167606e-01
2.803432527814079256e-01
8.236324600346117686e-01
5.077324662204568684e-01
2.639044630189588125e-01
1.462912810556530052e-01
3.621607221123199771e-01
6.771458476557292716e-01
8.787611737442138637e-02
7.621441351954041377e-01
3.537279831489382742e-01
7.043164349794253098e-01
2.748875855954382441e-01
4.803578906506906776e-01
4.435126154429167578e-01
6.607054102523727268e-01
4.406814133247338727e-02
0.000000000000000000e+00
9.823320453695626175e-02
1.044164528419252030e-01
9.873624874988636002e-02
1.207058174800110378e-01
9.350649350649352376e-02
1.021380042741922567e-01
4.347317409983634251e-01
4.353518821603927780e-01
2.988195186584573504e-01
4.081229309748507506e-02
4.857847070961823777e-02
2.950223814006350809e-01
1.326001245071591894e-01
6.813186813186811186e-02
1.123661464342826655e-01
1.015071476965671571e-01
1.127860872296156669e-01
6.854963405834446633e-02
2.882063781134039382e-01
4.156275976724854715e-02
3.293352601156069315e-01
1.978191379952524143e-01
1.386105059307674026e-01
1.912733556539583102e-01
1.106949646275488808e-01
6.914593374147881555e-02
0.000000000000000000e+00
7.849462365591398649e-01
8.005390835579515585e-01
7.272727272727274039e-01
6.166666666666665853e-01
1.000000000000000000e+00
7.438532063947574935e-01
0.000000000000000000e+00
0.000000000000000000e+00
0.000000000000000000e+00
0.000000000000000000e+00
0.000000000000000000e+00
0.000000000000000000e+00
0.000000000000000000e+00
0.000000000000000000e+00
0.000000000000000000e+00
0.000000000000000000e+00
5.638629283489096089e-01
0.000000000000000000e+00
0.000000000000000000e+00
0.000000000000000000e+00
0.000000000000000000e+00
0.000000000000000000e+00
0.000000000000000000e+00
0.000000000000000000e+00
0.000000000000000000e+00
0.000000000000000000e+00
0.000000000000000000e+00
1.392835217725435504e-01
1.591948574219265167e-01
1.724884118376204256e-01
2.024939292348886255e-01
3.427694349168064480e-01
1.577333931211576390e-01
7.942363220642656430e-01
3.222748091176024787e-01
2.403423934563666542e-01
1.684977281530977145e-01
1.031488307028397555e-01
1.491870011957044939e-01
3.286018266699239909e-01
8.204458120553403955e-02
2.670546594294935794e-01
2.962226490536508106e-01
6.140937647984006098e-01
7.836208209728184881e-02
7.623696676009341644e-01
1.550050528880971834e-01
6.431776112150936475e-01
3.177728085251567691e-01
3.017445663993354454e-01
2.532766837248396907e-01
4.384760480165899033e-01
8.126444151013190176e-02
0.000000000000000000e+00
9.493273381632189034e-02
1.084168391806356047e-01
1.166258600791964251e-01
1.353352518693049511e-01
2.332308120911204541e-01
1.072795053034718560e-01
7.354473481576785376e-01
2.087719936256151043e-01
1.671591087088856453e-01
1.281072967199947121e-01
6.753910792066802893e-02
1.030084960321386855e-01
2.619716828421284061e-01
5.396327782602089451e-02
1.807292687773164042e-01
2.346276198414805614e-01
5.556238236356665361e-01
3.933682790591326583e-02
7.033840347846267438e-01
1.062354791591747505e-01
5.625397343389987315e-01
2.495755975353130540e-01
2.533194198400371411e-01
2.074688840764021824e-01
3.471071030911418442e-01
5.508733084062000795e-02
0.000000000000000000e+00
6.149855907780978903e-01
6.555135292406168990e-01
6.421173762945914243e-01
7.164502164502164483e-01
5.000000000000000000e-01
6.365058129595314584e-01
9.776070804083749621e-01
4.563504557761667857e-01
3.439921761952539070e-01
2.657803020524073245e-01
2.918688988419753105e-01
8.303203105435960074e-01
5.375494071146242892e-01
2.891702717318634375e-01
1.500438303829597642e-01
3.963843794612915694e-01
6.747581544215484062e-01
9.866818480510045064e-02
7.731092436974789095e-01
3.702218278615794222e-01
7.052153479415103066e-01
2.574937162081284425e-01
4.962194246886943994e-01
4.761745175721998624e-01
7.134060638209130945e-01
4.371191135734064925e-02
0.000000000000000000e+00
