5.124542803371949784e-01
5.108412952408751817e-01
5.448408268322622039e-01
5.588046013572169901e-01
6.995540184441284559e-01
5.235691933146469079e-01
4.295110766117124501e-01
5.648605204569009386e-01
3.357816170074678919e-01
4.841329944777462702e-01
4.597278516123920467e-01
4.437188299229167798e-01
7.264137829987306061e-01
4.520080520342331654e-01
4.075564605103085825e-01
2.842732045952671704e-01
7.613266001138907502e-01
3.842585620516358880e-01
3.535091140031136892e-01
7.502258637217401605e-01
2.743375056695923075e-01
6.238895990320724172e-01
4.460041297760264367e-01
4.814453535826841435e-01
5.525640385627487161e-01
3.988725214327305535e-01
0.000000000000000000e+00
1.781129253396485090e-01
1.814089106601353141e-01
2.045943570627632990e-01
1.703336090432864269e-01
4.155844155844155841e-02
1.856301043496020875e-01
3.764889070740136123e-01
3.099482461184589477e-01
1.579198051488790444e-01
9.098066427360923525e-02
1.396560940841055087e-01
2.064608817821246278e-01
1.818966193426935773e-01
3.049180327868853402e-01
2.454043890249634208e-01
2.422673227436850096e-02
1.662899236763024369e-01
1.488028641754307047e-01
9.509842324460679452e-02
1.191465779994458352e-01
2.659747766684182335e-01
1.950615082902478203e-01
1.649831649831650093e-01
2.203045685279189092e-01
2.048049693980085462e-01
6.380375518710801330e-02
0.000000000000000000e+00
4.731182795698924970e-01
4.447439353099730264e-01
4.444444444444445308e-01
2.833333333333333259e-01
1.000000000000000000e+00
4.363514936304706548e-01
0.000000000000000000e+00
0.000000000000000000e+00
0.000000000000000000e+00
0.000000000000000000e+00
0.000000000000000000e+00
0.000000000000000000e+00
0.000000000000000000e+00
0.000000000000000000e+00
0.000000000000000000e+00
0.000000000000000000e+00
4.095022624434389580e-01
0.000000000000000000e+00
0.000000000000000000e+00
0.000000000000000000e+00
0.000000000000000000e+00
0.000000000000000000e+00
0.000000000000000000e+00
0.000000000000000000e+00
0.000000000000000000e+00
0.000000000000000000e+00
0.000000000000000000e+00
2.124443508418898396e-01
2.144646786686393858e-01
2.533154879178043384e-01
2.206066177304950582e-01
3.737509733859859518e-01
2.275570169489936623e-01
2.841593821347729865e-01
5.252036935586541500e-01
2.548882336837142715e-01
4.160622304114742764e-01
2.797977746030734236e-01
6.730938222908511293e-02
5.254456517020029693e-01
1.821823696638060763e-01
3.008386489365003635e-01
1.480187751846475663e-01
6.205874737425358667e-01
1.876084905925211044e-01
1.910974366694637716e-01
6.962997675987385726e-01
2.940139055188523143e-01
5.997991463401741719e-01
1.909842065312965520e-01
2.544239357643982569e-01
4.114413769718712199e-01
2.972247961536661487e-01
0.000000000000000000e+00
1.505475901179850196e-01
1.505540856220509704e-01
1.792892550156762466e-01
1.491024461655788835e-01
2.599419145954035559e-01
1.608028972703012260e-01
2.109855569169910572e-01
3.956165999407848521e-01
1.787619138838814903e-01
3.460222748427230210e-01
2.022297699539208349e-01
4.446980912466891311e-02
4.501388190912095078e-01
1.266292330951741540e-01
2.080749950427437100e-01
1.107591099654616218e-01
5.624935321634711993e-01
1.052520999855749290e-01
1.407671003977052360e-01
6.175606820842975964e-01
2.210815755752107981e-01
5.242891045545965412e-01
1.554724940254449406e-01
2.084793403563053316e-01
3.215781228960720717e-01
2.239875347386593996e-01
0.000000000000000000e+00
6.899135446685880080e-01
6.913005528076812123e-01
6.915995397008055656e-01
7.099567099567098971e-01
6.250000000000000000e-01
6.923046591541289763e-01
4.376931774885729487e-01
5.746635369033211704e-01
3.431508127751687898e-01
4.925714540268443242e-01
4.422710174088004820e-01
4.631347711711547577e-01
7.515800636267231383e-01
4.700060040481694457e-01
4.102999412535743295e-01
3.393720750673965281e-01
7.490893003379237580e-01
4.183987886096890429e-01
3.860906799267931344e-01
7.430090983341880451e-01
2.800375932875488472e-01
6.249077665272803062e-01
4.735945485519590381e-01
5.024977661219003355e-01
5.755383232609038169e-01
4.049018975882485716e-01
0.000000000000000000e+00
