3.855185324048595596e-01
3.820421586057365371e-01
4.034101018566218499e-01
4.291762600356670010e-01
3.659862019127564370e-01
3.855127626499694760e-01
5.014986829355012610e-01
1.510027191393460699e-01
3.693857271729150682e-01
2.372819953058236120e-02
4.001970492086247555e-01
4.623314101541745602e-01
8.526530072859798137e-01
4.498352352948962740e-01
3.467859286314347589e-01
2.844835520853499222e-01
6.530295213926224918e-01
3.811871198668885796e-01
3.516391461774948102e-01
9.587629578266726460e-01
2.799571961870788717e-01
4.655546090080963095e-01
9.999999999999997780e-01
5.254110701870375877e-01
5.858018343729477495e-01
5.280234856762181517e-01
0.000000000000000000e+00
3.807802567618097378e-02
4.624834771790685417e-02
4.330696730005757777e-02
5.811965811965812134e-02
3.116883116883116533e-02
4.360852158092806685e-02
2.976370703764321668e-01
6.453900709219857479e-01
3.087779058498346663e-01
4.159049360146255259e-02
7.153502235469444415e-02
1.050279677786261079e-01
1.202726830060055208e-01
3.764705882352942234e-01
2.518370073480293847e-01
1.934061968345620608e-01
1.472102536981443610e-01
2.732773765371852015e-01
1.293240265561941826e-01
1.229564976447769520e-01
3.293352601156069315e-01
3.381933892389169527e-01
2.869135802469136021e-01
2.301920105936879901e-01
2.052086055221670480e-01
1.073043519869846807e-01
0.000000000000000000e+00
4.623655913978494958e-01
4.204851752021563360e-01
5.151515151515152491e-01
3.666666666666665853e-01
1.000000000000000000e+00
4.820329825486261432e-01
0.000000000000000000e+00
0.000000000000000000e+00
0.000000000000000000e+00
0.000000000000000000e+00
0.000000000000000000e+00
0.000000000000000000e+00
0.000000000000000000e+00
0.000000000000000000e+00
0.000000000000000000e+00
0.000000000000000000e+00
6.350877192982455899e-01
0.000000000000000000e+00
0.000000000000000000e+00
0.000000000000000000e+00
0.000000000000000000e+00
0.000000000000000000e+00
0.000000000000000000e+00
0.000000000000000000e+00
0.000000000000000000e+00
0.000000000000000000e+00
0.000000000000000000e+00
3.838547949562309825e-02
4.604316130864993806e-02
7.045485283510444230e-02
7.289122034760942004e-02
1.933572291703480328e-01
5.131716262299301778e-02
3.031175142628304009e-01
1.701312343586480202e-01
5.187666903532887064e-01
2.445483513888335736e-01
2.616724899655830106e-01
9.145501050764870410e-02
5.640028712269384847e-01
3.970081678881340892e-01
5.070652300053660744e-01
3.857791801605683357e-01
5.534816077535511525e-01
2.367675051290957788e-01
2.290029412714500445e-01
9.935088468703856535e-01
3.679751796465237090e-01
7.049801517560421171e-01
1.000000000000000000e+00
2.859316263125499802e-01
6.276282385735325597e-01
4.015870672068740932e-01
0.000000000000000000e+00
2.472992103435489586e-02
2.938046749929928980e-02
4.482369869587107813e-02
4.478761460062577471e-02
1.175188407808387403e-01
3.282851742423581465e-02
2.271289914108696184e-01
9.676096420857502323e-02
4.186995731110484398e-01
1.912894240847263228e-01
1.873036474080850833e-01
6.122566731281159358e-02
4.897376350962804881e-01
3.077482176556516347e-01
3.968300821854616744e-01
3.157699282370019511e-01
4.925056375078455950e-01
1.391206209629424206e-01
1.715155580376860334e-01
9.911075680781826769e-01
2.862588729331486670e-01
6.395543607884384141e-01
1.000000000000000000e+00
2.364793256902046892e-01
5.408993734203144665e-01
3.173290339492386147e-01
0.000000000000000000e+00
5.930835734870316678e-01
6.136165260401513777e-01
6.110471806674339090e-01
6.406926406926407580e-01
2.500000000000000000e-01
6.061588699056342788e-01
5.192108440621617804e-01
1.759698409014837372e-01
3.872180851851988459e-01
3.513022410660204820e-02
3.857941768256598625e-01
4.726706315491361332e-01
8.688134319007643214e-01
4.570279411040062967e-01
3.402895402624315224e-01
2.891240598436974896e-01
6.646805013355250313e-01
4.013277677932174381e-01
3.796328496696239618e-01
9.393491933278644845e-01
2.647631380829262859e-01
4.212376254708304346e-01
9.999999999999997780e-01
5.727863591813300292e-01
5.375735010166360350e-01
5.388798198705320175e-01
0.000000000000000000e+00
