5.253562226461987450e-01
5.157493541695314931e-01
5.467829569623037234e-01
5.207705596834870665e-01
3.698974692520726748e-01
5.230890899441096309e-01
3.224637459978825782e-01
2.139990972215580489e-01
3.711079102811101205e-01
5.828670666200473915e-01
6.173761173292450222e-01
3.960381063148922243e-01
4.447430608216805803e-01
5.874644256401526654e-01
5.595298497045652075e-01
3.229622108308061179e-01
5.505394577895321717e-01
4.143888579700817365e-01
1.913375712831495434e-01
6.631970453966747892e-01
1.901703484113125842e-01
6.118784005993057606e-01
4.692531446539947027e-01
3.713326429983634380e-01
2.598867581297075180e-01
6.789117548102635569e-01
0.000000000000000000e+00
1.712420540944784020e-01
1.763859730969598583e-01
1.849259023547595304e-01
1.662531017369726638e-01
4.675324675324675494e-02
1.755525180411654507e-01
2.099626505518485953e-01
0.000000000000000000e+00
2.664407212067938513e-01
1.704620081290712519e-01
1.686999618757148434e-01
1.500882086716430197e-01
4.456967213114754189e-02
3.569471624266145060e-01
3.242039634825205630e-01
2.233147093193105781e-01
2.875334387670980263e-01
2.147761103347711753e-01
6.596513809204310186e-02
5.913052420495154560e-02
3.926957435627955184e-01
8.194218407570018625e-01
1.962688614540466503e-01
2.473237171432879355e-01
8.409942117807286954e-02
1.648082008778865015e-01
0.000000000000000000e+00
1.935483870967742159e-01
1.913746630727762854e-01
1.616161616161616299e-01
1.833333333333333204e-01
1.000000000000000000e+00
1.849944359678987738e-01
0.000000000000000000e+00
0.000000000000000000e+00
0.000000000000000000e+00
0.000000000000000000e+00
0.000000000000000000e+00
0.000000000000000000e+00
0.000000000000000000e+00
0.000000000000000000e+00
4.368932038834951181e-01
0.000000000000000000e+00
4.085778781038374441e-01
0.000000000000000000e+00
0.000000000000000000e+00
0.000000000000000000e+00
0.000000000000000000e+00
0.000000000000000000e+00
0.000000000000000000e+00
0.000000000000000000e+00
0.000000000000000000e+00
0.000000000000000000e+00
0.000000000000000000e+00
3.440709660172522888e-01
3.437692651145066725e-01
4.002890458964478704e-01
3.259321922180228315e-01
1.836761000963430535e-01
3.578316332582286430e-01
3.143340482070973163e-01
1.517510080526580096e-01
3.171401051777335001e-01
5.204053717257148826e-01
4.140320722370959272e-01
8.761153527625742399e-02
2.419302035815917851e-01
4.078562739176916363e-01
4.699375066159773295e-01
4.157954787137332353e-01
4.643108269854436809e-01
2.342714321907994335e-01
7.058451918325703289e-02
5.438000151202360133e-01
2.989921113072232517e-01
8.209888291680018657e-01
3.193371246037939315e-01
3.162634145637845950e-01
1.916254047031660246e-01
4.911552892718841212e-01
0.000000000000000000e+00
2.605786775507777930e-01
2.581887361809748205e-01
3.063378203704445468e-01
2.345656954038448649e-01
1.107702133086809759e-01
2.705648339135363623e-01
2.368019688616160856e-01
8.485786796190109005e-02
2.303347739696612606e-01
4.484543304845915457e-01
3.206439301880024129e-01
5.853009936199038421e-02
1.865416650020684242e-01
3.178070345847920919e-01
3.600789249504381395e-01
3.440264953643004664e-01
4.029434086985385077e-01
1.373379928885563039e-01
4.922467297017069088e-02
4.514273500136355977e-01
2.253478847873391366e-01
7.747573022281588617e-01
2.693798616896690978e-01
2.638886260794098826e-01
1.341409798063019632e-01
4.035289399756242235e-01
0.000000000000000000e+00
6.265129682997119254e-01
6.354378818737271839e-01
6.179516685845799495e-01
5.974025974025973795e-01
3.750000000000000000e-01
6.212956913237769330e-01
3.397151581812842824e-01
2.520240511419226115e-01
4.019365603505892226e-01
6.244576570785792535e-01
5.986339087154504135e-01
4.108385403783486600e-01
4.839319470699432468e-01
5.988993416315289142e-01
5.333793783187292803e-01
3.345617645775458282e-01
5.617444733854271011e-01
4.364813398578344383e-01
2.187755102040817023e-01
6.552017758233140698e-01
1.897444923994111576e-01
5.879572140654286683e-01
4.888697067412994812e-01
3.859331769003040424e-01
2.762891726156756489e-01
6.770957514267594846e-01
0.000000000000000000e+00
