5.245882538602240075e-01
5.282456298908879688e-01
5.430454612664257219e-01
6.012991110981753540e-01
6.713703153064720652e-01
5.343299632359717055e-01
4.797124831975582704e-01
5.377132938086573999e-01
2.775363200253889717e-01
2.116417334372390213e-01
3.885361768585159359e-01
5.069999572820452771e-01
7.484394981979155537e-01
4.699334096566348262e-01
3.028078779391657482e-01
4.010417449103096388e-01
7.185856399767960312e-01
3.842174935698606797e-01
4.689359831995847383e-01
8.211303739028322779e-01
3.795804479069304072e-01
6.212493091280167912e-01
4.765441990629408764e-01
4.010540774422082233e-01
6.233135275220357263e-01
3.923759448168089303e-01
0.000000000000000000e+00
1.981802318334787705e-01
2.128839126039966390e-01
2.398702912385974328e-01
2.057347670250895821e-01
2.181818181818181990e-01
2.103391936364196746e-01
2.704447390134044893e-01
2.093156986774008521e-01
1.405049862083598833e-01
5.870546272740057026e-02
6.352459016393442459e-01
3.378081363643445911e-01
8.360655737704918433e-01
4.256157635467980871e-01
1.768385255359202768e-01
1.229008633281956642e-01
2.116652926628194431e-01
3.570642201834861584e-01
3.052482672686469556e-01
2.259389121182007187e-01
3.533685469404027057e-01
4.827872327539217689e-01
5.609427609427608541e-01
5.284100212870478375e-01
1.423220973782771404e-01
9.542367690081637877e-02
0.000000000000000000e+00
3.118279569892473679e-01
2.318059299191374545e-01
2.323232323232323482e-01
1.833333333333333204e-01
1.000000000000000000e+00
3.074297372878966872e-01
0.000000000000000000e+00
0.000000000000000000e+00
0.000000000000000000e+00
0.000000000000000000e+00
0.000000000000000000e+00
0.000000000000000000e+00
0.000000000000000000e+00
0.000000000000000000e+00
0.000000000000000000e+00
0.000000000000000000e+00
5.216138328530258716e-01
0.000000000000000000e+00
0.000000000000000000e+00
0.000000000000000000e+00
0.000000000000000000e+00
0.000000000000000000e+00
0.000000000000000000e+00
0.000000000000000000e+00
0.000000000000000000e+00
0.000000000000000000e+00
0.000000000000000000e+00
3.200793332662270618e-01
3.300594493798451046e-01
3.678575158183283733e-01
3.439417467893436386e-01
3.848394961667637171e-01
3.383177555953095217e-01
3.353654560360141978e-01
3.971970933905127343e-01
2.236603126076949222e-01
2.385788023535120317e-01
3.042802268805674393e-01
9.876283225610260619e-02
6.935089794640045824e-01
3.553003601153377211e-01
3.693278681282842202e-01
3.699709223473046649e-01
6.762995428037954504e-01
3.118826828722077171e-01
3.384614684205526913e-01
8.697828500032558363e-01
3.821138736755910204e-01
6.274921976887717356e-01
3.771664242955234947e-01
2.780454471588769128e-01
4.420729786031705189e-01
3.279080433617976853e-01
0.000000000000000000e+00
2.395679368839339629e-01
2.461753221372022793e-01
2.768491376863334574e-01
2.501027351130671872e-01
2.697288433705312682e-01
2.533027318092014868e-01
2.551831286709894675e-01
2.727719798743770685e-01
1.540610975407085415e-01
1.862093756456223992e-01
2.227925413308765035e-01
6.638055405974480072e-02
6.293155665619516448e-01
2.698923026337731734e-01
2.666013603678178967e-01
3.011024730653239501e-01
6.222865079324211290e-01
1.959160123454182223e-01
2.655588481489660202e-01
8.276104790323159932e-01
2.991560557508361473e-01
5.539621986409590804e-01
3.231753209778119862e-01
2.294259844207517940e-01
3.505445904053285378e-01
2.506379572484639384e-01
0.000000000000000000e+00
6.991354466858790140e-01
7.227233052080304088e-01
6.962025316455696666e-01
7.359307359307358798e-01
6.250000000000000000e-01
7.094657938202301173e-01
5.046686186332474122e-01
5.643043270350449614e-01
2.891741320783273173e-01
2.213419641563209028e-01
3.671910983976145459e-01
5.235532899084301972e-01
7.788279773156898678e-01
4.697200344222688950e-01
2.935407495233599007e-01
4.281566359502764207e-01
7.010030376953397813e-01
3.872173829362891562e-01
4.904115492350786809e-01
8.078292375551355819e-01
3.825521458993118573e-01
5.960602461182941125e-01
4.888697067412994812e-01
4.183195578784240087e-01
6.559159753104452095e-01
3.856696914700543655e-01
0.000000000000000000e+00
