8.505194507328297515e-01
8.254770126165080768e-01
8.492833248161557602e-01
8.755766035317196216e-01
1.000000000000000000e+00
8.561683266214756838e-01
2.632328518363725167e-01
6.864960495730625389e-01
3.260927796567936188e-01
4.690494495950604525e-01
5.845867834112233874e-01
4.361402866803029132e-01
4.572892844243435784e-01
5.748274949951392987e-01
5.299254332720845229e-01
1.519288344111491273e-01
7.420066845682840029e-01
5.029993151799350137e-01
3.200195224007371664e-01
4.548227672508151631e-01
2.881999662839950793e-01
5.954991776859576147e-01
5.307556779574396089e-01
3.117215381513853689e-01
5.028376495719620864e-01
8.646810911815553391e-01
0.000000000000000000e+00
1.153091113049981437e-01
1.109011740922167949e-01
1.156771827741916031e-01
1.124345188861317762e-01
1.142857142857142821e-01
1.165638627818496309e-01
4.481723949809056640e-01
5.029647715381933004e-01
9.930235773647616560e-02
9.326087500939117536e-02
1.110913902155672983e-01
1.822043498395036210e-01
9.836065573770494397e-02
4.741183502689780838e-01
4.154976619906479707e-01
1.477807941970742944e-01
8.924439919307350366e-02
2.083479235240562888e-01
1.543872140814031013e-01
8.453442664525129269e-02
1.583815028901734423e-01
1.613306831258499718e-01
1.682023486901534914e-01
9.566575556423273508e-02
4.744069912609238937e-02
1.611957796014067967e-01
0.000000000000000000e+00
6.236559139784947359e-01
6.172506738544474292e-01
5.151515151515152491e-01
3.499999999999999778e-01
1.000000000000000000e+00
5.681056784628490952e-01
0.000000000000000000e+00
0.000000000000000000e+00
0.000000000000000000e+00
0.000000000000000000e+00
0.000000000000000000e+00
0.000000000000000000e+00
0.000000000000000000e+00
0.000000000000000000e+00
0.000000000000000000e+00
0.000000000000000000e+00
4.972527472527473180e-01
0.000000000000000000e+00
0.000000000000000000e+00
0.000000000000000000e+00
0.000000000000000000e+00
0.000000000000000000e+00
0.000000000000000000e+00
0.000000000000000000e+00
0.000000000000000000e+00
0.000000000000000000e+00
0.000000000000000000e+00
3.530140548314866233e-01
3.305066318043788920e-01
3.505845034796297721e-01
3.303553738381305172e-01
5.213135914484172684e-01
3.537037251704887586e-01
1.688670157468594724e-01
4.456296453397178836e-01
1.342048352104446840e-01
2.952598940850084119e-01
2.226951173306518372e-01
6.066585113860611944e-02
2.519361383912102070e-01
3.578026099915627700e-01
3.399041646828818708e-01
7.473778166177713622e-02
3.777410591202281509e-01
2.621749890863762089e-01
1.206911208814789305e-01
1.804638871960717594e-01
2.246413755096642317e-01
4.146518311816533853e-01
2.271479198464616545e-01
8.477492474658498978e-02
2.540767901840146337e-01
4.752181764774651151e-01
0.000000000000000000e+00
2.685195770301261886e-01
2.465649219554222338e-01
2.614794930141630669e-01
2.383566309448948428e-01
3.999753825582733624e-01
2.668891398375038415e-01
1.183784808642261988e-01
3.172486558788777389e-01
8.763046993351411573e-02
2.352732661547274895e-01
1.560626345534609771e-01
3.993394777706560372e-02
1.950181208409433320e-01
2.721268807849713811e-01
2.409508645119993464e-01
5.430642760318060702e-02
3.197472663323492892e-01
1.576490516613666126e-01
8.613734292611463506e-02
1.253948611761264709e-01
1.634417955097632325e-01
3.383001316964566185e-01
1.867998925752082373e-01
6.598262932542597881e-02
1.837463129899046255e-01
3.877797252790295968e-01
0.000000000000000000e+00
1.000000000000000000e+00
1.000000000000000000e+00
1.000000000000000000e+00
9.956709956709957066e-01
1.000000000000000000e+00
1.000000000000000000e+00
2.814261100429827911e-01
7.275556705748469355e-01
3.327434175444562436e-01
4.615306297166533733e-01
6.033683022617877256e-01
4.615306662828756457e-01
5.088705159329747207e-01
5.697830563704568974e-01
5.275231947182199566e-01
1.792692807887503736e-01
7.352646016682933272e-01
5.314303396868946816e-01
3.456841909786796396e-01
4.745746063845154294e-01
2.874254314265063392e-01
5.910558047605009024e-01
5.581954246775369111e-01
3.296152759097699114e-01
5.709218781985097024e-01
8.953191489361700395e-01
0.000000000000000000e+00
