5.278836741740615679e-01
5.444608140248818895e-01
5.661267624907122542e-01
7.027313227993901013e-01
4.941455186059824367e-01
5.526434416129184513e-01
8.002594703638559182e-01
4.699312418227828969e-01
3.749206289986415364e-01
1.308685307355189620e-01
1.952398707554008350e-01
6.657389893174433526e-01
8.013701175446207303e-01
2.107369977634083180e-01
1.599096098832866464e-01
3.629118241590576499e-01
4.325196649131926030e-01
1.797515403179394122e-01
6.781473220646925260e-01
7.454710480578728982e-01
7.152723084361840566e-01
5.026330814073637354e-01
4.361309772132275775e-01
4.859083895890268234e-01
8.003016265025829634e-01
1.808977727692128168e-01
0.000000000000000000e+00
1.276330549669699721e-01
1.353005209548246990e-01
1.506197533109070452e-01
1.504824924179762879e-01
1.792207792207792250e-01
1.343146118163971448e-01
6.156453224801935464e-01
1.489361702127660614e-01
2.475675184141129526e-01
6.090759725082733889e-02
2.704918032786884918e-01
2.446211652631142819e-01
1.460729141179349377e-01
4.421052631578947789e-01
7.974209288141501650e-01
3.662220221008987697e-01
1.067547456665346173e-01
9.051806277733914774e-02
3.332678792086442021e-01
1.214911439350342126e-01
2.990324202060819503e-01
1.588471166051748096e-01
2.624501424501424207e-01
4.477157360406092135e-01
1.147758849824815630e-01
1.839517327379574518e-01
0.000000000000000000e+00
5.752688172043011194e-01
5.390835579514825504e-01
5.353535353535354702e-01
4.000000000000000222e-01
1.000000000000000000e+00
5.473496156078270225e-01
0.000000000000000000e+00
0.000000000000000000e+00
0.000000000000000000e+00
0.000000000000000000e+00
0.000000000000000000e+00
0.000000000000000000e+00
0.000000000000000000e+00
0.000000000000000000e+00
0.000000000000000000e+00
0.000000000000000000e+00
4.553459119496854890e-01
0.000000000000000000e+00
0.000000000000000000e+00
0.000000000000000000e+00
0.000000000000000000e+00
0.000000000000000000e+00
0.000000000000000000e+00
0.000000000000000000e+00
0.000000000000000000e+00
0.000000000000000000e+00
0.000000000000000000e+00
2.907782487723313825e-01
3.033106215701452113e-01
3.256144563458500674e-01
3.549691140818579393e-01
3.147829540568568563e-01
3.108166031290658937e-01
6.268939166786899886e-01
3.706946977065098126e-01
2.111707472094846993e-01
9.468731710657896095e-02
1.000898630269839717e-01
8.488316608029411459e-02
4.986025132552511785e-01
1.315621068330420362e-01
3.545952160065717340e-01
3.500140230406643127e-01
3.786536019870367920e-01
1.574133943603256980e-01
6.309113980969682789e-01
6.291152426176906953e-01
6.052435782444333112e-01
5.430587561451920564e-01
3.194663714934660170e-01
2.421556556601960342e-01
5.339140376247302200e-01
1.514314636875219167e-01
0.000000000000000000e+00
2.144851163371241931e-01
2.231468462507584238e-01
2.396737947907116306e-01
2.597493269478591271e-01
2.099043736307946162e-01
2.294660659962741711e-01
5.427536649061295293e-01
2.494662871283757077e-01
1.444008988476175037e-01
6.997511664359462591e-02
6.541832209651732288e-02
5.662311880280340715e-02
4.231007249811182258e-01
8.896154234744590994e-02
2.536625239970279333e-01
2.827966478601929290e-01
3.206049617732500412e-01
8.574367985463716979e-02
5.550924480537121619e-01
5.422355681839141628e-01
5.212945904893192539e-01
4.649988478555536209e-01
2.694983790468282736e-01
1.977069480121280698e-01
4.415672459617287493e-01
1.063774306278838511e-01
0.000000000000000000e+00
6.587896253602305574e-01
6.767529822519640081e-01
6.570771001150749191e-01
7.878787878787878451e-01
5.000000000000000000e-01
6.682003225584637329e-01
8.029423075936972243e-01
4.835583420284044198e-01
3.719898674726302978e-01
1.405208964264080818e-01
2.203596579476860828e-01
6.630702563774616420e-01
8.400328137817880680e-01
2.221517717527872748e-01
1.551611768686732007e-01
4.098768513067754249e-01
4.393129855962953911e-01
1.801836949712352920e-01
6.753246753246753276e-01
7.430090983341880451e-01
7.094148284121034598e-01
4.646081868049655172e-01
4.347002186372759258e-01
5.192314326642295530e-01
8.628961283468307153e-01
1.996693060083837290e-01
0.000000000000000000e+00
