5.081981378414059947e-01
5.334940305631314938e-01
5.818234688207766236e-01
6.677652823633912771e-01
5.289174110677550278e-01
5.389478210715732409e-01
8.066657244523933734e-01
3.563193169666534210e-01
5.035681607787316771e-01
1.200794891196313996e-01
8.901846136185886937e-02
8.497162197276161288e-01
7.638799319416295086e-01
2.303555614149846442e-01
8.943722757327979278e-02
1.886248471702658414e-01
4.859937620639449563e-01
1.258730106527409520e-01
7.605447441973236522e-01
4.638581511272876767e-01
6.638730712915286158e-01
5.285295364574894572e-01
6.708637165419308879e-01
7.856813499193748829e-01
7.478600938651508434e-01
6.319726429621397301e-02
0.000000000000000000e+00
3.881029540072293560e-02
4.202628100458750959e-02
4.173106646058734326e-02
4.659498207885305610e-02
8.831168831168832722e-02
4.174750641397284578e-02
2.258730392247007002e-01
1.995455484404048407e-01
3.840352924534975454e-01
2.689997388352050045e-02
2.845237369736119959e-02
2.542154220096289885e-01
6.732452650007958450e-02
1.797619047619049004e-01
4.347280419424708331e-01
2.240811285335364555e-02
5.664821575786130325e-02
5.790344412693637643e-02
2.286104987379788955e-01
5.955261100978895272e-02
3.533685469404027057e-01
1.425135354373785468e-01
2.868168868168867736e-01
2.808252824627477384e-01
7.169609416800426516e-02
5.861664712778436037e-03
0.000000000000000000e+00
8.172043010752688685e-01
9.056603773584906980e-01
6.060606060606061884e-01
7.333333333333332815e-01
1.000000000000000000e+00
8.094465715670773331e-01
0.000000000000000000e+00
0.000000000000000000e+00
0.000000000000000000e+00
0.000000000000000000e+00
0.000000000000000000e+00
5.430107526881721158e-01
0.000000000000000000e+00
0.000000000000000000e+00
0.000000000000000000e+00
0.000000000000000000e+00
4.022222222222222032e-01
0.000000000000000000e+00
0.000000000000000000e+00
0.000000000000000000e+00
0.000000000000000000e+00
0.000000000000000000e+00
0.000000000000000000e+00
8.028169014084507449e-01
0.000000000000000000e+00
0.000000000000000000e+00
0.000000000000000000e+00
9.033516105519978634e-02
1.044548899826901467e-01
1.313711133774320139e-01
1.609561257406458834e-01
3.074108670371111796e-01
1.123916613317316182e-01
4.252367821183269392e-01
2.886969159186773548e-01
4.195885578629908741e-01
1.838560569052682947e-01
1.809622368414864901e-02
3.446836671138064911e-02
3.519058546224429485e-01
1.094767600601140867e-01
2.291446767232726556e-01
9.949166591001490367e-02
2.665923367103406605e-01
7.193945154121467178e-02
5.874398148959489863e-01
2.567816635679471826e-01
6.746974294946549433e-01
5.068560098338763531e-01
4.389556712763349466e-01
4.201303288230333610e-01
4.695658906778812369e-01
3.296336512431086163e-02
0.000000000000000000e+00
5.993473187880316022e-02
6.896802807774399247e-02
8.671088795132134153e-02
1.047933828100032772e-01
2.038865618711026562e-01
7.450582549266410171e-02
3.373148522328448529e-01
1.819824040192844494e-01
3.219720588531502781e-01
1.405981296510939171e-01
1.125646481849001956e-02
2.236065752059573919e-02
2.830271116772037909e-01
7.312604461947197487e-02
1.512425251209610078e-01
7.302089696300839705e-02
2.183521168795703460e-01
3.586307813187923632e-02
5.085302860268641201e-01
1.857209742413868381e-01
5.975799865947395428e-01
4.282276526671569550e-01
3.823532508767220062e-01
3.611239536490958857e-01
3.771360009729727847e-01
2.178688380347248987e-02
0.000000000000000000e+00
7.025936599423632245e-01
7.442537096304917554e-01
7.882623705408514647e-01
8.571428571428572063e-01
5.000000000000000000e-01
7.385431808516874641e-01
8.248971869369872145e-01
3.913005004571956102e-01
5.226841567198615701e-01
1.588497090037656045e-01
1.047821173617043966e-01
8.524290085721587529e-01
8.342595619483490488e-01
2.369872682850174272e-01
9.303945338329290549e-02
2.448844006404351514e-01
4.981581881555365854e-01
1.381510051848305609e-01
7.602905569007263331e-01
4.758979206049149813e-01
6.468635513163284445e-01
5.094248565234852366e-01
6.861813654828987641e-01
8.076801172681342678e-01
7.743069898677464868e-01
6.731722924332106395e-02
0.000000000000000000e+00
