4.554038406578959641e-01
4.816435068943012432e-01
5.226880318832798356e-01
6.073895222453082887e-01
2.675008337614663834e-01
4.780591708567905052e-01
9.516771432816397702e-01
3.380201361639241231e-01
4.774753297815863551e-01
1.562870617388610883e-01
1.042898116626811422e-01
8.479096912286562260e-01
6.511480626450744102e-01
1.793094307990334424e-01
2.002515335309823508e-02
2.732539667861846322e-01
1.828096205847391520e-01
5.730879687188175642e-02
8.438674044378700057e-01
3.064118996343822010e-01
7.385219238239455475e-01
3.693434432347978413e-01
8.276350281709798917e-01
8.051739248977773933e-01
7.465894042625139670e-01
8.959822587177546094e-02
0.000000000000000000e+00
9.837654244048362751e-01
9.849467382007620619e-01
9.829984544049460427e-01
9.663082437275984926e-01
4.519480519480519320e-01
9.818093750384779828e-01
4.147664977039073886e-01
4.045728802794537060e-01
2.070591807127492578e-01
1.456897764027563213e-01
2.197096513507268423e-02
4.676837579284466306e-01
5.048511207761794406e-01
1.250793650793651235e-01
4.569598968051045151e-01
9.189851809844590269e-02
1.310880892141375320e-01
2.692238889882700992e-01
8.364649391045165805e-01
1.660847880299252122e-01
4.627967039724510401e-01
9.958840543650672172e-01
3.091906721536350489e-01
2.550680591031071476e-01
1.397577352633532499e-01
1.259867135599843646e-01
0.000000000000000000e+00
5.268817204301076140e-01
5.040431266846361336e-01
5.757575757575758013e-01
3.166666666666666519e-01
1.000000000000000000e+00
5.300848051470317124e-01
0.000000000000000000e+00
0.000000000000000000e+00
0.000000000000000000e+00
0.000000000000000000e+00
0.000000000000000000e+00
0.000000000000000000e+00
0.000000000000000000e+00
0.000000000000000000e+00
0.000000000000000000e+00
0.000000000000000000e+00
2.572850035536602409e-01
0.000000000000000000e+00
0.000000000000000000e+00
0.000000000000000000e+00
0.000000000000000000e+00
0.000000000000000000e+00
0.000000000000000000e+00
0.000000000000000000e+00
0.000000000000000000e+00
0.000000000000000000e+00
0.000000000000000000e+00
7.852646219225118962e-01
7.944226176281153906e-01
8.097096903087823705e-01
7.854437706223534876e-01
2.916720361227067571e-01
7.908232621911773785e-01
6.367919425890418150e-01
2.635508218905188715e-01
2.910395440560044067e-01
1.004581782109692512e-01
3.970269600680143007e-03
1.331116389888947760e-01
4.340155811995816126e-01
1.954679361126399062e-02
8.081946338767209692e-02
1.609275340649343189e-01
1.960770970116660905e-01
4.703413643509274378e-02
8.419947755381815835e-01
2.566230425629614231e-01
6.871894954317120385e-01
4.837870667082435627e-01
5.667167722723829293e-01
4.412384282938415225e-01
4.222817477298070887e-01
5.383938431599710750e-02
0.000000000000000000e+00
7.228823602153416905e-01
7.324673430890169534e-01
7.494075437231585424e-01
7.153608233947736927e-01
1.912158660770985064e-01
7.280009046625199876e-01
5.535905767844760961e-01
1.626873756280885486e-01
2.083334255985227756e-01
7.440698260072270420e-02
2.448053871613342647e-03
9.113052365409318734e-02
3.598281354708178781e-01
1.240103785796792257e-02
4.805646906283986275e-02
1.210322148423373378e-01
1.571853507863830712e-01
2.281436958159127615e-02
7.986776526904666440e-01
1.855910926295517571e-01
6.116604647904476666e-01
4.052266113954144378e-01
5.102809177321154799e-01
3.815233003703039083e-01
3.317495948186109378e-01
3.597880341776488189e-02
0.000000000000000000e+00
5.896253602305474573e-01
6.296188536514402134e-01
6.455696202531645556e-01
7.099567099567098971e-01
2.500000000000000000e-01
6.135146102124996448e-01
9.621218071992507781e-01
3.717354754343358825e-01
4.811827674318341908e-01
1.580027615031532884e-01
1.220244544188205937e-01
8.530393563333656948e-01
6.937090114160795462e-01
1.960718666211097583e-01
3.089635611125580994e-02
3.423032653774289447e-01
1.805723854575516096e-01
6.330700807652570039e-02
8.410914927768859961e-01
3.075737374394329482e-01
7.410889230223808299e-01
3.439644963903555341e-01
8.552653035733492892e-01
8.269027086288807116e-01
8.129747354410975513e-01
9.491729323308273347e-02
0.000000000000000000e+00
