4.894332189849390780e-01
4.905675645834561838e-01
4.983194383726137211e-01
5.737372705613676960e-01
7.139824137661920922e-01
4.969118866515536137e-01
5.870039296458950950e-01
5.576117387545272974e-01
2.790612262486344974e-01
2.213908309177617939e-01
3.728763373622626665e-01
5.688893277035490526e-01
7.518642823373652417e-01
4.021302246015821535e-01
2.566962690816632087e-01
3.932151097639655646e-01
7.436829473987189854e-01
3.183297309154089483e-01
5.016061612624680421e-01
7.700210615912209677e-01
4.477761487106571292e-01
5.439254882703680183e-01
4.357985772838335325e-01
4.237120032160943683e-01
8.206378012817779899e-01
3.201033071363911242e-01
0.000000000000000000e+00
1.419201046989904125e-01
1.437679807168960600e-01
1.385580507318847077e-01
1.511993382961124843e-01
2.051948051948052076e-01
1.446789328743772751e-01
4.976804154058095397e-01
2.978723404255319007e-01
2.282103873446967301e-01
1.045760968921389256e-01
9.999999999999998890e-01
2.395803773191647057e-01
7.745901639344263678e-01
5.181818181818181879e-01
1.768385255359202768e-01
1.819579623906391608e-01
2.786479802143446705e-01
2.455477603885590776e-01
1.877056774976836317e-01
1.987954641697642910e-01
3.171077983977283465e-01
2.366604082127066189e-01
5.609427609427608541e-01
5.284100212870478375e-01
1.654013564125923763e-01
1.369248241500585772e-01
0.000000000000000000e+00
3.279569892473118697e-01
2.291105121293800506e-01
2.121212121212121271e-01
1.499999999999999944e-01
1.000000000000000000e+00
2.658512191602449559e-01
0.000000000000000000e+00
0.000000000000000000e+00
0.000000000000000000e+00
0.000000000000000000e+00
0.000000000000000000e+00
0.000000000000000000e+00
0.000000000000000000e+00
0.000000000000000000e+00
0.000000000000000000e+00
0.000000000000000000e+00
4.525000000000000133e-01
0.000000000000000000e+00
0.000000000000000000e+00
0.000000000000000000e+00
0.000000000000000000e+00
0.000000000000000000e+00
0.000000000000000000e+00
0.000000000000000000e+00
0.000000000000000000e+00
0.000000000000000000e+00
0.000000000000000000e+00
1.612575434054097645e-01
1.642553790107467160e-01
1.768538415286559085e-01
2.011381706297719063e-01
4.335849519519977546e-01
1.736780922652007009e-01
3.810542269905627943e-01
4.104452738233118070e-01
2.331033543204388270e-01
2.724088890945883801e-01
2.917732715865967164e-01
9.639677047831429757e-02
6.431794339093122037e-01
2.858721566954502968e-01
3.191213418542881985e-01
4.016431277428471613e-01
6.113611011256008254e-01
2.197842932834082608e-01
3.425967109814584965e-01
6.847866194373424253e-01
4.296504070865679870e-01
4.727264883175954502e-01
2.551250989813742542e-01
2.304607635851909642e-01
5.545070803585812058e-01
2.809164097077526678e-01
0.000000000000000000e+00
1.112206716853516020e-01
1.121785485011537187e-01
1.198796441401616952e-01
1.343157358818975466e-01
3.141706293435557185e-01
1.191756810870929217e-01
2.962110726508681013e-01
2.846958422389925247e-01
1.614479440446077996e-01
2.152702802983445518e-01
2.122303162147713973e-01
6.470729664837776562e-02
5.738683566155333704e-01
2.097530656860916998e-01
2.232933526258693846e-01
3.306375048349162182e-01
5.527391535292072167e-01
1.271246164384088884e-01
2.692646618610008424e-01
6.044138556956393238e-01
3.435485668782342072e-01
3.943173377679572433e-01
2.114480097078287324e-01
1.875059071041276226e-01
4.628359996687774758e-01
2.100913228338817662e-01
0.000000000000000000e+00
7.233429394812680435e-01
7.500727378527787259e-01
7.284234752589183737e-01
7.792207792207792583e-01
6.250000000000000000e-01
7.395315263931144800e-01
6.014060312690689969e-01
5.962674292681076071e-01
2.898409679060406363e-01
2.374803149606298236e-01
3.725971211886704992e-01
5.932333634577814374e-01
7.788279773156898678e-01
4.069159169516077257e-01
2.536283792201320386e-01
4.327875147266302402e-01
7.380458158017766390e-01
3.291603169989988364e-01
5.285714285714284699e-01
7.747255752177820698e-01
4.564958067350362025e-01
5.281918723482071920e-01
4.472742759795569345e-01
4.596758186420868419e-01
8.646314253838393027e-01
3.194331983805667186e-01
0.000000000000000000e+00
