4.934704730392167615e-01
4.868920498608224623e-01
5.061718183425210071e-01
4.935305264349612031e-01
4.568245902923657731e-01
4.900280699289143449e-01
3.417617006000234769e-01
2.614443565616998422e-01
3.790824868434528039e-01
4.194165400961012979e-01
5.450205565863946999e-01
3.777447886498567220e-01
5.998679520185202785e-01
5.833376757402508606e-01
5.431269643180554052e-01
3.339265148536307848e-01
6.468356709121034775e-01
3.934766586906682795e-01
2.350737039171265641e-01
7.156245347823105840e-01
1.862429832952890441e-01
5.830958749270497288e-01
6.216827435858669482e-01
3.747695883852786292e-01
2.225875331864495266e-01
6.590975065422736145e-01
0.000000000000000000e+00
4.234700236819145813e-02
4.314594510535728344e-02
4.333727308543201817e-02
4.472015439757374977e-02
4.415584415584415667e-02
4.474210900472028185e-02
1.551365982626211615e-01
3.877960658370132041e-01
1.689291734446095039e-01
9.917733089579527928e-02
1.307987443320544063e-01
6.418699250329013006e-02
6.732452650007958450e-02
5.181818181818181879e-01
2.735470941883767493e-01
8.640047185681470898e-02
6.539697494826454682e-02
1.521004345726701401e-01
9.367160568091303929e-02
7.409013697639960094e-02
3.926957435627955184e-01
1.736984179903849901e-02
1.541349568746828158e-01
2.135497813740765416e-01
4.744069912609238937e-02
1.594103300049857230e-01
0.000000000000000000e+00
4.677419354838709964e-01
5.094339622641509413e-01
3.838383838383838675e-01
2.833333333333333259e-01
1.000000000000000000e+00
4.148318358624010216e-01
0.000000000000000000e+00
0.000000000000000000e+00
0.000000000000000000e+00
0.000000000000000000e+00
0.000000000000000000e+00
0.000000000000000000e+00
0.000000000000000000e+00
0.000000000000000000e+00
0.000000000000000000e+00
0.000000000000000000e+00
6.284722222222222099e-01
0.000000000000000000e+00
0.000000000000000000e+00
0.000000000000000000e+00
0.000000000000000000e+00
0.000000000000000000e+00
0.000000000000000000e+00
0.000000000000000000e+00
0.000000000000000000e+00
0.000000000000000000e+00
0.000000000000000000e+00
1.663151450544504417e-01
1.652538092764229694e-01
1.942906072302121867e-01
1.676836712498054327e-01
2.250778598551743670e-01
1.756484210736295459e-01
3.113756116966754917e-01
2.858284022810612668e-01
3.418743250793488953e-01
4.017295610954301210e-01
3.543286497420549130e-01
8.690689727397793440e-02
3.506751696569281318e-01
3.970479113661342652e-01
4.561054374911516218e-01
3.854374671966749322e-01
3.984457526726499221e-01
2.054793596967686153e-01
1.511939058828930538e-01
5.904779775417767773e-01
2.861166131487217212e-01
4.375021125917810672e-01
2.591271980626062010e-01
2.587692516345720950e-01
1.793914568610623927e-01
5.191152691293997590e-01
0.000000000000000000e+00
1.150201261561271671e-01
1.129230207530231289e-01
1.330249644222529504e-01
1.096426135776300548e-01
1.402695747100208834e-01
1.206591284475121983e-01
2.342418671918001793e-01
1.797481357249681722e-01
2.516883622941210596e-01
3.324424686434758747e-01
2.662639841196782209e-01
5.803707721858913926e-02
2.819069709701758630e-01
3.077849093016993276e-01
3.466980189226591680e-01
3.154513134654376993e-01
3.393086323727592113e-01
1.172622494681466870e-01
1.094087973667726699e-01
5.004391236496850137e-01
2.143493440186832188e-01
3.600876850317096811e-01
2.150033061255093303e-01
2.123123112211201535e-01
1.247625839896409627e-01
4.315896040831078695e-01
0.000000000000000000e+00
6.714697406340057739e-01
6.831539132964794536e-01
6.662830840046028991e-01
6.320346320346319491e-01
3.750000000000000000e-01
6.679679620536750351e-01
3.537413205821736684e-01
2.541781028610843873e-01
4.009843139541665602e-01
4.431277773446634649e-01
5.393913217525045933e-01
3.915961883542448119e-01
6.430205949656748743e-01
5.924942006835780539e-01
5.214899713467048281e-01
3.465293948463481488e-01
6.626803564482224296e-01
4.208268468550483421e-01
2.626946513202438327e-01
7.108320521493144417e-01
1.840029528298022798e-01
5.862594859793436308e-01
6.413862862010220045e-01
3.926891021530449777e-01
2.332778268042819958e-01
6.516814159292034780e-01
0.000000000000000000e+00
