3.803833457798786455e-01
3.939685342669281276e-01
4.107783119801684535e-01
4.854874735518062145e-01
5.053891454528671723e-01
3.929617078241183226e-01
7.231286791236994915e-01
3.764876571448947384e-01
3.680424210159368714e-01
3.324064030380727841e-01
3.941644297138476860e-01
7.128117379142616672e-01
5.919242952153703774e-01
4.194852643228992872e-01
2.860946753507070950e-01
1.907074253746792181e-01
6.737365047368535365e-01
2.340421643393167106e-01
5.744524521006311168e-01
4.175027908471105054e-01
5.999806728158707525e-01
4.686110766745713585e-01
4.209409364134195641e-01
4.342451651899368326e-01
5.004968417308200967e-01
2.021254164436091516e-01
0.000000000000000000e+00
1.214477128256263444e-01
1.197029779954902479e-01
1.147377034275843394e-01
1.296388199614005865e-01
5.194805194805195148e-02
1.223890487331656396e-01
2.589279869067103723e-01
2.659574468085179610e-03
2.107127602047835224e-01
7.415127543610861016e-02
9.162200504413614555e-02
2.177815998537738773e-01
1.832039114178889982e-01
4.161790017211705051e-01
1.123661464342826655e-01
8.464796961729476044e-02
1.466354531448665066e-01
1.605504587155963114e-01
1.150605031638260445e-01
6.733167082294266859e-02
1.083462568729733899e-01
9.992328346758727609e-02
7.458143074581430332e-02
1.359045475953738480e-01
4.432983360962733377e-02
3.213464561920081342e-01
0.000000000000000000e+00
6.989247311827957443e-01
7.196765498652291093e-01
6.868686868686869618e-01
6.166666666666665853e-01
1.000000000000000000e+00
6.855010163270857104e-01
0.000000000000000000e+00
0.000000000000000000e+00
0.000000000000000000e+00
0.000000000000000000e+00
0.000000000000000000e+00
0.000000000000000000e+00
0.000000000000000000e+00
0.000000000000000000e+00
0.000000000000000000e+00
3.228070175438596534e-01
5.501519756838906261e-01
0.000000000000000000e+00
0.000000000000000000e+00
0.000000000000000000e+00
0.000000000000000000e+00
0.000000000000000000e+00
0.000000000000000000e+00
0.000000000000000000e+00
0.000000000000000000e+00
0.000000000000000000e+00
0.000000000000000000e+00
1.444728679145473871e-01
1.561047719343623408e-01
1.693245893827329818e-01
1.941331045661215393e-01
2.991085573689735710e-01
1.600356546571668481e-01
4.674528300042739559e-01
2.563829140385878724e-01
2.309799932545861800e-01
2.805751528549225160e-01
2.191109926676285680e-01
1.566274324213393632e-01
4.817001297131422444e-01
1.811854382376449912e-01
2.733110800904809956e-01
1.417324708677771827e-01
5.312489092955008374e-01
9.405234068034890038e-02
4.404365641266969611e-01
2.741609040125683183e-01
5.278226461428042748e-01
4.301895302757683393e-01
1.510472738776631463e-01
2.126790868140451263e-01
3.460153557928633550e-01
2.055683701466221036e-01
0.000000000000000000e+00
9.874704137675127669e-02
1.061293966718936943e-01
1.142770199038913581e-01
1.290723576833306963e-01
1.971726879846898983e-01
1.089852709083656279e-01
3.779012410412784240e-01
1.573076848918168458e-01
1.597807088727588865e-01
2.223841765460413122e-01
1.532486186976536047e-01
1.085698334743291360e-01
4.062988901555411592e-01
1.258689479321882243e-01
1.857174386562512602e-01
1.057919672448854320e-01
4.698081582192699113e-01
4.801055539683769802e-02
3.601927703670643188e-01
2.000648854445395419e-01
4.402538773550052076e-01
3.530794566368121168e-01
1.215750057069132639e-01
1.721225295133786970e-01
2.620408661632719904e-01
1.483094111316037300e-01
0.000000000000000000e+00
5.504322766570606262e-01
5.848123363398312069e-01
5.926352128883775050e-01
6.493506493506493449e-01
5.000000000000000000e-01
5.780167788404745322e-01
7.291724253163804903e-01
4.233286552988878015e-01
3.845838775242084173e-01
3.388366776733552355e-01
3.772739440937469269e-01
7.073465220603277759e-01
6.086956521739130821e-01
4.361958146094873645e-01
2.879446609801235013e-01
2.293308624003127516e-01
6.680254244874817005e-01
2.625822691016355126e-01
6.014160766347356191e-01
4.187645672961839427e-01
5.927024537089810030e-01
4.470368293848220320e-01
4.302094838721752801e-01
4.741332317336339752e-01
5.128668593494180028e-01
2.095408348457349357e-01
0.000000000000000000e+00
