5.151127528914858367e-01
5.243382072047979570e-01
5.379728450076439739e-01
6.222870614742148643e-01
5.438013187136452320e-01
5.266851789588773425e-01
6.732488764464665820e-01
5.090831212835204012e-01
3.211235861943814163e-01
2.099388911050003026e-01
3.131652560968413157e-01
6.312498748391531800e-01
7.739198053979973180e-01
2.772235176061577655e-01
2.177647927268231698e-01
5.047679252630448143e-01
5.036248213405536411e-01
2.372802886932380562e-01
5.990367899230613080e-01
7.530222819703830117e-01
4.994627089381666329e-01
5.369393450971496895e-01
4.244623171373707038e-01
4.689025863839355601e-01
7.079526825312286720e-01
2.550050644917382092e-01
0.000000000000000000e+00
2.609684656612240028e-01
2.790296244459996022e-01
3.187562505682334790e-01
2.675489385166804346e-01
1.974025974025974128e-01
2.747090432224250089e-01
5.355366458674304386e-01
7.340425531914893664e-01
3.529725755204059512e-01
9.253269582337225740e-02
1.286429872495445936e-01
2.821613285304855889e-01
3.368107302533531744e-01
4.467032967032967816e-01
1.768385255359202768e-01
1.739047216093969062e-01
1.275951848175379266e-01
2.793994995829858219e-01
5.941317859749759567e-01
1.207507546922168273e-01
3.293352601156069315e-01
1.334459334051004697e-01
2.144165076203911058e-01
5.030724018167246347e-01
1.340314897640085545e-01
7.452520515826495107e-01
0.000000000000000000e+00
5.752688172043011194e-01
4.986522911051213258e-01
4.949494949494950280e-01
3.833333333333333037e-01
1.000000000000000000e+00
5.204639311645914423e-01
0.000000000000000000e+00
0.000000000000000000e+00
0.000000000000000000e+00
0.000000000000000000e+00
0.000000000000000000e+00
0.000000000000000000e+00
0.000000000000000000e+00
0.000000000000000000e+00
0.000000000000000000e+00
0.000000000000000000e+00
2.276729559748427445e-01
0.000000000000000000e+00
0.000000000000000000e+00
0.000000000000000000e+00
0.000000000000000000e+00
0.000000000000000000e+00
0.000000000000000000e+00
0.000000000000000000e+00
0.000000000000000000e+00
0.000000000000000000e+00
0.000000000000000000e+00
3.573281803336363360e-01
3.636247570038536603e-01
3.779436581355579694e-01
3.862342150269005847e-01
3.410730307839150433e-01
3.684006236312454829e-01
3.826503052203664712e-01
3.849365900611211866e-01
2.221659690220628702e-01
2.004115148003993152e-01
1.069275759474610510e-01
8.629246892087349963e-02
5.325594073159274355e-01
1.539234030915392903e-01
2.995610838826097133e-01
4.301077347879314061e-01
4.607935794302384647e-01
1.604911841800487626e-01
5.430490753194689990e-01
5.775158435972636006e-01
3.805659896046177382e-01
4.727527524517070034e-01
3.398982609128631260e-01
2.076632013646373398e-01
4.611217001670864235e-01
2.044664086124227120e-01
0.000000000000000000e+00
2.723714072799611197e-01
2.758402097578406265e-01
2.859318539000420545e-01
2.876495086187339512e-01
2.317951915683847397e-01
2.800349773879649007e-01
2.976714798927549976e-01
2.618995902325491065e-01
1.528986942802254279e-01
1.542148944936643784e-01
7.016886222582385813e-02
5.760746795169702228e-02
4.573771940421503257e-01
1.053654794280577955e-01
2.070225818794078909e-01
3.576871323499811184e-01
3.994911554592320835e-01
8.768707668781723641e-02
4.622535334715622835e-01
4.866661802481315191e-01
2.977372428034984475e-01
3.943431514528489834e-01
2.883306536098660944e-01
1.678108565736092794e-01
3.689090072841877954e-01
1.474353911352901392e-01
0.000000000000000000e+00
6.772334293948127915e-01
7.006109979633401430e-01
6.846950517836593031e-01
7.489177489177489822e-01
5.000000000000000000e-01
6.866070098799109678e-01
6.829918009619304620e-01
5.440031347819549445e-01
3.249394773324505437e-01
2.178718485877338962e-01
3.334387648850298813e-01
6.411097764626606521e-01
7.973748974569316861e-01
2.958801617178533072e-01
2.151710514891029824e-01
5.536129526100459497e-01
4.870405147344316621e-01
2.493387140270826030e-01
6.109773101787299154e-01
7.542588551284205023e-01
5.146276155681528408e-01
5.130169403255614435e-01
4.200304850712810456e-01
5.056928878553670348e-01
7.668689904007709446e-01
2.570676691729322227e-01
0.000000000000000000e+00
