3.220242723447674926e-01
3.290411767980575553e-01
3.177709132615857412e-01
3.308208755809734503e-01
3.688679660345813849e-01
3.231389161269060395e-01
3.662530404024103015e-01
1.720976442501515880e-01
5.545779428336321537e-01
5.091955640732552801e-01
3.143270447466739448e-01
3.677797900033047962e-01
4.141069546218127395e-01
5.439558703767878312e-01
7.130208216429092527e-01
4.126243600771000164e-01
5.052721491603706649e-01
4.819812358086112969e-01
3.141629769421644403e-01
3.265480710712858059e-01
3.888442315862772336e-01
1.692339447735223268e-01
2.059061527980662054e-01
3.651443297944892974e-01
3.009520624898575081e-01
3.417449136833454748e-01
0.000000000000000000e+00
1.520582059670882447e-01
1.544739723300487810e-01
1.485552044694783969e-01
1.561119293078055692e-01
1.423728813559322071e-01
1.524734878450629827e-01
2.785714285714285809e-01
2.619047619047619180e-01
2.588126159554731132e-01
4.056122448979592177e-01
3.609467455621301890e-01
2.520638969058325296e-01
4.166666666666666852e-01
3.961096374889478411e-01
4.733812949640288648e-01
4.829442282749675797e-01
3.439153439153438963e-01
4.640416278347312407e-01
1.847614410905550064e-01
2.748741773132016841e-01
2.500000000000000000e-01
2.844680150000784558e-01
1.479250334672021494e-01
3.520785359350382393e-01
4.105263157894736281e-01
2.509803921568627416e-01
0.000000000000000000e+00
9.294320137693630468e-02
8.755622188905545777e-02
7.556080283353008853e-02
7.239819004524886137e-02
1.250000000000000000e-01
8.500447962257781653e-02
1.125541125541125592e-01
0.000000000000000000e+00
0.000000000000000000e+00
8.944281524926685212e-02
0.000000000000000000e+00
1.595238095238095399e-01
0.000000000000000000e+00
0.000000000000000000e+00
3.092948717948718063e-01
1.250000000000000000e-01
1.033755274261603241e-01
0.000000000000000000e+00
0.000000000000000000e+00
0.000000000000000000e+00
5.828220858895705875e-02
5.301455301455302443e-02
0.000000000000000000e+00
1.443965517241379282e-01
0.000000000000000000e+00
0.000000000000000000e+00
0.000000000000000000e+00
4.023185467309150498e-01
4.113920049572800663e-01
3.923165508949831293e-01
3.933892843298408271e-01
2.791347090403739628e-01
4.043187241249249220e-01
3.726617986063082144e-01
3.152486804527137032e-01
3.619191701028485197e-01
5.258094408902975747e-01
3.386837557996327241e-01
3.135319018793384371e-01
6.227971932422994294e-01
5.894092849387653210e-01
4.089717384807148304e-01
3.316858390084776453e-01
4.304116652383953578e-01
5.376827751772718100e-01
3.873318346363793241e-01
3.292479134653057971e-01
1.691307510055654328e-01
2.249410886843226653e-01
4.138923701389550236e-01
4.312916389453991806e-01
4.586585515234485322e-01
5.166439141718630612e-01
0.000000000000000000e+00
1.618602130436754827e-01
1.692433817427707599e-01
1.539122761061358924e-01
1.547551290255443635e-01
7.791618579105422104e-02
1.634736306780071591e-01
1.388768161404886348e-01
9.938173052717717837e-02
1.309854856879346108e-01
2.764755681293673550e-01
1.147066864425452803e-01
9.830225349607507601e-02
3.878763439104860322e-01
3.474033051720266663e-01
1.672578828759381797e-01
1.100154957987577592e-01
1.852542015732885350e-01
2.891027667223325937e-01
1.500259501227834413e-01
1.084041885212575218e-01
2.860521093570657022e-02
5.059849337848832534e-02
1.713068940592417655e-01
1.860124778242085719e-01
2.103676668855879450e-01
2.669209340508234551e-01
0.000000000000000000e+00
2.197432119553777985e-01
2.204825737265415642e-01
2.108262108262108359e-01
2.237871674491392904e-01
2.777777777777777901e-01
2.239159710497707345e-01
3.221525096525096332e-01
1.020000000000000073e-01
5.435260686474996383e-01
4.907481898632340411e-01
2.785594035594035067e-01
3.997835899866515330e-01
2.892857142857142572e-01
5.260047281323877444e-01
7.196884356564788865e-01
3.873507747015493274e-01
4.914454277286135486e-01
5.007804370447450637e-01
3.040367910066428259e-01
3.191489361702127825e-01
4.130434782608695676e-01
1.613023952095808400e-01
2.766990291262135804e-01
3.737078539102554053e-01
2.550940438871473481e-01
3.630363036303630442e-01
0.000000000000000000e+00
