2.805964299013136154e-01
2.883526945544911402e-01
2.875807221910754441e-01
2.983989005558150276e-01
3.398653702318623626e-01
2.852383851932711045e-01
5.660340193101908168e-01
1.729840762954128752e-01
6.307112167917501289e-01
3.996017240830539441e-01
3.015155171170310622e-01
4.923134680189833468e-01
3.629185180117474596e-01
3.842997650558317990e-01
3.696613721233619199e-01
3.995703647541422598e-01
4.415316667584499033e-01
3.383750066926126676e-01
4.656546711992515242e-01
3.659411259968380348e-01
5.000713322276167938e-01
2.310796813010432271e-01
2.578973682458537420e-01
4.027041004313022254e-01
2.042415346518508812e-01
3.336462556262554391e-01
0.000000000000000000e+00
6.379706040334000294e-02
6.589031551706976686e-02
6.475248431561111961e-02
6.903534609720177184e-02
9.491525423728813804e-02
6.476270412476727023e-02
4.198757763975155544e-01
1.614255765199161530e-01
3.188571428571428390e-01
3.084656084656084429e-01
2.211538461538461176e-01
2.585379234672883775e-01
2.248062015503875799e-01
2.323049001814881942e-01
2.721530092998771799e-01
4.099938562359204952e-01
2.888888888888888618e-01
2.268241872704347406e-01
2.211538461538461453e-01
3.078590785907859284e-01
2.399999999999999911e-01
3.305424687037286091e-01
1.474552521123980164e-01
3.840904659777734653e-01
2.599999999999999534e-01
2.222222222222222376e-01
0.000000000000000000e+00
8.491107286288009093e-02
9.475262368815591529e-02
9.327036599763871560e-02
1.040723981900452677e-01
1.250000000000000000e-01
8.830530865821228925e-02
2.888888888888888618e-01
0.000000000000000000e+00
1.677018633540372783e-01
1.498771498771498678e-01
1.276190476190476319e-01
3.101851851851851749e-01
0.000000000000000000e+00
0.000000000000000000e+00
3.040966386554622147e-01
2.399999999999999911e-01
1.306666666666666532e-01
8.099173553719007934e-02
0.000000000000000000e+00
0.000000000000000000e+00
1.376811594202898559e-01
4.407951598962835116e-02
6.333333333333333870e-02
2.042682926829268442e-01
0.000000000000000000e+00
0.000000000000000000e+00
0.000000000000000000e+00
2.627980732940026765e-01
2.685870102919757918e-01
2.573142054845670712e-01
2.625026436886399583e-01
2.519271025252112217e-01
2.650215135271535294e-01
4.975622645880443118e-01
2.779956775808474223e-01
3.876745519547856178e-01
3.617199348043457774e-01
2.785923924770306592e-01
3.921833554901691388e-01
4.890267930642850369e-01
4.375920153952189695e-01
2.958634177082085648e-01
2.813733760426425090e-01
5.188583064937620781e-01
3.820538823900004877e-01
4.720806555393657900e-01
3.585060401751472559e-01
1.844479744923160913e-01
2.915423599425014944e-01
5.377117609522116259e-01
4.824251329320602411e-01
3.643588757457962846e-01
4.751418338353973203e-01
0.000000000000000000e+00
6.906282732703999949e-02
7.213898209758190516e-02
6.621060034415400530e-02
6.890763794352508520e-02
6.346726498674827577e-02
7.023640263222322155e-02
2.475682071419829655e-01
7.728159675363446834e-02
1.502915582333437805e-01
1.308413112348601470e-01
7.761372114607588413e-02
1.538077843235283459e-01
2.391472043347390164e-01
1.914867719376495137e-01
8.753516193798190070e-02
7.917097674563429444e-02
2.692139422175747199e-01
1.459651690492723142e-01
2.228601453344773442e-01
1.285265808420642808e-01
3.402105529431808523e-02
8.499694764084309018e-02
2.891339378663283499e-01
2.327340088845160637e-01
1.327573903347406270e-01
2.257597622604642917e-01
0.000000000000000000e+00
1.839612713113028819e-01
1.856300268096514605e-01
1.888481888481888249e-01
1.893583724569640192e-01
3.055555555555555247e-01
1.851880534296567182e-01
5.442337498789110439e-01
8.369279819954988930e-02
6.168903867881851966e-01
3.872739938570659013e-01
2.744997295988559904e-01
4.749430475735967327e-01
2.873641304347825942e-01
3.960217824315187540e-01
3.618344953821036603e-01
3.855801744509980700e-01
3.693258807588075676e-01
3.977461206117412496e-01
4.216439976345357499e-01
3.734504132231404316e-01
5.980476190476190501e-01
2.360700111405096835e-01
3.197123595505617644e-01
4.269826438664756640e-01
1.743437880964820719e-01
3.468323977546110548e-01
0.000000000000000000e+00
