2.880480621729533119e-01
2.975460576209654207e-01
2.971490271807969985e-01
3.194995633365151910e-01
2.297681376215407467e-01
2.923444355082693291e-01
7.582371385586396118e-01
1.476910231826106257e-01
7.185639095582667668e-01
2.223244274656117903e-01
1.526121082278485697e-01
6.571769031412302287e-01
3.928486679170308804e-01
3.552292977347921710e-01
7.824859153904697995e-03
3.013756096054984734e-01
3.281482693725095157e-01
1.865286101634646421e-01
9.454658108729977473e-01
2.551920941874342708e-01
6.887325410717433094e-01
2.022200626980985017e-01
3.259305120461210015e-01
6.608738272816487846e-01
4.392362719411955774e-01
1.810435811782463988e-01
0.000000000000000000e+00
7.004736559402313656e-02
7.175027371354633643e-02
6.974401245592343201e-02
7.409793814432989734e-02
3.389830508474576259e-02
7.003116200989589757e-02
5.152524167561761681e-01
1.833333333333333481e-01
2.428571428571428825e-01
3.291925465838508869e-01
1.213017751479289752e-01
3.253871522798967297e-01
1.782786885245901398e-01
3.009404388714733147e-01
6.566003011544252477e-02
2.439688715953307607e-01
1.750841750841750921e-01
1.666999511827097491e-01
3.402366863905325056e-01
3.011664899257688321e-01
3.818181818181818343e-01
2.822869400214503832e-01
2.196307511686675373e-01
6.553984132459468315e-01
4.521739130434782039e-01
1.103448275862068950e-01
0.000000000000000000e+00
7.802639127940332042e-02
8.275862068965515739e-02
7.556080283353008853e-02
8.597285067873303155e-02
1.250000000000000000e-01
7.686841157260920765e-02
0.000000000000000000e+00
0.000000000000000000e+00
2.515527950310559313e-01
0.000000000000000000e+00
0.000000000000000000e+00
4.855072463768116409e-01
0.000000000000000000e+00
0.000000000000000000e+00
0.000000000000000000e+00
1.818181818181818232e-01
1.381254404510218470e-01
0.000000000000000000e+00
3.665413533834586124e-01
0.000000000000000000e+00
2.657342657342657288e-01
8.916083916083916705e-02
0.000000000000000000e+00
0.000000000000000000e+00
0.000000000000000000e+00
0.000000000000000000e+00
0.000000000000000000e+00
2.693986269735768047e-01
2.733080913969044290e-01
2.622518031489557977e-01
2.677308911741066444e-01
1.037972520771471840e-01
2.676935002535522634e-01
6.705820887357208937e-01
2.789339324205080684e-01
3.723166041294604933e-01
4.175614331738062290e-01
1.678049097328254691e-01
4.231463548090979576e-01
3.212186629592622134e-01
5.305629542522748432e-01
1.500850759713010241e-01
1.983484540655958694e-01
2.839030838724864725e-01
3.861052112465185315e-01
5.603817069226585401e-01
3.398159915281861454e-01
3.518641864268209352e-01
2.408289641508966072e-01
6.396586768845129445e-01
8.500302565310379199e-01
6.530585884253300444e-01
2.886486740567225651e-01
0.000000000000000000e+00
7.257562021524836815e-02
7.469731282301868280e-02
6.877600825487865943e-02
7.167983008888136054e-02
1.077386953876683338e-02
7.165981007799861191e-02
4.496803377331622387e-01
7.780413865556853881e-02
1.386196537104933957e-01
1.743575504741630422e-01
2.815848773044170653e-02
1.790528375882269596e-01
1.031814294333360943e-01
2.814970484249013638e-01
2.252553002931119083e-02
3.934210923021179418e-02
8.060096103230808551e-02
1.490772341517187238e-01
3.140276574535524334e-01
1.154749080982842985e-01
1.238084056898085678e-01
5.799858997399384014e-02
4.091632229136456522e-01
7.225514370182222201e-01
4.264855199160847432e-01
8.331805703470407387e-02
0.000000000000000000e+00
1.921700694590612601e-01
1.992493297587131229e-01
2.120472120472120525e-01
2.073552425665101673e-01
2.500000000000000000e-01
1.979271253778172590e-01
7.995527083886130315e-01
7.382689126184389938e-02
7.493584260051326940e-01
2.113086510263929296e-01
1.490322142526777638e-01
6.940739744644096598e-01
4.005131964809384160e-01
3.135825562741264561e-01
1.521189252467608499e-04
3.052728564809202849e-01
2.983319432860717102e-01
2.219085526569063438e-01
8.925671103090458969e-01
2.388563049853372477e-01
6.236211998923862909e-01
1.818984980857956402e-01
4.001831501831502047e-01
6.173512515022990810e-01
3.755711510509370799e-01
2.026743448343175102e-01
0.000000000000000000e+00
