2.708492367107693255e-01
2.745557472332905147e-01
2.702462235259843193e-01
2.707399768959165010e-01
2.814079463294122951e-01
2.709267114143029676e-01
3.395394126131478507e-01
1.575046802501299803e-01
6.508465603144355516e-01
4.550965550551731575e-01
3.927933719705971605e-01
3.597619022033194947e-01
2.412155616515183065e-01
5.639801806203584844e-01
7.064945732172811521e-01
3.939062834228065912e-01
4.856135302234515505e-01
5.091670055639141435e-01
2.814242155505045084e-01
3.092503035714147530e-01
3.525952644592516005e-01
1.999314530193176398e-01
2.371709672396206392e-01
3.511015185377164283e-01
2.430344342276599956e-01
4.268033311576099886e-01
0.000000000000000000e+00
1.493236974461643607e-01
1.558674231113765241e-01
1.469066263680908480e-01
1.570324005891016172e-01
1.186440677966101725e-01
1.506282770315872654e-01
3.518796992481202923e-01
2.095238095238095288e-01
2.899659863945578397e-01
4.285714285714285476e-01
3.509615384615384914e-01
2.107453713643945847e-01
2.013888888888888673e-01
3.484573502722322913e-01
5.436968606932636172e-01
4.559296227372694466e-01
3.095238095238094789e-01
4.441303548446405847e-01
1.474358974358974117e-01
5.012836970474967568e-01
2.857142857142856984e-01
3.450360381306672997e-01
1.313211322799849867e-01
4.961666425575003703e-01
2.166666666666666186e-01
3.348837209302326090e-01
0.000000000000000000e+00
8.491107286288009093e-02
8.605697151424286651e-02
6.847697756788664880e-02
6.561085972850680403e-02
1.250000000000000000e-01
7.710366186278427847e-02
0.000000000000000000e+00
0.000000000000000000e+00
0.000000000000000000e+00
6.691347867818456252e-02
0.000000000000000000e+00
0.000000000000000000e+00
0.000000000000000000e+00
9.651669085631350842e-02
2.622282608695651884e-01
7.042253521126760896e-02
1.231774761186525818e-01
0.000000000000000000e+00
0.000000000000000000e+00
0.000000000000000000e+00
0.000000000000000000e+00
0.000000000000000000e+00
0.000000000000000000e+00
0.000000000000000000e+00
0.000000000000000000e+00
0.000000000000000000e+00
0.000000000000000000e+00
3.788349964416328208e-01
3.831797005184205407e-01
3.661184830867588724e-01
3.635535648262683273e-01
2.241361922194536060e-01
3.776039994297978319e-01
4.271060046811326338e-01
2.441226170789468353e-01
4.480083768357010499e-01
4.699588575378114141e-01
3.205954118014078258e-01
3.724925583662321849e-01
3.572330932817692206e-01
4.950356811889465858e-01
3.912307325227538102e-01
3.434839772121284773e-01
5.224876818308484827e-01
6.621584821858036429e-01
3.225841257701309028e-01
4.014437797263448182e-01
2.193733626037271678e-01
2.832038495934924294e-01
4.472276516056669093e-01
5.415088312903009182e-01
3.710195447796703627e-01
6.322543674071624542e-01
0.000000000000000000e+00
1.435159545289319549e-01
1.468266828893865228e-01
1.340427436577493470e-01
1.321711944978876674e-01
5.023703266263585682e-02
1.425847803853787510e-01
1.824195392346796840e-01
5.959585216947408531e-02
2.007115057149594650e-01
2.208613277782449091e-01
1.027814180681142775e-01
1.387507060382208446e-01
1.276154829356612175e-01
2.450603256502043303e-01
1.530614860702904645e-01
1.179812426014619636e-01
2.729933776649739463e-01
4.384538555306072283e-01
1.040605181988796535e-01
1.611571082809740707e-01
4.812467222006635431e-02
8.020442042457347209e-02
2.000125723607197592e-01
2.932318143653876996e-01
1.376555026085138356e-01
3.997455851054312337e-01
0.000000000000000000e+00
1.620711429172805584e-01
1.646112600536192849e-01
1.668701668701668417e-01
1.517996870109546426e-01
2.222222222222222099e-01
1.644299359291978013e-01
3.069397522522522292e-01
1.031341642228739142e-01
6.449076112043754527e-01
4.579845772301014972e-01
3.760185174008039977e-01
3.591985044568336005e-01
2.088516746411483438e-01
5.360413527540599521e-01
6.885347297151814816e-01
3.792038435140699382e-01
4.384155671284383771e-01
5.431368787143276977e-01
2.796052631578946901e-01
3.020874751491053889e-01
3.788667992047713984e-01
1.932158819380470072e-01
2.895266089108911034e-01
3.173200340515515139e-01
2.132907700285195662e-01
4.103535353535353591e-01
0.000000000000000000e+00
