3.779689645642803075e-01
3.907570058612147568e-01
3.741596571684931982e-01
4.173387298627763697e-01
3.364269385949202884e-01
3.806739723945302689e-01
7.888519216674236834e-01
1.453794591177350881e-01
5.482713652930424342e-01
3.367952429080835475e-01
1.576398219363680797e-01
5.795685608128120503e-01
4.769358190495948113e-01
3.367009219368294337e-01
1.520308182698515420e-01
4.690046086692509220e-01
3.401101264334868701e-01
1.234912589350787848e-01
6.919267913278099869e-01
3.605493153827601382e-01
6.993301068105864937e-01
1.566282742420464502e-01
2.622730063614402418e-01
4.857833441567837029e-01
3.386514449003711347e-01
2.282259194932223789e-01
0.000000000000000000e+00
1.184384003125152629e-01
1.217029959191798516e-01
1.159041992947749261e-01
1.249999999999999861e-01
1.050847457627118592e-01
1.184648649963922357e-01
5.663772691397001013e-01
2.516339869281046249e-01
2.725274725274725585e-01
2.944444444444444531e-01
1.437246963562752999e-01
2.744479495268138947e-01
3.536585365853658347e-01
1.883936080740117869e-01
1.487143618438582504e-01
4.719145964282151495e-01
2.850877192982455566e-01
1.684397163120567309e-01
2.806952662721893255e-01
2.308943089430894324e-01
3.025210084033613245e-01
2.864450127877237740e-01
1.471274976788137512e-01
4.225595032769921544e-01
2.962025316455695889e-01
1.974468085106383108e-01
0.000000000000000000e+00
1.308089500860585286e-01
1.478260869565217184e-01
1.523022432113341207e-01
1.561085972850679016e-01
1.250000000000000000e-01
1.371173801951308946e-01
6.627450980392156632e-01
0.000000000000000000e+00
0.000000000000000000e+00
7.296650717703348499e-02
0.000000000000000000e+00
2.350877192982456232e-01
0.000000000000000000e+00
1.175950486295313929e-01
0.000000000000000000e+00
1.933701657458563594e-01
5.917874396135265613e-02
0.000000000000000000e+00
1.923076923076922906e-01
8.823529411764705066e-02
3.140495867768595128e-01
0.000000000000000000e+00
8.769230769230769440e-02
1.288461538461538602e-01
0.000000000000000000e+00
0.000000000000000000e+00
0.000000000000000000e+00
3.398661079132201390e-01
3.468111924077585950e-01
3.230066164232450188e-01
3.402196804467592650e-01
2.230906350116858838e-01
3.383476493532548979e-01
5.163437587970869380e-01
2.495610908957331120e-01
3.677472209225369215e-01
2.804012741773533879e-01
1.951645453453103030e-01
3.745729259591562554e-01
4.863005224947775096e-01
2.979521113985588721e-01
2.207290691924875814e-01
3.261750208366900883e-01
3.706671279453803147e-01
3.064264777204311341e-01
4.724713903743086307e-01
2.467896003747341860e-01
1.976757659646875831e-01
2.311769288479586237e-01
4.177563304213776085e-01
4.470405346392578028e-01
3.389931170598789456e-01
3.525953442985158004e-01
0.000000000000000000e+00
1.155089713080806046e-01
1.202780031792913540e-01
1.043332742531933588e-01
1.157494309632949858e-01
4.976943142991724356e-02
1.144791318228731425e-01
2.666108772487042478e-01
6.228073808906833819e-02
1.352380184962491960e-01
7.862487456028333099e-02
3.808919975984168677e-02
1.403048768616035336e-01
2.364881981786935983e-01
8.877546068685920888e-02
4.872132198658195995e-02
1.063901442178152024e-01
1.373941197392768987e-01
9.389718624814986925e-02
2.232292147222323664e-01
6.090510685312101880e-02
3.907570844972593077e-02
5.344277243157411622e-02
1.745203516071352767e-01
1.998452396105535045e-01
1.149163334139728099e-01
1.243234768209889041e-01
0.000000000000000000e+00
2.866764891601767395e-01
2.957640750670241236e-01
2.808302808302808318e-01
3.255086071987480789e-01
2.777777777777777901e-01
2.939916367459475821e-01
7.516891891891891442e-01
8.585858585858587022e-02
5.566662593180985441e-01
3.430178069353326809e-01
1.802954824397319245e-01
6.101045221100639404e-01
4.764705882352940902e-01
3.174448767833982221e-01
1.444196986627073465e-01
4.914611005692599011e-01
3.343079922027289985e-01
1.273016484437676787e-01
6.501547987616098645e-01
3.802816901408450634e-01
7.786885245901639108e-01
1.518602139982330457e-01
3.090361445783132432e-01
4.681071588443924680e-01
3.266283524904214364e-01
2.156862745098039325e-01
0.000000000000000000e+00
