2.744581255180117418e-01
2.776774730521882617e-01
2.760747497034353737e-01
2.805548148618891569e-01
3.729099814220570575e-01
2.763121391256348480e-01
4.211110426662691975e-01
3.207583913711412604e-01
5.864291830071494127e-01
3.702924398514997884e-01
3.667709486190264823e-01
4.863409841014120216e-01
3.758522560312884120e-01
4.763299381993859050e-01
5.565314552978903873e-01
3.790873914281084889e-01
4.815376726484682512e-01
5.141436278692156359e-01
4.071363408794057004e-01
3.505780591786113454e-01
3.247199776421144657e-01
2.133650402375441013e-01
2.136821975596893408e-01
4.057462346714679757e-01
2.944963193384276812e-01
3.740826055345194967e-01
0.000000000000000000e+00
9.546364568582449417e-02
9.562555986861749624e-02
9.529697302743050935e-02
9.536082474226803551e-02
1.016949152542372808e-01
9.578793607168466229e-02
3.312741312741313005e-01
3.273809523809524391e-01
2.767857142857143016e-01
2.953394123606889465e-01
3.449704142011834618e-01
2.458596214511040712e-01
3.222222222222221877e-01
2.758620689655172376e-01
3.510242653334959551e-01
4.590466926070038700e-01
2.888888888888888618e-01
3.048926586160628505e-01
1.871301775147928836e-01
7.553191489361702482e-01
2.000000000000000111e-01
2.885650827836855337e-01
1.650720529175525586e-01
3.726049735018344689e-01
2.399999999999999911e-01
2.909090909090909505e-01
0.000000000000000000e+00
1.187607573149741663e-01
1.127436281859070383e-01
1.216056670602125023e-01
1.176470588235294379e-01
1.250000000000000000e-01
1.205845323440574990e-01
0.000000000000000000e+00
0.000000000000000000e+00
0.000000000000000000e+00
0.000000000000000000e+00
0.000000000000000000e+00
0.000000000000000000e+00
0.000000000000000000e+00
1.573964497041420441e-01
1.566558441558441594e-01
0.000000000000000000e+00
9.839357429718875725e-02
1.484848484848484695e-01
0.000000000000000000e+00
0.000000000000000000e+00
0.000000000000000000e+00
5.811965811965812828e-02
0.000000000000000000e+00
1.288461538461538602e-01
0.000000000000000000e+00
0.000000000000000000e+00
0.000000000000000000e+00
2.732714538568149498e-01
2.739285114110429076e-01
2.685534645658069208e-01
2.642307271673179359e-01
1.937702546314563345e-01
2.740127667073374296e-01
4.153625062474999852e-01
3.536035324483335351e-01
4.095969057212940356e-01
4.117712803057278492e-01
2.948052952023224593e-01
3.376369984036127758e-01
4.774345624171152380e-01
4.280255739909431534e-01
3.861235782667436500e-01
3.768313209312090795e-01
4.311246927400521067e-01
4.777124514277004130e-01
3.293456857172731844e-01
5.436741882639819501e-01
1.580561768355364938e-01
2.312845892751207721e-01
4.746506708309969902e-01
4.447830607328920882e-01
3.383824403479604448e-01
4.693959859543719304e-01
0.000000000000000000e+00
7.467728749301734414e-02
7.503682936386989188e-02
7.212096333029811845e-02
6.981787717936961679e-02
3.754691157993942513e-02
7.508299631860972101e-02
1.725260115962044538e-01
1.250354581599396886e-01
1.677696251764586310e-01
1.695555872846183365e-01
8.691016207932848736e-02
1.139987426910011870e-01
2.279437613904222726e-01
1.832058919902763705e-01
1.490914176935140834e-01
1.420018444347599107e-01
1.858685006902043579e-01
2.282091862490630563e-01
1.084685807005808661e-01
2.955816229844996923e-01
2.498175503586638410e-02
5.349256123616131370e-02
2.252932593203154921e-01
1.978319711149195970e-01
1.145026759358410140e-01
2.203325916300769016e-01
0.000000000000000000e+00
2.308987581561776359e-01
2.371045576407506683e-01
2.364672364672364413e-01
2.300469483568075568e-01
3.333333333333333148e-01
2.342714948517426454e-01
4.196246443785344726e-01
2.402247639313738470e-01
5.879270348470665430e-01
3.711275955913340696e-01
3.547812237238667787e-01
5.068560645222069949e-01
3.022388059701492380e-01
4.696864208532917084e-01
5.642597518200218598e-01
3.681326995656198919e-01
4.562526009155222217e-01
5.156189200522683924e-01
4.237250495902920022e-01
3.556479916807487318e-01
3.459795523625310287e-01
2.104160968347489336e-01
2.802780345587712607e-01
3.841228810100405511e-01
3.035464829266755760e-01
3.405225726654298457e-01
0.000000000000000000e+00
