3.161758458312468045e-01
3.233829807742871210e-01
3.234114581655164189e-01
3.366573917988504028e-01
4.077063936244293973e-01
3.210214207782103313e-01
5.621601329134143787e-01
2.311178743579569150e-01
5.854971969481014282e-01
3.629739159949676996e-01
2.577221280681958326e-01
5.713531146168334685e-01
3.879169917232125342e-01
4.212753842820826100e-01
3.694134678152289353e-01
3.340945360497782346e-01
5.231107988757578431e-01
4.052435278732134938e-01
5.278963874877758977e-01
3.600172956219605536e-01
4.403889534495410429e-01
2.295233695564745102e-01
2.304443660457980714e-01
3.972557856102931773e-01
3.602709534936038294e-01
3.275401293653488199e-01
0.000000000000000000e+00
9.727037453000635103e-02
9.812630636010749585e-02
9.341942574529468746e-02
1.070508100147275349e-01
1.322033898305084720e-01
9.847803051120175566e-02
4.229405630865484822e-01
2.573099415204678220e-01
2.704471101417666445e-01
3.467829880043620805e-01
2.644230769230769829e-01
2.816702639880457881e-01
3.068783068783068613e-01
2.829354553492484103e-01
3.014988009592326490e-01
4.719145964282151495e-01
4.739583333333333148e-01
5.451103277190232355e-01
2.363476218438050613e-01
5.772357723577234978e-01
2.285714285714285643e-01
4.103875663977966104e-01
2.533103646876039838e-01
3.573646084856847982e-01
2.836363636363635754e-01
2.333333333333333648e-01
0.000000000000000000e+00
5.565117613310384403e-02
5.577211394302847292e-02
5.785123966942148227e-02
5.882352941176471200e-02
1.250000000000000000e-01
5.635851917702929675e-02
0.000000000000000000e+00
0.000000000000000000e+00
0.000000000000000000e+00
0.000000000000000000e+00
0.000000000000000000e+00
2.278911564625850372e-01
0.000000000000000000e+00
2.087912087912087988e-01
1.058114035087719257e-01
1.526717557251908441e-01
1.014492753623188331e-01
0.000000000000000000e+00
0.000000000000000000e+00
0.000000000000000000e+00
0.000000000000000000e+00
7.544378698224853130e-02
0.000000000000000000e+00
0.000000000000000000e+00
0.000000000000000000e+00
0.000000000000000000e+00
0.000000000000000000e+00
3.292143127272609826e-01
3.340534476863525337e-01
3.221191720234986566e-01
3.269335570074636821e-01
3.061837414377914235e-01
3.312237382548133824e-01
5.769985419290042383e-01
2.878412878864416435e-01
4.237355314545988016e-01
4.916976525375846840e-01
2.610167010022118039e-01
4.421686726699771697e-01
5.152592309753576405e-01
3.678092713976361949e-01
3.422441765588317697e-01
2.938813645007017916e-01
6.732267251845216460e-01
7.013537053428429147e-01
4.622068894966413488e-01
5.559621991353907999e-01
2.084114198933411932e-01
2.842155284300004747e-01
5.115764280191883451e-01
4.840781816704036733e-01
4.433095462662173802e-01
4.906016435739229409e-01
0.000000000000000000e+00
1.083820637044827923e-01
1.115917059111386778e-01
1.037607609851043250e-01
1.068855506975525116e-01
9.374848352084433345e-02
1.097091647834931571e-01
3.329273173881967529e-01
8.285260701212535106e-02
1.795518006171112901e-01
2.417665815109713567e-01
6.812971820207802676e-02
1.955131350907294008e-01
2.654920751053169159e-01
1.352836601260599958e-01
1.171310763884328005e-01
8.636625640079434452e-02
4.532342235026755040e-01
4.918970199981353986e-01
2.136352086981603560e-01
3.090939668674599350e-01
4.343531994195856671e-02
8.077846660074439189e-02
2.617104417048718434e-01
2.343316859693243548e-01
1.965233538107595823e-01
2.406899726774344994e-01
0.000000000000000000e+00
2.163754998947589880e-01
2.142627345844503872e-01
2.181522181522181358e-01
2.245696400625978306e-01
3.055555555555555247e-01
2.237776799341908429e-01
5.263695988652893343e-01
2.166742052209873481e-01
5.798606867896859418e-01
3.483875505538948092e-01
2.242606078006594839e-01
6.193517526940320872e-01
3.054758522727272774e-01
4.270649130562924056e-01
3.653355748869608899e-01
3.043946466291932995e-01
4.622641509433961793e-01
3.730135649018103128e-01
5.170059582919562802e-01
3.003970115250602646e-01
5.209049739744817664e-01
2.155998154067804151e-01
3.034264399722415018e-01
4.168611746860052536e-01
3.165782493368700656e-01
3.104350220264317506e-01
0.000000000000000000e+00
