6.271726215647812630e-01
6.266384270005651569e-01
5.993284499995724657e-01
6.246091831943695327e-01
4.575652250428967061e-01
6.176190338718592354e-01
2.426092028893714059e-01
1.498331942961258489e-01
4.878345733142407381e-01
3.842391997409498328e-01
5.094947500182954725e-01
3.098418825056059034e-01
3.881189809776260380e-01
6.407593329547578431e-01
6.317224787860105106e-01
4.907033210091722997e-01
2.644250553233081225e-01
6.115519374856954737e-01
4.316125916415957109e-01
3.217336848004471173e-01
3.780641497402427165e-01
2.880132190290918270e-01
1.873309316445894990e-01
2.255816479965294663e-01
2.305033765940228685e-01
4.334652344900360443e-01
0.000000000000000000e+00
2.631231993749694742e-01
2.628396536279486440e-01
2.612538352337774872e-01
2.647275405007363802e-01
1.525423728813559143e-01
2.633409966006565739e-01
1.872749099639856030e-01
1.064204045734388759e-01
1.791907514450867267e-01
2.997023809523809423e-01
5.549450549450549719e-01
2.508020103726674166e-01
3.452380952380951773e-01
4.203612479474548302e-01
3.874400479616307291e-01
5.723002312073535158e-01
2.015503875968992220e-01
3.701527614571092362e-01
1.795248868778280271e-01
2.208554259455637880e-01
2.058823529411764608e-01
3.827879874495741519e-01
1.607126411928871956e-01
1.697629724535554274e-01
2.294117647058823428e-01
2.330097087378640852e-01
0.000000000000000000e+00
9.294320137693630468e-02
1.001499250374812550e-01
8.382526564344744413e-02
9.502262443438916351e-02
1.250000000000000000e-01
9.196309436728714037e-02
0.000000000000000000e+00
0.000000000000000000e+00
2.012422360248447561e-01
5.874422187981509502e-02
2.601941747572815156e-01
0.000000000000000000e+00
0.000000000000000000e+00
3.510558069381599644e-01
4.308035714285713969e-01
2.370689655172413812e-01
1.038135593220338992e-01
0.000000000000000000e+00
9.375000000000000000e-02
0.000000000000000000e+00
1.811440677966101864e-01
9.615384615384615918e-02
8.382352941176471339e-02
1.570312499999999833e-01
0.000000000000000000e+00
1.159420289855072478e-01
0.000000000000000000e+00
6.132837930341672461e-01
6.092090091844087896e-01
5.971685504158836810e-01
5.770679786437591385e-01
3.437397838233234304e-01
6.100361129739384491e-01
2.184442317650476806e-01
1.465484185618887436e-01
2.367077847214476838e-01
3.694514829199087025e-01
4.117470619232307394e-01
3.967152888302207248e-01
4.811910599277621214e-01
4.847375777848614287e-01
3.224463310461611609e-01
3.236677737189964099e-01
2.402600087468199364e-01
5.042200826424572124e-01
2.913379366371173229e-01
2.335114801506626425e-01
1.453875018855627643e-01
2.644811737058120338e-01
4.286403093794613484e-01
2.779192101617550814e-01
2.930726074760092170e-01
3.571871117585279642e-01
0.000000000000000000e+00
3.761170107983752842e-01
3.711356168714490811e-01
3.566102776058077684e-01
3.330074519759941842e-01
1.181570389829051382e-01
3.721440591323517677e-01
4.771788239142186333e-02
2.147643898299053666e-02
5.603057534773520781e-02
1.364943982317195770e-01
1.695356430024128058e-01
1.573830203916454507e-01
2.315448361544031053e-01
2.349705193167345163e-01
1.039716364051305186e-01
1.047608277442114572e-01
5.772487180302199317e-02
2.542378917399663596e-01
8.487779332397299425e-02
5.452761136215331095e-02
2.113752570452451240e-02
6.995029124480391103e-02
1.837325148249203677e-01
7.723908737693380155e-02
8.589155325278696740e-02
1.275826328063991433e-01
0.000000000000000000e+00
5.916649126499684552e-01
5.873458445040213860e-01
5.254375254375254212e-01
5.829420970266040447e-01
3.611111111111111049e-01
5.739044773569902391e-01
2.570065316631651720e-01
1.220205554340695331e-01
4.623597834716036137e-01
3.882254145225843556e-01
5.021074664448874625e-01
3.100169208938052257e-01
2.994546796413732892e-01
6.255211846219878025e-01
6.507351336353728311e-01
4.779062953454626395e-01
2.394528368108529981e-01
6.597575561854869264e-01
3.823770884510183654e-01
3.285694311938678336e-01
3.689471039075261083e-01
2.860080890614650762e-01
2.549739580779001868e-01
2.318558101812957517e-01
2.125303101286024621e-01
4.630511998613878744e-01
0.000000000000000000e+00
