2.950606923903341672e-01
3.001860831012998498e-01
2.861521210988600128e-01
2.891700685798619386e-01
2.975816504612316393e-01
2.924340266568159485e-01
2.913255163428877803e-01
2.499559949613319176e-01
4.712709374718535016e-01
5.012369869932724598e-01
5.148108551911354525e-01
2.188575772725868118e-01
2.326583014932209481e-01
6.188264836422602277e-01
1.000000000000000000e+00
5.088298273046771847e-01
3.817004708646214439e-01
7.345369742274325819e-01
2.408227220409084324e-01
3.189614824695090056e-01
2.412416004432232641e-01
1.983044158256784817e-01
1.463562685000622532e-01
1.974623463697870451e-01
1.289951760054593721e-01
3.203009107630510055e-01
0.000000000000000000e+00
2.242541139704087305e-01
2.293719518264158430e-01
2.204057333882859238e-01
2.229381443298968923e-01
1.661016949152542277e-01
2.244238876072172650e-01
2.571428571428571730e-01
2.920353982300885054e-01
2.857142857142856984e-01
4.781954887218045069e-01
5.372073578595317755e-01
1.507056284243732114e-01
2.248062015503875799e-01
3.993431855500820804e-01
6.943730729701953486e-01
7.162966353856717872e-01
3.714285714285713857e-01
6.273051575064997332e-01
1.712158808933002263e-01
3.729831144465290960e-01
1.523809523809523947e-01
6.362048530971243787e-01
6.614694070399246284e-02
3.376417831706673978e-01
1.395973154362415980e-01
3.130434782608695898e-01
0.000000000000000000e+00
5.851979345955249379e-02
5.967016491754122132e-02
6.021251475796930014e-02
5.656108597285067902e-02
1.250000000000000000e-01
5.659367346199906806e-02
0.000000000000000000e+00
0.000000000000000000e+00
0.000000000000000000e+00
0.000000000000000000e+00
0.000000000000000000e+00
0.000000000000000000e+00
0.000000000000000000e+00
2.224080267558528612e-01
3.933423913043478382e-01
2.702702702702702853e-01
1.103603603603603572e-01
1.195121951219512146e-01
0.000000000000000000e+00
0.000000000000000000e+00
0.000000000000000000e+00
9.018567639257295265e-02
0.000000000000000000e+00
0.000000000000000000e+00
0.000000000000000000e+00
0.000000000000000000e+00
0.000000000000000000e+00
4.168769390272201170e-01
4.225106171014981760e-01
4.038418222324476892e-01
3.873463996243182716e-01
2.559995187530114125e-01
4.146441162236890743e-01
3.687871391991054404e-01
3.800559422658120190e-01
3.941622072489120443e-01
6.049508246909742759e-01
4.858897329585670222e-01
3.269496248532864358e-01
3.721113201421952787e-01
5.103173478654976503e-01
5.519429359356134990e-01
4.592910696014236849e-01
4.758550387043437024e-01
7.340302176388845412e-01
3.225858068214346175e-01
3.898765558641859030e-01
1.483702694538574507e-01
3.444776017508621724e-01
3.631052913230445878e-01
4.339133173476860117e-01
2.205367822151297064e-01
5.023936202200496304e-01
0.000000000000000000e+00
1.737863822927046276e-01
1.785152215634888406e-01
1.630882173840239036e-01
1.500372333019220628e-01
6.553575360177343878e-02
1.719297431189241721e-01
1.360039540386603907e-01
1.444425192515542133e-01
1.553638456233342735e-01
3.659655002942898694e-01
2.360888325945475763e-01
1.068960571917047103e-01
1.384668345779673237e-01
2.604237955324753551e-01
3.046410045292246571e-01
2.109482866156197622e-01
2.264380178603124516e-01
5.388003604069884211e-01
1.040616027626359436e-01
1.520037288125197228e-01
2.201373685781026282e-02
1.186648181080256215e-01
1.318454525867930882e-01
1.882807669716737575e-01
4.863647230980355785e-02
2.523993496378074686e-01
0.000000000000000000e+00
2.056409177015365020e-01
2.100804289544235814e-01
1.908831908831908897e-01
1.964006259780907704e-01
2.777777777777777901e-01
2.038666804958422785e-01
2.830280446559516050e-01
1.549175904014613581e-01
4.999650295097137209e-01
5.032677925903256133e-01
5.238291703080435457e-01
2.552956400128716385e-01
1.730895675043834236e-01
5.933450537294564509e-01
9.833325627269108304e-01
4.549002162573269614e-01
3.421437449733128466e-01
7.267071656930257362e-01
2.499610831264419408e-01
3.203426640926640978e-01
2.721163127413127603e-01
1.700316853749590795e-01
2.449876847290640702e-01
1.704824026689832905e-01
1.372083006327561583e-01
3.006096872530201747e-01
0.000000000000000000e+00
