4.150269749197229574e-01
4.204257756151202896e-01
4.215604437750930522e-01
4.290221724695320593e-01
5.276782964494698414e-01
4.194221922833253346e-01
4.504303205548614852e-01
1.834458883109211791e-01
6.271770702873192826e-01
4.097296814972259948e-01
3.097827769775869378e-01
5.316226222070662422e-01
4.264385439143815737e-01
4.387101984991277903e-01
3.555092204079884910e-01
3.684698504766745208e-01
5.876215716492175778e-01
4.217087548296130084e-01
5.223074586118150453e-01
4.064502867409709452e-01
3.899820565871435218e-01
1.684257497351831778e-01
2.891175818729100344e-01
4.164097921691540805e-01
3.556175397957763162e-01
3.187573869716973096e-01
0.000000000000000000e+00
4.114702866350896104e-01
4.240444908928038270e-01
4.108622979346979731e-01
4.369477172312223878e-01
4.169491525423728584e-01
4.186918621768604964e-01
3.565714285714285947e-01
1.815181518151815498e-01
3.007054673721340499e-01
3.775778027746531929e-01
3.311603650586701919e-01
3.956006479665785669e-01
3.249299719887954740e-01
3.366452367036820714e-01
2.721530092998771799e-01
5.182710201319574717e-01
4.000000000000000222e-01
3.241161329396623492e-01
2.188739095955590797e-01
4.005309440849510461e-01
2.461538461538461675e-01
2.364205453017810266e-01
1.922143198867001801e-01
5.259557649920194589e-01
4.588235294117646856e-01
2.823529411764706398e-01
0.000000000000000000e+00
8.146873207114170568e-02
7.586206896551724033e-02
6.493506493506492894e-02
7.918552036199094646e-02
1.250000000000000000e-01
7.282289281505521794e-02
1.333333333333333315e-01
0.000000000000000000e+00
0.000000000000000000e+00
0.000000000000000000e+00
0.000000000000000000e+00
0.000000000000000000e+00
0.000000000000000000e+00
0.000000000000000000e+00
0.000000000000000000e+00
0.000000000000000000e+00
8.419243986254294765e-02
0.000000000000000000e+00
0.000000000000000000e+00
0.000000000000000000e+00
0.000000000000000000e+00
0.000000000000000000e+00
0.000000000000000000e+00
0.000000000000000000e+00
0.000000000000000000e+00
0.000000000000000000e+00
0.000000000000000000e+00
6.637417296458527627e-01
6.770476471326353218e-01
6.546290266006252745e-01
6.536346142266343806e-01
5.800654728165068885e-01
6.708280151491774479e-01
4.563102723089539348e-01
2.732290013447113974e-01
4.119879768721695923e-01
4.379621617503045572e-01
2.860662543370722233e-01
5.125994493890061454e-01
5.180318052089274428e-01
4.112371513527560696e-01
3.635996847542535271e-01
3.435640990933195305e-01
6.493833859388974394e-01
4.212315726585812992e-01
3.902376641785066380e-01
3.943239535418458508e-01
1.779654662951991873e-01
2.152962480869647643e-01
5.181779622998358148e-01
5.121098016536621556e-01
5.352134013662174228e-01
4.463245513804615094e-01
0.000000000000000000e+00
4.405530836732682309e-01
4.583935164878374935e-01
4.285391624680821021e-01
4.272382089152012008e-01
3.364759527538376815e-01
4.500102259089850398e-01
2.082190646146716839e-01
7.465408717582830422e-02
1.697340930872233145e-01
1.918108551249999294e-01
8.183390187044251030e-02
2.627581955139122183e-01
2.683569512080201114e-01
1.691159946527295843e-01
1.322047307533925076e-01
1.180362901858042629e-01
4.216987819334670484e-01
1.774360378044216868e-01
1.522854345434969114e-01
1.554913803368718483e-01
3.167170719366767945e-02
4.635247444032388614e-02
2.685084006132100742e-01
2.622564489497531959e-01
2.864533850019958527e-01
1.992056051649701842e-01
0.000000000000000000e+00
2.378446642812039602e-01
2.423592493297587191e-01
2.450142450142450135e-01
2.425665101721439787e-01
3.888888888888888395e-01
2.394859617685877184e-01
4.350862490397373605e-01
1.182197496522948560e-01
6.227544910179640958e-01
3.943434343434343292e-01
3.262307988676147463e-01
5.348520785062742533e-01
3.820754716981131782e-01
4.151664322550398523e-01
4.080897547061254071e-01
3.371300299301629444e-01
5.147058823529411242e-01
4.576380056782415329e-01
5.000000000000000000e-01
3.750000000000000000e-01
4.345114345114345356e-01
1.712861701746208332e-01
3.352941176470588536e-01
3.991974708171206476e-01
2.887161330049261010e-01
3.266331658291457551e-01
0.000000000000000000e+00
