2.811590728753442514e-01
2.827257539185293322e-01
2.763760173576320089e-01
2.804191220009971675e-01
3.573346728231680536e-01
2.803028476029929550e-01
3.635025201730293642e-01
2.286068680976368339e-01
5.793570884574124058e-01
4.370034574828555174e-01
3.922602089786898505e-01
3.864290521527882216e-01
3.668318494933108798e-01
5.804093007645584334e-01
5.962432292043107207e-01
3.346985913615912467e-01
5.163763568250918645e-01
4.974430090362338408e-01
3.843805066160692063e-01
2.907402732550230517e-01
3.369287159012428479e-01
2.089831231076292872e-01
2.154079773682615329e-01
4.266152245583594294e-01
3.044165641645761866e-01
4.401514345512432813e-01
0.000000000000000000e+00
1.463694516333805540e-01
1.498706081417338631e-01
1.471813893849887867e-01
1.542709867452135286e-01
1.661016949152542277e-01
1.477841208198811263e-01
3.804878048780488409e-01
3.666666666666666963e-01
5.194003527336861215e-01
4.985302763080540212e-01
5.033444816053511683e-01
5.195158942004367564e-01
3.717948717948718063e-01
4.503870513722730284e-01
6.849289798930088269e-01
5.806124175266452747e-01
6.372549019607842702e-01
5.240817740817740322e-01
2.601809954751130860e-01
2.734274711168164229e-01
2.758620689655172376e-01
4.387816786793768964e-01
2.197965830782454000e-01
5.459641255605380827e-01
5.571428571428570509e-01
4.056338028169014231e-01
0.000000000000000000e+00
4.819277108433735191e-02
4.617691154422788602e-02
4.014167650531286907e-02
4.524886877828054182e-02
1.250000000000000000e-01
4.796913260059568890e-02
0.000000000000000000e+00
0.000000000000000000e+00
0.000000000000000000e+00
0.000000000000000000e+00
0.000000000000000000e+00
0.000000000000000000e+00
0.000000000000000000e+00
0.000000000000000000e+00
0.000000000000000000e+00
0.000000000000000000e+00
9.959349593495935016e-02
0.000000000000000000e+00
0.000000000000000000e+00
0.000000000000000000e+00
0.000000000000000000e+00
0.000000000000000000e+00
0.000000000000000000e+00
0.000000000000000000e+00
0.000000000000000000e+00
0.000000000000000000e+00
0.000000000000000000e+00
3.000297131587920108e-01
2.998621612825015936e-01
2.862123951197291238e-01
2.860095324091392333e-01
2.402920003457507947e-01
2.980247835211219942e-01
4.234836929258267713e-01
3.163196242854055540e-01
4.124829092483549009e-01
5.188958262823193390e-01
3.561044273606638888e-01
4.211823918963836233e-01
4.546234289174074794e-01
5.206320853162886841e-01
4.224128923326774254e-01
3.565142642776488180e-01
6.059331713004703079e-01
5.609147026095755439e-01
4.408904100932818371e-01
2.927867308116853806e-01
1.771557878043138745e-01
2.695238687275479106e-01
4.697197853615410756e-01
5.538504778687329821e-01
4.644033157526880617e-01
6.105255234973107070e-01
0.000000000000000000e+00
9.001782877814699935e-02
8.991731576901298983e-02
8.191753512017194150e-02
8.180145262889447488e-02
5.774024543016229721e-02
8.881877159281162393e-02
1.793384381740959488e-01
1.000581047080601332e-01
1.701421504219865488e-01
2.692528785332109487e-01
1.268103631858663594e-01
1.773946072435588495e-01
2.066824621206210244e-01
2.710577682607872019e-01
1.784326516088580450e-01
1.271024206334332440e-01
3.671550080822451601e-01
3.146253036035885908e-01
1.943843537122222076e-01
8.572406973939432351e-02
3.138417315256708529e-02
7.264311581386449779e-02
2.206366767600922152e-01
3.067503518354239844e-01
2.156704396820909586e-01
3.727414148416652306e-01
0.000000000000000000e+00
2.087981477583666645e-01
2.067560321715817828e-01
1.961741961741961804e-01
1.987480438184663911e-01
3.333333333333333148e-01
2.068196990240517286e-01
3.340840840840840209e-01
1.752577319587628746e-01
5.730387963568660536e-01
4.077540106951871302e-01
3.853815937149270288e-01
4.090942399462650370e-01
3.157015590200445421e-01
5.545171339563862434e-01
6.001366430488899173e-01
3.195937873357227454e-01
4.700239808153476861e-01
5.127838326304836603e-01
3.684210526315789824e-01
2.711621233859397573e-01
3.810160427807486871e-01
2.051735039238293812e-01
2.745985401459853925e-01
3.835388775308317122e-01
2.540442741592166542e-01
4.166666666666666297e-01
0.000000000000000000e+00
