2.614697347619151513e-01
2.686787209447293323e-01
2.664750250567353707e-01
2.909253748791930105e-01
3.128956345659192895e-01
2.664711772306327386e-01
6.492431150101815041e-01
2.833405335614788134e-01
6.683455604483031776e-01
3.210064098784951026e-01
1.665788881905686247e-01
6.013934684207354886e-01
5.744177999923509859e-01
3.156056953884789906e-01
1.422451787373784637e-01
3.258421704066581936e-01
3.914215132319171508e-01
1.969293399769697361e-01
7.574250930369201829e-01
3.182192455321447566e-01
6.804844879597505836e-01
1.610388004306037013e-01
3.119146726562856964e-01
5.415232644708400933e-01
4.546619451063574902e-01
2.308274302438206582e-01
0.000000000000000000e+00
1.619219688461350781e-01
1.668532895391659221e-01
1.605073957045381750e-01
1.720360824742267758e-01
1.389830508474576287e-01
1.631444893700886301e-01
4.664451827242525050e-01
3.188405797101449557e-01
2.913533834586466420e-01
3.111545988258316853e-01
2.030411449016100156e-01
2.793220251331643422e-01
4.931972789115646183e-01
2.558720639680159836e-01
1.527265582491989515e-01
4.032857760484219733e-01
2.708333333333333148e-01
1.951951951951951814e-01
5.121457489878542546e-01
2.623798965262379990e-01
3.499999999999999778e-01
3.670076726342710871e-01
2.461093366212634415e-01
4.585836365174718599e-01
5.473684210526315042e-01
2.169491525423729028e-01
0.000000000000000000e+00
6.999426276534709279e-02
7.946026986506746215e-02
6.493506493506492894e-02
8.371040723981901244e-02
1.250000000000000000e-01
7.431628207887949755e-02
1.768707482993197022e-01
0.000000000000000000e+00
0.000000000000000000e+00
8.276797829036634802e-02
0.000000000000000000e+00
1.744791666666666852e-01
0.000000000000000000e+00
0.000000000000000000e+00
0.000000000000000000e+00
0.000000000000000000e+00
9.780439121756487331e-02
0.000000000000000000e+00
2.500000000000000000e-01
0.000000000000000000e+00
1.202531645569620278e-01
6.129807692307692735e-02
0.000000000000000000e+00
1.407563025210084029e-01
0.000000000000000000e+00
0.000000000000000000e+00
0.000000000000000000e+00
3.074287500371858939e-01
3.128813125726962463e-01
2.998804047731389866e-01
3.054690063482550788e-01
2.361688741885203668e-01
3.078973255934382425e-01
5.326213667320794931e-01
4.300175108018131631e-01
4.474767885849348370e-01
3.574033414660753860e-01
2.525309130690835402e-01
4.076108458327823425e-01
7.167975404856924415e-01
3.359547949798063482e-01
2.285269290179132717e-01
3.218089549121951887e-01
4.566570221364540938e-01
3.595671411182205235e-01
5.550475349001475767e-01
3.011993949397042125e-01
2.462007517189133410e-01
2.955139502081179370e-01
5.596552415594787666e-01
5.864377285225552683e-01
6.101920851329631912e-01
4.008154248653668650e-01
0.000000000000000000e+00
9.451243634942650684e-02
9.789471575721325758e-02
8.992825716690168447e-02
9.331131383939031410e-02
5.577573713547315931e-02
9.480076310759172342e-02
2.836855202995482439e-01
1.849150595961874810e-01
2.002354763222864709e-01
1.277371484911161148e-01
6.377186205550502973e-02
1.661466016405162005e-01
5.137987140463378122e-01
1.128656242699236784e-01
5.222455728635835848e-02
1.035610034616792630e-01
2.085356358665339249e-01
1.292885289719303277e-01
3.080777659987304906e-01
9.072107551204390552e-02
6.061481014695800640e-02
8.732849476760601304e-02
3.132139894049985607e-01
3.439092094346942741e-01
3.723343807589133414e-01
1.606530048100045516e-01
0.000000000000000000e+00
1.866975373605556376e-01
1.956032171581769119e-01
1.835571835571835342e-01
2.081377151799687075e-01
2.777777777777777901e-01
1.934156784246908733e-01
6.342998192184674533e-01
1.611410601976639712e-01
6.526710348856215038e-01
3.025793650793650591e-01
1.476306783683832835e-01
6.792360220982952557e-01
4.390534108937070856e-01
3.269277474195507183e-01
1.742188939391851321e-01
3.044418842805938774e-01
3.283164983164982842e-01
1.932766338650956928e-01
7.107735247208931684e-01
2.985148514851485579e-01
7.890795206971676912e-01
1.377326089447898361e-01
3.782075471698113089e-01
4.757613441026489198e-01
3.444007775524002835e-01
2.417116985541112872e-01
0.000000000000000000e+00
