2.663168026419064915e-01
2.711049174672620632e-01
2.574548730407448804e-01
2.584872852029664880e-01
2.695356999021920608e-01
2.632843268952030358e-01
2.584755168232884537e-01
2.141182043350068898e-01
5.113659032455536435e-01
5.556786927378396523e-01
3.839569487160092720e-01
3.226664130538730579e-01
1.976874074128285308e-01
7.431140577855417373e-01
9.678720542429986029e-01
3.798661129314000462e-01
3.790669551578853547e-01
6.718925653400454889e-01
2.610303540556257462e-01
2.320548660236152472e-01
2.733655704459733715e-01
1.722082177810273784e-01
1.872596841198657935e-01
2.588280626890534508e-01
1.620290978144188765e-01
4.181588150066501419e-01
0.000000000000000000e+00
1.059866204404511930e-01
1.095973922563949488e-01
9.955579978934835095e-02
1.068667157584683308e-01
7.118644067796610353e-02
1.046513390985220476e-01
2.701298701298701643e-01
2.910052910052909891e-01
2.384615384615384748e-01
5.047619047619047450e-01
4.600000000000000200e-01
2.046730471047425448e-01
1.835443037974683611e-01
3.910955914447839521e-01
6.100589407991680035e-01
3.909688388974266182e-01
2.280701754385964508e-01
4.384507458277949743e-01
1.511684518013631795e-01
2.886178861788617489e-01
1.944444444444444475e-01
3.069518716577540052e-01
1.430258850528162984e-01
2.405218100285365646e-01
1.719008264462809632e-01
3.459459459459459651e-01
0.000000000000000000e+00
5.737234652897303666e-02
6.866566716641678281e-02
6.847697756788664880e-02
7.013574660633484226e-02
1.250000000000000000e-01
6.169563404004468204e-02
0.000000000000000000e+00
0.000000000000000000e+00
0.000000000000000000e+00
1.336254107338444574e-01
0.000000000000000000e+00
0.000000000000000000e+00
0.000000000000000000e+00
3.697868396663577806e-01
3.174342105263157632e-01
1.333333333333333315e-01
8.900999091734786151e-02
2.177777777777777646e-01
0.000000000000000000e+00
0.000000000000000000e+00
0.000000000000000000e+00
0.000000000000000000e+00
0.000000000000000000e+00
7.037815126050420145e-02
0.000000000000000000e+00
0.000000000000000000e+00
0.000000000000000000e+00
2.567883650690057640e-01
2.595057006392125776e-01
2.379130310974991724e-01
2.401634401787031414e-01
1.608705145874081421e-01
2.521496596528183809e-01
3.613171584767057021e-01
3.194894000850031501e-01
3.667895163679979476e-01
5.580946795862982146e-01
3.409441884034002390e-01
4.031820614325773433e-01
3.000898696434535218e-01
5.554257153910941991e-01
4.803804482939046938e-01
3.214194545494090671e-01
3.952662356812203792e-01
5.493581384880935614e-01
3.528020418528458046e-01
2.723818133727105018e-01
1.513678743841893326e-01
2.799325515637806072e-01
4.284102832840798181e-01
3.334140657618713255e-01
2.654608453150940628e-01
5.735683634900657912e-01
0.000000000000000000e+00
6.594026443481298960e-02
6.734320866424861607e-02
5.660261036599959633e-02
5.767847799846952811e-02
2.587932246361749483e-02
6.357945086303216919e-02
1.305500890096808198e-01
1.020734767666752058e-01
1.345345493174698592e-01
3.114696713825328422e-01
1.162429396060532943e-01
1.625557746610225840e-01
9.005392986262492072e-02
3.084977253177086931e-01
2.307653751030527833e-01
1.033104657628396289e-01
1.562353970696020722e-01
3.017943643231034700e-01
1.244692807355371467e-01
7.419185225620608670e-02
2.291223339558771943e-02
7.836223342500868438e-02
1.835353708235455683e-01
1.111649392478614579e-01
7.046946039540431805e-02
3.289806675966721605e-01
0.000000000000000000e+00
2.142706798568722315e-01
2.151206434316353944e-01
1.961741961741961804e-01
1.862284820031299137e-01
2.777777777777777901e-01
2.091631670393226394e-01
2.518749115607754607e-01
1.459227467811158863e-01
4.953386205796639352e-01
5.198863636363635354e-01
3.891837394662253646e-01
2.934444885643534007e-01
2.066326530612244694e-01
7.123352165725047591e-01
9.999999999999998890e-01
3.750485814224639447e-01
3.528806584362139676e-01
6.571149843912591493e-01
2.256993835941204507e-01
2.243767313019390808e-01
2.878787878787879007e-01
1.850087291357339903e-01
2.387434554973822121e-01
2.281128404669260923e-01
1.513057809330628778e-01
4.109589041095890183e-01
0.000000000000000000e+00
