2.703416459845149333e-01
2.768055034601965558e-01
2.752511933848755810e-01
2.950915413656847730e-01
3.552896202110861767e-01
2.748360133799220839e-01
5.719698215182488221e-01
2.301157131936993616e-01
6.437845836113180731e-01
2.863087171427399769e-01
1.168401801588540845e-01
5.807517305124306750e-01
6.074903235049744499e-01
3.869692024052193702e-01
2.288154321492796295e-01
3.580726105028107509e-01
3.927038331183752562e-01
3.618686213428985443e-01
6.475989913395201469e-01
3.793383868424748950e-01
4.864980075169804685e-01
2.037857204988391402e-01
3.679453498375973020e-01
4.375972485365720033e-01
4.203821077414581775e-01
2.934590343976834492e-01
0.000000000000000000e+00
9.873528980907270158e-02
1.050686772170797284e-01
9.268672436690021665e-02
1.044734904270986781e-01
1.728813559322033844e-01
9.832994028086702865e-02
4.126984126984126755e-01
2.156862745098039325e-01
2.554945054945055305e-01
2.832847424684159510e-01
1.267482517482517446e-01
3.940502663287996366e-01
4.131054131054130996e-01
4.904214559386972927e-01
1.994435701438849184e-01
3.820435221213431265e-01
2.399565689467969276e-01
3.140026529597081395e-01
3.642533936651584092e-01
3.576352067868504570e-01
2.352941176470588203e-01
3.622686926432977517e-01
3.675528145121160217e-01
4.156755702866056779e-01
3.058823529411764386e-01
1.930158730158730296e-01
0.000000000000000000e+00
4.245553643144003853e-02
4.977511244377810784e-02
4.368358913813458894e-02
4.072398190045248972e-02
1.250000000000000000e-01
4.065288852811482084e-02
1.303258145363408449e-01
0.000000000000000000e+00
1.727078891257995963e-01
5.231560891938250024e-02
0.000000000000000000e+00
0.000000000000000000e+00
0.000000000000000000e+00
0.000000000000000000e+00
0.000000000000000000e+00
1.304347826086956486e-01
8.781362007168458383e-02
0.000000000000000000e+00
1.102941176470588203e-01
0.000000000000000000e+00
0.000000000000000000e+00
0.000000000000000000e+00
3.064516129032258257e-02
4.454787234042553029e-02
0.000000000000000000e+00
0.000000000000000000e+00
0.000000000000000000e+00
2.325336433325133068e-01
2.408320218218482911e-01
2.182645416564483742e-01
2.327124687017606552e-01
2.952060458833231094e-01
2.311440804091750012e-01
5.145516317558150865e-01
2.802718653081243128e-01
4.178368038973768739e-01
3.220888251756197085e-01
2.201486575229232578e-01
5.222761854497089962e-01
6.908233339973136600e-01
6.738348760235648438e-01
2.305868919309179699e-01
3.008124223110080764e-01
4.235344655640644884e-01
5.908254605697749184e-01
5.453260257513552478e-01
4.284822536968136419e-01
2.111753097011418168e-01
2.709788561548531205e-01
8.357157775278452050e-01
7.713181946075867712e-01
4.354785601678653473e-01
4.332897865586202713e-01
0.000000000000000000e+00
5.407189528149251856e-02
5.800006273479920565e-02
4.763941014449948885e-02
5.415509308926793469e-02
8.714660952606664845e-02
5.342758590820316511e-02
2.647633817425719127e-01
7.855231848329535804e-02
1.745875946911749910e-01
1.037412113030109079e-01
4.846543140914535280e-02
2.727724138878988569e-01
4.772368787951638547e-01
4.540534401456929881e-01
5.317031473036082367e-02
9.048811341661625041e-02
1.793814435206377567e-01
3.490747248574866957e-01
2.973804743617677881e-01
1.835970417331006244e-01
4.459501142737316154e-02
7.342954048299257797e-02
6.984208608089708115e-01
5.949317573327073116e-01
1.896415763658771403e-01
1.877400391360146970e-01
0.000000000000000000e+00
2.471058724479056889e-01
2.502949061662197994e-01
2.539682539682539542e-01
2.629107981220657475e-01
3.333333333333333148e-01
2.524586702528195947e-01
5.529667598633115633e-01
2.027833001988071371e-01
6.620545317132724428e-01
2.976685342490510977e-01
1.234995696879104821e-01
6.418357265696890135e-01
5.955882352941176405e-01
3.627717391304348116e-01
2.099218500018386890e-01
2.958090957165520063e-01
3.202614379084967045e-01
3.376789115112009965e-01
6.181818181818182767e-01
3.495145631067960723e-01
5.459770114942528174e-01
2.015153366735916163e-01
4.089686098654708446e-01
3.484360969769531025e-01
4.199507389162561166e-01
2.941176470588235392e-01
0.000000000000000000e+00
