2.843658204525376654e-01
2.901737235082432198e-01
2.889389934802007454e-01
3.027772641680880894e-01
2.934268424171191381e-01
2.872735846719238206e-01
6.279316092275460948e-01
1.387391963814171292e-01
6.312300648196382813e-01
4.293795623253154892e-01
1.940794894702518036e-01
6.350195001660771110e-01
4.063132783433142659e-01
3.365532874217344039e-01
2.478491104243253917e-01
3.664263158956371780e-01
4.055792898708314720e-01
2.096752954687365611e-01
6.030376678681714786e-01
2.799770698012392645e-01
5.944791531890989411e-01
1.839832980469240931e-01
2.772887353593790349e-01
5.016995716514890402e-01
4.250577675231934083e-01
2.883749804994143462e-01
0.000000000000000000e+00
1.346745446555007719e-01
1.357245944062904497e-01
1.277190090213857210e-01
1.398195876288659545e-01
1.355932203389830504e-01
1.341832913887567313e-01
6.285714285714285587e-01
2.088607594936708889e-01
3.100000000000000533e-01
4.695459579180509269e-01
2.484817813765181904e-01
3.106598317560462785e-01
3.048048048048047631e-01
2.648275862068965592e-01
3.350368485699245502e-01
3.983837174498653377e-01
2.765957446808510189e-01
1.933459194488605926e-01
2.383694150161216052e-01
2.960183447988326000e-01
4.390243902439024404e-01
3.561208267090620327e-01
1.596326660828492616e-01
3.921478905463531284e-01
5.473684210526315042e-01
2.335766423357664157e-01
0.000000000000000000e+00
6.769936890418817854e-02
8.215892053973013198e-02
7.201889020070836867e-02
9.728506787330318262e-02
1.250000000000000000e-01
7.146214948177745385e-02
2.574257425742573768e-01
0.000000000000000000e+00
0.000000000000000000e+00
0.000000000000000000e+00
0.000000000000000000e+00
0.000000000000000000e+00
0.000000000000000000e+00
0.000000000000000000e+00
0.000000000000000000e+00
9.009009009009008584e-02
5.025641025641025550e-02
0.000000000000000000e+00
0.000000000000000000e+00
0.000000000000000000e+00
1.135458167330677254e-01
4.509283819628647633e-02
0.000000000000000000e+00
2.129237288135593376e-01
0.000000000000000000e+00
0.000000000000000000e+00
0.000000000000000000e+00
3.288210382976057833e-01
3.337392075113508327e-01
3.119952691471463702e-01
3.183057322421543045e-01
2.590789182695731330e-01
3.258191327107389235e-01
5.347645645329476283e-01
2.561659939890423843e-01
4.408067736486197541e-01
5.936207587551214360e-01
2.722228135397292692e-01
4.392033398637388286e-01
4.828239439121310150e-01
3.550412077197768745e-01
3.124152602373883036e-01
3.370173807819789036e-01
4.364267864457944679e-01
3.389791947033384822e-01
4.741223020986686798e-01
2.519899921702711820e-01
3.129444129037979305e-01
2.647324629624886461e-01
4.361874407036509527e-01
4.571196520904501903e-01
5.488492638515315436e-01
4.941515822500207045e-01
0.000000000000000000e+00
1.081232752271155256e-01
1.113818586303045172e-01
9.734104797020028121e-02
1.013185391782140815e-01
6.712188589173216646e-02
1.061581072403781217e-01
2.859731394801131588e-01
6.562101647639409507e-02
1.943106116945054751e-01
3.523856052250061155e-01
7.410526021148622355e-02
1.928995737474628325e-01
2.331189608148645787e-01
1.260542591791177225e-01
9.760329482919505306e-02
1.135807149491453449e-01
1.904683399274031130e-01
1.149068944417238891e-01
2.247919573473412536e-01
6.349895615397334325e-02
9.793420556770277008e-02
7.008327694618540771e-02
1.902594834276010449e-01
2.089583763272943040e-01
3.012355144303680565e-01
2.441857862401989598e-01
0.000000000000000000e+00
2.096400757735213671e-01
2.123324396782841905e-01
2.173382173382173432e-01
2.143974960876369740e-01
2.222222222222222099e-01
2.164334297174067556e-01
6.167706167706167308e-01
3.556485355648535129e-02
6.221862843655754371e-01
4.128129934581546978e-01
2.036050885423270618e-01
6.835842638240497982e-01
4.132653061224489388e-01
3.409961685823754696e-01
2.270169742686618808e-01
3.586414896407028041e-01
3.712121212121212155e-01
2.286409801253407870e-01
6.036778693722257838e-01
2.769230769230769384e-01
6.263736263736263687e-01
1.823233095852091479e-01
3.357758620689655360e-01
4.674627666711391738e-01
3.957228116710875265e-01
2.941176470588235392e-01
0.000000000000000000e+00
