2.728023108693478083e-01
2.816614732102522556e-01
2.741158009332182455e-01
2.905828659631694011e-01
2.880649642055775339e-01
2.747284693576447223e-01
6.208918669996248418e-01
1.497011847867181777e-01
4.506317154388631563e-01
4.270890871414641521e-01
1.966845913793192346e-01
5.824570552018062397e-01
4.037389195095889560e-01
4.102824803057736891e-01
4.611063240216055070e-01
3.662505574017613785e-01
4.273559692883491246e-01
3.373205768162936824e-01
6.543510656735191944e-01
3.319818766940921262e-01
4.735921786849361381e-01
1.789981405561747452e-01
2.778506782435177236e-01
4.018173775730788932e-01
3.295198454415222411e-01
2.539703078753129950e-01
0.000000000000000000e+00
1.293764343962107710e-01
1.345177664974619436e-01
1.221321610111278932e-01
1.268409425625920406e-01
9.491525423728813804e-02
1.262863327421215320e-01
4.270316509837468466e-01
1.833333333333333481e-01
1.992857142857142883e-01
5.435897435897436569e-01
2.756948933419521852e-01
3.131521475370055430e-01
2.416666666666666685e-01
2.238880559720139996e-01
4.337161040398451184e-01
4.603044576421598255e-01
3.744855967078188907e-01
2.465048660700834282e-01
4.423076923076922906e-01
4.253316217372699604e-01
2.096774193548387177e-01
3.054009327516172823e-01
1.264912591542640963e-01
6.367713004484305550e-01
2.516129032258064280e-01
2.318840579710145233e-01
0.000000000000000000e+00
3.270223752151463215e-02
4.317841079460268960e-02
3.423848878394333134e-02
4.524886877828054182e-02
1.250000000000000000e-01
3.318399275494398476e-02
2.166666666666666741e-01
0.000000000000000000e+00
0.000000000000000000e+00
0.000000000000000000e+00
0.000000000000000000e+00
0.000000000000000000e+00
0.000000000000000000e+00
0.000000000000000000e+00
2.805232558139534871e-01
6.097560975609755962e-02
8.551483420593368467e-02
1.507692307692307665e-01
0.000000000000000000e+00
0.000000000000000000e+00
1.158536585365853716e-01
4.784240150093808930e-02
0.000000000000000000e+00
7.754629629629629373e-02
0.000000000000000000e+00
0.000000000000000000e+00
0.000000000000000000e+00
2.790143225586075859e-01
2.872088191617823694e-01
2.650205282361802750e-01
2.683605245433542397e-01
1.993953348458051555e-01
2.751545800452066537e-01
4.701590139406571223e-01
2.466707677243588637e-01
3.374147950865284407e-01
5.335068172559608302e-01
2.734904598264046860e-01
5.187339056677612303e-01
4.481335165959012268e-01
4.106016340515538099e-01
3.850877079434940620e-01
4.038925445159685657e-01
5.405231341317561222e-01
3.483254863206982632e-01
5.853768216724138940e-01
3.647255504837894624e-01
1.833138001031889008e-01
2.288573752204813294e-01
4.030048231832027983e-01
5.647792539351480512e-01
3.840885386672521773e-01
4.371017192039362564e-01
0.000000000000000000e+00
7.784899219283872296e-02
8.248890580430542907e-02
7.023588038658402921e-02
7.201737113318423811e-02
3.975849955827074483e-02
7.571004291985404533e-02
2.210494983896510446e-01
6.084646764972458793e-02
1.138487439432839810e-01
2.846295240585852149e-01
7.479703161605830153e-02
2.690848648893297557e-01
2.008236486966088752e-01
1.685937018858061076e-01
1.482925428091737552e-01
1.631291875155836679e-01
2.921652585316164008e-01
1.213306444205509843e-01
3.426660233512970333e-01
1.330247271757032668e-01
3.360394930827189514e-02
5.237569819280817746e-02
1.624128875089245749e-01
3.189756056755425617e-01
1.475240055355452884e-01
1.910579129310367441e-01
0.000000000000000000e+00
2.127973058303514742e-01
2.146916890080428630e-01
2.161172161172161266e-01
2.308294209702660416e-01
2.500000000000000000e-01
2.162953595401820861e-01
6.455979390761998893e-01
1.097401247401247476e-01
4.538656634327084549e-01
4.021686004505078960e-01
2.008889845881544622e-01
6.148118485679192613e-01
3.477996461742591250e-01
4.227464564421086202e-01
4.312656675198315304e-01
3.344182331146537956e-01
3.907756956274843207e-01
3.432668961284986442e-01
6.110397946084724641e-01
2.915027537372148481e-01
5.183531746031746490e-01
1.714920998339455604e-01
3.497064137308039666e-01
3.865594269543686234e-01
2.916828248693205672e-01
2.134076940587298077e-01
0.000000000000000000e+00
