2.279484909007440663e-01
2.296410069518277919e-01
2.283208476858677172e-01
2.353424366950779556e-01
3.126956425385744587e-01
2.291565608853339819e-01
4.997671951377883337e-01
2.608339392914730825e-01
6.195159560153231659e-01
4.099008258756656753e-01
3.237649689445374346e-01
5.787475316657502145e-01
3.604097711126743042e-01
3.850822512111146123e-01
4.019564537383897851e-01
3.327820343620100929e-01
5.120436767759289909e-01
3.138020552021516529e-01
4.810191287235204838e-01
2.555105282202435601e-01
5.038971213644694025e-01
1.712766379030488395e-01
2.266741692193260105e-01
5.372451150605763726e-01
4.263440601228734583e-01
4.045351298850027311e-01
0.000000000000000000e+00
2.348015039796865211e-01
2.453468697123519504e-01
2.328158629848422478e-01
2.604933726067746869e-01
3.322033898305084554e-01
2.402174729361780114e-01
4.051948051948052187e-01
3.859649122807017885e-01
4.558823529411764608e-01
5.141093474426807752e-01
4.483173076923077094e-01
4.333173726904009926e-01
4.531250000000000000e-01
3.152709359605911366e-01
4.733812949640288648e-01
4.785992217898832890e-01
3.880597014925372679e-01
2.815315315315314870e-01
4.937388193202146280e-01
3.565279770444763074e-01
3.499999999999999778e-01
3.178840995571080574e-01
1.894388700312084617e-01
5.085729359008177575e-01
6.499999999999999112e-01
4.102564102564102422e-01
0.000000000000000000e+00
6.769936890418817854e-02
6.476761619190403441e-02
4.722550177095630880e-02
5.882352941176471200e-02
1.250000000000000000e-01
6.522608801177492976e-02
0.000000000000000000e+00
0.000000000000000000e+00
0.000000000000000000e+00
0.000000000000000000e+00
0.000000000000000000e+00
0.000000000000000000e+00
0.000000000000000000e+00
0.000000000000000000e+00
0.000000000000000000e+00
0.000000000000000000e+00
1.103603603603603572e-01
0.000000000000000000e+00
0.000000000000000000e+00
0.000000000000000000e+00
0.000000000000000000e+00
0.000000000000000000e+00
0.000000000000000000e+00
0.000000000000000000e+00
0.000000000000000000e+00
0.000000000000000000e+00
0.000000000000000000e+00
3.720067754579595154e-01
3.761022448727586731e-01
3.653150595852807658e-01
3.640808737171589149e-01
3.101480131437074905e-01
3.731644275604666938e-01
4.797225831755920766e-01
3.932666879312325392e-01
5.089429600265851228e-01
5.912931762880466735e-01
3.570263917686289923e-01
4.631251626767921570e-01
5.217126594666352535e-01
4.734484758519846292e-01
4.163970966189195488e-01
3.835145877461325625e-01
5.366776038377094604e-01
4.424087227134564371e-01
4.986484245778738944e-01
3.438696766736185073e-01
2.731496897995732143e-01
2.817566301605500256e-01
5.035598621605058556e-01
6.170143469232062250e-01
5.892190586754809667e-01
6.435883936359854118e-01
0.000000000000000000e+00
1.383890409866286864e-01
1.414528985983285192e-01
1.334550927597972503e-01
1.325548826066498265e-01
9.619179005698935692e-02
1.392516899965308419e-01
2.301337568086628538e-01
1.546586878364014372e-01
2.590229365606221412e-01
3.496276203248070424e-01
1.274678444193265980e-01
2.144849163044051377e-01
2.721840990477493172e-01
2.241534592865672137e-01
1.733865420726658224e-01
1.470834390140860481e-01
2.880228504609853579e-01
1.957254779329520300e-01
2.486502513339955978e-01
1.182463545356189638e-01
7.461075303760306143e-02
7.938679863942899040e-02
2.535725347791076278e-01
3.807067043090707203e-01
3.471790991064198639e-01
4.142060204229481846e-01
0.000000000000000000e+00
1.456535466217638297e-01
1.403753351206434297e-01
1.436711436711436696e-01
1.502347417840375621e-01
2.777777777777777901e-01
1.486303167541220827e-01
4.810810810810810523e-01
1.708585858585858763e-01
6.088537211291702445e-01
3.908698856775448260e-01
3.060312842015741053e-01
6.343899338736350701e-01
2.920740586644476888e-01
3.731803797468354889e-01
4.261381580522350943e-01
3.124322537287547719e-01
4.745790535153135425e-01
3.416983512584017557e-01
4.732985027525509758e-01
2.352952344788304395e-01
5.212629835917507171e-01
1.592434332127530272e-01
2.992146596858638596e-01
5.097983293621300982e-01
3.642335904416212911e-01
3.921568627450980338e-01
0.000000000000000000e+00
