2.828639663349995503e-01
2.873391181944244810e-01
2.840281490044846979e-01
2.933849614890673418e-01
3.055782644239967705e-01
2.841569409247076683e-01
5.327379832248532177e-01
1.731239756528740181e-01
6.450548047910749094e-01
3.999500242359519397e-01
2.782195313247564084e-01
5.322016223586254480e-01
4.955005161401415670e-01
4.284465512922748798e-01
3.786493927442118879e-01
3.232235949895179150e-01
4.410845266569170531e-01
3.796168531443345762e-01
5.419574395258913713e-01
2.752953813519471438e-01
5.048941682510451612e-01
1.784276909488865803e-01
2.557260352564909578e-01
5.018330318043134897e-01
3.104780403029046010e-01
3.400775594237048782e-01
0.000000000000000000e+00
1.661458079007764044e-01
1.630835075146810087e-01
1.531803819205934947e-01
1.623711340206185350e-01
2.474576271186440524e-01
1.631879678710650983e-01
4.548104956268221866e-01
4.888888888888889284e-01
5.904761904761904878e-01
4.486772486772486745e-01
3.769230769230769718e-01
4.618365861268069472e-01
6.904761904761903546e-01
2.822774659182036849e-01
3.174878701689811122e-01
4.014906559982462375e-01
5.777777777777777235e-01
4.984764175940645803e-01
2.919230769230768963e-01
2.473867595818815268e-01
2.941176470588235392e-01
5.144993114302577331e-01
1.538892141455849016e-01
5.346132286995515237e-01
3.714285714285713302e-01
3.084337349397590633e-01
0.000000000000000000e+00
9.753298909925413318e-03
7.496251874062963283e-03
1.534828807556080227e-02
2.262443438914026050e-03
1.250000000000000000e-01
1.140617207296309304e-02
0.000000000000000000e+00
0.000000000000000000e+00
0.000000000000000000e+00
0.000000000000000000e+00
0.000000000000000000e+00
0.000000000000000000e+00
0.000000000000000000e+00
5.246548323471400543e-02
0.000000000000000000e+00
0.000000000000000000e+00
5.710955710955710474e-02
0.000000000000000000e+00
0.000000000000000000e+00
0.000000000000000000e+00
0.000000000000000000e+00
0.000000000000000000e+00
0.000000000000000000e+00
0.000000000000000000e+00
0.000000000000000000e+00
0.000000000000000000e+00
0.000000000000000000e+00
3.803747842886480712e-01
3.839740712001019629e-01
3.595544276075899881e-01
3.564554611875205836e-01
3.719162406099852380e-01
3.760569309244229386e-01
5.661064127123108802e-01
4.563656843573133393e-01
5.394897054546851090e-01
4.702104217517180107e-01
3.225086625164511611e-01
5.173428543291412884e-01
7.774730921971927389e-01
4.533484122085160717e-01
3.699592567258080944e-01
3.007441048496961034e-01
5.519115519023471972e-01
4.779485419426839909e-01
4.984354837591504217e-01
3.190191861839505316e-01
2.492016348324214425e-01
2.919946306432314453e-01
5.270248028340936974e-01
6.276438312548511256e-01
4.827916676695209186e-01
5.235767063011199651e-01
0.000000000000000000e+00
1.446849765226355389e-01
1.474360873539809769e-01
1.292793864122216696e-01
1.270604958104079862e-01
1.383216900294644280e-01
1.414188152962962131e-01
3.204764705140011882e-01
2.082696378589188879e-01
2.910491422915829629e-01
2.210978407239285459e-01
1.040118373981502031e-01
2.676436289254229828e-01
6.044644090906645673e-01
2.055247828519825848e-01
1.368698516371123219e-01
9.044701660184499559e-02
3.046063611232572854e-01
2.284348087451376075e-01
2.484379314702182262e-01
1.017732411534700981e-01
6.210145480315151789e-02
8.526086432447715913e-02
2.777551428023153912e-01
3.939367789122681374e-01
2.330877943711171518e-01
2.741325673811292329e-01
0.000000000000000000e+00
1.928015154704272593e-01
1.913136729222519872e-01
1.912901912901912582e-01
1.940532081377152052e-01
2.222222222222222099e-01
1.925085392741259782e-01
4.920006982651483063e-01
0.000000000000000000e+00
6.077386044238054508e-01
3.862249153893924647e-01
2.898049034270000490e-01
5.741991241516090083e-01
4.124253359880536984e-01
4.133661887694145554e-01
3.583881753164304129e-01
3.205245755883414649e-01
4.195402298850574030e-01
3.974927981728592075e-01
4.802862607723882848e-01
2.713636363636363624e-01
5.611263736263736313e-01
1.569864508271592574e-01
3.319602272727272818e-01
4.465747530679436972e-01
2.509834997717562688e-01
3.442558231346229403e-01
0.000000000000000000e+00
