3.055856105334701089e-01
3.133347561504791212e-01
3.110331946063585318e-01
3.344291023881575398e-01
3.115242606641260292e-01
3.097975699129283944e-01
7.579739556474504036e-01
1.356861034132400279e-01
7.165540622296138196e-01
3.468131870352029189e-01
1.007363558909183110e-01
6.203628570935848519e-01
6.018051091928692253e-01
3.650206984987695025e-01
1.386307430811043462e-01
3.312085505961873677e-01
4.276592920968518841e-01
1.415991781069949884e-01
7.632321778000249468e-01
3.085791406286439442e-01
6.133718935950071005e-01
1.243240417127508268e-01
3.576486772184093166e-01
4.156670636544251840e-01
4.398075160872139122e-01
2.544866839853433538e-01
0.000000000000000000e+00
1.961277406123345945e-01
2.018139743206927572e-01
1.948069789806292085e-01
2.112481590574373791e-01
1.559322033898304927e-01
1.975345965576469909e-01
4.952380952380952550e-01
2.875816993464052618e-01
3.039215686274510109e-01
3.124716553287981702e-01
1.447963800904977227e-01
2.458596214511040712e-01
4.833333333333333370e-01
2.206896551724137900e-01
2.155575539568345689e-01
3.156614785992217787e-01
3.714285714285713857e-01
1.323198198198198283e-01
3.660477453580901486e-01
3.395504543280726817e-01
3.437500000000000000e-01
2.448642851249896446e-01
2.327576560110410364e-01
4.371341526032930802e-01
3.036496350364962793e-01
2.723404255319148981e-01
0.000000000000000000e+00
6.425702811244979329e-02
6.356821589205396972e-02
6.847697756788664880e-02
8.144796380090499333e-02
1.250000000000000000e-01
6.547764981547701812e-02
3.040935672514619714e-01
0.000000000000000000e+00
1.689259645464025184e-01
0.000000000000000000e+00
0.000000000000000000e+00
4.466666666666667118e-01
0.000000000000000000e+00
0.000000000000000000e+00
0.000000000000000000e+00
0.000000000000000000e+00
9.386973180076627066e-02
0.000000000000000000e+00
2.830188679245282946e-01
0.000000000000000000e+00
0.000000000000000000e+00
3.215636822194199718e-02
1.212765957446808457e-01
0.000000000000000000e+00
0.000000000000000000e+00
0.000000000000000000e+00
0.000000000000000000e+00
3.988270764961653891e-01
4.055977158774616287e-01
3.864759303730377349e-01
4.000643364009751068e-01
2.617108367406298375e-01
3.986910214223368665e-01
6.130591713609766513e-01
2.968954239765462799e-01
4.587123042615574575e-01
3.798385690840380136e-01
2.194266151635368423e-01
3.460209872253636187e-01
7.473015514580626517e-01
3.981441456451469962e-01
2.205553865536737101e-01
3.116609817902202262e-01
4.465058850060919515e-01
3.162746014795884686e-01
5.828707922557601062e-01
3.303287698047331911e-01
2.352469555337477480e-01
2.038409631991582038e-01
5.535354510343438728e-01
5.860910843817832561e-01
4.548594665688627248e-01
4.785555700954774450e-01
0.000000000000000000e+00
1.590630369464781924e-01
1.645095071250141372e-01
1.493636447577051107e-01
1.600514732599526146e-01
6.849256206748061127e-02
1.589545305627862726e-01
3.758415475898073121e-01
8.814689277821313729e-02
2.104169780809476142e-01
1.442773385638095318e-01
4.814803944212689424e-02
1.197305236004152090e-01
5.584596088116273727e-01
1.585187607115040032e-01
4.864467853784042867e-02
9.713256757044398670e-02
1.993675053450734147e-01
1.000296235410725182e-01
3.397383604648573918e-01
1.091170961607084017e-01
5.534113008789708771e-02
4.155113827796057258e-02
3.064014955517945227e-01
3.435027591918146106e-01
2.068971343273103836e-01
2.290154336694074089e-01
0.000000000000000000e+00
1.856451273416122871e-01
1.923860589812332322e-01
1.929181929181928989e-01
2.065727699530516825e-01
2.222222222222222099e-01
1.903317544049566989e-01
7.003690437425377224e-01
3.837471783295710870e-02
6.890442112291096377e-01
3.444381705251269854e-01
9.893897591414521631e-02
6.409178818125924604e-01
5.400000000000000355e-01
3.819742489270386288e-01
1.620036986478645413e-01
3.465866466616653874e-01
3.951612903225806273e-01
1.745520557205466061e-01
6.959064327485380286e-01
2.903225806451612545e-01
7.076749435665914412e-01
1.245381577270990026e-01
3.994318181818181657e-01
4.057745258994014392e-01
4.053160919540229612e-01
2.343750000000000000e-01
0.000000000000000000e+00
