2.619506421737909374e-01
2.685568655418043016e-01
2.694954818703130806e-01
2.841539101884631990e-01
2.587315262774206315e-01
2.662010774561632265e-01
6.495547033742645748e-01
1.299337419390927395e-01
6.883375872849298860e-01
4.250147398834179802e-01
1.662484987853796448e-01
6.432095393368462144e-01
4.116234455651904822e-01
2.976465108441915253e-01
2.350561014695256579e-01
3.478117202848613476e-01
3.768403171867820145e-01
1.595682868126188370e-01
6.108777161338753148e-01
2.934229860138654611e-01
6.398211806201913321e-01
1.803046377617174845e-01
2.910108644638786934e-01
5.241555071482788541e-01
3.786678264626583967e-01
2.997196211644407859e-01
0.000000000000000000e+00
1.337467649787587309e-01
1.352393749377923671e-01
1.279021843659843283e-01
1.400957290132547606e-01
1.525423728813559143e-01
1.338765965453322382e-01
4.879120879120879550e-01
1.929824561403508942e-01
3.919089759797724781e-01
5.246120920278223299e-01
1.625310173697270544e-01
3.057776241303313824e-01
3.717948717948718063e-01
2.135706340378197843e-01
2.904096077976328627e-01
4.052772373540856066e-01
2.795698924731182533e-01
1.574080237873340948e-01
5.136476426799007067e-01
4.617886178861788649e-01
4.590163934426229608e-01
3.054009327516172823e-01
2.397445569755302097e-01
5.046881369751324842e-01
2.836363636363635754e-01
2.630136986301369606e-01
0.000000000000000000e+00
5.679862306368330116e-02
6.296851574212893043e-02
4.958677685950412667e-02
5.429864253393665990e-02
1.250000000000000000e-01
5.595383929175886534e-02
2.795698924731182533e-01
0.000000000000000000e+00
2.571428571428571730e-01
0.000000000000000000e+00
0.000000000000000000e+00
0.000000000000000000e+00
0.000000000000000000e+00
0.000000000000000000e+00
0.000000000000000000e+00
9.009009009009008584e-02
6.980056980056979776e-02
0.000000000000000000e+00
0.000000000000000000e+00
0.000000000000000000e+00
0.000000000000000000e+00
0.000000000000000000e+00
6.867469879518073306e-02
0.000000000000000000e+00
0.000000000000000000e+00
0.000000000000000000e+00
0.000000000000000000e+00
3.034569301244958162e-01
3.093184132123513175e-01
2.883087625086098726e-01
2.946215247355455924e-01
2.314516608360482897e-01
3.007361800245835770e-01
5.181655462199721285e-01
2.313709122785414518e-01
4.832316286957235585e-01
5.867560320088643921e-01
2.038182512782373557e-01
4.172599410628927696e-01
5.153662071194918814e-01
3.518023114547824126e-01
2.949594249122758916e-01
3.365220892779910433e-01
4.413404000901324231e-01
3.245008326026272427e-01
6.838650509892452156e-01
3.698773782196255744e-01
3.387449955740672869e-01
2.633230856275979304e-01
5.200690045568471254e-01
5.859604596596600379e-01
4.064688084274261093e-01
4.391109261678194375e-01
0.000000000000000000e+00
9.208610844058312539e-02
9.567788075220690081e-02
8.312194253924602705e-02
8.680184283749771412e-02
5.356987130376512224e-02
9.044224997577872405e-02
2.684955332894421454e-01
5.353249904860451353e-02
2.335128069719216160e-01
3.442826410987875341e-01
4.154187955411870609e-02
1.741058584158087230e-01
2.656023274407308676e-01
1.237648663449277125e-01
8.700106234458047927e-02
1.132471165720241868e-01
1.947813487517182085e-01
1.053007903597983352e-01
4.676714079645229449e-01
1.368092749186239632e-01
1.147481720264748456e-01
6.933904742443927627e-02
2.704717695007498590e-01
3.433496602845600987e-01
1.652168922244116600e-01
1.928184054799602087e-01
0.000000000000000000e+00
2.037465796674384488e-01
2.058981233243967757e-01
2.067562067562067618e-01
2.128325508607198935e-01
2.222222222222222099e-01
2.076713429817280687e-01
6.386032049748863182e-01
6.924643584521383843e-02
6.494439692044482459e-01
4.043560606060606077e-01
1.952380952380952106e-01
7.584898648790663334e-01
3.681818181818181657e-01
2.746913580246913567e-01
2.349710757349070256e-01
3.414818548387096309e-01
3.218390804597701105e-01
1.957105559951896612e-01
5.871710526315789824e-01
2.812500000000000000e-01
6.699819168173598571e-01
1.781437125748502881e-01
3.372781065088757413e-01
5.272373540856030161e-01
3.741379310344827291e-01
3.167420814479637858e-01
0.000000000000000000e+00
