3.630645466158665124e-01
3.700442794649760336e-01
3.634083311153017970e-01
3.792289735300072850e-01
4.750572289839305462e-01
3.659840896141017819e-01
4.976010167499535508e-01
2.343958873916434094e-01
6.533146751579663736e-01
3.574030274053491829e-01
2.822743984620019742e-01
4.532442238663899614e-01
4.535407125911564141e-01
4.054238725127848331e-01
4.054012094267073762e-01
3.723818697357219043e-01
4.949830010601609098e-01
3.934834168733172266e-01
5.449188604465364794e-01
3.372189107138205966e-01
4.739039106600461682e-01
1.981809244740172227e-01
2.580561492012634073e-01
5.068847811967381878e-01
2.418815983660367042e-01
3.375562081865804420e-01
0.000000000000000000e+00
2.295033937203965202e-01
2.336518363690653910e-01
2.200393826990887092e-01
2.393225331369661091e-01
2.542372881355932090e-01
2.302682542442938129e-01
6.260032102728733117e-01
3.098591549295774961e-01
5.839874411302983237e-01
6.206088992974239105e-01
2.396978021978022066e-01
4.541460117169895394e-01
3.717948717948718063e-01
4.040796503156872110e-01
6.964422843747474223e-01
4.948929961089493790e-01
3.834808259587020318e-01
4.581285831285830668e-01
3.412087912087911623e-01
4.707553871655221212e-01
3.389830508474576121e-01
4.543784445805266192e-01
2.081962934513679753e-01
5.242215625592118178e-01
4.727272727272726627e-01
2.622950819672131284e-01
0.000000000000000000e+00
8.663224325874926968e-02
8.485757121439280182e-02
9.563164108618654735e-02
9.276018099547511664e-02
1.250000000000000000e-01
9.048525413638860981e-02
1.375661375661375585e-01
0.000000000000000000e+00
1.515907673112913412e-01
0.000000000000000000e+00
0.000000000000000000e+00
0.000000000000000000e+00
0.000000000000000000e+00
0.000000000000000000e+00
0.000000000000000000e+00
9.259259259259258745e-02
6.721536351165981193e-02
0.000000000000000000e+00
0.000000000000000000e+00
0.000000000000000000e+00
9.313725490196078649e-02
0.000000000000000000e+00
0.000000000000000000e+00
0.000000000000000000e+00
0.000000000000000000e+00
0.000000000000000000e+00
0.000000000000000000e+00
3.584474640606043483e-01
3.606878456498710528e-01
3.466733523608175327e-01
3.427724236340994879e-01
3.095193178662065114e-01
3.574314677788301142e-01
4.443738140436713224e-01
2.653354853216282616e-01
5.028451029464022781e-01
4.850349120178177875e-01
2.536874038831321565e-01
4.131828306543691154e-01
5.160051033573263002e-01
3.552356752923207517e-01
4.326353654155365436e-01
2.897257143661927103e-01
4.605652100811138405e-01
4.244159685117140923e-01
3.812332067416771553e-01
3.249338013087000321e-01
1.862511441428973402e-01
2.633194725550418447e-01
4.618670693430867447e-01
4.637557350951749258e-01
3.399985904245510504e-01
4.624980359580191935e-01
0.000000000000000000e+00
1.284845844914782320e-01
1.300957219995451941e-01
1.201824132370875320e-01
1.174929344039945811e-01
9.580220813236178801e-02
1.277572541585288990e-01
1.974680866077193619e-01
7.040291977086399200e-02
2.528531975571778334e-01
2.352588658761322893e-01
6.435729888896343787e-02
1.707200515475570390e-01
2.662612666908049652e-01
1.261923850003911218e-01
1.871733594082347629e-01
8.394098956500066488e-02
2.121203127370605290e-01
1.801289143277363392e-01
1.453387579225423609e-01
1.055819752329217320e-01
3.468948869453832018e-02
6.933714462666543121e-02
2.133211897435717541e-01
2.150693818336660568e-01
1.155990414906816199e-01
2.139044332650252012e-01
0.000000000000000000e+00
3.070932435276784167e-01
3.132439678284182349e-01
3.019943019943019946e-01
3.169014084507042472e-01
4.444444444444444198e-01
3.134090399671478622e-01
4.839923573485817032e-01
1.954022988505746961e-01
6.150138149862768300e-01
3.327272727272727049e-01
3.067572000141975397e-01
4.907951933418736035e-01
3.824922813036020774e-01
4.105896740732009054e-01
3.555861968937915618e-01
3.678803550213152751e-01
4.816919191919191712e-01
4.086030665435554932e-01
5.411321153875213730e-01
3.396226415094339424e-01
5.314695710686508923e-01
1.892622521946398795e-01
3.162489006156552485e-01
4.837212563547915734e-01
2.126896496466258724e-01
3.312101910828025297e-01
0.000000000000000000e+00
