2.558139087395973066e-01
2.605512403866950821e-01
2.607628895948836401e-01
2.819733127526047323e-01
3.101869857890800497e-01
2.602100602303078491e-01
6.126041295724247160e-01
3.105804607720189514e-01
6.344220519179722961e-01
3.410301911117687990e-01
1.595454266851037695e-01
6.392763907656887623e-01
5.681271407852123145e-01
3.072658179983357440e-01
1.905477447340832020e-01
3.216532403902796489e-01
4.076659691770234684e-01
2.397026847757479928e-01
7.701202016988896171e-01
2.952570121508501511e-01
6.365939204673384255e-01
1.797346687614758687e-01
2.980126583128347439e-01
4.984221867835250119e-01
4.764444446771378683e-01
2.318039039023345460e-01
0.000000000000000000e+00
1.437081888764099868e-01
1.425301084900965631e-01
1.333516508677931867e-01
1.561119293078055692e-01
1.355932203389830504e-01
1.433213763030112275e-01
5.209647495361781067e-01
3.594771241830065356e-01
2.806841046277666063e-01
4.355813391346385899e-01
3.076923076923077094e-01
6.698438195506182247e-01
4.627659574468084847e-01
2.720831365139347868e-01
4.567475052216291576e-01
5.464527477213367845e-01
2.888888888888888618e-01
2.580705705705705344e-01
5.136476426799007067e-01
2.430466409927256877e-01
3.694779116465863322e-01
3.532530721726654943e-01
1.924343179978990070e-01
6.367713004484305550e-01
4.457142857142856740e-01
2.174757281553398036e-01
0.000000000000000000e+00
5.679862306368330116e-02
5.997001499250374790e-02
4.368358913813458894e-02
5.429864253393665990e-02
1.250000000000000000e-01
5.208931531951400268e-02
1.375661375661375585e-01
0.000000000000000000e+00
0.000000000000000000e+00
0.000000000000000000e+00
0.000000000000000000e+00
2.233333333333333559e-01
0.000000000000000000e+00
0.000000000000000000e+00
0.000000000000000000e+00
0.000000000000000000e+00
7.731755424063116444e-02
0.000000000000000000e+00
1.948051948051948146e-01
0.000000000000000000e+00
1.187500000000000083e-01
4.173486088379705500e-02
0.000000000000000000e+00
0.000000000000000000e+00
0.000000000000000000e+00
0.000000000000000000e+00
0.000000000000000000e+00
3.236166526367745822e-01
3.237285748183276746e-01
3.103626832321732532e-01
3.227508591216856626e-01
2.336992106364849664e-01
3.223423492597642936e-01
5.728701679400876046e-01
4.901617731470400141e-01
4.272595616162125909e-01
4.582433616665983478e-01
2.802491620818323703e-01
6.118100015467842212e-01
6.853426123977817142e-01
4.397331461677636000e-01
3.242565520629144826e-01
3.983046480414313417e-01
4.304955479647561423e-01
3.982900696902478277e-01
6.364853441529463307e-01
2.952482606900892481e-01
2.846764907328513394e-01
2.722621585079155748e-01
5.426334577885856270e-01
7.042518370230052005e-01
5.499018266561330748e-01
4.283342501022007198e-01
0.000000000000000000e+00
1.047277378638308137e-01
1.048001901539056119e-01
9.632499514307432675e-02
1.041681170637862031e-01
5.461532105211616694e-02
1.039045901263038890e-01
3.281802293157041195e-01
2.402585638546503310e-01
1.825507329924781208e-01
2.099869785115048570e-01
7.853959284756917292e-02
3.743114779926759450e-01
4.696944963682159746e-01
1.933652398385997395e-01
1.051423115557295479e-01
1.586465926514084579e-01
1.853264168174756366e-01
1.586349796138624979e-01
4.051135933214945473e-01
8.717153544052289038e-02
8.104070437597116205e-02
7.412668295538935026e-02
2.944510695115967747e-01
4.959706499502775645e-01
3.023920189597518182e-01
1.834702298106146157e-01
0.000000000000000000e+00
1.561776468111976401e-01
1.567828418230562959e-01
1.632071632071631917e-01
1.666666666666666852e-01
2.222222222222222099e-01
1.602074026422292408e-01
6.136808853113655537e-01
1.675242718446601775e-01
5.997582474801949060e-01
3.232419754158883940e-01
1.535774410774410903e-01
6.454410070763889617e-01
4.520179372197309364e-01
2.842659366096866314e-01
1.819702137356102589e-01
3.078068429565666286e-01
3.550724637681159090e-01
2.417284704169317400e-01
7.460003636033087915e-01
2.953240360951599475e-01
7.248564600975108130e-01
1.764872418056755987e-01
3.562500000000000111e-01
4.473035234426915308e-01
4.445944205811204752e-01
2.247474747474747514e-01
0.000000000000000000e+00
