2.175824648445545961e-01
2.247193329150989627e-01
2.195054463485054674e-01
2.346203058675386532e-01
3.027952201214103023e-01
2.206479571240324011e-01
6.552528284252199242e-01
1.784257518978098200e-01
5.888294898574953917e-01
3.896619066233262818e-01
2.544460913221859855e-01
5.352875004817443383e-01
3.940544634790066891e-01
4.411694215903526617e-01
3.750379392829025771e-01
3.440797232106080905e-01
5.450083079232259653e-01
2.696306532760603947e-01
5.413644785208507892e-01
3.060160218006345301e-01
5.653907069383147244e-01
1.896237541416442574e-01
2.376287805166295841e-01
4.189827531621050927e-01
3.274117775004598552e-01
2.293488067384538975e-01
0.000000000000000000e+00
9.221641681722740624e-02
9.698168607544541131e-02
9.319045656454641446e-02
1.009756995581737871e-01
8.474576271186440302e-02
9.383184372488781455e-02
4.875000000000000444e-01
1.410256410256410520e-01
2.619047619047619180e-01
4.416666666666665964e-01
2.610946745562130467e-01
3.156795663571332899e-01
2.974358974358974339e-01
2.808777429467084197e-01
2.982557350346138336e-01
3.851019618228858632e-01
3.432343234323432246e-01
2.866502866502866342e-01
2.823240589198036110e-01
3.148558758314856099e-01
2.727272727272727071e-01
3.596837944664031395e-01
1.416897536670747026e-01
4.113190041750425796e-01
3.319148936170212005e-01
2.461538461538461675e-01
0.000000000000000000e+00
8.089500860585197017e-02
7.946026986506746215e-02
8.618654073199527588e-02
6.787330316742082315e-02
1.250000000000000000e-01
7.933785749074942495e-02
2.574257425742573768e-01
0.000000000000000000e+00
0.000000000000000000e+00
8.710138029509756352e-02
0.000000000000000000e+00
1.488888888888889039e-01
0.000000000000000000e+00
1.894586894586894610e-01
1.587171052631578816e-01
7.352941176470588480e-02
1.276041666666666574e-01
0.000000000000000000e+00
0.000000000000000000e+00
0.000000000000000000e+00
0.000000000000000000e+00
0.000000000000000000e+00
0.000000000000000000e+00
0.000000000000000000e+00
0.000000000000000000e+00
0.000000000000000000e+00
0.000000000000000000e+00
2.342973862455459688e-01
2.381958296900813510e-01
2.258138993464422484e-01
2.317889806173149825e-01
1.811968933248682967e-01
2.340137499860462933e-01
5.142782494650024461e-01
2.165949604807068107e-01
3.740063386497387010e-01
4.475334750584425425e-01
2.817604720529570117e-01
4.124827640479815094e-01
4.792734761990243841e-01
3.971467677003763241e-01
3.205299777804420103e-01
3.284736031582842775e-01
5.341515756925739877e-01
4.394860537397518030e-01
4.790768749887469036e-01
3.369406092700492072e-01
2.228825812092080916e-01
2.701299438083010762e-01
4.195145318628070719e-01
5.082389511052901598e-01
3.922212031270986832e-01
4.054532085748506764e-01
0.000000000000000000e+00
5.489526520149456273e-02
5.673725328174624577e-02
5.099191713804514942e-02
5.372613153561403565e-02
3.283231415058369962e-02
5.476243518253178649e-02
2.644821178727871924e-01
4.691337690563893853e-02
1.398807413501829688e-01
2.002862112978856246e-01
7.938896361150518666e-02
1.701420306366627222e-01
2.297030649878968045e-01
1.577255550948566676e-01
1.027394666559306169e-01
1.078949079717860388e-01
2.853179058148596070e-01
1.931479914317400237e-01
2.295146521489834224e-01
1.135289741752720100e-01
4.967664500647923920e-02
7.297018654187589770e-02
1.759924424440701962e-01
2.583068314206055094e-01
1.538374721824688207e-01
1.643923043436413545e-01
0.000000000000000000e+00
1.561776468111976401e-01
1.561394101876675544e-01
1.534391534391534306e-01
1.604068857589984187e-01
2.777777777777777901e-01
1.600584010110493727e-01
6.335869788194266050e-01
1.766245682210708101e-01
5.931953108229768290e-01
3.795010164873178216e-01
2.551545416713955627e-01
5.891072659742677686e-01
3.621826142588668307e-01
4.358084045584045829e-01
3.483830590602550181e-01
3.200307294193756591e-01
4.949494949494949170e-01
2.750031684409935950e-01
4.898316047012549190e-01
2.909946236559139976e-01
6.226330672584745596e-01
1.832469192222938026e-01
3.035922419906879610e-01
3.753688237250296655e-01
3.190515169098143144e-01
2.127659574468085124e-01
0.000000000000000000e+00
