3.136402751990887694e-01
3.227845312998181004e-01
3.102601420672809196e-01
3.358893071913767736e-01
3.905623172638879037e-01
3.160910891664831524e-01
5.549418359980438087e-01
2.435393067379379439e-01
5.214514968506150927e-01
3.541757777597753232e-01
2.473577327215927546e-01
4.286525223896989756e-01
3.864475283920099091e-01
4.094614404267621910e-01
3.746625553564224553e-01
4.374862311772134693e-01
4.916522293032876134e-01
3.430110474460866810e-01
5.555789248406516334e-01
3.418850814144978600e-01
5.248123687015028294e-01
2.031753560603331010e-01
2.926789158801891277e-01
4.746586423272384225e-01
2.847339543446436583e-01
2.950384621574605459e-01
0.000000000000000000e+00
8.909126422188583250e-02
9.306260575296108895e-02
8.709987635664240280e-02
1.016200294550810013e-01
8.474576271186440302e-02
8.959675300025377043e-02
3.915057915057915672e-01
2.477477477477477708e-01
2.554945054945055305e-01
2.728442728442728726e-01
3.155594405594405738e-01
3.054340083443573550e-01
4.027777777777777346e-01
2.376657824933686991e-01
2.750553403431101884e-01
4.785992217898832890e-01
2.997903563941299310e-01
3.537504896200547866e-01
2.081447963800904799e-01
4.662288930581613422e-01
2.500000000000000000e-01
3.147747393271689842e-01
2.209862467773909267e-01
4.292120435618193564e-01
2.260869565217391020e-01
2.909090909090909505e-01
0.000000000000000000e+00
9.810671256454388256e-02
1.043478260869565161e-01
9.090909090909091161e-02
8.597285067873303155e-02
2.500000000000000000e-01
9.804095287825137506e-02
1.969696969696969613e-01
0.000000000000000000e+00
0.000000000000000000e+00
0.000000000000000000e+00
0.000000000000000000e+00
1.127946127946128224e-01
0.000000000000000000e+00
1.526980482204362832e-01
1.597682119205298124e-01
1.388888888888888951e-01
1.622516556291390688e-01
0.000000000000000000e+00
0.000000000000000000e+00
0.000000000000000000e+00
1.032608695652173919e-01
0.000000000000000000e+00
6.333333333333333870e-02
0.000000000000000000e+00
0.000000000000000000e+00
0.000000000000000000e+00
0.000000000000000000e+00
2.955552058108775748e-01
3.002656376073923883e-01
2.808745963226129128e-01
3.014647246617866427e-01
2.131708885215439775e-01
2.958234760025312271e-01
4.756212757034390393e-01
3.167573920914470431e-01
3.870546849296432890e-01
3.179282739824722537e-01
3.021461006372772040e-01
4.686356037721325918e-01
5.426795456429946984e-01
3.216518986019480941e-01
3.118745880269215287e-01
3.549837844172774592e-01
4.476282128736818189e-01
4.665256939448630402e-01
4.369395132755436451e-01
4.219131014732870333e-01
1.953952265204061123e-01
2.604645863893357838e-01
5.390775857207001920e-01
5.898016062070479126e-01
3.583109603875915261e-01
4.740421394630648377e-01
0.000000000000000000e+00
8.735287968191017549e-02
9.015945312777390308e-02
7.889053885939074917e-02
9.088098021540684524e-02
4.544182771306452817e-02
8.751152895422016631e-02
2.262155979017667351e-01
1.003352454445747138e-01
1.498113291259853819e-01
1.010783873974739483e-01
9.129226613031166115e-02
2.196193291228712430e-01
2.945010892592870855e-01
1.034599438742379029e-01
9.726575865696200640e-02
1.260134871992120986e-01
2.003710169604862035e-01
2.176462231107360590e-01
1.909161382614689706e-01
1.780106651948082097e-01
3.817929454696081942e-02
6.784180076296776607e-02
2.906046434264589196e-01
3.478659346844136246e-01
1.283867443338782277e-01
2.247159499867197596e-01
0.000000000000000000e+00
2.681540728267732820e-01
2.772117962466487673e-01
2.617012617012616782e-01
2.918622848200313480e-01
3.611111111111111049e-01
2.704188458387600802e-01
5.551735448782970650e-01
1.813449394094555356e-01
5.382058230103876628e-01
3.580023793827244449e-01
2.496772708097026450e-01
4.579873773523552849e-01
3.521739130434782816e-01
4.108392549526270754e-01
3.658453573386759583e-01
4.079278604142065334e-01
4.342283459930518785e-01
3.495246393357520631e-01
5.731238982624023981e-01
3.189593301435407202e-01
5.860054347826086918e-01
1.900857376156777356e-01
3.375146084924036116e-01
4.345884350682731601e-01
2.556616413404595445e-01
2.921108742004264180e-01
0.000000000000000000e+00
