3.435678687929984987e-01
3.507409725247275234e-01
3.460233881699619207e-01
3.639995453426302374e-01
4.702856617984752519e-01
3.473916231973118163e-01
6.474321369752830124e-01
2.283681674246168525e-01
5.643658056315750127e-01
3.114605379806250629e-01
1.702788755097260076e-01
5.360333368924375952e-01
4.197637667882317403e-01
3.603417362858863382e-01
3.534829836015154769e-01
4.377466710903500924e-01
4.687927849119444823e-01
3.166581758966997562e-01
4.553483857835256554e-01
3.751705819652135787e-01
4.814439712843662789e-01
1.866954535308075758e-01
2.494119633181621498e-01
4.862444514029301557e-01
3.612230328141459168e-01
4.077038402580576149e-01
0.000000000000000000e+00
1.388739684554909926e-01
1.426794067880959582e-01
1.365572193982689808e-01
1.509572901325478556e-01
1.796610169491525411e-01
1.412063358191065210e-01
5.942857142857143060e-01
1.981981981981982277e-01
2.834285714285714741e-01
3.464052287581699807e-01
2.107692307692307643e-01
2.493173401827906699e-01
3.265765765765765716e-01
2.546419098143236082e-01
2.646668379582048924e-01
5.086800359173900832e-01
3.421052631578946901e-01
3.239281771890467065e-01
3.032967032967032739e-01
4.617886178861788649e-01
2.631578947368420907e-01
2.694844528200295852e-01
2.538420208684817325e-01
4.524462887356937579e-01
4.105263157894736281e-01
4.799999999999999822e-01
0.000000000000000000e+00
8.318990246701089830e-02
7.886056971514242286e-02
8.500590318772136000e-02
9.728506787330318262e-02
1.250000000000000000e-01
8.589963171972514466e-02
2.342342342342342287e-01
0.000000000000000000e+00
0.000000000000000000e+00
0.000000000000000000e+00
0.000000000000000000e+00
1.329365079365079361e-01
0.000000000000000000e+00
0.000000000000000000e+00
0.000000000000000000e+00
1.538461538461538547e-01
1.103603603603603572e-01
0.000000000000000000e+00
0.000000000000000000e+00
0.000000000000000000e+00
0.000000000000000000e+00
0.000000000000000000e+00
0.000000000000000000e+00
0.000000000000000000e+00
0.000000000000000000e+00
0.000000000000000000e+00
0.000000000000000000e+00
4.061751855897997587e-01
4.093691023283861363e-01
3.932134433862882195e-01
4.034051244278376580e-01
4.412159055371520644e-01
4.089545768120933511e-01
6.641634989095352992e-01
2.610952898343392725e-01
4.233995182941971414e-01
4.285202574246143037e-01
2.343967701657570790e-01
4.136680619079437515e-01
5.644821008653916339e-01
3.728403673043963473e-01
2.971931963553071099e-01
3.343187192530275298e-01
4.918348041993592656e-01
4.989956924860254883e-01
5.365774639959693948e-01
5.276245945964572748e-01
2.320297488521119167e-01
2.416227621119686197e-01
6.286729790592566758e-01
5.514942698341165350e-01
5.759569009715506116e-01
6.663452131402894940e-01
0.000000000000000000e+00
1.649782813889083266e-01
1.675830619411487199e-01
1.546168120597017082e-01
1.627356944146391982e-01
1.946714752989690544e-01
1.672438458955583795e-01
4.411131532837562208e-01
6.817075037367761881e-02
1.792671520917581973e-01
1.836296110232576995e-01
5.494184586413875665e-02
1.711212654426743640e-01
3.186400421974061592e-01
1.390099394916771702e-01
8.832379595988412713e-02
1.117690060429846616e-01
2.419014746218220158e-01
2.489967011196081714e-01
2.879153748683457859e-01
2.783877128230760056e-01
5.383780435237412593e-02
5.838155917061698535e-02
3.952297145992406668e-01
3.041459296598654771e-01
3.317263517767525260e-01
4.440159430749778813e-01
0.000000000000000000e+00
1.869080193643443411e-01
2.114745308310991834e-01
2.083842083842083470e-01
1.971830985915493106e-01
2.777777777777777901e-01
1.955304613625699628e-01
5.782224532224532476e-01
2.200647249190938737e-01
5.570048640987056432e-01
3.039454952206629978e-01
1.828342758763470410e-01
6.160699885484733906e-01
3.601778656126482514e-01
3.555936073059360880e-01
3.743825650353099777e-01
4.264537008038416510e-01
4.273255813953488191e-01
3.175501821509687517e-01
4.053823880088570641e-01
3.698630136986301165e-01
5.251256281407035154e-01
1.869530170428374272e-01
3.099837662337662225e-01
4.934685936631462155e-01
2.898251578436134013e-01
3.921568627450980338e-01
0.000000000000000000e+00
