3.424669609326227437e-01
3.422394249807846900e-01
3.296226736963275283e-01
3.287434762767119101e-01
4.313441902172341358e-01
3.381737852178237635e-01
1.834997803644438930e-01
3.190562889340921027e-01
6.147513000879744061e-01
3.906473647835650986e-01
4.580179133858702789e-01
2.909596531420128862e-01
2.869959732029406796e-01
7.531097576162095741e-01
7.889554513925165491e-01
3.965455816519330989e-01
4.192604977333881378e-01
7.950879448538191729e-01
2.993773213042654757e-01
2.257283482725774559e-01
2.242400757745062756e-01
2.175868638773880703e-01
1.826604720711820506e-01
2.722527076403065127e-01
1.637012232699069370e-01
5.424177945627950415e-01
0.000000000000000000e+00
1.110161628985790322e-01
1.087513685677316683e-01
1.007006456930897159e-01
1.039212076583210659e-01
1.288135593220338937e-01
1.082638093798993645e-01
2.156682027649769462e-01
3.606557377049180446e-01
3.992974238875878767e-01
6.424242424242423422e-01
4.502262443438914130e-01
2.489291050971276786e-01
4.113475177304964370e-01
4.646098003629763884e-01
6.022931654676260127e-01
4.659846868331868897e-01
5.158730158730158166e-01
5.095720720720720021e-01
3.122171945701357476e-01
2.947586922677737364e-01
3.013698630136986134e-01
4.345061173705674906e-01
3.193952279707063524e-01
7.405509288917360156e-01
2.761061946902654274e-01
5.333333333333333259e-01
0.000000000000000000e+00
6.827309236947790017e-02
7.586206896551724033e-02
6.139315230224320213e-02
6.561085972850680403e-02
1.250000000000000000e-01
6.489319756998623845e-02
0.000000000000000000e+00
0.000000000000000000e+00
0.000000000000000000e+00
0.000000000000000000e+00
0.000000000000000000e+00
0.000000000000000000e+00
0.000000000000000000e+00
4.204425711275026623e-01
2.539473684210526438e-01
1.020408163265306006e-01
7.492354740061162033e-02
0.000000000000000000e+00
0.000000000000000000e+00
0.000000000000000000e+00
0.000000000000000000e+00
0.000000000000000000e+00
0.000000000000000000e+00
0.000000000000000000e+00
0.000000000000000000e+00
0.000000000000000000e+00
0.000000000000000000e+00
2.927539586105843417e-01
2.902998308229316482e-01
2.715424488888854015e-01
2.693439126415771989e-01
2.902681449852969608e-01
2.881810537242346926e-01
3.063631889386352891e-01
3.913282825569079915e-01
4.745552191888937066e-01
4.865239550908434518e-01
3.796784432147242705e-01
3.828974095136291056e-01
4.362727997025858673e-01
5.505943660363176173e-01
4.487450337987796134e-01
3.223289154897210906e-01
4.900425989253983095e-01
6.459063428800472240e-01
3.796223459084148710e-01
2.817112731211404708e-01
1.595855185874762994e-01
2.792537752288280495e-01
4.996400741802953238e-01
5.173417846601784387e-01
2.807386606138868590e-01
6.249436058980872843e-01
0.000000000000000000e+00
8.570488028216771692e-02
8.427399177582274581e-02
7.373530154857292629e-02
7.254614327707359367e-02
8.425559599320538162e-02
8.304831972561023401e-02
9.385840353664993974e-02
1.531378247289391925e-01
2.252026560594188875e-01
2.367055588772370711e-01
1.441557202419566364e-01
1.466104262122477631e-01
1.903339557603325738e-01
3.031541559109344197e-01
2.013721053590677434e-01
1.038959297607797566e-01
2.401417487615587765e-01
4.171950037726772642e-01
1.441131255130082001e-01
7.936124140353380263e-02
2.546753774283374433e-02
7.798267097955283167e-02
2.496402037268910246e-01
2.676425221553785372e-01
7.881419556327914910e-02
3.905545105529038552e-01
0.000000000000000000e+00
3.047779414860029013e-01
3.109919571045576259e-01
3.060643060643060687e-01
2.848200312989045413e-01
3.888888888888888395e-01
3.121040265294806604e-01
1.625273922571219831e-01
2.537313432835821003e-01
5.904036083676802438e-01
3.751153018345802503e-01
4.672114224001016614e-01
3.389469567278133311e-01
2.579617834394904441e-01
7.019890260631002077e-01
7.857500070277800841e-01
3.887663228191520770e-01
3.798449612403100306e-01
7.947336138736226241e-01
2.693831352574986293e-01
2.181818181818181712e-01
2.389937106918239018e-01
2.177231938389510013e-01
2.533333333333333548e-01
2.394327257833299694e-01
1.243358683196166270e-01
5.312500000000000000e-01
0.000000000000000000e+00
