3.044507752911684850e-01
3.114429248744551848e-01
3.082880328390119606e-01
3.297040549630738115e-01
3.258508979823557805e-01
3.083153709107194773e-01
6.961411931919152529e-01
1.851465387372840943e-01
6.400257562992581750e-01
3.994435547466378411e-01
2.195517472474338427e-01
6.016352152960475763e-01
4.381864549120199626e-01
3.374308020321420964e-01
2.416281955065431308e-01
3.974532550128551667e-01
4.423738068661592915e-01
2.287273638623971428e-01
6.403982029493211492e-01
2.686979215188719516e-01
6.305675103374284163e-01
1.506635836367901105e-01
2.478200854797813213e-01
4.492449575755249613e-01
3.489900011907046684e-01
2.500566453842378301e-01
0.000000000000000000e+00
1.794765369402802901e-01
1.876430775355827640e-01
1.813435911526308508e-01
2.047128129602356350e-01
1.288135593220338937e-01
1.837842505147480043e-01
6.244897959183673963e-01
2.696078431372549433e-01
3.581932773109244295e-01
3.815060908084163538e-01
2.065687121866897069e-01
3.114349538888804281e-01
3.222222222222221877e-01
2.135706340378197843e-01
3.105452480121166925e-01
4.351491569390401604e-01
7.222222222222220989e-01
1.765654543432320644e-01
3.649038461538461897e-01
3.618492901346923585e-01
3.333333333333333148e-01
2.542199488491048709e-01
2.018156660254463164e-01
3.946188340807175177e-01
5.032258064516128560e-01
2.086956521739130599e-01
0.000000000000000000e+00
2.065404475043029070e-02
2.428785607196401464e-02
1.889020070838252213e-02
3.393665158371040463e-02
1.250000000000000000e-01
2.279761104139101102e-02
3.851851851851851860e-01
0.000000000000000000e+00
0.000000000000000000e+00
1.232323232323232209e-01
0.000000000000000000e+00
3.722222222222222321e-01
0.000000000000000000e+00
0.000000000000000000e+00
0.000000000000000000e+00
7.352941176470588480e-02
6.559571619812581966e-02
0.000000000000000000e+00
0.000000000000000000e+00
0.000000000000000000e+00
0.000000000000000000e+00
0.000000000000000000e+00
0.000000000000000000e+00
1.903409090909090884e-01
0.000000000000000000e+00
0.000000000000000000e+00
0.000000000000000000e+00
3.841425295272581919e-01
3.892461972595311903e-01
3.730844866960951189e-01
3.888378714394428171e-01
2.506044316739338695e-01
3.860768549134515060e-01
6.623895038668536905e-01
2.674264861788752112e-01
4.985203903280570059e-01
4.087826002797178560e-01
2.392078519054706143e-01
3.826281726765922708e-01
5.239104947228195863e-01
3.382880601229289463e-01
2.952421956638653366e-01
3.003851930504852774e-01
6.688846325192352449e-01
3.841510707612586506e-01
5.470384710923774652e-01
3.366640016226045140e-01
2.705202583989922416e-01
2.159185757686027107e-01
4.703031226126151432e-01
4.389484313738949983e-01
4.621748411236576426e-01
4.058695730207859120e-01
0.000000000000000000e+00
1.475654829916004107e-01
1.515126020810058649e-01
1.391920342132888233e-01
1.511948902655567140e-01
6.280258117461537393e-02
1.490553378998623058e-01
4.387598548329765813e-01
7.151692550998012265e-02
2.485225795728382703e-01
1.671032142914475604e-01
5.722039641322955450e-02
1.464043185258280810e-01
2.744822064807095896e-01
1.144388116217343460e-01
8.716795410042012249e-02
9.023126420397729885e-02
4.474066516203924482e-01
1.475720451670215760e-01
2.992510888550858339e-01
1.133426499885450828e-01
7.318121020425752410e-02
4.662083136194181826e-02
2.211850271391765377e-01
1.926757254056030155e-01
2.136055837676782143e-01
1.647301103040750836e-01
0.000000000000000000e+00
1.835403073037255306e-01
1.906702412868632734e-01
1.921041921041921063e-01
1.956181533646322857e-01
2.222222222222222099e-01
1.915452389487390383e-01
6.330014224751066010e-01
1.588785046728971861e-01
6.284941637462402309e-01
3.792881646655231198e-01
2.507856341189674265e-01
6.282919197881416951e-01
4.023178807947019875e-01
3.333333333333333148e-01
2.349710757349070256e-01
3.921370967741934499e-01
4.083333333333333259e-01
2.381738051383641142e-01
6.342438374417055380e-01
2.727272727272727071e-01
6.996124031007752153e-01
1.495134730538922319e-01
2.957547169811320931e-01
4.365501798693194324e-01
3.117816091954023205e-01
2.427184466019417508e-01
0.000000000000000000e+00
