2.949238605812145586e-01
2.996779366039788450e-01
2.985222561376551509e-01
3.024717184231370259e-01
3.175268012964347908e-01
2.966998166753103128e-01
5.192841993982404425e-01
9.431626222068449639e-02
6.171945883511870123e-01
3.302621223586703070e-01
2.882086732729545187e-01
4.338905265815646839e-01
3.842658709257210647e-01
4.505025469189358200e-01
5.554515233887171721e-01
3.323427506533624398e-01
5.441082508580542543e-01
4.117852047886141342e-01
4.956800305726239975e-01
3.901116360652311377e-01
3.751319012348129922e-01
2.281448180598115161e-01
3.018794574525736074e-01
3.788857919927581808e-01
3.180398265518743495e-01
3.502106819505139690e-01
0.000000000000000000e+00
1.185848918404218966e-01
1.249626754255001582e-01
1.197050876951962217e-01
1.189248895434462383e-01
1.762711864406779627e-01
1.184190136643562818e-01
4.392075078206465477e-01
1.370716510903426666e-01
2.893036611629576926e-01
3.680555555555555802e-01
2.279858299595141913e-01
2.358044164037854662e-01
3.487972508591064558e-01
2.964487905301080861e-01
3.355789506325973504e-01
3.415299450439246987e-01
4.126984126984126200e-01
5.200513013013012831e-01
2.908324552160168053e-01
3.594109526000920374e-01
2.063492063492063378e-01
3.211489277985441482e-01
6.156957240727615188e-01
4.342014487754398133e-01
3.714285714285713302e-01
3.248730964467005378e-01
0.000000000000000000e+00
9.294320137693630468e-02
9.265367316341828474e-02
8.028335301062572427e-02
8.371040723981901244e-02
1.250000000000000000e-01
8.668022659033855493e-02
2.407407407407406996e-01
0.000000000000000000e+00
1.912632821723731225e-01
5.716963448922211116e-02
0.000000000000000000e+00
7.919621749408983780e-02
0.000000000000000000e+00
8.184615384615386013e-02
2.380756578947368363e-01
6.849315068493150305e-02
1.192214111922141051e-01
0.000000000000000000e+00
0.000000000000000000e+00
0.000000000000000000e+00
0.000000000000000000e+00
0.000000000000000000e+00
8.507462686567164589e-02
0.000000000000000000e+00
0.000000000000000000e+00
0.000000000000000000e+00
0.000000000000000000e+00
3.181215308737731506e-01
3.215386570370159514e-01
3.163357077204750900e-01
3.000815201779299390e-01
2.614569693205460177e-01
3.181029980204271301e-01
4.636832727579655589e-01
1.805393157665503290e-01
4.038394983942698580e-01
4.038953425868146985e-01
2.620683296035302701e-01
3.407846474138164772e-01
4.730496268562804918e-01
4.486568434716260434e-01
3.592963097436799313e-01
2.791931848193185961e-01
6.799600499589674163e-01
5.958424135152475820e-01
4.029739785678319031e-01
4.088007463888103099e-01
1.785231824479561746e-01
2.984565752767923130e-01
8.041679121259641683e-01
5.055371285608212251e-01
4.617806725389031475e-01
5.076515118984764596e-01
0.000000000000000000e+00
1.012013084054730061e-01
1.033871079691677658e-01
1.000682799790138383e-01
9.004891875229738274e-02
6.835974680628494060e-02
1.011895173495838823e-01
2.150021774355379001e-01
3.259444453745416470e-02
1.630863404633355052e-01
1.631314477633204196e-01
6.867980938118457834e-02
1.161341759129592005e-01
2.237759494688661421e-01
2.012929631939231467e-01
1.290938381954263303e-01
7.794883444955416629e-02
4.623456695402014538e-01
3.550281817436752863e-01
1.623880274027874049e-01
1.671180502480484054e-01
3.187052667134624567e-02
8.907632732595159586e-02
6.466860308930323376e-01
2.555677883535202866e-01
2.132413895304816898e-01
2.577100575328090115e-01
0.000000000000000000e+00
2.079562197432119619e-01
2.107238605898122952e-01
2.100122100122099877e-01
2.034428794992175216e-01
2.777777777777777901e-01
2.079515282531452236e-01
4.860574109852261460e-01
0.000000000000000000e+00
6.189649720259845500e-01
3.260343550384960931e-01
3.137467638592685293e-01
4.443971210431330032e-01
3.445329942942197965e-01
4.417597383044538084e-01
5.703425784359307249e-01
3.562765418904856318e-01
4.395254629629629650e-01
4.088753451677368256e-01
4.770190273048858787e-01
3.633369550454977892e-01
4.205990250766369898e-01
2.337208594169073450e-01
3.503777472527472847e-01
3.341502298196777909e-01
2.737078114402541340e-01
3.257640067911714565e-01
0.000000000000000000e+00
