3.738557358625528293e-01
3.804470732116398968e-01
3.734152359439790736e-01
3.976366306356742819e-01
4.443432733894832620e-01
3.772301476114386931e-01
5.571075851771654097e-01
1.777624327840516549e-01
5.433200652926682972e-01
4.078814146583394917e-01
2.722833995520250738e-01
5.383319295395531112e-01
4.126527830760624016e-01
3.807827938549019908e-01
4.859296187800063449e-01
3.516858857845021058e-01
5.434490722103667570e-01
3.519614677442399753e-01
4.170352654070788589e-01
3.580487535582643210e-01
4.901993266688108308e-01
1.853336900735851889e-01
2.087512713832234967e-01
5.157528906695211246e-01
3.520209959328037264e-01
3.237392170223854504e-01
0.000000000000000000e+00
1.494946042287221277e-01
1.535781825420523550e-01
1.470440078765398173e-01
1.623711340206185350e-01
1.254237288135593154e-01
1.513818958235891854e-01
4.642857142857143016e-01
2.291666666666666852e-01
3.690476190476190688e-01
4.673721340388006795e-01
2.970414201183432246e-01
2.585379234672883775e-01
2.626811594202898559e-01
5.044334975369457741e-01
4.365493319630011082e-01
4.460116731517509425e-01
3.714285714285713857e-01
3.748391248391247932e-01
2.557924003707136018e-01
3.764581124072109986e-01
3.478260869565217295e-01
4.883369796320832790e-01
1.178302646359748740e-01
4.861642786831456564e-01
3.249999999999999556e-01
2.612244897959183354e-01
0.000000000000000000e+00
7.458405048766493517e-02
7.466266866566716176e-02
6.729634002361273293e-02
6.561085972850680403e-02
1.250000000000000000e-01
7.024589985256218805e-02
0.000000000000000000e+00
0.000000000000000000e+00
0.000000000000000000e+00
8.531468531468530681e-02
0.000000000000000000e+00
2.723577235772358107e-01
0.000000000000000000e+00
0.000000000000000000e+00
1.846301020408163129e-01
0.000000000000000000e+00
1.540880503144654023e-01
0.000000000000000000e+00
0.000000000000000000e+00
0.000000000000000000e+00
0.000000000000000000e+00
6.035502958579882365e-02
0.000000000000000000e+00
0.000000000000000000e+00
0.000000000000000000e+00
0.000000000000000000e+00
0.000000000000000000e+00
4.408471802128120509e-01
4.442005697013839960e-01
4.221188195923648023e-01
4.376986122869672147e-01
3.451412467613937940e-01
4.410833359748578819e-01
5.869266482732048429e-01
2.856256966783014550e-01
4.903438415228366098e-01
4.396745005859667432e-01
3.087716742767535605e-01
3.541520680382500563e-01
4.779003949106638838e-01
5.934859029124162078e-01
4.047202486918606845e-01
3.447786828489505240e-01
5.946674131961384724e-01
4.923305263156959044e-01
4.478560545370690593e-01
4.211552338280149521e-01
2.303586885029197395e-01
3.068481632183740482e-01
3.752925937430588998e-01
5.781167789857938333e-01
4.397926865303319333e-01
5.097986776403667930e-01
0.000000000000000000e+00
1.943462363015875938e-01
1.973141461230341065e-01
1.781842978540514322e-01
1.915800751979368499e-01
1.191224802160093243e-01
1.945545092747093530e-01
3.444828904532182268e-01
8.158203860296504850e-02
2.404370829193726578e-01
1.933136664655193127e-01
9.533994683566962558e-02
1.254236872957692484e-01
2.283887874557684328e-01
3.522255169557658716e-01
1.637984797012015381e-01
1.188723401470572066e-01
3.536293323173868575e-01
2.423893471422902124e-01
2.005750455855101200e-01
1.773717309807299469e-01
5.306512536878520842e-02
9.415579527048992259e-02
1.408445309183926630e-01
3.342190101449092898e-01
1.934176071255668261e-01
2.598946917238665888e-01
0.000000000000000000e+00
2.435276783834981751e-01
2.489008042895441974e-01
2.352462352462352246e-01
2.605633802816901823e-01
2.777777777777777901e-01
2.505890033986062915e-01
5.187030297405572643e-01
1.195469798657717991e-01
5.739848408026124726e-01
4.022663502446046091e-01
2.765842894569678356e-01
5.966245875678259925e-01
3.860294117647058432e-01
3.653289207640524339e-01
4.823000809861947014e-01
3.339273054134804797e-01
4.827703358571150960e-01
3.557894470814529364e-01
4.110692657989669097e-01
3.588079470198675680e-01
5.625243474873392602e-01
1.668073751416650763e-01
2.730636833046471423e-01
4.597932823714441231e-01
3.635575412200267031e-01
3.110935950570825614e-01
0.000000000000000000e+00
