2.991329936185648242e-01
3.055091433266322043e-01
3.110907240976386601e-01
3.081200944596358404e-01
4.449581831780784480e-01
3.042194340459749013e-01
6.175850859535875204e-01
3.851453146941855032e-01
7.181204589431746665e-01
4.043612625619780743e-01
2.047836546094006505e-01
5.790015824267298328e-01
2.880016648882190444e-01
4.491196995422357952e-01
4.559019918929015369e-01
2.865014393638257717e-01
4.895147376147006568e-01
4.035328331490890541e-01
3.576734057430394631e-01
2.671133579532281033e-01
4.071540182624183157e-01
2.081250199678495449e-01
2.251474297843339689e-01
3.571391754131775231e-01
3.453111991766125710e-01
3.775760782403523308e-01
0.000000000000000000e+00
1.034230187020850622e-01
1.048322882452473459e-01
1.061959060310482261e-01
1.058541973490427085e-01
8.813559322033898136e-02
1.047844075686790721e-01
5.064935064935064402e-01
3.188405797101449557e-01
3.875000000000000111e-01
4.588744588744588793e-01
1.739510489510489311e-01
9.478618997546441882e-01
3.403755868544600660e-01
3.009404388714733147e-01
3.679079463701765973e-01
4.203059670831621464e-01
2.782874617737002843e-01
3.656205547652915944e-01
1.868905742145178794e-01
2.284891598915989308e-01
2.399999999999999911e-01
3.267263427109974305e-01
1.650720529175525586e-01
4.292120435618193564e-01
4.159999999999999254e-01
6.222222222222222321e-01
0.000000000000000000e+00
9.466437177280549731e-02
1.028485757121439109e-01
9.681227863046043547e-02
9.728506787330318262e-02
1.250000000000000000e-01
9.302073992158868543e-02
1.604938271604938183e-01
0.000000000000000000e+00
4.628571428571429114e-01
5.134680134680134206e-02
0.000000000000000000e+00
2.537878787878788400e-01
0.000000000000000000e+00
9.472934472934473049e-02
0.000000000000000000e+00
4.629629629629629373e-02
1.599347205222357848e-01
0.000000000000000000e+00
0.000000000000000000e+00
0.000000000000000000e+00
7.786885245901639663e-02
0.000000000000000000e+00
0.000000000000000000e+00
0.000000000000000000e+00
0.000000000000000000e+00
0.000000000000000000e+00
0.000000000000000000e+00
3.118650694961936365e-01
3.152765470028068284e-01
3.085555629309175152e-01
2.933469369857713005e-01
2.346607652569627223e-01
3.111663075110264742e-01
5.423709965243951325e-01
5.049069506975496502e-01
3.978011003019624736e-01
5.373481927135582703e-01
2.424884648324156233e-01
9.320681270217927583e-01
4.776801933737492845e-01
4.649492601826258897e-01
4.046816770249088702e-01
3.375982381560420076e-01
4.373500712827581571e-01
5.290409942453616621e-01
3.676931570127538462e-01
3.229645425983843632e-01
2.188315427039604355e-01
3.190165784288725437e-01
5.327940957701449154e-01
5.416697544784498941e-01
5.053698099119681153e-01
8.168053271192969866e-01
0.000000000000000000e+00
9.725982157186566224e-02
9.939930109001304803e-02
9.520653541561542588e-02
8.605242543893407148e-02
5.506567475098336079e-02
9.682447093004667438e-02
2.941662978708655118e-01
2.549310288626977505e-01
1.582457154014519640e-01
2.887430802125273144e-01
5.880065557678168520e-02
8.687509934099126863e-01
2.281783671415824610e-01
2.161778145443711274e-01
1.637672597196925817e-01
1.139725704060636224e-01
1.912750848510336721e-01
2.798843735921208720e-01
1.351982577140056485e-01
1.043060957757836471e-01
4.788724408219525996e-02
1.017715773124649725e-01
2.838695484875263797e-01
2.934061229167442830e-01
2.553986447704588714e-01
6.671709424104617092e-01
0.000000000000000000e+00
2.315302041675436351e-01
2.363538873994637801e-01
2.486772486772486634e-01
2.339593114241002025e-01
4.166666666666666297e-01
2.384283288847215965e-01
6.019773921882061174e-01
2.403096903096902937e-01
6.958328241476231524e-01
3.539651837524177558e-01
2.040087592719171394e-01
5.401283762049670090e-01
2.020745798319327491e-01
4.518814432989690655e-01
4.084094616221095597e-01
2.687585016461316867e-01
4.617715617715617560e-01
4.337697327557695770e-01
3.513171937313936399e-01
2.828571428571428625e-01
4.466243862520458130e-01
2.000963108747539909e-01
2.839893617021276850e-01
4.152988240262309727e-01
2.639887704174228578e-01
3.440126050420168058e-01
0.000000000000000000e+00
