4.150377238071853991e-01
4.200470696754781685e-01
4.129611800152501733e-01
4.248323081103718701e-01
3.605275366160779482e-01
4.156224060138595244e-01
3.274531921084986030e-01
1.663344193316436126e-01
6.245845431393453051e-01
4.337433062044740439e-01
4.055316388347939283e-01
3.694980992183389823e-01
3.482570121023593201e-01
4.761252852337118924e-01
6.348375669709789282e-01
4.000172982257649834e-01
4.031998282332711625e-01
5.890995695385810027e-01
3.103542129564701990e-01
3.609124252632862628e-01
3.185877694341129329e-01
2.035675873434129590e-01
2.246946302695568554e-01
4.743491406124198395e-01
2.495969757669623257e-01
4.521940386741080675e-01
0.000000000000000000e+00
3.056301577225450372e-01
3.179307255897282913e-01
2.972935842835554010e-01
3.286082474226804107e-01
1.423728813559322071e-01
3.076486892613158886e-01
3.358121330724070375e-01
2.619047619047619180e-01
2.897196261682242757e-01
4.659340659340659441e-01
4.654977375565610975e-01
1.829652996845425594e-01
2.469586374695863507e-01
4.341435839457320478e-01
4.455084580983862397e-01
5.757228961623560570e-01
3.333333333333333148e-01
4.047797797797797470e-01
1.561085972850678738e-01
3.367208672086721144e-01
1.627906976744186163e-01
3.009982674696807248e-01
2.001455017932693425e-01
4.838329006372433239e-01
2.039215686274509498e-01
4.000000000000000222e-01
0.000000000000000000e+00
6.769936890418817854e-02
7.076461769115441336e-02
6.965761511216056467e-02
6.787330316742082315e-02
1.250000000000000000e-01
6.573906269553719817e-02
0.000000000000000000e+00
0.000000000000000000e+00
0.000000000000000000e+00
0.000000000000000000e+00
1.835616438356164337e-01
0.000000000000000000e+00
0.000000000000000000e+00
2.495309568480300610e-01
3.092948717948718063e-01
1.136363636363636465e-01
7.424242424242423477e-02
0.000000000000000000e+00
0.000000000000000000e+00
0.000000000000000000e+00
0.000000000000000000e+00
6.431273644388399435e-02
0.000000000000000000e+00
1.495535714285714246e-01
0.000000000000000000e+00
0.000000000000000000e+00
0.000000000000000000e+00
5.624401093702890986e-01
5.765776469421524109e-01
5.453798293730792723e-01
5.581333994049599845e-01
2.765578144393756599e-01
5.638460735389730916e-01
4.168162916436263798e-01
2.817255168830505307e-01
4.527095113598234577e-01
5.459629545213253721e-01
3.815701641787951348e-01
3.441714187007995918e-01
3.917899892292430186e-01
4.484153570147746959e-01
3.834476457214370804e-01
3.868285247478983613e-01
5.106303638345662810e-01
5.011029620534556139e-01
2.830851422545186957e-01
3.691809906913748329e-01
1.531994801496701919e-01
2.422615971344187213e-01
5.205681792642515848e-01
4.946898273200983631e-01
3.079542167826063714e-01
6.144892841954300300e-01
0.000000000000000000e+00
3.163388766284627729e-01
3.324417829533493629e-01
2.974391582870091755e-01
3.115128915313365998e-01
7.648422472748411804e-02
3.179223946453170746e-01
1.737358209795445974e-01
7.936926686302199496e-02
2.049459016756501328e-01
2.980755477096548867e-01
1.455957901914327057e-01
1.184539654505210732e-01
1.534993956602503373e-01
2.010763324066878466e-01
1.470320970093127178e-01
1.496363075586354119e-01
2.607433684698214904e-01
2.511041785787470060e-01
8.013719776526108396e-02
1.362946038878650179e-01
2.347008071812919233e-02
5.869068144611939986e-02
2.709912292624980235e-01
2.447180252539887801e-01
9.483579963418854730e-02
3.775970803910119189e-01
0.000000000000000000e+00
2.748894969480109030e-01
2.683109919571045610e-01
2.637362637362637430e-01
2.644757433489828280e-01
3.333333333333333148e-01
2.718831598995604670e-01
2.919181317239569196e-01
1.024096385542168780e-01
6.125587133469948542e-01
4.245324053936493369e-01
3.644444444444444042e-01
4.236836959097666222e-01
3.527874564459930196e-01
4.608885254837830625e-01
6.525531102800572469e-01
3.783161041225556742e-01
3.141025641025640969e-01
6.108387765421727789e-01
3.006315789473684719e-01
3.380281690140845008e-01
3.572267920094007176e-01
1.998098397798996895e-01
2.839857651245551451e-01
4.404410870622568197e-01
2.392742582197273371e-01
4.347826086956521618e-01
0.000000000000000000e+00
