3.110083751999204171e-01
3.178676195928784032e-01
3.070332667692357576e-01
3.195142784552650328e-01
3.567547734296721562e-01
3.121276427845496859e-01
3.643289695188713373e-01
1.656033935237307686e-01
5.424222583408134790e-01
5.130723253131224126e-01
3.147155275054193124e-01
3.764665030686128455e-01
4.075773121293455037e-01
5.474514098202909462e-01
7.071325338135370231e-01
4.081867254427121727e-01
4.994692652862331439e-01
4.825839923201926673e-01
3.023077702651015830e-01
3.303980090901591504e-01
3.985859624255888023e-01
1.689005182816949724e-01
2.099936503401141075e-01
3.749123868090640244e-01
2.895953808864666912e-01
3.469911143280958177e-01
0.000000000000000000e+00
1.523511890229015120e-01
1.548098935005474408e-01
1.487383798140770319e-01
1.563880706921943753e-01
1.423728813559322071e-01
1.527344105564099053e-01
2.785714285714285809e-01
2.619047619047619180e-01
2.588126159554731132e-01
4.368131868131867601e-01
3.609467455621301890e-01
2.520638969058325296e-01
4.166666666666666852e-01
3.961096374889478411e-01
4.733812949640288648e-01
4.829442282749675797e-01
3.439153439153438963e-01
4.640416278347312407e-01
1.847614410905550064e-01
3.298490127758419987e-01
2.500000000000000000e-01
2.844680150000784558e-01
1.479250334672021494e-01
3.520785359350382393e-01
4.105263157894736281e-01
3.076923076923077094e-01
0.000000000000000000e+00
8.605851979345954805e-02
8.755622188905545777e-02
7.556080283353008853e-02
7.239819004524886137e-02
1.250000000000000000e-01
8.500447962257781653e-02
1.125541125541125592e-01
0.000000000000000000e+00
0.000000000000000000e+00
8.944281524926685212e-02
0.000000000000000000e+00
1.595238095238095399e-01
0.000000000000000000e+00
0.000000000000000000e+00
2.872023809523809312e-01
9.615384615384615918e-02
1.033755274261603241e-01
0.000000000000000000e+00
0.000000000000000000e+00
0.000000000000000000e+00
5.828220858895705875e-02
5.301455301455302443e-02
0.000000000000000000e+00
1.443965517241379282e-01
0.000000000000000000e+00
0.000000000000000000e+00
0.000000000000000000e+00
3.988114523470651651e-01
4.076893209542172269e-01
3.884673306486820521e-01
3.896759818111829587e-01
2.781479141687890344e-01
4.006488191884297612e-01
3.665637377591640100e-01
3.119778589739716224e-01
3.782704023425021433e-01
5.501085587910029551e-01
3.360545256328825170e-01
3.153393911378700176e-01
6.180886782919272626e-01
5.806588460841287658e-01
4.232743587267084329e-01
3.475064913057261395e-01
4.267069025133819471e-01
5.325972918655149657e-01
3.939217326809289488e-01
3.660722384377036454e-01
1.834941350871650556e-01
2.280309399826136452e-01
4.241736502033379153e-01
4.352644556495405270e-01
4.585554522629519125e-01
5.710873951228676582e-01
0.000000000000000000e+00
1.590505745231754475e-01
1.662105824201107473e-01
1.509068669813124486e-01
1.518473708005094458e-01
7.736626215644802629e-02
1.605194763170831040e-01
1.343689738399691525e-01
9.733018448998331795e-02
1.430884972883584016e-01
3.026194264551144153e-01
1.129326441983417029e-01
9.943893160320256552e-02
3.820336142326615780e-01
3.371646955357519015e-01
1.791611827555062153e-01
1.207607614996167034e-01
1.820787806525648589e-01
2.836598753024805464e-01
1.551743314783452232e-01
1.340088837547909473e-01
3.367009761138677060e-02
5.199810958935433686e-02
1.799232855268236564e-01
1.894551463518908407e-01
2.102731028000803526e-01
3.261408128682224405e-01
0.000000000000000000e+00
2.189012839402230959e-01
2.185522788203753120e-01
2.083842083842083470e-01
2.050078247261346021e-01
2.777777777777777901e-01
2.230696639689058181e-01
3.221525096525096332e-01
8.292682926829268719e-02
5.412033076703735013e-01
4.907481898632340411e-01
2.785594035594035067e-01
4.043987828545634322e-01
2.892857142857142572e-01
5.356481481481480955e-01
7.196884356564788865e-01
3.873507747015493274e-01
4.610215053763440651e-01
5.007804370447450637e-01
3.014874141876430214e-01
3.191489361702127825e-01
4.130434782608695676e-01
1.613023952095808400e-01
2.766990291262135804e-01
3.840853060860783819e-01
2.286398467432950166e-01
3.630363036303630442e-01
0.000000000000000000e+00
