2.777351989008609578e-01
2.818752869047325693e-01
2.805773625542896110e-01
2.966583891319750643e-01
3.599856492207405001e-01
2.812294414762561146e-01
6.027474094054673381e-01
1.704477191203508935e-01
6.973515075647533923e-01
3.746475190495920926e-01
2.829228486489064887e-01
5.710688058852908533e-01
4.299924512755575745e-01
4.025664011303828893e-01
2.555297984688740254e-01
3.404488791447560780e-01
5.139510799473477887e-01
3.075768089212497225e-01
5.213675050035875280e-01
3.118090236284918881e-01
5.972692436256246129e-01
1.453784045228372346e-01
2.563889831232921690e-01
5.077419943028390614e-01
4.606119216218593770e-01
2.390931562066631044e-01
0.000000000000000000e+00
1.677816299624005081e-01
1.667661988653329486e-01
1.667353574208911560e-01
1.721281296023563778e-01
1.288135593220338937e-01
1.685456364046666322e-01
4.833046471600688787e-01
1.904761904761904934e-01
3.585034013605442604e-01
3.365079365079364782e-01
3.155594405594405738e-01
3.212171693899974478e-01
2.929292929292929282e-01
3.510971786833855801e-01
3.926172315159920378e-01
4.264591439688715790e-01
4.684684684684684575e-01
4.466966966966966490e-01
2.872720063441712712e-01
4.123112659698025539e-01
3.636363636363636465e-01
3.365245040436856128e-01
2.018156660254463164e-01
5.316261505782393648e-01
8.088888888888887685e-01
1.739130434782608647e-01
0.000000000000000000e+00
7.458405048766493517e-02
7.976011994002997485e-02
7.201889020070836867e-02
7.239819004524886137e-02
1.250000000000000000e-01
7.331149726355487561e-02
1.786941580756013503e-01
0.000000000000000000e+00
2.488479262672811665e-01
6.161616161616161047e-02
0.000000000000000000e+00
0.000000000000000000e+00
0.000000000000000000e+00
1.263057929724596407e-01
0.000000000000000000e+00
9.433962264150942689e-02
8.462867012089810015e-02
0.000000000000000000e+00
0.000000000000000000e+00
0.000000000000000000e+00
0.000000000000000000e+00
0.000000000000000000e+00
4.999999999999999584e-02
0.000000000000000000e+00
0.000000000000000000e+00
0.000000000000000000e+00
0.000000000000000000e+00
3.202973671812270884e-01
3.204562248394926538e-01
3.128260140531846645e-01
3.112277959042001885e-01
2.702916126527636909e-01
3.207613009749427646e-01
5.086955539004167637e-01
2.356579342826914947e-01
3.948934584060235231e-01
3.952723820881467454e-01
2.959977466171767047e-01
4.037334358277129831e-01
4.794862513727125575e-01
4.096262078025386666e-01
3.524961190696306867e-01
3.079738478499881027e-01
5.332881121166830329e-01
4.711688970700745882e-01
4.910096261155723618e-01
3.758173863962053773e-01
2.711703372164367964e-01
2.676194524683409015e-01
5.349607988802713709e-01
5.407929827044714033e-01
5.974224422027769599e-01
3.163662006422641726e-01
0.000000000000000000e+00
1.025904034232257844e-01
1.026921920383794817e-01
9.786011506840330831e-02
9.686274094338651053e-02
7.305755587043165356e-02
1.028878122031377934e-01
2.587711665580518239e-01
5.553466199038533530e-02
1.559408434918698183e-01
1.562402560416378261e-01
8.761466600244634251e-02
1.630006872052500166e-01
2.299070652554560668e-01
1.677936301186885859e-01
1.242535139591512128e-01
9.484789095952761429e-02
2.843962105249758787e-01
2.220001295662305252e-01
2.410904529381541483e-01
1.412387079176747606e-01
7.353335178607602052e-02
7.162017133945457192e-02
2.861830563386181803e-01
2.924570501423988111e-01
3.569135744475304683e-01
1.000875729088213650e-01
0.000000000000000000e+00
1.978530835613554750e-01
2.035388739946380476e-01
1.986161986161986137e-01
2.034428794992175216e-01
2.777777777777777901e-01
2.031015577497239932e-01
5.985456685301163704e-01
1.360000000000000098e-01
6.958328241476231524e-01
3.724559023066485453e-01
2.980269989615783599e-01
6.363609765044719868e-01
3.820754716981131782e-01
3.852813852813853357e-01
2.812016320510847267e-01
3.357502219591594894e-01
4.622641509433961793e-01
3.125298402399461217e-01
4.970760233918128934e-01
3.103448275862069061e-01
6.333333333333333037e-01
1.355580296693046083e-01
3.010928961748634003e-01
4.555706548305731296e-01
4.058695504318846625e-01
2.395209580838323360e-01
0.000000000000000000e+00
