3.338696142518881027e-01
3.316678028778541343e-01
3.232625262152453716e-01
3.516054999289152105e-01
4.547494390426327637e-01
3.345295850399427340e-01
3.350408243457269619e-01
1.648364370444060367e-01
5.384458752491191325e-01
3.802537466606243366e-01
4.123792310680713946e-01
3.360713412773020381e-01
2.497041729933504317e-01
3.826458269411409652e-01
3.679644449573420961e-01
3.512676575299615300e-01
5.489550738898635318e-01
5.911909799193841852e-01
5.250424074365493965e-01
3.799884177553176645e-01
6.314787264872880890e-01
2.383863907079165068e-01
1.799106107262161969e-01
4.303123546246111486e-01
1.412338983850163765e-01
6.524117658731471980e-01
0.000000000000000000e+00
6.262512818008691973e-02
6.128695132875484897e-02
5.756285204011540174e-02
6.498527245949926867e-02
6.440677966101694685e-02
6.180736574077722034e-02
2.553571428571428381e-01
1.222222222222222321e-01
2.290640394088669929e-01
3.916256157635468194e-01
2.211538461538461176e-01
1.320376907110104858e-01
1.872065727699530335e-01
1.634738186462324216e-01
1.725869304556355011e-01
2.298323012001972643e-01
1.983568075117370932e-01
3.104667167167167174e-01
1.775807835287389058e-01
3.246951219512195230e-01
2.222222222222222099e-01
3.401534526854219642e-01
3.025440928375650040e-02
2.466367713004484763e-01
8.698884758364310021e-02
3.555555555555555691e-01
0.000000000000000000e+00
1.365461847389558003e-01
1.355322338830584616e-01
1.322314049586776896e-01
1.493212669683258165e-01
1.250000000000000000e-01
1.344109917051974079e-01
1.604938271604938183e-01
0.000000000000000000e+00
3.857142857142857872e-01
1.848484848484848175e-01
3.256944444444444531e-01
2.067901234567901259e-01
0.000000000000000000e+00
3.527851458885941649e-01
4.035780669144981014e-01
3.448275862068965747e-01
3.024691358024690913e-01
1.689655172413792872e-01
2.777777777777777901e-01
1.499999999999999944e-01
4.094827586206896686e-01
6.538461538461538824e-02
2.111111111111111105e-01
3.489583333333333148e-01
0.000000000000000000e+00
3.125000000000000000e-01
0.000000000000000000e+00
2.826749282182170475e-01
2.765778882095491498e-01
2.573163706150040642e-01
2.782063339152199277e-01
2.639212625380901733e-01
2.784269070062347917e-01
4.335367581862376585e-01
2.768114248514901843e-01
3.979466219472599375e-01
6.068371702048239724e-01
2.924572784120981206e-01
2.848887600850807389e-01
4.710722504598583993e-01
2.574173614099973806e-01
2.144935040767860790e-01
9.581046762519782045e-02
2.971167707443683192e-01
7.489736681886417502e-01
3.917033819031949804e-01
4.613748614405884241e-01
1.909872249929366606e-01
4.135238360063236418e-01
1.439820549512375314e-01
3.758888163322418041e-01
2.253414917761964453e-01
6.878152578429984620e-01
0.000000000000000000e+00
7.990511504317415747e-02
7.649532824645385864e-02
6.621171458647814867e-02
7.739876423054686816e-02
6.965443281969950495e-02
7.752154254505852493e-02
1.879541206986322932e-01
7.662456492831218324e-02
1.583615139192354193e-01
3.682513511421984242e-01
8.553125969621147573e-02
8.116160562281467261e-02
2.219090651533155434e-01
6.626369795528519457e-02
4.600746329113823696e-02
9.179645706559077037e-03
8.827837545756150872e-02
5.609615556399495384e-01
1.534315393944002404e-01
2.128667627693221487e-01
3.647612011050260783e-02
1.710019629453848333e-01
2.073083214798118745e-02
1.412924022436538585e-01
5.077878791592161517e-02
4.730898289216303176e-01
0.000000000000000000e+00
3.418227741528099273e-01
3.506702412868632490e-01
3.569393569393569110e-01
3.630672926447574556e-01
4.444444444444444198e-01
3.571733471372907087e-01
3.190754499035217684e-01
3.159851301115241401e-02
4.564516744524758085e-01
2.888257575757575135e-01
4.940343049693596833e-01
4.011031451305756557e-01
1.687500000000000111e-01
3.498325019561815963e-01
4.005542531691402841e-01
3.466778007621483249e-01
5.538314176245210385e-01
7.419087278714989742e-01
4.954657771188535342e-01
3.657914026912403860e-01
7.192523168752290585e-01
2.473245887407342081e-01
2.514906609195402543e-01
4.405626872639794023e-01
1.086844341913550255e-01
6.350574712643677344e-01
0.000000000000000000e+00
