3.360388990306139023e-01
3.460652869686159372e-01
3.657478099729605803e-01
3.663950915358615834e-01
2.288341208019409878e-01
3.471528884442253715e-01
5.860864983443858645e-01
1.272167352491729853e-01
7.449188321575862526e-01
4.822541889540455373e-01
1.608724074097712953e-01
5.558119141518993445e-01
3.885654131812584233e-01
2.879935587930065322e-01
1.406946719209145602e-01
4.032471976177984807e-01
3.263288455567133206e-01
1.738659081711622922e-01
6.261401311086056687e-01
3.551076069588272044e-01
6.080364465127539031e-01
2.455605042023537576e-01
2.992294430416431172e-01
4.610160882186590259e-01
3.064654090719720614e-01
2.758717238122959103e-01
0.000000000000000000e+00
2.137311392157820178e-01
2.186846819946252629e-01
2.304345835050602143e-01
2.261597938144329634e-01
6.440677966101694685e-02
2.201048341122704977e-01
4.379851362510322477e-01
1.560283687943262443e-01
4.189189189189189699e-01
4.326530612244897656e-01
2.011834319526627224e-01
3.095869805920571372e-01
4.559748427672956073e-01
2.758620689655172376e-01
1.725869304556355011e-01
5.207935044196038143e-01
2.666666666666666630e-01
2.338877338877338730e-01
3.317307692307692180e-01
3.267372296364473017e-01
4.255319148936170248e-01
3.445557838245775772e-01
1.916794968922342357e-01
4.056257643701590143e-01
2.616352201257861609e-01
1.839080459770114917e-01
0.000000000000000000e+00
8.491107286288009093e-02
8.635682158920539309e-02
7.792207792207792028e-02
7.239819004524886137e-02
1.250000000000000000e-01
7.846500962465052798e-02
3.513513513513513709e-01
0.000000000000000000e+00
0.000000000000000000e+00
0.000000000000000000e+00
0.000000000000000000e+00
2.106918238993710779e-01
0.000000000000000000e+00
8.525641025641025883e-02
6.972543352601155708e-02
1.351351351351351426e-01
5.961070559610705255e-02
0.000000000000000000e+00
0.000000000000000000e+00
0.000000000000000000e+00
0.000000000000000000e+00
1.105092091007584126e-01
0.000000000000000000e+00
0.000000000000000000e+00
0.000000000000000000e+00
0.000000000000000000e+00
0.000000000000000000e+00
4.775587557957106100e-01
4.875371552501893690e-01
5.077472586225914020e-01
4.768081525183583413e-01
1.570730615822460985e-01
4.897746990643911946e-01
4.466324953412033061e-01
2.330083357984114867e-01
5.747988149646574563e-01
6.269264258781291899e-01
2.686842936885764366e-01
4.756581093037653418e-01
5.413030148939955710e-01
4.274723652794255591e-01
2.330149674302924856e-01
3.692647952448270821e-01
4.260324926800532763e-01
3.891856023586341418e-01
5.466835564143938120e-01
3.358103612431049823e-01
3.549445375713771167e-01
2.628256477738347696e-01
5.023930378654364315e-01
4.038421860822447584e-01
4.105882749678771981e-01
3.245088921484954314e-01
0.000000000000000000e+00
2.280623652371471799e-01
2.376924777494472674e-01
2.578072786387567428e-01
2.273460143079701068e-01
2.467194667482007150e-02
2.398792558436149969e-01
1.994805858947099331e-01
5.429288455154527432e-02
3.303936776847744006e-01
3.930367434643253777e-01
7.219124967492920875e-02
2.262506369464327427e-01
2.930089539333290971e-01
1.827326230775865867e-01
5.429597504654025408e-02
1.363564890072040681e-01
1.815036848191796670e-01
1.514654330832528595e-01
2.988629108538897738e-01
1.127685987182246719e-01
1.259856247517587291e-01
6.907732112773586064e-02
2.523987644956617871e-01
1.630885112596864583e-01
1.685827315410971527e-01
1.053060210834438348e-01
0.000000000000000000e+00
2.201641759629551498e-01
2.352815013404825351e-01
2.433862433862433727e-01
2.519561815336463506e-01
2.222222222222222099e-01
2.331527965648700906e-01
5.782224532224532476e-01
1.740020470829068550e-02
8.073198512209991407e-01
4.914622414622413782e-01
1.190323807403697587e-01
5.168941090099152813e-01
3.417721518987341667e-01
2.594307270233196516e-01
1.306277265004362753e-01
3.869416873449130767e-01
2.722222222222221988e-01
1.609391794384278929e-01
5.806901359358661585e-01
3.928571428571428492e-01
6.979591836734694299e-01
2.375249500998004026e-01
3.507692307692307776e-01
4.697525879157183892e-01
2.527441499311756656e-01
2.645502645502645356e-01
0.000000000000000000e+00
