2.913833375202441456e-01
2.983637646281486200e-01
2.904157755213633285e-01
2.955825903284114986e-01
2.904013961605584337e-01
2.918108656698214509e-01
3.493318830874269643e-01
1.004170189019280707e-01
6.303517079333041950e-01
4.238517325582683570e-01
3.219910096128850707e-01
4.508196580130658937e-01
3.107111513612287879e-01
5.337093964173968974e-01
7.011146100925929048e-01
4.505934012754722606e-01
4.571611644074904945e-01
5.220502529801245295e-01
3.281174143105524132e-01
3.221330771368239865e-01
3.332374836022000131e-01
1.777731627878884335e-01
2.616783455857770724e-01
3.893370328840920491e-01
2.296865715772528627e-01
3.603353667023996287e-01
0.000000000000000000e+00
1.450510278822208232e-01
1.531676122225540115e-01
1.457617804643495107e-01
1.541789396170839266e-01
1.254237288135593154e-01
1.474036121246913855e-01
3.038961038961038863e-01
1.309523809523809590e-01
2.767857142857143016e-01
4.206349206349205838e-01
2.260522496371552836e-01
3.291741775574583140e-01
2.132352941176470507e-01
3.269476372924648433e-01
4.265042511445389928e-01
5.717065036131183664e-01
3.209876543209876365e-01
4.212281902155319835e-01
1.369727047146401810e-01
2.754988913525499017e-01
2.376237623762376128e-01
3.785166240409206795e-01
1.339813033647193619e-01
4.375813684362795386e-01
2.363636363636363313e-01
2.388059701492537268e-01
0.000000000000000000e+00
8.376362593230061993e-02
8.695652173913043237e-02
9.090909090909091161e-02
8.371040723981901244e-02
1.250000000000000000e-01
8.436492080113658365e-02
0.000000000000000000e+00
0.000000000000000000e+00
2.142857142857143016e-01
9.902597402597401732e-02
0.000000000000000000e+00
2.537878787878788400e-01
0.000000000000000000e+00
2.841880341880341776e-01
5.244565217391303769e-01
2.232142857142857262e-01
1.243654822335025362e-01
0.000000000000000000e+00
0.000000000000000000e+00
0.000000000000000000e+00
0.000000000000000000e+00
0.000000000000000000e+00
0.000000000000000000e+00
0.000000000000000000e+00
0.000000000000000000e+00
0.000000000000000000e+00
0.000000000000000000e+00
3.195013913825172081e-01
3.295205484305797627e-01
3.130343041326768549e-01
3.137529008667201413e-01
2.205488810698836011e-01
3.210980015151231326e-01
4.085265814597974776e-01
1.729190508868924947e-01
4.258447438936763807e-01
4.681178360428533414e-01
2.793958042369572570e-01
4.161111865365114681e-01
3.793257749988392380e-01
3.945894956962923139e-01
3.405607255187490523e-01
4.073663287336385386e-01
4.442483536850195813e-01
5.087141055639390341e-01
3.329050619030047287e-01
3.407589071021718818e-01
1.781491914124442022e-01
2.625910440783127409e-01
4.577882953758494189e-01
5.173336625526494537e-01
3.822689794346255110e-01
5.193604929495514444e-01
0.000000000000000000e+00
1.020811390953644399e-01
1.085837918379900513e-01
9.799047556382924073e-02
9.844088280228194265e-02
4.864180894117766524e-02
1.031039265770060109e-01
1.668939677592285731e-01
2.990099815962370816e-02
1.813437459018708009e-01
2.191343084214437409e-01
7.806201542521615244e-02
1.731485195608234162e-01
1.438880435784699874e-01
1.557008701138542783e-01
1.159816077658567118e-01
1.659473257859228612e-01
1.973565997518502424e-01
2.587900411997184902e-01
1.108257802406433928e-01
1.161166327694666128e-01
3.173713440090767529e-02
6.895405643013838293e-02
2.095701233831260279e-01
2.676341184101386772e-01
1.461295726379901183e-01
2.697353216368010842e-01
0.000000000000000000e+00
2.262681540728267715e-01
2.253083109919570837e-01
2.222222222222222099e-01
2.198748043818466447e-01
2.222222222222222099e-01
2.270042331425664583e-01
3.317958369328232182e-01
4.677182685253118005e-02
6.129862124490514930e-01
3.868291670572865382e-01
3.602593790340825608e-01
4.640828687665378149e-01
2.736986301369863095e-01
5.148427206851119431e-01
6.725233521899431910e-01
4.165470237511613716e-01
4.008234269173481246e-01
5.123979135762836146e-01
3.666260577648322028e-01
3.334476843910806343e-01
3.605521606285465031e-01
1.676199166674676444e-01
3.288461538461538991e-01
3.596206827274401885e-01
1.608507501974203724e-01
3.448275862068965747e-01
0.000000000000000000e+00
