2.902324054483750304e-01
2.926081624033944339e-01
2.793649262624010032e-01
2.955867833461197636e-01
3.860351774555456084e-01
2.886866080525037348e-01
4.311817673126827621e-01
2.311518369262067218e-01
4.795608807323181733e-01
4.896899192564634351e-01
3.055759187182862657e-01
5.073035814819928380e-01
3.409021050747355619e-01
5.132733105960913811e-01
6.686196917802580408e-01
3.372968859551070397e-01
5.408727429489228467e-01
4.758467156778053431e-01
4.684518574998309259e-01
3.286096245728793441e-01
4.279897963434604047e-01
9.831559661017008622e-02
2.070551016420560664e-01
3.649437964600446005e-01
3.233356485508674938e-01
4.138094825077728300e-01
0.000000000000000000e+00
1.207822647590214293e-01
1.152956106300388195e-01
1.100425882676191736e-01
1.173600883652430038e-01
1.491525423728813637e-01
1.178041769162515573e-01
3.688669950738916459e-01
3.367346938775510612e-01
2.767857142857143016e-01
5.435897435897436569e-01
2.730769230769231060e-01
2.234287794224702473e-01
3.647798742138364525e-01
2.929508696978944116e-01
3.874400479616307291e-01
4.948929961089493790e-01
3.869047619047618625e-01
4.031675906675906140e-01
2.627570449352627513e-01
2.664165103189493622e-01
2.333333333333333370e-01
1.937110158420577710e-01
1.533809032923136584e-01
2.735426008968610545e-01
2.999999999999999889e-01
3.368421052631578871e-01
0.000000000000000000e+00
9.753298909925416094e-02
9.715142428785607243e-02
9.799291617473435134e-02
9.502262443438916351e-02
1.250000000000000000e-01
9.947485047880999520e-02
0.000000000000000000e+00
0.000000000000000000e+00
0.000000000000000000e+00
0.000000000000000000e+00
0.000000000000000000e+00
2.147435897435897856e-01
0.000000000000000000e+00
1.263057929724596407e-01
3.084161931818181768e-01
1.136363636363636465e-01
1.200980392156862642e-01
8.166666666666665131e-02
0.000000000000000000e+00
0.000000000000000000e+00
0.000000000000000000e+00
0.000000000000000000e+00
0.000000000000000000e+00
1.610576923076923184e-01
0.000000000000000000e+00
0.000000000000000000e+00
0.000000000000000000e+00
3.297408928605863321e-01
3.254853595146187661e-01
3.007012676122837180e-01
3.110118257671610209e-01
3.102090353519837418e-01
3.235929393670383680e-01
4.827976502138128789e-01
4.272143521111990694e-01
3.979810341690259157e-01
6.266699132087941715e-01
2.838790008363898942e-01
3.339850528433029875e-01
5.159446516166760199e-01
4.891994997580713100e-01
3.829101402567657297e-01
3.217477387916483078e-01
5.688564921544189135e-01
5.138466814969178120e-01
4.519932525618299279e-01
3.165092431745204493e-01
1.865636853208009482e-01
2.077960945029790896e-01
4.642361668773712924e-01
3.386330088068301158e-01
3.751654384659076635e-01
5.451880926399751415e-01
0.000000000000000000e+00
1.087290564244966784e-01
1.059407192583606411e-01
9.042125234363428132e-02
9.672835576702291938e-02
9.622964561400829120e-02
1.047123904081997819e-01
2.330935710519792259e-01
1.825121026497915355e-01
1.583889035582473626e-01
3.927151801211176130e-01
8.058728711586708726e-02
1.115460155227438604e-01
2.661988835318531699e-01
2.393161505635471864e-01
1.466201755114559524e-01
1.035216074175387552e-01
3.235977086662303881e-01
2.640384120853948580e-01
2.042979003614221745e-01
1.001781010149077333e-01
3.480600868047883240e-02
4.317921689069101343e-02
2.155152186369945488e-01
1.146723146535666982e-01
1.407491062193167441e-01
2.972300563564140852e-01
0.000000000000000000e+00
2.054304356977478541e-01
2.082573726541555037e-01
2.002442002442002544e-01
1.995305164319249314e-01
3.333333333333333148e-01
2.086915297792077961e-01
4.097901593257989306e-01
1.250067585834009065e-01
4.656093515840137309e-01
4.730006333966729759e-01
3.154060132277639594e-01
5.674819902566852203e-01
2.838847035702588006e-01
5.074904083756015538e-01
7.215362335578663355e-01
3.205245755883414649e-01
4.734548127921020533e-01
5.090134766009506428e-01
4.666087388282025850e-01
3.406973967040840545e-01
4.802007299270073526e-01
9.220772369875113172e-02
2.858962264150943788e-01
3.663771539744302697e-01
3.054197704947608782e-01
3.923927919708029011e-01
0.000000000000000000e+00
