3.131310431821947571e-01
3.230125202259280792e-01
3.120635118392547369e-01
3.513076209625551893e-01
3.410620792819745728e-01
3.172448966208429311e-01
8.377194961802868489e-01
1.906410267640419320e-01
6.130843078573448013e-01
2.969169787815507666e-01
2.437195047714665053e-01
5.153657576321578615e-01
4.564656264139260733e-01
2.881093516832192725e-01
1.724914365885053535e-01
4.155906154344707892e-01
4.611484261423813291e-01
2.186549686868182463e-01
6.033232254278881879e-01
2.702571281593252883e-01
7.454728109239455724e-01
1.502311613446113692e-01
2.738864756428592839e-01
4.878492222536404688e-01
3.130751587657853996e-01
2.241696371634237239e-01
0.000000000000000000e+00
1.088432052346305912e-01
1.144744699910421049e-01
1.033108943536200086e-01
1.186487481590574322e-01
1.457627118644067854e-01
1.092943260699819341e-01
5.571428571428571619e-01
3.223443223443224204e-01
2.706349206349206171e-01
2.598039215686274161e-01
2.730769230769231060e-01
2.506764096376849493e-01
3.565573770491802796e-01
1.628038439796495040e-01
1.865714528968541175e-01
4.351491569390401604e-01
3.513513513513513709e-01
3.051329772886658964e-01
3.570196619523973713e-01
2.920952101087275765e-01
3.483870967741935498e-01
2.842894901162442145e-01
1.605596793779866527e-01
4.778587443946188951e-01
2.810810810810810412e-01
1.659259259259259212e-01
0.000000000000000000e+00
7.458405048766493517e-02
7.586206896551724033e-02
7.556080283353008853e-02
9.276018099547511664e-02
1.250000000000000000e-01
7.663109453159852591e-02
4.227642276422763912e-01
0.000000000000000000e+00
0.000000000000000000e+00
0.000000000000000000e+00
0.000000000000000000e+00
1.361788617886179054e-01
0.000000000000000000e+00
0.000000000000000000e+00
0.000000000000000000e+00
1.250000000000000000e-01
1.092530657748048972e-01
0.000000000000000000e+00
1.898734177215189722e-01
0.000000000000000000e+00
2.844311377245509198e-01
5.448717948717948789e-02
0.000000000000000000e+00
1.994047619047618902e-01
0.000000000000000000e+00
0.000000000000000000e+00
0.000000000000000000e+00
3.303673569704470570e-01
3.349312647146729383e-01
3.115921375860609688e-01
3.376574453539177290e-01
2.672084731875526975e-01
3.295326812154105167e-01
6.404978244706172053e-01
3.601843942915836094e-01
3.872954168841555300e-01
3.386504403611708125e-01
2.603315532801786514e-01
3.534256006236049519e-01
4.924021483020391554e-01
2.877341288136233688e-01
2.264323088686444607e-01
3.229881823734027657e-01
5.311833648454431511e-01
4.199774307608414858e-01
4.938460086071896904e-01
3.452531343736559566e-01
2.618699020206138872e-01
2.305219764188030651e-01
5.430439349284069683e-01
5.254954735613402983e-01
3.502358354667918228e-01
3.534513214869693942e-01
0.000000000000000000e+00
1.091425905516387740e-01
1.121789520833703091e-01
9.708966020545076181e-02
1.140125504029339543e-01
7.140036814322306413e-02
1.085917879890173493e-01
4.102374631515935954e-01
1.297327978911949342e-01
1.499977399394717970e-01
1.146841207568149168e-01
6.777251763327050982e-02
1.249096551761559037e-01
2.424598756524633247e-01
8.279092888413480678e-02
5.127159049958518455e-02
1.043213659528744869e-01
2.821557670885270763e-01
1.763810423484774292e-01
2.438838802172524634e-01
1.191997267948337325e-01
6.857584558428590771e-02
5.314038161203119004e-02
2.948967152625279198e-01
2.761454927334573428e-01
1.226651404451216815e-01
1.249278366608849861e-01
0.000000000000000000e+00
2.298463481372342299e-01
2.408579088471849983e-01
2.356532356532356487e-01
2.691705790297339584e-01
2.777777777777777901e-01
2.396095531677983614e-01
8.004699051210678595e-01
1.171926910299003338e-01
6.531819986079889784e-01
2.860600915779183961e-01
2.268295337834103642e-01
5.563459582755595489e-01
4.475274725274725474e-01
3.011103556503315626e-01
1.957191073150571226e-01
3.985263880197447151e-01
3.900532268795741664e-01
2.081333394802355463e-01
5.697144856724426498e-01
2.654890358510267889e-01
8.149286329518887761e-01
1.401202960804687758e-01
3.181885856079404440e-01
4.528330046372793793e-01
2.668147869887169121e-01
2.260279803626663586e-01
0.000000000000000000e+00
