3.558995355201479693e-01
3.672707659706118122e-01
3.601935256130734397e-01
3.938761500497592882e-01
3.944353029169783142e-01
3.614700011892735820e-01
7.293322013565550765e-01
2.277949350154018227e-01
5.959947921845325514e-01
3.256877513907445176e-01
1.956767446360613005e-01
5.841454281862051845e-01
4.235845965247347911e-01
3.605331051376070572e-01
2.130801169013253893e-01
3.648528012043333324e-01
4.045322618504588186e-01
2.085151125623146695e-01
6.675276531962079929e-01
2.767573396840277700e-01
6.942075151587243642e-01
2.064828089061458982e-01
2.057713920674539010e-01
5.054592912471842503e-01
3.919502004636134518e-01
2.491456265347580523e-01
0.000000000000000000e+00
1.463938668880316596e-01
1.554817358415447326e-01
1.497916380455190655e-01
1.663291605301914500e-01
1.050847457627118592e-01
1.504857948024552194e-01
5.306122448979592177e-01
2.222222222222222376e-01
2.683982683982684136e-01
2.854308390022675668e-01
2.396978021978022066e-01
3.430599369085172712e-01
2.301587301587301182e-01
1.919040479760119877e-01
1.837147811631173466e-01
4.948929961089493790e-01
2.113821138211381956e-01
1.818263446170422792e-01
3.791208791208791062e-01
2.546628407460545529e-01
4.761904761904761640e-01
3.642296498809418637e-01
1.207263129597497542e-01
3.475336322869955197e-01
3.804878048780487299e-01
2.245614035087719340e-01
0.000000000000000000e+00
2.467010900745840452e-02
3.118440779610194558e-02
2.125147579693034000e-02
5.429864253393665990e-02
1.250000000000000000e-01
2.741105390773957567e-02
3.939393939393939226e-01
0.000000000000000000e+00
0.000000000000000000e+00
9.320091673032848689e-02
0.000000000000000000e+00
0.000000000000000000e+00
0.000000000000000000e+00
0.000000000000000000e+00
0.000000000000000000e+00
9.803921568627450844e-02
1.129032258064516098e-01
0.000000000000000000e+00
1.875000000000000000e-01
0.000000000000000000e+00
0.000000000000000000e+00
0.000000000000000000e+00
5.277777777777777762e-02
1.925287356321838950e-01
0.000000000000000000e+00
0.000000000000000000e+00
0.000000000000000000e+00
3.892197472763759269e-01
4.029276570533502633e-01
3.890863340118766445e-01
4.019087872138673023e-01
2.465998116578417554e-01
3.947141897903965746e-01
5.810974698298838614e-01
3.326230233457347363e-01
3.909313413999090381e-01
3.248073950929299403e-01
2.484370110884198402e-01
5.114811511917592979e-01
4.418046314898680937e-01
3.054044404250996769e-01
2.290075275837126501e-01
3.534013633001771848e-01
3.935816112186146798e-01
3.203371860482708833e-01
5.319408813059844920e-01
2.993909506708005153e-01
2.866237288796260052e-01
2.953590399551262458e-01
3.732281827269708918e-01
4.259293858006694133e-01
4.368283212135022908e-01
4.084970006426926759e-01
0.000000000000000000e+00
1.514920116698859620e-01
1.623506968185022548e-01
1.513881753148016152e-01
1.615306732397217004e-01
6.081146710968302060e-02
1.557992916218892132e-01
3.376742694426927427e-01
1.106380756596571785e-01
1.528273136887322026e-01
1.054998439070546634e-01
6.172094847854764366e-02
2.616129680244472788e-01
1.951913324058981158e-01
9.327187223136827743e-02
5.244444769000489864e-02
1.248925235824237950e-01
1.549064846894407654e-01
1.026159127653245157e-01
2.829611012045873952e-01
8.963494134356571330e-02
8.215316195686134249e-02
8.723696248321387292e-02
1.392992763816771618e-01
1.814158416885355563e-01
1.908189822142067615e-01
1.668697995340761020e-01
0.000000000000000000e+00
2.847821511260787419e-01
2.887935656836461140e-01
2.751322751322751170e-01
3.035993740219092296e-01
3.333333333333333148e-01
2.895753996300278188e-01
7.133481928283569307e-01
1.245354488279016569e-01
6.336115647492892577e-01
3.383126443847350728e-01
1.784359435753857803e-01
6.506051531266406895e-01
3.962424672102091705e-01
3.658705559739683366e-01
2.622089920383582351e-01
3.663530364883121893e-01
3.695448357350183399e-01
2.303135094952203921e-01
6.524830796470285632e-01
2.909672784272745449e-01
8.182567484030496274e-01
2.137846870845040992e-01
2.685099846390168743e-01
5.125370981438132079e-01
3.742616538952745486e-01
2.449020391843262645e-01
0.000000000000000000e+00
