1.826164526184696768e-01
1.871073484932869735e-01
1.715253893990775491e-01
1.849871138841885088e-01
2.662152764109225744e-01
1.804530718109039755e-01
4.446303433812416883e-01
1.995533280420198619e-01
4.119391247332709338e-01
4.768299425362448885e-01
2.920121984718192509e-01
4.598370588322213681e-01
2.945963101663117700e-01
5.691730829084135079e-01
4.249422744025456722e-01
4.708262291224864504e-01
6.292565945956541951e-01
1.919793812856182280e-01
5.045068978981451790e-01
2.017460611553441030e-01
6.014040463389993540e-01
1.557423775933252652e-01
1.541500269189919614e-01
6.522131669096374873e-01
2.803594353705751163e-01
3.596188371589887911e-01
0.000000000000000000e+00
4.887933981151423163e-02
4.910669851697024857e-02
4.272564912762742001e-02
5.127025036818851078e-02
4.745762711864406902e-02
4.752274479335850954e-02
5.420849420849421785e-01
2.682926829268292845e-01
2.059800664451827412e-01
4.924506387921022132e-01
3.635235732009926002e-01
3.659305993690851744e-01
4.166666666666666852e-01
2.817314746881878218e-01
3.648239303294206759e-01
6.241064157089856179e-01
5.416666666666666297e-01
3.875198728139904181e-01
3.122171945701357476e-01
1.842241826673585992e-01
2.820512820512820484e-01
3.508951406649616356e-01
1.745981748344138662e-01
4.444737536270114142e-01
2.888888888888888062e-01
3.121951219512195674e-01
0.000000000000000000e+00
6.655192197360872142e-02
7.976011994002997485e-02
7.319952774498228454e-02
7.692307692307692735e-02
1.250000000000000000e-01
7.063589899977304465e-02
0.000000000000000000e+00
0.000000000000000000e+00
0.000000000000000000e+00
0.000000000000000000e+00
0.000000000000000000e+00
0.000000000000000000e+00
0.000000000000000000e+00
0.000000000000000000e+00
0.000000000000000000e+00
1.648351648351648324e-01
1.002044989775051076e-01
0.000000000000000000e+00
0.000000000000000000e+00
0.000000000000000000e+00
0.000000000000000000e+00
0.000000000000000000e+00
0.000000000000000000e+00
2.042682926829268442e-01
0.000000000000000000e+00
0.000000000000000000e+00
0.000000000000000000e+00
1.747969602705256031e-01
1.741110348745488756e-01
1.566433057650221117e-01
1.682175350362944966e-01
1.274031352614745927e-01
1.707535689414748370e-01
5.781920646460058100e-01
3.804666011428675665e-01
4.003082641290756638e-01
6.243957882385744451e-01
4.126827081941813469e-01
4.456742424528371549e-01
4.972809839404271903e-01
4.739856271043269564e-01
4.598741733004970134e-01
4.626740014487109032e-01
8.408163771728675018e-01
5.135338765288680607e-01
5.957128452349995662e-01
2.449390504030579951e-01
2.708934651346927014e-01
3.079199360541516883e-01
5.419711841130689933e-01
5.139940328488186161e-01
4.032280844482294957e-01
6.634244812109197920e-01
0.000000000000000000e+00
3.055397731981571163e-02
3.031465246508637662e-02
2.453712524099420714e-02
2.829713909368696337e-02
1.623155887445358603e-02
2.915678130625099646e-02
3.343060636196109603e-01
1.447548345852058271e-01
1.602467063300338224e-01
3.898701003700708045e-01
1.703070176424838766e-01
1.986255303859102150e-01
2.472883769887593286e-01
2.246623747014820371e-01
2.114842552688154798e-01
2.140672316165617428e-01
7.069721801221057200e-01
2.637170423427667720e-01
3.548737939779785244e-01
5.999513841235178807e-02
7.338326945268093537e-02
9.481468701959284984e-02
2.937327644089221534e-01
2.641898658041925141e-01
1.625928880877885174e-01
4.401320422699780965e-01
0.000000000000000000e+00
1.229214902125868036e-01
1.271849865951742431e-01
1.180301180301180086e-01
1.283255086071987683e-01
2.222222222222222099e-01
1.260667883699456149e-01
4.081570258040845833e-01
0.000000000000000000e+00
3.967191667085996354e-01
4.552238805970149071e-01
2.688708793359956273e-01
5.307765109610012022e-01
2.531249999999999889e-01
5.833333333333333703e-01
4.156651650138890597e-01
4.490828589500315826e-01
5.379241516966067893e-01
1.681537405628003023e-01
4.406241734990743453e-01
2.022471910112359494e-01
7.150537634408602461e-01
1.511976047904191600e-01
2.150943396226415172e-01
6.357646281477130623e-01
2.638152077807250362e-01
3.488372093023255904e-01
0.000000000000000000e+00
