3.488324259713583286e-01
3.534408743786455753e-01
3.476016559344702328e-01
3.605599221904033369e-01
4.219507465580764061e-01
3.502966155919420843e-01
4.694175505557838246e-01
2.592121877919526529e-01
5.713233281034640898e-01
3.489095502803418736e-01
2.361994495595860222e-01
5.125118813504934145e-01
4.882885925055987508e-01
4.425823177352120052e-01
4.828446974923478741e-01
3.777850209442765173e-01
4.006327713107959432e-01
4.332484635746554069e-01
4.217212820391022521e-01
3.627941021989262160e-01
3.638626694673057216e-01
1.848826402708171612e-01
2.637690510500003693e-01
5.505568778339822167e-01
2.598361786786184680e-01
4.762302006380290109e-01
0.000000000000000000e+00
1.186093070950730022e-01
1.208569722305165711e-01
1.148967348994825305e-01
1.244477172312223739e-01
1.389830508474576287e-01
1.192449574068906726e-01
4.384074941451990837e-01
4.700854700854700807e-01
3.430583501006035929e-01
3.648881239242684482e-01
2.953296703296703352e-01
2.915320588347078412e-01
3.536585365853658347e-01
3.343782654127481768e-01
3.587929656274980172e-01
4.180794886047804471e-01
2.222222222222222099e-01
3.505343578872990307e-01
2.041420118343195422e-01
4.238444482346921394e-01
3.272727272727272707e-01
4.475703324808184003e-01
2.327576560110410364e-01
5.913677130044843189e-01
2.096774193548386622e-01
6.787878787878788289e-01
0.000000000000000000e+00
7.802639127940332042e-02
7.346326836581708319e-02
6.847697756788664880e-02
7.013574660633484226e-02
1.250000000000000000e-01
7.544984300913831765e-02
1.354166666666666574e-01
0.000000000000000000e+00
0.000000000000000000e+00
0.000000000000000000e+00
0.000000000000000000e+00
0.000000000000000000e+00
0.000000000000000000e+00
2.131410256410256610e-01
0.000000000000000000e+00
6.578947368421052266e-02
1.142191142191142095e-01
0.000000000000000000e+00
0.000000000000000000e+00
0.000000000000000000e+00
0.000000000000000000e+00
0.000000000000000000e+00
0.000000000000000000e+00
2.018072289156626620e-01
0.000000000000000000e+00
0.000000000000000000e+00
0.000000000000000000e+00
4.076187062909655823e-01
4.094235148600528507e-01
3.909503933126777797e-01
3.949968632934106605e-01
3.934356929827668714e-01
4.075792453021994666e-01
4.917568959839487830e-01
4.250689727536062779e-01
4.709796639952433250e-01
4.789259704006162965e-01
2.873240132638623101e-01
5.107796841510250374e-01
5.720377874047952726e-01
4.696133079424989476e-01
3.951441630984207087e-01
3.373418327272947881e-01
3.273831348865514079e-01
5.183003524512089788e-01
3.689727839189827496e-01
4.576726123539293645e-01
2.349084381868370153e-01
3.225780363355620350e-01
5.451026835536242343e-01
6.387574337648845857e-01
3.073124189961290442e-01
8.702963199383406678e-01
0.000000000000000000e+00
1.661530097183204768e-01
1.676276145203599577e-01
1.528422100313374943e-01
1.560225220116333578e-01
1.547916445128299789e-01
1.661208412011105362e-01
2.418248447477682472e-01
1.806836315978060659e-01
2.218218438970722961e-01
2.293700851241719518e-01
8.255508859805213429e-02
2.608958857414208077e-01
3.272272302189737636e-01
2.205366589966963053e-01
1.561389096307512492e-01
1.137995121078101413e-01
1.071797170081459222e-01
2.686352553510473751e-01
1.361409152729242955e-01
2.094642200988700853e-01
5.518197433137901620e-02
1.040565895261071488e-01
2.971369356173625964e-01
4.080110591899010486e-01
9.444092286925237500e-02
7.574156844982187220e-01
0.000000000000000000e+00
2.203746579667438532e-01
2.250938337801608458e-01
2.153032153032152785e-01
2.261345852895149111e-01
2.222222222222222099e-01
2.238706765161848078e-01
4.355117631408916279e-01
2.162429978361544158e-01
5.814833051126108154e-01
3.426903683133586398e-01
2.637598317746615018e-01
5.809946155907246279e-01
4.218750000000000000e-01
4.224725852486104771e-01
4.681946549111447586e-01
3.820830031790279357e-01
3.847930524759792803e-01
4.212340150794522398e-01
4.189765301549719378e-01
3.382143831080290930e-01
4.009607081174438870e-01
1.719533905162647924e-01
2.979934479934480129e-01
4.750434955720623798e-01
2.533801438675979401e-01
4.257246376811593680e-01
0.000000000000000000e+00
