2.065590185168358628e-01
2.107128744135279563e-01
2.066488091530139515e-01
2.062405643452417114e-01
2.852156569434056155e-01
2.071748549417609109e-01
3.316958803165026004e-01
1.602268120639874782e-01
5.629350120401616087e-01
4.390152388928314497e-01
2.899451891437033746e-01
4.104217274323787024e-01
2.730092910323868027e-01
5.148091520491513418e-01
7.002892005914307383e-01
3.500201350580464665e-01
6.122775962360834656e-01
5.177057701630878306e-01
3.065375127158943558e-01
2.958366477576124254e-01
3.621797319221994327e-01
1.763100867773120806e-01
3.003920006410155663e-01
4.256110679060520763e-01
2.579631070697445683e-01
5.137233583509166479e-01
0.000000000000000000e+00
9.067825577420772498e-02
9.456803025778839911e-02
9.062600174016577359e-02
9.121870397643593031e-02
9.830508474576270250e-02
9.100211591683815548e-02
2.660980810234541694e-01
3.259259259259259522e-01
2.719298245614035214e-01
5.378610460577673003e-01
2.870264064293915340e-01
3.253871522798967297e-01
2.196969696969696961e-01
2.942528735632183867e-01
4.733812949640288648e-01
4.929234189934578736e-01
4.176706827309236703e-01
5.095720720720720021e-01
2.434721242060691737e-01
3.101565344011648628e-01
3.200000000000000067e-01
3.136227775552337116e-01
2.997986343131630038e-01
3.139013452914798386e-01
3.199999999999999512e-01
4.491228070175438680e-01
0.000000000000000000e+00
9.466437177280549731e-02
1.022488755622188855e-01
8.854781582054307987e-02
9.728506787330318262e-02
1.250000000000000000e-01
9.348443201050032902e-02
0.000000000000000000e+00
0.000000000000000000e+00
0.000000000000000000e+00
1.205533596837944504e-01
0.000000000000000000e+00
0.000000000000000000e+00
0.000000000000000000e+00
0.000000000000000000e+00
4.730392156862744946e-01
0.000000000000000000e+00
1.158392434988179537e-01
0.000000000000000000e+00
0.000000000000000000e+00
0.000000000000000000e+00
0.000000000000000000e+00
0.000000000000000000e+00
8.507462686567164589e-02
0.000000000000000000e+00
0.000000000000000000e+00
0.000000000000000000e+00
0.000000000000000000e+00
2.392846688781967990e-01
2.443630515475297138e-01
2.329752147834697196e-01
2.272603485823427860e-01
1.896933027823606011e-01
2.384859154657953950e-01
4.084849420692459043e-01
3.887190539269037570e-01
4.300668826839362802e-01
5.178481856358263524e-01
3.657544069553568256e-01
4.893231485695957450e-01
4.475811975813357435e-01
5.442186394773845803e-01
4.318585082411936504e-01
3.943659329113049505e-01
6.899596447569497082e-01
7.344356422601332479e-01
4.663256666430221076e-01
4.424368026857325442e-01
2.271472323543279881e-01
2.758161980137053826e-01
6.678833099494253522e-01
5.468922615443835289e-01
4.323574900982972702e-01
7.577555619516938012e-01
0.000000000000000000e+00
5.725715276014829019e-02
5.971330096162066198e-02
5.427745070340384698e-02
5.164726603776796654e-02
3.598354912048033760e-02
5.687553187555852152e-02
1.668599478973151751e-01
1.511025028858271058e-01
1.849575235814786278e-01
2.681667433663172395e-01
1.337762862072648107e-01
2.394371437260626456e-01
2.003289284283426563e-01
2.961739275546154126e-01
1.865017711403090250e-01
1.555244890410038827e-01
4.760443113931361325e-01
5.393957126220545462e-01
2.174596273700589444e-01
1.957503243707738871e-01
5.159586516623106134e-02
7.607457508673554081e-02
4.460681157090002347e-01
2.990911457371304150e-01
1.869329992440992572e-01
5.741934916687271295e-01
0.000000000000000000e+00
1.357608924436960463e-01
1.394101876675603036e-01
1.286121286121285900e-01
1.236306729264475684e-01
2.500000000000000000e-01
1.334025276627650303e-01
3.480838964834634952e-01
0.000000000000000000e+00
5.666350457859925527e-01
4.289432789432789384e-01
3.262422908957562373e-01
3.898748530629042586e-01
2.286567877629063217e-01
4.734042553191489255e-01
6.713165118852982838e-01
3.402444139403644763e-01
5.536723163841807960e-01
5.183414505785011173e-01
2.505263157894737081e-01
2.250351617440224938e-01
3.575702853905530221e-01
1.675354554049795497e-01
3.408648291797326535e-01
4.229030748076416657e-01
2.058582053511059384e-01
4.655324790101634802e-01
0.000000000000000000e+00
