3.251881906867983840e-01
3.331674585860087134e-01
3.361298132368960578e-01
3.414878615236069392e-01
4.346964765812932896e-01
3.309769685983027232e-01
5.461998402078549475e-01
1.949380797614561900e-01
6.480811799618846347e-01
3.147030352640964868e-01
2.068077679738690444e-01
5.264156584783827864e-01
3.777542840692368897e-01
3.820762074069030123e-01
4.514132810012210784e-01
3.050238801299713365e-01
5.950069467374904386e-01
4.537423254179157039e-01
4.606734712252618658e-01
3.244525526819240779e-01
3.904460204518800381e-01
2.238320044188140123e-01
3.517230974186738024e-01
4.431956153055555125e-01
3.132451946393161601e-01
3.722267506446379493e-01
0.000000000000000000e+00
1.295229259241174047e-01
1.332487309644670159e-01
1.275358336767871137e-01
1.347569955817378429e-01
1.050847457627118592e-01
1.305286690918412429e-01
4.972845336481700462e-01
3.666666666666666963e-01
4.428571428571428936e-01
3.929807217004448461e-01
2.730769230769231060e-01
2.483100495718791878e-01
4.833333333333333370e-01
2.282996432818073795e-01
5.643779094371562666e-01
3.013229571984435418e-01
7.009803921568626972e-01
3.408013276434328498e-01
2.814685314685314577e-01
3.826435431493124817e-01
1.960784313725490169e-01
4.866006894251084236e-01
2.945378038010708632e-01
4.147982062780269374e-01
3.466666666666666230e-01
4.210526315789473450e-01
0.000000000000000000e+00
5.794606999426275828e-02
5.697151424287855148e-02
4.840613931523022467e-02
6.561085972850680403e-02
1.250000000000000000e-01
5.584577782530675966e-02
0.000000000000000000e+00
0.000000000000000000e+00
0.000000000000000000e+00
0.000000000000000000e+00
0.000000000000000000e+00
1.283524904214559392e-01
0.000000000000000000e+00
0.000000000000000000e+00
1.498447204968944013e-01
1.030927835051546337e-01
1.014492753623188331e-01
0.000000000000000000e+00
0.000000000000000000e+00
0.000000000000000000e+00
0.000000000000000000e+00
5.769230769230769551e-02
1.212765957446808457e-01
1.060126582278480972e-01
0.000000000000000000e+00
0.000000000000000000e+00
0.000000000000000000e+00
3.259233808415447076e-01
3.308490459269585737e-01
3.214589655351928754e-01
3.194515294916604464e-01
2.841461058426350550e-01
3.280931112980498554e-01
5.430630017132994647e-01
3.910745530750245891e-01
5.221807094412932448e-01
4.737921656315208230e-01
2.521041515092838359e-01
4.097638589431539247e-01
5.624194876086997530e-01
3.314037114323562516e-01
5.712955622976407799e-01
2.448868038362856103e-01
8.629820194055645155e-01
5.070739430390651670e-01
4.308376163143987636e-01
3.747502577781173794e-01
1.859321115691164039e-01
3.973094018451852061e-01
6.730596514270301700e-01
5.121083312676716348e-01
4.254232936257490438e-01
5.819627414919472663e-01
0.000000000000000000e+00
1.062260501791825879e-01
1.094610911907787643e-01
1.033358665229563295e-01
1.020492796945611791e-01
8.073900946553395908e-02
1.076450896812345681e-01
2.949174238298590822e-01
1.529393060628301826e-01
2.726726933126122354e-01
2.244790162138064205e-01
6.355650320821595867e-02
1.679064200959849151e-01
3.163156800420323100e-01
1.098284199511404269e-01
3.263786195009774072e-01
5.996954669315142372e-02
7.447379658173062245e-01
2.571239837091851554e-01
1.856210516314730774e-01
1.404377557047654657e-01
3.457075011255035524e-02
1.578547607945788578e-01
4.530092943790753890e-01
2.622549429537593402e-01
1.809849787593802994e-01
3.386806324848230521e-01
0.000000000000000000e+00
2.239528520311513116e-01
2.294906166219838894e-01
2.401302401302400913e-01
2.363067292644757678e-01
3.888888888888888395e-01
2.298139539817423693e-01
5.135490006813535624e-01
1.000311515696929721e-01
6.695377717471461265e-01
2.905970459746203272e-01
2.343920102624164614e-01
5.743873929705901604e-01
3.015185383606436287e-01
3.703466754155730900e-01
3.949842585524768745e-01
3.236675680278251477e-01
5.097951673566577524e-01
4.516510833325583230e-01
4.175438596491228282e-01
3.165269954664102769e-01
4.246288243820268704e-01
1.959743063673450025e-01
3.611027820710974168e-01
4.091276923312601177e-01
2.811879842654924633e-01
3.370361105289134684e-01
0.000000000000000000e+00
