5.473272364785050637e-02
5.502000005475716354e-02
6.711102805290808382e-02
5.199341958283403703e-02
4.786836200448765788e-02
5.741458444043566478e-02
3.574505457667285779e-01
0.000000000000000000e+00
7.285818476496497276e-01
8.276797829036633969e-01
6.878824962385905462e-01
7.243784492329826685e-01
3.022388059701492380e-01
3.311307069867630570e-01
3.884807235800608605e-01
0.000000000000000000e+00
2.437810945273631569e-01
7.134031122039655171e-02
5.660555697529938701e-01
2.686567164179104461e-01
3.678535792711958852e-01
3.183036911252122847e-01
1.748219131614654198e-01
1.000000000000000000e+00
3.071281523417395687e-01
0.000000000000000000e+00
0.000000000000000000e+00
3.906440744176961112e-03
3.906638797651041176e-03
4.625177451115080468e-03
3.681885125184094186e-03
3.389830508474576173e-03
4.086897844955705156e-03
1.330490405117270847e-01
0.000000000000000000e+00
1.652452025586353956e-01
3.766879886282870626e-01
1.940298507462686339e-01
1.631668157634539873e-01
7.213930348258705549e-02
9.881626351003601483e-02
1.116584344464726652e-01
0.000000000000000000e+00
6.467661691542288260e-02
0.000000000000000000e+00
1.188289322617680777e-01
1.033855114670549635e-01
8.955223880597014408e-02
2.239187693247318145e-01
0.000000000000000000e+00
3.440198112576133282e-01
7.761194029850744525e-02
0.000000000000000000e+00
0.000000000000000000e+00
1.549053356282271698e-01
1.571214392803598203e-01
1.759149940968122716e-01
1.628959276018099867e-01
1.250000000000000000e-01
1.575371072514582249e-01
5.174129353233830608e-01
0.000000000000000000e+00
8.635394456289978704e-01
8.276797829036633969e-01
9.999999999999998890e-01
1.000000000000000000e+00
3.022388059701492380e-01
4.580941446613088774e-01
7.201492537313433084e-01
7.462686567164178442e-02
2.437810945273631569e-01
1.462686567164178941e-01
6.716417910447760597e-01
2.686567164179104461e-01
4.253731343283581601e-01
3.513203214695752030e-01
2.552238805970148960e-01
1.000000000000000000e+00
3.656716417910448325e-01
0.000000000000000000e+00
0.000000000000000000e+00
0.000000000000000000e+00
0.000000000000000000e+00
0.000000000000000000e+00
0.000000000000000000e+00
0.000000000000000000e+00
0.000000000000000000e+00
0.000000000000000000e+00
0.000000000000000000e+00
0.000000000000000000e+00
0.000000000000000000e+00
0.000000000000000000e+00
0.000000000000000000e+00
0.000000000000000000e+00
0.000000000000000000e+00
0.000000000000000000e+00
0.000000000000000000e+00
0.000000000000000000e+00
0.000000000000000000e+00
0.000000000000000000e+00
0.000000000000000000e+00
0.000000000000000000e+00
0.000000000000000000e+00
0.000000000000000000e+00
0.000000000000000000e+00
0.000000000000000000e+00
0.000000000000000000e+00
0.000000000000000000e+00
0.000000000000000000e+00
0.000000000000000000e+00
0.000000000000000000e+00
0.000000000000000000e+00
0.000000000000000000e+00
0.000000000000000000e+00
0.000000000000000000e+00
0.000000000000000000e+00
0.000000000000000000e+00
0.000000000000000000e+00
0.000000000000000000e+00
0.000000000000000000e+00
0.000000000000000000e+00
0.000000000000000000e+00
0.000000000000000000e+00
0.000000000000000000e+00
0.000000000000000000e+00
0.000000000000000000e+00
0.000000000000000000e+00
0.000000000000000000e+00
0.000000000000000000e+00
0.000000000000000000e+00
0.000000000000000000e+00
0.000000000000000000e+00
0.000000000000000000e+00
0.000000000000000000e+00
0.000000000000000000e+00
6.735424121237634787e-02
6.734584450402145150e-02
8.221408221408219030e-02
6.259780907668231753e-02
5.555555555555555247e-02
7.099887202972610112e-02
3.590157321500604959e-01
0.000000000000000000e+00
7.269895177661733765e-01
8.276797829036633969e-01
7.324739936680233487e-01
7.993077487014104143e-01
3.022388059701492380e-01
3.320895522388059851e-01
4.156651650138890597e-01
0.000000000000000000e+00
2.437810945273631569e-01
1.027381303679314323e-01
5.608798114689709235e-01
2.686567164179104461e-01
4.253731343283581601e-01
3.183036911252122847e-01
2.552238805970148960e-01
1.000000000000000000e+00
3.071281523417395687e-01
0.000000000000000000e+00
0.000000000000000000e+00
