5.420716510827741086e-01
5.308776901635472445e-01
5.054771221842797591e-01
5.285603768045833428e-01
3.307268647582783938e-01
5.293977238579109512e-01
1.807871673194107187e-01
1.034886586899750605e-01
5.777474758160074941e-01
4.508003672940351647e-01
5.883639825304858295e-01
1.240392556056627987e-01
3.468810864060221655e-01
6.220599304547936859e-01
8.289065811512792425e-01
4.118662997780225266e-01
3.392659705149820848e-01
8.997727435961945242e-01
2.507319256259929463e-01
3.454951813877318867e-01
3.105760052165299490e-01
1.967504291687927342e-01
1.902526154192115404e-01
2.081487773966700927e-01
2.180194084764448259e-01
5.572584839924381583e-01
0.000000000000000000e+00
8.809023878119048856e-02
8.521200358315915435e-02
7.794110912671153857e-02
8.302650957290132194e-02
7.457627118644068187e-02
8.492952434057657318e-02
1.180240320427236311e-01
1.788617886178862082e-01
1.946624803767661172e-01
3.521594684385381813e-01
3.034709193245778702e-01
1.062711985009842930e-01
1.858974358974359031e-01
2.425161045850700858e-01
3.474673749372594878e-01
3.239978282508370055e-01
1.585365853658536328e-01
4.792987431876319926e-01
9.257602862254024623e-02
1.996454551011675460e-01
1.002506265664160345e-01
1.969309462915600772e-01
5.142320307220674125e-02
2.281390134529148184e-01
1.714285714285714024e-01
3.600000000000000422e-01
0.000000000000000000e+00
2.208835341365461558e-01
2.257871064467765754e-01
2.136953955135773298e-01
2.149321266968325927e-01
2.500000000000000000e-01
2.215542109804763127e-01
0.000000000000000000e+00
0.000000000000000000e+00
2.691029900332226332e-01
2.843822843822843560e-01
3.116279069767441956e-01
0.000000000000000000e+00
1.250000000000000000e-01
5.099448837766594744e-01
8.162593984962405180e-01
2.500000000000000000e-01
9.496124031007750765e-02
6.180180180180179228e-01
9.345794392523364136e-02
1.097560975609756101e-01
2.209302325581395388e-01
6.466610312764159429e-02
1.879120879120879106e-01
9.738372093023255072e-02
0.000000000000000000e+00
1.162790697674418589e-01
0.000000000000000000e+00
3.658855225846531778e-01
3.521842281610802483e-01
3.268658163040826237e-01
3.258879833676047166e-01
2.001097552254925416e-01
3.529753221560394394e-01
2.512491434828296177e-01
2.924423514582187855e-01
2.962507550845400184e-01
3.755300279444086509e-01
2.858978338894975768e-01
2.718829966519439867e-01
2.801375298268741210e-01
3.161981393220059666e-01
3.267793648108160975e-01
2.278984528737885706e-01
2.996495975468952966e-01
5.728126961435160425e-01
1.864629572032245608e-01
2.586569797644808766e-01
6.494682862382220034e-02
1.831655677231129320e-01
2.239885434139138043e-01
3.404779147280636020e-01
2.978340800097143415e-01
6.581773124300579481e-01
0.000000000000000000e+00
1.338722156370447669e-01
1.240337305654158617e-01
1.068412618681343074e-01
1.062029777034042138e-01
4.004391413640653180e-02
1.245915780511598209e-01
6.312613210085551985e-02
8.552252892641232229e-02
8.776450988816010546e-02
1.410228018879283174e-01
8.173757142270678122e-02
7.392036386844097473e-02
7.847703561750277168e-02
9.998126331069870365e-02
1.067847532661603954e-01
5.193770482226642976e-02
8.978988131001630624e-02
3.281143848632041005e-01
3.476843440897155885e-02
6.690343318088309843e-02
4.218090548292128573e-03
3.354962519933026716e-02
5.017086758068675656e-02
1.159252104175705761e-01
8.870513921523291712e-02
4.331973745976540613e-01
0.000000000000000000e+00
6.613344559040201798e-01
6.468632707774798485e-01
6.300366300366300187e-01
6.369327073552425444e-01
3.333333333333333148e-01
6.535695272343905460e-01
2.097737272155876520e-01
0.000000000000000000e+00
5.895528827072080702e-01
4.163254163254163087e-01
6.180165856091781595e-01
1.588705222816519935e-01
3.209654178674351543e-01
6.360222868217054737e-01
8.951646232263396064e-01
4.141269692423105164e-01
3.350427350427350182e-01
7.978868166173057608e-01
3.068405885029577007e-01
3.783783783783783994e-01
3.653846153846154188e-01
2.188147070345290435e-01
2.484615384615384559e-01
1.957131163166216936e-01
1.853836595215905547e-01
5.128205128205127750e-01
0.000000000000000000e+00
