3.071024655517921031e-01
3.119897190297743483e-01
3.054758071382951412e-01
3.123181903498391532e-01
4.150733134885775111e-01
3.080755564996815465e-01
3.675509548773795432e-01
2.808587397130444252e-01
5.758444241734421709e-01
3.436249601816445676e-01
3.281620552257488166e-01
4.306359811467193044e-01
4.923314509527897953e-01
5.171840150109353607e-01
5.747700357858489539e-01
3.958852375714236871e-01
4.876931190441536890e-01
5.063306869711271530e-01
3.989335549119732982e-01
3.179952852560031240e-01
3.541344511524162075e-01
2.123560977198564181e-01
2.651969896504932089e-01
4.539176263926120170e-01
2.411567297510141261e-01
3.861130092765488464e-01
0.000000000000000000e+00
1.955661897553591655e-01
1.979322185727082906e-01
1.967303200989146961e-01
1.970729013254786388e-01
1.762711864406779627e-01
1.965502259683732933e-01
3.151515151515151270e-01
2.491909385113268705e-01
2.605042016806722871e-01
3.793962029256146562e-01
3.987854251012145634e-01
2.295589474302956456e-01
3.310502283105022370e-01
4.258923169993950042e-01
3.715250022204458769e-01
5.897802700846875856e-01
3.132530120481927249e-01
4.826254826254825492e-01
2.258592471358428777e-01
2.783101045296167420e-01
2.857142857142856984e-01
3.550089786145725346e-01
1.854851713108268685e-01
4.502484547327597064e-01
4.727272727272726627e-01
3.200000000000000622e-01
0.000000000000000000e+00
1.021227768215719894e-01
1.115442278860569597e-01
1.015348288075560712e-01
1.153846153846153910e-01
1.250000000000000000e-01
1.065389532149599305e-01
0.000000000000000000e+00
0.000000000000000000e+00
1.753246753246753553e-01
0.000000000000000000e+00
0.000000000000000000e+00
0.000000000000000000e+00
0.000000000000000000e+00
0.000000000000000000e+00
2.996894409937888026e-01
1.219512195121951192e-01
1.134259259259259162e-01
1.441176470588235170e-01
0.000000000000000000e+00
0.000000000000000000e+00
0.000000000000000000e+00
0.000000000000000000e+00
6.951219512195122574e-02
6.646825396825396803e-02
0.000000000000000000e+00
0.000000000000000000e+00
0.000000000000000000e+00
3.428755294073174142e-01
3.456516370433286300e-01
3.357632519037924701e-01
3.267300809843937670e-01
2.823547016693068734e-01
3.427995770248694618e-01
3.982612928674765240e-01
3.222506958976560365e-01
3.412440322726297826e-01
4.158327024203804512e-01
2.905755333967897647e-01
3.639939644657229079e-01
4.833080189671937199e-01
4.460448628022504192e-01
3.456308585654342957e-01
3.536450114634802633e-01
4.182549754195306613e-01
5.038000889473515098e-01
3.598213608195093283e-01
2.957852711879027652e-01
1.861234864555368906e-01
2.462856300448924285e-01
4.355771347397020543e-01
4.710975421876497093e-01
3.453474606992229523e-01
4.944472192555780521e-01
0.000000000000000000e+00
1.175636286663481883e-01
1.194750541907329960e-01
1.127369613290095940e-01
1.067525458200685312e-01
7.972417755476328416e-02
1.175115500084294301e-01
1.586120573964738822e-01
1.038455110065235609e-01
1.164474895616835898e-01
1.729168364022366511e-01
8.443414060882889483e-02
1.324916061674738799e-01
2.335866411979932444e-01
1.989560196322784080e-01
1.194606903926791891e-01
1.250647941330050861e-01
1.749372244631921813e-01
2.538145296233593196e-01
1.294714117020034916e-01
8.748892665170120153e-02
3.464195221036441702e-02
6.065661156660962644e-02
1.897274403080485838e-01
2.219328942552443729e-01
1.192648686114013284e-01
2.444780526295736722e-01
0.000000000000000000e+00
2.365817722584719063e-01
2.417158176943699499e-01
2.303622303622303580e-01
2.425665101721439787e-01
3.888888888888888395e-01
2.409384305508653346e-01
3.548644338118022157e-01
2.098765432098765316e-01
5.606710525506028997e-01
3.327272727272727049e-01
3.312337938774720381e-01
5.068560645222069949e-01
4.709302325581395388e-01
4.981343283582089776e-01
5.803499939469080049e-01
3.806058221872541392e-01
4.588014981273407789e-01
4.885189039195283467e-01
3.684210526315789824e-01
3.185840707964601726e-01
3.958333333333333148e-01
2.011479224956201350e-01
3.408247422680412697e-01
4.132378508154648244e-01
2.166061705989110742e-01
3.797468354430380000e-01
0.000000000000000000e+00
