2.154644887603715253e-01
2.231989683749990017e-01
2.155083508101635348e-01
2.333637982276201284e-01
3.095487409623535191e-01
2.173383554921728966e-01
8.687024830890661686e-01
2.422049727221057269e-01
4.313113494906058443e-01
2.603449847487831481e-01
3.159545901444267280e-01
5.689791994002418862e-01
3.168976932188974360e-01
3.064333232529156126e-01
2.134505313027724727e-01
4.394329571468807427e-01
5.087091631274106573e-01
2.302630457828331034e-01
4.541807104270210727e-01
3.735080297099583890e-01
4.822937632078186931e-01
1.991645944130694401e-01
2.156841523526916438e-01
7.220394126813923785e-01
4.848706617120580598e-01
1.753700776682697304e-01
0.000000000000000000e+00
5.068606865569607461e-02
5.273962376828904286e-02
5.339561295049686379e-02
5.375552282768777945e-02
6.779661016949152519e-02
5.171993638562800977e-02
6.226890756302521091e-01
1.128205128205128360e-01
1.604554865424430710e-01
5.852311939268460828e-01
3.414634146341463672e-01
2.695029414272316348e-01
1.651480637813211860e-01
1.919040479760119877e-01
1.487143618438582504e-01
4.570735015885482033e-01
2.927927927927927998e-01
1.656067832538420381e-01
2.351509250243427329e-01
3.799526602860965330e-01
2.769230769230769384e-01
2.825151269415507316e-01
1.696020874103065790e-01
5.808899620558813925e-01
2.653061224489795533e-01
1.215189873417721611e-01
0.000000000000000000e+00
1.508892713711990630e-01
1.580209895052473446e-01
1.381345926800472135e-01
1.515837104072398356e-01
2.500000000000000000e-01
1.509769324913451116e-01
8.000000000000000444e-01
0.000000000000000000e+00
0.000000000000000000e+00
0.000000000000000000e+00
1.130801687763712954e-01
2.355836849507735864e-01
0.000000000000000000e+00
0.000000000000000000e+00
0.000000000000000000e+00
1.476793248945147685e-01
1.860288534548215633e-01
4.999999999999998890e-02
0.000000000000000000e+00
0.000000000000000000e+00
0.000000000000000000e+00
5.769230769230769551e-02
0.000000000000000000e+00
1.213768115942028963e-01
0.000000000000000000e+00
0.000000000000000000e+00
0.000000000000000000e+00
2.062169329057404743e-01
2.106879202505422266e-01
2.040735526796454424e-01
2.132941171981934392e-01
1.815466680586790560e-01
2.082507000189275093e-01
7.221140561637379163e-01
2.374764367327263093e-01
3.063583849601613784e-01
8.424368100311033780e-01
4.976358683714890985e-01
4.937743910031043293e-01
4.271497245956149547e-01
3.912331665571941453e-01
2.955087024692075737e-01
5.070389662617371673e-01
4.983570330720129560e-01
3.110301818187485301e-01
4.755075837917854265e-01
4.424647703984596614e-01
3.236683681650072142e-01
2.932711188189091600e-01
6.351728841327936026e-01
9.081757609587324254e-01
4.526994390334992957e-01
3.578850226541404611e-01
0.000000000000000000e+00
4.252542341705066453e-02
4.438939973949885404e-02
4.164601490329201960e-02
4.549438043135669435e-02
3.295919268320818968e-02
4.336835405837334567e-02
5.214487101092460941e-01
5.639505800327255375e-02
9.385546003539840809e-02
7.096997788953812725e-01
2.476414574898460619e-01
2.438131492104865516e-01
1.824568872221096483e-01
1.530633906143691880e-01
8.732539323503463180e-02
2.570885133077709939e-01
2.483597324123393846e-01
9.673977400220377942e-02
2.261074622435018666e-01
1.957750730437616271e-01
1.047612125505986286e-01
8.600794913329473657e-02
4.034445927375713281e-01
8.247832127929730639e-01
2.049367821012449686e-01
1.280816894401546335e-01
0.000000000000000000e+00
1.406019785308356140e-01
1.542091152815013300e-01
1.391941391941391715e-01
1.283255086071987683e-01
2.777777777777777901e-01
1.467688441934899002e-01
7.574272746028469783e-01
2.661448140900195547e-01
4.833647862399519379e-01
1.637897967011890943e-01
2.000683160103450264e-01
6.209115265274725015e-01
2.934782608695652439e-01
2.757664709719503948e-01
3.407613630932466720e-01
3.806058221872541392e-01
4.734299516908212491e-01
2.461178259825502757e-01
3.854251012145749611e-01
3.913043478260869179e-01
5.277777777777777901e-01
1.851373588700461759e-01
2.828244274809160186e-01
7.310834786449091904e-01
3.165782493368700656e-01
1.851851851851851749e-01
0.000000000000000000e+00
