3.490595118406070174e-01
3.556423570418414948e-01
3.647003271130030977e-01
3.657300481686411864e-01
4.563937720885883897e-01
3.556202861067017107e-01
5.852211614952488317e-01
2.077115778107854471e-01
5.888353739504235129e-01
4.118688959488325252e-01
2.355722411995751775e-01
4.967618066938954691e-01
4.296810511278409961e-01
3.687694952018152339e-01
3.395770460095739463e-01
3.951571405321160912e-01
4.942806209513711524e-01
3.403511006361118474e-01
5.693873612199794598e-01
3.582480277743361197e-01
4.686023666856229397e-01
1.959146652393460031e-01
2.702875691113316714e-01
4.233379337841867152e-01
3.736965451823089923e-01
2.832905493346543624e-01
0.000000000000000000e+00
2.753064114458713685e-01
2.811784612322086319e-01
3.131382515913357922e-01
2.954712812960235691e-01
1.000000000000000000e+00
2.978806665923023900e-01
4.775510204081632737e-01
3.958652373660030976e-01
2.952380952380952439e-01
4.971139971139970637e-01
3.013986013986014179e-01
2.846273773271821850e-01
3.866666666666666585e-01
2.452107279693486463e-01
3.260534429599177830e-01
5.194934004730297206e-01
3.233830845771143991e-01
3.029815529815529374e-01
5.054945054945054750e-01
4.329268292682926789e-01
2.745098039215686514e-01
3.835084583859735274e-01
2.327576560110410364e-01
6.021780909673286608e-01
3.999999999999999667e-01
2.807017543859648967e-01
0.000000000000000000e+00
8.433734939759035543e-02
9.385307346326836331e-02
8.500590318772136000e-02
8.823529411764705066e-02
1.250000000000000000e-01
8.647693202796361001e-02
1.468926553672316171e-01
0.000000000000000000e+00
0.000000000000000000e+00
9.686383485510122182e-02
0.000000000000000000e+00
0.000000000000000000e+00
0.000000000000000000e+00
0.000000000000000000e+00
0.000000000000000000e+00
7.042253521126760896e-02
7.291666666666665741e-02
0.000000000000000000e+00
0.000000000000000000e+00
0.000000000000000000e+00
0.000000000000000000e+00
0.000000000000000000e+00
0.000000000000000000e+00
0.000000000000000000e+00
0.000000000000000000e+00
0.000000000000000000e+00
0.000000000000000000e+00
6.009669289784173030e-01
6.064753371608800903e-01
6.244989979433811511e-01
5.859836273832861320e-01
1.000000000000000000e+00
6.156674509594465272e-01
5.961475935309954455e-01
2.929472758298267698e-01
3.950130181342872415e-01
4.713863272717007669e-01
2.867713389564057747e-01
4.805153101314003083e-01
6.223076107871946538e-01
3.493487086774133554e-01
3.425788651819258734e-01
3.821186154139341595e-01
4.960657817340729525e-01
4.552834233581650181e-01
5.949404189544285071e-01
4.009776055398429628e-01
2.201864992571630764e-01
2.956482864906278540e-01
5.716119765019924692e-01
5.398962010761290120e-01
5.057324352794938527e-01
4.665450805622832209e-01
0.000000000000000000e+00
3.611612497257500332e-01
3.678123345844032110e-01
3.899989984322871917e-01
3.433768115612740313e-01
1.000000000000000000e+00
3.790464101709026257e-01
3.553919532727969899e-01
8.581810641611659074e-02
1.560352844955587293e-01
2.222050695387029484e-01
8.223780084684978453e-02
2.308949632706757682e-01
3.872667624436665346e-01
1.220445202545762248e-01
1.173602788693361293e-01
1.460146362458621117e-01
2.460812598074369195e-01
2.072829955847301231e-01
3.539541021056709091e-01
1.607830401444658996e-01
4.848209445512466353e-02
8.740790930484436394e-02
3.267402516805144042e-01
2.914879079364360304e-01
2.557652960937274456e-01
2.176643121968673544e-01
0.000000000000000000e+00
1.410229425384129653e-01
1.434852546916889904e-01
1.440781440781440659e-01
1.361502347417840597e-01
2.222222222222222099e-01
1.433205759767184340e-01
5.568068068068067200e-01
1.954022988505746961e-01
5.946943322657011199e-01
3.896805896805896618e-01
2.208754208754208914e-01
5.336241831560957216e-01
3.259557344064386575e-01
3.647540983606557541e-01
3.430189225753352833e-01
3.921370967741934499e-01
4.675572519083969203e-01
3.258292936727494316e-01
5.259140216954600877e-01
3.469626168224299034e-01
5.181818181818181879e-01
1.930052109521415427e-01
3.010563380281690016e-01
4.075506082844900790e-01
3.165782493368700656e-01
2.651515151515151381e-01
0.000000000000000000e+00
