2.938275292478516043e-01
2.952740002938634700e-01
2.890686040399673140e-01
2.923100633311390140e-01
3.668030563010544753e-01
2.928360801755319209e-01
3.657378831364426763e-01
2.242137143885898354e-01
6.129523287756842853e-01
4.413484253058584383e-01
3.780341003985069337e-01
3.848083535130294441e-01
3.618159650344440204e-01
5.710469616630782230e-01
6.024949996060378066e-01
3.309454065559388480e-01
4.845937345586851519e-01
4.891748295166831184e-01
3.987502351335909245e-01
2.974045389852200127e-01
3.425405017105139782e-01
2.047576691184623821e-01
2.161781359636518463e-01
4.218366035489560240e-01
2.954491463036845178e-01
4.456152696885178344e-01
0.000000000000000000e+00
1.467112651984960325e-01
1.500074649148999684e-01
1.471813893849887867e-01
1.532584683357879063e-01
1.661016949152542277e-01
1.478609177838943189e-01
4.116469517743402973e-01
3.774509803921568540e-01
5.400696864111498297e-01
4.924506387921022132e-01
4.288461538461538769e-01
5.126913754674007340e-01
2.867231638418079043e-01
3.722476111341919136e-01
4.351851851851851749e-01
4.099938562359204952e-01
4.527363184079601366e-01
3.951066451066451157e-01
2.440318302387267657e-01
2.846642165051787576e-01
2.680412371134020533e-01
4.005160355792952154e-01
2.526313011746610937e-01
5.156950672645739253e-01
2.599999999999999534e-01
4.056338028169014231e-01
0.000000000000000000e+00
1.124497991967871452e-01
1.199400299850074819e-01
1.109799291617473427e-01
9.954751131221720173e-02
1.250000000000000000e-01
1.100942682611162071e-01
0.000000000000000000e+00
0.000000000000000000e+00
0.000000000000000000e+00
0.000000000000000000e+00
0.000000000000000000e+00
0.000000000000000000e+00
0.000000000000000000e+00
1.810755616065350682e-01
4.657335907335907743e-02
0.000000000000000000e+00
1.033755274261603241e-01
0.000000000000000000e+00
0.000000000000000000e+00
0.000000000000000000e+00
0.000000000000000000e+00
0.000000000000000000e+00
0.000000000000000000e+00
0.000000000000000000e+00
0.000000000000000000e+00
0.000000000000000000e+00
0.000000000000000000e+00
2.906985413640126303e-01
2.908316074763728221e-01
2.787610635445620377e-01
2.760763671457520108e-01
2.329740424002565147e-01
2.889294271046142781e-01
4.160703282003434533e-01
3.113577625921160608e-01
4.060815450319359421e-01
4.659947691535937242e-01
3.172469667848802355e-01
4.111612760397627131e-01
4.101750574876643629e-01
4.509404534428440581e-01
3.580470730044347238e-01
3.079085313024613191e-01
4.938052257058274663e-01
4.825365857266682990e-01
4.286238197864278843e-01
2.897447678544869398e-01
1.710905643440291390e-01
2.617628809134801560e-01
4.857204958587462706e-01
4.917181852501781303e-01
3.744614848399575036e-01
5.742595289650922474e-01
0.000000000000000000e+00
8.450564195116455624e-02
8.458302390729101339e-02
7.770773054849536288e-02
7.621816049639607016e-02
5.427690443231652367e-02
8.348021384700059222e-02
1.731145180087414748e-01
9.694365632636849084e-02
1.649022212155242251e-01
2.171511248785110981e-01
1.006456379342069163e-01
1.690535949146459438e-01
1.682435777850087022e-01
2.033472925512377627e-01
1.281977064870429839e-01
9.480766364883878861e-02
2.438436009343832034e-01
2.328415565647503627e-01
1.837183788883081925e-01
8.395203049905054782e-02
2.927198120755836880e-02
6.851980582412481313e-02
2.359244000972664235e-01
2.417867737057285416e-01
1.402214036285457377e-01
3.297740066072096243e-01
0.000000000000000000e+00
2.348979162281625011e-01
2.417158176943699499e-01
2.246642246642246432e-01
2.316118935837245818e-01
3.333333333333333148e-01
2.322030922695809685e-01
3.425419089976051712e-01
1.689860834990059568e-01
6.034656351014784370e-01
4.150789330430048052e-01
3.842655409819588086e-01
3.970521493097242116e-01
3.245192307692307265e-01
5.551823416506718178e-01
6.185383483779003377e-01
3.195937873357227454e-01
4.495412844036696942e-01
5.057513288522654804e-01
3.785425101214575094e-01
2.790697674418604612e-01
3.851351351351351426e-01
2.051735039238293812e-01
2.730538922155688608e-01
3.991974708171206476e-01
2.572198275862069283e-01
4.204204204204204376e-01
0.000000000000000000e+00
