3.184970867734870925e-01
3.265131037056490104e-01
3.221022670097609120e-01
3.415167767829383472e-01
3.542258788332086628e-01
3.210076523422594197e-01
8.579322027348778024e-01
1.923319230558425408e-01
5.780170544668895571e-01
2.475885427673853723e-01
2.420169449077767820e-01
6.302551537809534254e-01
3.584546236007536968e-01
3.568464166389913594e-01
1.692398041921519547e-01
3.589981646049400510e-01
4.132047696460012798e-01
2.874567649420409765e-01
6.946303695131115230e-01
3.675713187461739917e-01
5.338470153990307887e-01
1.477748974487176070e-01
3.079155641976811797e-01
4.187159566537536071e-01
3.401069245605165547e-01
3.049001469988494306e-01
0.000000000000000000e+00
9.956540846721030624e-02
1.013859858664277885e-01
9.346521958144433928e-02
1.090758468335787934e-01
8.813559322033898136e-02
9.953620082959892257e-02
6.338138925294889425e-01
1.560283687943262443e-01
4.240121580547112634e-01
2.307083498219232309e-01
2.107692307692307643e-01
2.863872106079238256e-01
2.843137254901960675e-01
2.244301578024547050e-01
2.636263870259724640e-01
4.351491569390401604e-01
2.795698924731182533e-01
2.279997388693040805e-01
3.004354136429608357e-01
2.935097147581645083e-01
3.098591549295774406e-01
2.814098465473145461e-01
2.045062738502806399e-01
4.003843689942345185e-01
2.736842105263157521e-01
3.333333333333333703e-01
0.000000000000000000e+00
9.122203098106711205e-02
9.415292353823086213e-02
1.121605667060212586e-01
9.502262443438916351e-02
1.250000000000000000e-01
9.648579424118053360e-02
6.842105263157893802e-01
0.000000000000000000e+00
1.677018633540372783e-01
3.214756258234519049e-02
0.000000000000000000e+00
3.252427184466019638e-01
0.000000000000000000e+00
0.000000000000000000e+00
0.000000000000000000e+00
0.000000000000000000e+00
8.462867012089810015e-02
0.000000000000000000e+00
0.000000000000000000e+00
0.000000000000000000e+00
1.647398843930635570e-01
3.441295546558704316e-02
9.661016949152542721e-02
0.000000000000000000e+00
0.000000000000000000e+00
0.000000000000000000e+00
0.000000000000000000e+00
2.941126622199996543e-01
2.984501517868712317e-01
2.832549309507060298e-01
2.965415770775131632e-01
2.389629891968393094e-01
2.944020332216592539e-01
5.941354445228134162e-01
2.337316541682150084e-01
4.543954717840545943e-01
3.184434855502484285e-01
2.724643538326414482e-01
4.036495949296209362e-01
4.495665484310874538e-01
3.243367470699977106e-01
2.854108159210349549e-01
3.549276212613388659e-01
3.966931892721052844e-01
4.117628178629922364e-01
4.969031644630413358e-01
3.476819025027950705e-01
2.438573991760406845e-01
2.241055061536550708e-01
5.162911750583139003e-01
4.584190144283778467e-01
3.906136269987175447e-01
4.623164186962030464e-01
0.000000000000000000e+00
8.650225807813560763e-02
8.907249310160646194e-02
8.023335590788924221e-02
8.793690693561870275e-02
5.710331020588874790e-02
8.667255716504695950e-02
3.529969264383210348e-01
5.463048616021005249e-02
2.064752447778535338e-01
1.014062534893912793e-01
7.423682410943885368e-02
1.629329954868470320e-01
2.021100814682412761e-01
1.051943254999476579e-01
8.145933384471086558e-02
1.259736163342324022e-01
1.573654864148743560e-01
1.695486181744717269e-01
2.469127548533842642e-01
1.208827053279631358e-01
5.946643113290283472e-02
5.022327788838592405e-02
2.665565774430945778e-01
2.101479927894853161e-01
1.525790055970932813e-01
2.137364709960829501e-01
0.000000000000000000e+00
2.529993685539886350e-01
2.608042895442359010e-01
2.661782661782661763e-01
2.472613458528951647e-01
2.777777777777777901e-01
2.535885429873092067e-01
7.959062003179649958e-01
1.491228070175438514e-01
5.553063254598294973e-01
2.343149807938540163e-01
2.653528561309541622e-01
6.722447975101630835e-01
3.234824281150159853e-01
3.433641975308641681e-01
1.740597878495660777e-01
3.729102896161995973e-01
3.843137254901960453e-01
3.062260530637040956e-01
7.261632341723875950e-01
3.643724696356275272e-01
5.808678500986192983e-01
1.271905433194086832e-01
3.638297872340425232e-01
4.412408247733814459e-01
3.215247844827586188e-01
2.605863192182410470e-01
0.000000000000000000e+00
