3.822667400712309593e-01
3.963761707766482734e-01
3.862898592855610325e-01
4.357698478786278251e-01
4.268262278733482296e-01
3.899422280998759427e-01
7.928485818551271880e-01
2.414913775208847035e-01
5.345323971118659534e-01
2.980572492127554485e-01
1.326373754824045348e-01
6.150917704672689279e-01
4.338313886750584936e-01
2.742575491516606179e-01
1.247627985387060601e-01
3.703115061300685795e-01
4.072204761428672160e-01
1.868732234761308619e-01
7.011945081192629825e-01
3.875593333703474808e-01
7.910388390239567746e-01
2.111579483661413237e-01
2.499824341822574902e-01
4.650510910419404231e-01
3.573114906318082817e-01
2.029298254183790062e-01
0.000000000000000000e+00
1.354070022950339403e-01
1.433512491290932778e-01
1.378394468104593151e-01
1.513254786450662637e-01
1.050847457627118592e-01
1.385136270636832534e-01
5.879053461875547448e-01
2.396514161220043848e-01
2.069425901201602247e-01
2.704081632653060896e-01
1.392219947353027232e-01
2.896950578338590154e-01
2.983539094650205503e-01
1.794224838800111965e-01
1.209133958655860264e-01
3.296275708727069986e-01
3.270440251572326873e-01
2.075064575064575201e-01
4.256168359941944201e-01
2.858427141963727491e-01
3.529411764705882582e-01
4.205797966946654975e-01
1.483704105957826536e-01
5.213528351703616837e-01
2.285714285714285643e-01
1.620253164556962056e-01
0.000000000000000000e+00
1.365461847389558003e-01
1.478260869565217184e-01
1.652892561983471120e-01
1.742081447963801100e-01
1.250000000000000000e-01
1.489543048654881907e-01
5.931558935361216367e-01
0.000000000000000000e+00
0.000000000000000000e+00
0.000000000000000000e+00
0.000000000000000000e+00
1.053459119496855390e-01
0.000000000000000000e+00
0.000000000000000000e+00
0.000000000000000000e+00
1.293103448275862155e-01
1.142191142191142095e-01
0.000000000000000000e+00
0.000000000000000000e+00
0.000000000000000000e+00
7.851239669421487821e-02
9.123434704830053754e-02
1.280898876404494291e-01
1.469298245614034937e-01
0.000000000000000000e+00
0.000000000000000000e+00
0.000000000000000000e+00
4.061926572534296231e-01
4.166030990845825399e-01
3.966564200504375526e-01
4.108940748223979256e-01
2.688251891630559776e-01
4.079144813606547237e-01
6.018068693662462776e-01
3.301965946041162114e-01
3.633674935388262472e-01
3.242853879606439338e-01
2.090484000163794209e-01
3.938381267396059982e-01
4.930675196102669577e-01
2.901987610326573486e-01
2.008664060586016764e-01
2.750464624143670878e-01
4.079670394275400347e-01
3.258473707776223804e-01
6.821647642756535346e-01
2.900389779759623421e-01
2.813109911278154351e-01
2.731109164053847072e-01
4.326699247971219076e-01
5.327861743393967897e-01
3.333792273375251192e-01
3.521395865481484200e-01
0.000000000000000000e+00
1.649924748066021740e-01
1.735581421668785096e-01
1.573363155672291847e-01
1.688339407241543910e-01
7.226698232855283122e-02
1.663942241037319747e-01
3.621715080164022438e-01
1.090297910881550675e-01
1.320359353606889441e-01
1.051610128447853371e-01
4.370123354940818466e-02
1.551084700737619393e-01
2.431155788946209317e-01
8.421532090488934030e-02
4.034731308289904450e-02
7.565055648665786059e-02
1.664371052592719669e-01
1.061765090426893543e-01
4.653487656192578648e-01
8.412260874534076283e-02
7.913587372931384090e-02
7.458957265978903572e-02
1.872032638239471414e-01
2.838611075672101691e-01
1.111417092201652662e-01
1.240022884143009013e-01
0.000000000000000000e+00
2.609976846979583653e-01
2.801072386058980901e-01
2.645502645502645356e-01
3.278560250391236441e-01
3.888888888888888395e-01
2.791942047852696840e-01
7.477061437357286344e-01
1.998000965051354438e-01
5.430125629140390986e-01
2.865786006518271645e-01
1.583237452082149055e-01
6.808655032132403528e-01
3.324518258994745290e-01
2.827687090041741125e-01
1.653340107433097506e-01
3.679309159996764778e-01
3.921803583707478280e-01
2.288521806795064117e-01
6.935731896077966807e-01
3.823984526112185756e-01
8.800960167528069089e-01
2.238899847515712915e-01
2.882298259764050075e-01
4.096754870215616462e-01
3.548328488372093359e-01
1.867882872414594608e-01
0.000000000000000000e+00
