2.912286580838481242e-01
2.973548360754967868e-01
2.949245118299256840e-01
3.040936870557754412e-01
3.762869500178855908e-01
2.940686542916992052e-01
5.157116002264876542e-01
2.352006742484115676e-01
5.010209342063755011e-01
3.161370322975703417e-01
2.232459970674335048e-01
4.914603065327270981e-01
4.726711413212237867e-01
4.255006000341727823e-01
3.495191699969026344e-01
4.732461991626394915e-01
5.903637369849559224e-01
3.953572876646935796e-01
5.257681194398048374e-01
3.873383645702421219e-01
4.487845371562448338e-01
1.779799127246270984e-01
2.751101950463570311e-01
4.239927531581660913e-01
3.448211480577406673e-01
3.735395457904260308e-01
0.000000000000000000e+00
3.971141169002392890e-01
4.115158753856872909e-01
4.054128314328890870e-01
4.337260677466863168e-01
4.067796610169491234e-01
4.075398533986486216e-01
4.809866392600205542e-01
2.208835341365462113e-01
2.290640394088669929e-01
3.235653235653235260e-01
2.863652934742982326e-01
2.956451488805108552e-01
4.166666666666666852e-01
3.043995243757431357e-01
2.892214799588900265e-01
5.999597477525828726e-01
4.396135265700483186e-01
3.382058529117352719e-01
3.818483674598782129e-01
4.300972421488920561e-01
2.962962962962962798e-01
4.806782748835090602e-01
1.777214934956799497e-01
4.292120435618193564e-01
3.183673469387754418e-01
3.446153846153846567e-01
0.000000000000000000e+00
6.655192197360872142e-02
7.616191904047975303e-02
6.257378984651712495e-02
6.787330316742082315e-02
1.250000000000000000e-01
6.404435414618722677e-02
0.000000000000000000e+00
0.000000000000000000e+00
0.000000000000000000e+00
0.000000000000000000e+00
0.000000000000000000e+00
0.000000000000000000e+00
0.000000000000000000e+00
1.328671328671328922e-01
0.000000000000000000e+00
0.000000000000000000e+00
7.740916271721959285e-02
0.000000000000000000e+00
0.000000000000000000e+00
0.000000000000000000e+00
0.000000000000000000e+00
0.000000000000000000e+00
0.000000000000000000e+00
0.000000000000000000e+00
0.000000000000000000e+00
0.000000000000000000e+00
0.000000000000000000e+00
5.650477631545444135e-01
5.780235085914978699e-01
5.672561399984683561e-01
5.665151753737081020e-01
4.608899439602938686e-01
5.739039018166319783e-01
5.389348470293056081e-01
3.103609238903916601e-01
4.039198749209770289e-01
4.440431606111077123e-01
2.887772142960187138e-01
4.485539688214244536e-01
6.534325522976550671e-01
4.340230510888073434e-01
3.157806776227300438e-01
4.375643940920795338e-01
6.708783914109730517e-01
4.972430123330290330e-01
5.317843759897986633e-01
4.669074364513283171e-01
2.327324540056622260e-01
3.256273560749728957e-01
5.395771469501376982e-01
5.954562854081766332e-01
4.650084084935935391e-01
5.445127076441349523e-01
0.000000000000000000e+00
3.192789746459541722e-01
3.341111764844254539e-01
3.217795283659619643e-01
3.209394439287033274e-01
2.124195404437228263e-01
3.293656885203544160e-01
2.904507693425010251e-01
9.632390307809746144e-02
1.631512653561777160e-01
1.971743284855020095e-01
8.339227949656873029e-02
2.012006629454513862e-01
4.269741004022276631e-01
1.883760088764374618e-01
9.971743635987052878e-02
1.914625989771686632e-01
4.500778160621746737e-01
2.472506133140248696e-01
2.827946225468594421e-01
2.180025542135512473e-01
5.416439514749767786e-02
1.060331750243771881e-01
2.911434975108505019e-01
3.545681878321039204e-01
2.162328199697447495e-01
2.964940887859471852e-01
0.000000000000000000e+00
1.422858345611450193e-01
1.460589812332439563e-01
1.408221408221408122e-01
1.549295774647887480e-01
2.777777777777777901e-01
1.463875233304218759e-01
5.109521285991873718e-01
1.818181818181817955e-01
5.230421228492200258e-01
2.928551256707144779e-01
2.345842686120463427e-01
5.489829397493107832e-01
3.750000000000000000e-01
3.973214285714285476e-01
3.694716304198086831e-01
4.533945986496623060e-01
5.384615384615384359e-01
4.067753497514163818e-01
4.926079243051448842e-01
3.673469387755101678e-01
4.672131147540983243e-01
1.642020307211663754e-01
3.245833333333333348e-01
4.491057123238400006e-01
3.071281523417395687e-01
3.508771929824561209e-01
0.000000000000000000e+00
