2.714314774875427050e-01
2.703473850573661075e-01
2.685557871064703228e-01
2.652574647666812724e-01
3.006857193139035322e-01
2.697521928049624873e-01
2.906095933417393029e-01
1.593964825292709941e-01
6.850933697733693206e-01
4.024221074703697165e-01
4.447008849300283506e-01
3.939314361185245472e-01
4.080478347516580118e-01
6.049841355035530110e-01
4.965400724179305780e-01
3.060715449334906468e-01
4.891570306082940744e-01
5.483363401479910415e-01
4.263002717725218882e-01
2.043034413165687735e-01
3.464274229395730709e-01
2.156117618958829363e-01
2.840429163013535874e-01
4.638261024753860262e-01
2.637521902107539118e-01
4.982554900637616857e-01
0.000000000000000000e+00
5.445334244836174120e-01
5.317258883248732193e-01
5.185236067225351686e-01
5.366347569955817187e-01
2.440677966101694740e-01
5.367881329053793005e-01
3.923541247484909067e-01
4.365079365079365115e-01
3.514739229024943512e-01
4.985302763080540212e-01
4.408284023668639362e-01
4.475901122200961479e-01
4.393939393939393923e-01
5.092838196286472163e-01
5.202583387835186812e-01
5.717065036131183664e-01
4.444444444444444198e-01
5.121559916080463681e-01
4.190283400809716174e-01
3.684483653347171983e-01
3.265306122448979331e-01
5.300979352504523456e-01
3.724956753008237809e-01
5.057707858560611669e-01
3.291139240506328889e-01
5.333333333333333259e-01
0.000000000000000000e+00
6.712564543889844304e-02
7.466266866566716176e-02
6.847697756788664880e-02
5.882352941176471200e-02
1.250000000000000000e-01
7.307694125398397911e-02
0.000000000000000000e+00
0.000000000000000000e+00
0.000000000000000000e+00
0.000000000000000000e+00
0.000000000000000000e+00
0.000000000000000000e+00
0.000000000000000000e+00
0.000000000000000000e+00
0.000000000000000000e+00
0.000000000000000000e+00
4.640151515151515194e-02
0.000000000000000000e+00
0.000000000000000000e+00
0.000000000000000000e+00
0.000000000000000000e+00
0.000000000000000000e+00
0.000000000000000000e+00
0.000000000000000000e+00
0.000000000000000000e+00
0.000000000000000000e+00
0.000000000000000000e+00
3.870869902829109366e-01
3.826441341517030637e-01
3.721427479075106737e-01
3.598678528149725220e-01
2.063277790140060908e-01
3.825944366829702181e-01
3.984628513104698233e-01
2.536906507968590962e-01
4.363022802960550561e-01
4.442718258429406153e-01
3.784477453143861303e-01
4.152972767190579173e-01
4.698088744148195550e-01
5.456423265377020604e-01
3.764076022850694203e-01
3.037672556270967772e-01
5.014398192892430828e-01
5.278979472359325298e-01
4.096773259576608206e-01
2.767515356091204137e-01
1.736738599261003768e-01
2.787961039430708610e-01
4.986843075706624551e-01
5.108321861903540873e-01
3.707194864919973742e-01
6.383253647304587552e-01
0.000000000000000000e+00
1.498363380462824079e-01
1.464165334007065944e-01
1.384902248201530517e-01
1.295048714896587516e-01
4.257115239285252928e-02
1.463785029807593285e-01
1.587726438744695712e-01
6.435894630173390196e-02
1.903596797915373395e-01
1.973774552378201597e-01
1.432226959335424765e-01
1.724718280502657297e-01
2.207203784789196488e-01
2.977255485094761900e-01
1.416826830579949736e-01
9.227454559121796296e-02
2.514418923688287455e-01
2.786762426959114025e-01
1.678355114038194429e-01
7.659141246200623643e-02
3.016260962163073295e-02
7.772726757383557894e-02
2.486860386172310977e-01
2.609495224480166686e-01
1.374329376648902035e-01
4.074592712582731924e-01
0.000000000000000000e+00
1.915386234476952054e-01
1.846648793565683344e-01
1.847781847781847508e-01
1.784037558685446223e-01
2.777777777777777901e-01
1.919146062771550088e-01
2.733415233415233403e-01
1.223021582733812979e-01
6.782014222242818136e-01
3.859965938454310019e-01
4.466674703483748954e-01
4.011633899162334593e-01
3.750000000000000000e-01
5.933333333333333792e-01
5.122008877764663293e-01
3.028764472248163253e-01
4.434479934479934049e-01
5.548754361265838542e-01
4.106988783433995205e-01
1.956521739130434590e-01
3.851351351351351426e-01
2.114589003810560808e-01
3.417865168539326315e-01
4.575127578393698435e-01
2.267519820625174265e-01
4.729068629734892171e-01
0.000000000000000000e+00
