3.835002582086292078e-01
3.890172737304303241e-01
3.826332366235427052e-01
3.944862430476301918e-01
3.778545170992536062e-01
3.846681041155912140e-01
4.047435025312338119e-01
1.704014082793025020e-01
5.779163001821139289e-01
4.351713706512488899e-01
2.721030023481089133e-01
4.411896302639427558e-01
4.091215252631201782e-01
4.192401678654928410e-01
6.053869747000124590e-01
4.417108400805192514e-01
4.359854181817017782e-01
4.392981163228479868e-01
3.911868664374950066e-01
3.711737380016539856e-01
3.756459596625056352e-01
1.828045653923137115e-01
2.692652341264298865e-01
4.084810404569272357e-01
2.679101088928038110e-01
4.247497968563790360e-01
0.000000000000000000e+00
1.569168416426583446e-01
1.593510500646959371e-01
1.535009387736410713e-01
1.658689248895434398e-01
1.152542372881355942e-01
1.579473786345607644e-01
3.714285714285714413e-01
1.594202898550724778e-01
2.570153061224489943e-01
4.732142857142856984e-01
3.863636363636363535e-01
2.176401750279841063e-01
2.323717948717948789e-01
2.507836990595611049e-01
6.022931654676260127e-01
4.409075992686699585e-01
4.924242424242423755e-01
4.904360882621752182e-01
2.996277915632754030e-01
4.329268292682926789e-01
1.818181818181818232e-01
2.404092071611252934e-01
2.819835491699417829e-01
3.230737871993477617e-01
2.363636363636363313e-01
3.571428571428572063e-01
0.000000000000000000e+00
1.061388410786000963e-01
1.097451274362818557e-01
7.910271546635183615e-02
8.144796380090499333e-02
1.250000000000000000e-01
9.861239292989135152e-02
0.000000000000000000e+00
0.000000000000000000e+00
0.000000000000000000e+00
0.000000000000000000e+00
0.000000000000000000e+00
0.000000000000000000e+00
0.000000000000000000e+00
0.000000000000000000e+00
3.711538461538461675e-01
1.136363636363636465e-01
1.088888888888888823e-01
0.000000000000000000e+00
0.000000000000000000e+00
0.000000000000000000e+00
0.000000000000000000e+00
0.000000000000000000e+00
6.404494382022471455e-02
1.009036144578313310e-01
0.000000000000000000e+00
0.000000000000000000e+00
0.000000000000000000e+00
4.716303151707515462e-01
4.742715079818903279e-01
4.507681612670906279e-01
4.605838335617016832e-01
3.063086401910998235e-01
4.703428134921229797e-01
4.979147412254717464e-01
2.343227506689529172e-01
4.421061970821414944e-01
4.836503980562916749e-01
3.337221036408266617e-01
4.037754904350425722e-01
3.925694653690244840e-01
3.643182498080823062e-01
4.386266071706346747e-01
3.732216562583344777e-01
6.301183670307216600e-01
5.345729137781116691e-01
5.265490700657623480e-01
3.758706201286698967e-01
1.430902705577377088e-01
2.299481858896030295e-01
5.738168017136063837e-01
4.206138708235309664e-01
3.996593488603896183e-01
6.665019144362621661e-01
0.000000000000000000e+00
2.224351541880624228e-01
2.249334632834162628e-01
2.031919352121138445e-01
2.121374677383933705e-01
9.382498305572065100e-02
2.212223622036860182e-01
2.479190895296284336e-01
5.490715148106426607e-02
1.954578894984333182e-01
2.339177075400093453e-01
1.113704424584586877e-01
1.630346466760591029e-01
1.541107851401217199e-01
1.327277871432242518e-01
1.923933005180221978e-01
1.392944047002143415e-01
3.970491564694633158e-01
2.857682001452204190e-01
2.772539231871191112e-01
1.412787230759108836e-01
2.047482552828657626e-02
5.287616819391943029e-02
3.292657219288323001e-01
1.769160283291540126e-01
1.597275951315106357e-01
4.442248019472025411e-01
0.000000000000000000e+00
2.100610397810987184e-01
2.054691689008042998e-01
2.091982091982091951e-01
2.034428794992175216e-01
2.777777777777777901e-01
2.116520746268518716e-01
4.171223246367754545e-01
1.229338842975206680e-01
5.764295584654866023e-01
4.057649667405764382e-01
2.712505168645519271e-01
5.118361796168839906e-01
4.132653061224489388e-01
4.206467661691542514e-01
5.825064181494804538e-01
4.219804951237808299e-01
3.798449612403100306e-01
4.473834379510590598e-01
3.253588516746411807e-01
3.524096385542168641e-01
4.418604651162790775e-01
2.041175381196370653e-01
3.419999999999999707e-01
3.831024010629211496e-01
2.116724517976133202e-01
3.879310344827586188e-01
0.000000000000000000e+00
