2.902827766382604091e-01
2.924212281240445299e-01
2.865830676889996043e-01
2.931596595705136532e-01
4.025763682247918696e-01
2.905327972762034583e-01
3.890792337326103856e-01
2.592161422706313889e-01
6.361343178457175007e-01
4.115426204628310769e-01
3.462460754625210635e-01
4.248242052536533864e-01
3.870996310439014931e-01
5.031438597503421484e-01
5.361729980487695002e-01
3.353259602495946012e-01
5.568541728630568288e-01
4.740525901073565640e-01
4.147519655881082845e-01
2.593813154736732685e-01
4.036217178285573248e-01
1.786102583208899475e-01
2.323748314135206938e-01
4.896225429040365063e-01
3.096698480378641261e-01
4.440171525339329239e-01
0.000000000000000000e+00
1.526197568240636737e-01
1.572235493182044530e-01
1.567523011402665312e-01
1.683541973490426946e-01
1.423728813559322071e-01
1.562977263956825125e-01
3.804878048780488409e-01
3.160919540229885638e-01
4.258241758241758657e-01
5.047619047619047450e-01
4.065934065934065922e-01
2.514316140569430313e-01
4.393939393939393923e-01
3.419135502671199478e-01
4.265042511445389928e-01
4.948929961089493790e-01
5.416666666666666297e-01
5.275364650364650076e-01
2.510395010395010673e-01
2.808174027686222707e-01
3.200000000000000067e-01
2.960644348589533403e-01
2.051465318029324081e-01
5.913677130044843189e-01
3.924528301886791581e-01
3.478260869565217295e-01
0.000000000000000000e+00
4.130808950086058140e-02
4.017991004497750707e-02
5.312868949232584653e-02
4.524886877828054182e-02
1.250000000000000000e-01
4.409559930318329019e-02
0.000000000000000000e+00
0.000000000000000000e+00
0.000000000000000000e+00
0.000000000000000000e+00
0.000000000000000000e+00
0.000000000000000000e+00
0.000000000000000000e+00
0.000000000000000000e+00
0.000000000000000000e+00
0.000000000000000000e+00
1.096196868008948444e-01
0.000000000000000000e+00
0.000000000000000000e+00
0.000000000000000000e+00
0.000000000000000000e+00
0.000000000000000000e+00
0.000000000000000000e+00
0.000000000000000000e+00
0.000000000000000000e+00
0.000000000000000000e+00
0.000000000000000000e+00
3.077828328184426532e-01
3.089254958821708308e-01
2.969826228050377881e-01
2.964781123249290995e-01
2.467115109937785267e-01
3.071176265702608710e-01
3.904683588002000882e-01
3.113965774570428002e-01
3.953102859605743258e-01
4.340246926687409967e-01
3.139498433946848466e-01
3.690968065241236329e-01
4.530478339715083846e-01
4.417935962111240178e-01
3.748714252326513230e-01
3.202340457813675489e-01
5.659261933277888179e-01
4.953146417037400662e-01
3.868639435830759643e-01
3.029914085875024532e-01
1.910298763309622172e-01
2.390444906278212100e-01
4.430740069448679819e-01
5.389023198145820315e-01
3.906775873520090814e-01
5.101553885639210639e-01
0.000000000000000000e+00
9.473027217774540598e-02
9.543496200604514867e-02
8.819867824815937063e-02
8.789927108775330566e-02
6.086656965683329146e-02
9.432123655015023367e-02
1.524655392241217877e-01
9.696782845196004474e-02
1.562702221862310725e-01
1.883774338461950693e-01
9.856450416754716781e-02
1.362324525863063129e-01
2.052523398662753906e-01
1.951815816531577152e-01
1.405285854559592817e-01
1.025498440775029912e-01
3.202724562944818665e-01
2.453365942861044369e-01
1.496637108446493558e-01
9.180379367783886302e-02
3.649241365102270929e-02
5.714226849951450915e-02
1.963145756301809541e-01
2.904157103015381214e-01
1.526289772591866989e-01
2.602585204808052777e-01
0.000000000000000000e+00
2.033256156598610975e-01
2.048257372654155306e-01
2.043142043142042730e-01
2.104851330203443283e-01
3.888888888888888395e-01
2.071236887845729346e-01
3.678349333622869533e-01
1.979961346760248098e-01
6.416029380551464545e-01
3.932747021373875218e-01
3.349805450039459731e-01
4.489084562204935791e-01
3.548558794628234314e-01
4.991893538174231315e-01
5.405904948500347418e-01
3.174872665534804184e-01
5.081686429512516368e-01
4.873801009460205780e-01
4.223239257564200821e-01
2.543177382149405807e-01
4.339000533110817237e-01
1.709248033421718882e-01
3.005281690140845230e-01
4.530473418774890737e-01
2.524952237070263172e-01
4.252939216526251398e-01
0.000000000000000000e+00
