3.330512214694953954e-01
3.402385700394920387e-01
3.355971950508876422e-01
3.603670492731744779e-01
3.987010404930744212e-01
3.372663077491797612e-01
6.880628625280640343e-01
1.778882775410474126e-01
6.341805886184439522e-01
4.164971635798653815e-01
2.025840700715741127e-01
6.128465859510454639e-01
4.199339986489147858e-01
2.577337320085116290e-01
3.156633084677422096e-01
3.801182362522999014e-01
4.411567697049829095e-01
1.971816121744902894e-01
6.019960363848350093e-01
3.373620250837407464e-01
6.186564897914098582e-01
1.579055739136763503e-01
2.202505432446599520e-01
5.051366243601799200e-01
4.180279483550498609e-01
2.465673042256311398e-01
0.000000000000000000e+00
1.595292738903267005e-01
1.584552602766995111e-01
1.571186518294637458e-01
1.645802650957289837e-01
1.627118644067796494e-01
1.597762754585351219e-01
5.571428571428571619e-01
1.981981981981982277e-01
2.826747720364741756e-01
3.882783882783882867e-01
2.004483246814535158e-01
2.508020103726674166e-01
2.664041994750656062e-01
2.292879534258844831e-01
4.157101950018932679e-01
3.560182441312134127e-01
2.549019607843137081e-01
1.918859649122806599e-01
2.695970695970695830e-01
3.513609049133969986e-01
4.242424242424242542e-01
2.561664292212361693e-01
1.452870304748405395e-01
4.506541155542378996e-01
3.899999999999999578e-01
2.105263157894736725e-01
0.000000000000000000e+00
1.107286288009179526e-01
1.265367316341828863e-01
1.251475796930342499e-01
1.470588235294117696e-01
1.250000000000000000e-01
1.196286406961937498e-01
4.333333333333333481e-01
0.000000000000000000e+00
9.890109890109892443e-02
7.296650717703348499e-02
0.000000000000000000e+00
0.000000000000000000e+00
0.000000000000000000e+00
0.000000000000000000e+00
1.574738903394255762e-01
1.644736842105262997e-01
1.033755274261603241e-01
0.000000000000000000e+00
0.000000000000000000e+00
0.000000000000000000e+00
1.656976744186046402e-01
4.903846153846154465e-02
5.700000000000000205e-02
0.000000000000000000e+00
0.000000000000000000e+00
0.000000000000000000e+00
0.000000000000000000e+00
3.819610749903855074e-01
3.846895722231112869e-01
3.690065333683748006e-01
3.764063849630017167e-01
3.283216133048763030e-01
3.821790821531473870e-01
5.484270585898884942e-01
2.892055904713517478e-01
3.451786117211844140e-01
4.346954025611499128e-01
2.484228970687013816e-01
3.691027801167618971e-01
4.420692592793152853e-01
2.899597067613391421e-01
3.360873813418243650e-01
2.841044551507157512e-01
4.043751183529768478e-01
3.242169956757942062e-01
4.308366653778079591e-01
3.538173271510581808e-01
2.689180995581271216e-01
2.010803346902259869e-01
4.050684485873593532e-01
4.907774094748818539e-01
4.884521208221794253e-01
3.682218986365495272e-01
0.000000000000000000e+00
1.458942628078108983e-01
1.479860669772003479e-01
1.361658216685455169e-01
1.416817666409154464e-01
1.077950817631167235e-01
1.460608508354221957e-01
3.007722385935569509e-01
8.363987355988318495e-02
1.191482739897641724e-01
1.889600930078001728e-01
6.171393578800662277e-02
1.362368622899226556e-01
1.954252299997624731e-01
8.407663154512177994e-02
1.129547278972048568e-01
8.071534143648505244e-02
1.635192363429840146e-01
1.051166602850379800e-01
1.856202322338692812e-01
1.251867009923189611e-01
7.231694426995476099e-02
4.043330099913330922e-02
1.640804480409702171e-01
2.408624656508758788e-01
2.385854743356849716e-01
1.355873666355053297e-01
0.000000000000000000e+00
2.403704483266680680e-01
2.490080428954423719e-01
2.433862433862433727e-01
2.660406885758998530e-01
2.777777777777777901e-01
2.444962876500200721e-01
6.536427732079905795e-01
1.140939597315436260e-01
6.251332323893085130e-01
4.121621621621621712e-01
2.128849667959174519e-01
6.626174308988801442e-01
4.050000000000000266e-01
2.449541284403669861e-01
2.868831897819074106e-01
3.824884792626727648e-01
4.188034188034187588e-01
2.329627398360625823e-01
6.110397946084724641e-01
3.103448275862069061e-01
6.355633802816901268e-01
1.660888748818153127e-01
2.791836734693877720e-01
5.046506708376335970e-01
3.626006380069877189e-01
2.424242424242424310e-01
0.000000000000000000e+00
