3.843592361265578683e-01
3.921792446333239313e-01
3.871278952572169141e-01
4.142225749553571368e-01
4.262125309245727856e-01
3.886819902511814973e-01
6.508525428075656594e-01
1.794172740100521968e-01
5.707417355839415896e-01
3.422267673662270915e-01
1.930911079175844092e-01
5.760004818652507685e-01
4.329605659551382657e-01
3.318065277831830362e-01
3.126425900658222345e-01
3.642313479135922405e-01
4.033766213419330282e-01
3.771843663537700619e-01
5.484841343169819528e-01
3.570019700584476374e-01
5.487131229363573226e-01
1.807233644755441015e-01
2.672789881861651340e-01
5.007810725126394802e-01
3.619643765340044284e-01
3.421423393554712256e-01
0.000000000000000000e+00
1.834073929391083768e-01
1.883273614014133734e-01
1.805193021019370903e-01
2.062776141384388695e-01
1.762711864406779627e-01
1.867749299082527292e-01
4.519480519480519320e-01
1.909722222222222376e-01
3.300798580301685936e-01
3.199195171026156803e-01
1.872909698996655659e-01
2.399085817292216372e-01
3.502415458937198078e-01
2.837438423645319840e-01
2.360662606278613462e-01
3.395590142671854328e-01
2.113821138211381956e-01
3.366647897897897534e-01
2.719488991573797421e-01
4.253316217372699604e-01
3.750000000000000000e-01
3.214722561992661154e-01
1.437747994601109580e-01
3.773222293401665706e-01
4.622222222222222010e-01
2.140127388535031927e-01
0.000000000000000000e+00
1.004016064257027968e-01
9.745127436281857125e-02
8.264462809917355601e-02
1.244343891402714952e-01
1.250000000000000000e-01
9.724200381537687066e-02
2.736842105263157521e-01
0.000000000000000000e+00
0.000000000000000000e+00
7.201889020070838254e-02
0.000000000000000000e+00
1.925287356321839227e-01
0.000000000000000000e+00
0.000000000000000000e+00
0.000000000000000000e+00
7.575757575757575968e-02
9.074074074074073293e-02
0.000000000000000000e+00
0.000000000000000000e+00
1.000000000000000056e-01
2.657342657342657288e-01
0.000000000000000000e+00
8.142857142857143349e-02
2.935163551401868687e-01
0.000000000000000000e+00
0.000000000000000000e+00
0.000000000000000000e+00
4.471507565296363174e-01
4.517095375187831774e-01
4.313042794966496229e-01
4.530736836241349152e-01
3.695974020010280303e-01
4.494488831111426164e-01
5.562287357581363612e-01
2.575587436740713332e-01
3.851588067888120914e-01
3.738997514512797382e-01
2.069757455392912393e-01
3.815356136326295000e-01
5.437805841662276540e-01
3.843072911316634532e-01
2.851597110810048519e-01
2.892924563112692637e-01
3.634270712406246218e-01
4.561772107341073856e-01
4.243225105018835208e-01
3.690782080241213348e-01
2.276501594903108661e-01
2.613989951559811953e-01
3.987649161631806050e-01
4.325079969768930721e-01
5.057334943065083799e-01
3.952094443549638569e-01
0.000000000000000000e+00
1.999437990650261010e-01
2.040415062854330219e-01
1.860233815121241085e-01
2.052757627927427053e-01
1.366022395659095001e-01
2.020042985298535765e-01
3.093904064830947376e-01
6.633650644296597287e-02
1.483473064469814640e-01
1.398010241353287719e-01
4.283895924154544621e-02
1.455694244700271311e-01
2.956973237161636403e-01
1.476920940169571261e-01
8.131606082380213318e-02
8.369012527860765494e-02
1.320792361105380397e-01
2.080976475931502201e-01
1.800495929186210764e-01
1.362187236382965683e-01
5.182459511596397561e-02
6.832943466855667669e-02
1.590134583626284792e-01
1.870631674489641461e-01
2.557663672634711283e-01
1.561905049073592788e-01
0.000000000000000000e+00
2.727846769101242019e-01
2.742091152815013255e-01
2.832722832722832651e-01
2.777777777777777901e-01
3.333333333333333148e-01
2.836948343762522029e-01
5.924427675139197769e-01
1.275794392523364462e-01
5.927088042534662815e-01
3.325311275844033965e-01
2.032298286221029815e-01
6.789660084525759309e-01
3.544649604771339391e-01
3.393686868686869307e-01
3.040503674242825971e-01
3.599823100475210702e-01
4.112922705314009386e-01
3.817901661293961468e-01
5.341307814992026781e-01
3.384213522347496728e-01
5.819444444444444864e-01
1.776630056815503289e-01
3.230979381443299103e-01
4.500245551735863048e-01
3.099146534517172591e-01
3.497492526989303130e-01
0.000000000000000000e+00
