2.747245605273540558e-01
2.792469429530721747e-01
2.703797294649878391e-01
2.796153358217411955e-01
3.447909553076864420e-01
2.750847936223753676e-01
3.361824831216027043e-01
2.390591550689519784e-01
5.377335020523559272e-01
5.123598593896975251e-01
2.678224125728249083e-01
4.234211012197396373e-01
3.915263443848315816e-01
5.139733337584312389e-01
7.015728192166210686e-01
3.574611128553806250e-01
5.287293863537650962e-01
4.108404634638115338e-01
4.646485606139167390e-01
3.853319078694487088e-01
4.131693315931689869e-01
1.661600612129968402e-01
2.104847841544937037e-01
3.475189170727209786e-01
2.861665316688733474e-01
3.791430015497876949e-01
0.000000000000000000e+00
1.159968748474046601e-01
1.145117945655419606e-01
1.127902184365984356e-01
1.200294550810014765e-01
1.152542372881355942e-01
1.163338201381663994e-01
2.600000000000000089e-01
4.656084656084656381e-01
2.174744897959183798e-01
4.673721340388006795e-01
2.783572359843546895e-01
2.652996845425867334e-01
4.915254237288135819e-01
2.758620689655172376e-01
4.351851851851851749e-01
3.900594669994860708e-01
4.333333333333333481e-01
2.651193794691552030e-01
5.897435897435896468e-01
2.827277252364360227e-01
3.902439024390244038e-01
2.501350815892798840e-01
9.635308183790392000e-02
5.459641255605380827e-01
2.736842105263157521e-01
2.986666666666666914e-01
0.000000000000000000e+00
5.393000573723465141e-02
6.176911544227885187e-02
5.430932703659976241e-02
6.787330316742082315e-02
1.250000000000000000e-01
5.615729327066158044e-02
0.000000000000000000e+00
0.000000000000000000e+00
0.000000000000000000e+00
9.399075500770415204e-02
0.000000000000000000e+00
7.648401826484019228e-02
0.000000000000000000e+00
0.000000000000000000e+00
6.160954301075268758e-01
7.936507936507936067e-02
1.118721461187214411e-01
0.000000000000000000e+00
0.000000000000000000e+00
0.000000000000000000e+00
0.000000000000000000e+00
0.000000000000000000e+00
0.000000000000000000e+00
0.000000000000000000e+00
0.000000000000000000e+00
1.041666666666666574e-01
0.000000000000000000e+00
3.089664725521111266e-01
3.084601868731710050e-01
2.911355430875647299e-01
2.910956583130269726e-01
2.221956085284868265e-01
3.051745440632614437e-01
3.779211523069490042e-01
4.705512288727567438e-01
3.810985979561019033e-01
5.579907252236886439e-01
3.022754530954375740e-01
4.410152213994000814e-01
5.887782611077766459e-01
4.362400308321452980e-01
3.718386946269498505e-01
3.471512975035683235e-01
5.384838637273827722e-01
4.574619304131806174e-01
6.583724840261788724e-01
3.225622768092312187e-01
2.128380691007501491e-01
2.615540000215491045e-01
4.084448570936371481e-01
4.690143522810614751e-01
3.745192742857285095e-01
4.967624722719107822e-01
0.000000000000000000e+00
9.546028116129444407e-02
9.514768688583156997e-02
8.475990444889126840e-02
8.473668228869456198e-02
4.937088844934456322e-02
9.313150234421950502e-02
1.428243973610121287e-01
2.214184589936614989e-01
1.452361413641066190e-01
3.113536494356579643e-01
9.137044954405208752e-02
1.944944255059618266e-01
3.466598407530971926e-01
1.903053645004310623e-01
1.382640148218740039e-01
1.205140233584110071e-01
2.899648714947705708e-01
2.092714177773537521e-01
4.334543277228011804e-01
1.040464224203551113e-01
4.530004365853569637e-02
6.841049492727249715e-02
1.668272012862416775e-01
2.199744626456237029e-01
1.402646868115087764e-01
2.467729538577009829e-01
0.000000000000000000e+00
1.763839191749105306e-01
1.778016085790884715e-01
1.725681725681725565e-01
1.674491392801252254e-01
2.777777777777777901e-01
1.778108659378814793e-01
3.247716357472454907e-01
1.118421052631578816e-01
5.674753128970907445e-01
5.099268547544408836e-01
2.551545416713955627e-01
4.138720734781720090e-01
3.319672131147541339e-01
5.248717948717948056e-01
7.094490460118473285e-01
3.349875930521091782e-01
4.803921568627450567e-01
4.394727714186610901e-01
4.106988783433995205e-01
3.816254416961131213e-01
4.486111111111110716e-01
1.518602139982330457e-01
2.898305084745763094e-01
3.178402004157561134e-01
2.365239793896155296e-01
3.571428571428570953e-01
0.000000000000000000e+00
