2.938087189280459421e-01
2.999354437085957059e-01
2.989584181884686331e-01
3.020474864007167137e-01
3.929413892016733745e-01
2.964763429347700985e-01
4.946604145161844768e-01
2.045375775307480271e-01
5.560606560813567967e-01
3.705975548317859691e-01
2.504048094952759929e-01
5.650194187608565954e-01
4.452404073340849311e-01
4.566920142319021436e-01
3.803325115591860150e-01
3.822966824306039402e-01
5.623171901309325094e-01
3.776206428045728591e-01
4.770668281234308750e-01
3.643580480667456545e-01
3.623019039612866976e-01
1.944131788004315742e-01
2.643568007236758444e-01
5.531628857310605385e-01
2.680765179382183505e-01
3.683006673773162043e-01
0.000000000000000000e+00
1.078177645392841416e-01
1.080048770777346512e-01
1.002427073315931699e-01
1.096281296023564056e-01
1.389830508474576287e-01
1.071251086016869886e-01
3.875776397515527938e-01
1.864406779661017255e-01
2.767857142857143016e-01
3.723653395784543019e-01
2.235801581595973919e-01
5.256956881426193551e-01
3.606965174129352913e-01
4.105854049719326326e-01
2.882770706511713632e-01
4.948929961089493790e-01
3.768115942028985033e-01
3.681024774774774300e-01
2.607825700311249273e-01
5.270413573700954979e-01
2.181818181818181712e-01
4.161822831899558151e-01
2.041672572643514760e-01
6.237988468930173447e-01
3.768115942028985033e-01
2.857142857142857539e-01
0.000000000000000000e+00
8.663224325874926968e-02
9.235382308845575816e-02
8.972845336481699574e-02
7.239819004524886137e-02
1.250000000000000000e-01
8.263769475579640922e-02
1.843971631205673645e-01
0.000000000000000000e+00
0.000000000000000000e+00
0.000000000000000000e+00
0.000000000000000000e+00
0.000000000000000000e+00
0.000000000000000000e+00
1.705128205128205177e-01
0.000000000000000000e+00
7.462686567164178442e-02
5.580865603644646900e-02
0.000000000000000000e+00
0.000000000000000000e+00
0.000000000000000000e+00
0.000000000000000000e+00
3.736263736263736868e-02
0.000000000000000000e+00
9.970238095238094511e-02
0.000000000000000000e+00
0.000000000000000000e+00
0.000000000000000000e+00
3.285829320322490310e-01
3.312875677290557097e-01
3.189966473047531892e-01
3.183180532620687453e-01
3.012884939953257013e-01
3.286318868195537424e-01
5.145046273140266857e-01
2.733147328182584657e-01
4.053814836477435679e-01
4.494920270793998918e-01
2.466604421441584427e-01
5.364065883742262786e-01
6.247395703261169331e-01
5.030109216050695498e-01
2.974597815218549268e-01
3.626060831467434187e-01
6.055310395363241449e-01
5.207042626953426456e-01
3.913682397801052093e-01
5.020385158483260390e-01
1.969278886388823313e-01
2.858432364437666906e-01
5.130468469760163241e-01
6.080120343847529307e-01
4.133645188039810625e-01
4.747247240665292134e-01
0.000000000000000000e+00
1.079667432229095836e-01
1.097514525318336875e-01
1.017588609916731252e-01
1.013263830325532577e-01
9.077475661397139961e-02
1.079989170345799915e-01
2.647150115275455073e-01
7.470094317551601026e-02
1.643341472844457585e-01
2.020430824079479104e-01
6.084137371875173589e-02
2.877320280512764561e-01
3.902995307312612239e-01
2.530199872539814487e-01
8.848232162302964443e-02
1.314831715350229802e-01
3.666678398419414009e-01
2.711329291891004245e-01
1.531690991085779274e-01
2.520426713951899322e-01
3.878059332376804225e-02
8.170635582064712799e-02
2.632170671920319172e-01
3.696786339566860424e-01
1.708702254060468217e-01
2.253635636400422582e-01
0.000000000000000000e+00
1.826983792885708280e-01
1.846648793565683344e-01
1.855921855921855712e-01
1.705790297339593309e-01
2.777777777777777901e-01
1.822244006068077238e-01
4.794828050642003792e-01
1.781437125748502881e-01
5.631017074027008240e-01
3.768755516328331501e-01
2.551545416713955627e-01
6.145696915998913878e-01
3.937499999999999889e-01
4.218009478672986035e-01
4.007339215087317719e-01
3.634555899248784194e-01
5.130890052356020803e-01
3.872960347156109706e-01
4.722222222222222099e-01
3.169014084507042472e-01
4.191176470588235392e-01
1.778179061507142444e-01
3.257142857142857340e-01
4.855715362519609224e-01
2.143498563218390607e-01
3.644646924829156864e-01
0.000000000000000000e+00
