2.924460645710732498e-01
2.940848206748455373e-01
2.995499629698845645e-01
3.092915219584187470e-01
2.827424582398403996e-01
2.965247994910335527e-01
4.539532663960887948e-01
1.064475733915183769e-01
6.916366654943174597e-01
4.794785155768500062e-01
4.052566927723350032e-01
4.850038703257488759e-01
4.805178596427258642e-01
3.726260948444924392e-01
2.571662824736127839e-01
3.325262886683914565e-01
4.917712206956901810e-01
3.733220382249577973e-01
5.815717596247205190e-01
2.480610241475471878e-01
5.706998291876040907e-01
1.701552781074907872e-01
2.705169274627630127e-01
5.168105939372048541e-01
2.623323531973096312e-01
3.629563041428878756e-01
0.000000000000000000e+00
3.079251916597490202e-01
3.109261471085896233e-01
3.255483811878920886e-01
3.220729013254786666e-01
8.135593220338982468e-02
3.146227316613636749e-01
3.301587301587301515e-01
3.055555555555555802e-01
3.085480093676815083e-01
4.820759764579988782e-01
6.650124069478908773e-01
2.540572384173919174e-01
4.027777777777777346e-01
3.065134099616858565e-01
2.244480277846688243e-01
4.351491569390401604e-01
4.044444444444444398e-01
3.408013276434328498e-01
3.317307692307692180e-01
3.239164765748376862e-01
2.954545454545454697e-01
4.585561497326202662e-01
1.255020080321285203e-01
4.171446449056210315e-01
2.079999999999999627e-01
2.560000000000000053e-01
0.000000000000000000e+00
7.974756167527251305e-02
7.046476761619190066e-02
5.312868949232584653e-02
4.751131221719457481e-02
1.250000000000000000e-01
6.741381253763326087e-02
1.420765027322404284e-01
0.000000000000000000e+00
0.000000000000000000e+00
1.155303030303030110e-01
0.000000000000000000e+00
0.000000000000000000e+00
0.000000000000000000e+00
1.100082712985939043e-01
0.000000000000000000e+00
7.246376811594203160e-02
9.465169624532174253e-02
0.000000000000000000e+00
0.000000000000000000e+00
0.000000000000000000e+00
0.000000000000000000e+00
4.264214046822742410e-02
0.000000000000000000e+00
1.033950617283950490e-01
0.000000000000000000e+00
0.000000000000000000e+00
0.000000000000000000e+00
5.129265702547809447e-01
5.162021051095989632e-01
5.307599674796809053e-01
5.046977371303893456e-01
2.014073484395005886e-01
5.211872724089918751e-01
4.093759632071446997e-01
2.527349566907515221e-01
4.848818908125973604e-01
5.381810007081745395e-01
4.150834743946629213e-01
3.993251447891336681e-01
5.785628838710641375e-01
4.003727217136203165e-01
2.813282364031612914e-01
3.504220811380482359e-01
5.822839979153994205e-01
4.274372901869347152e-01
4.913098800527983534e-01
3.314231809206111823e-01
2.387890027652984914e-01
2.844580362931990458e-01
4.662779082071918380e-01
5.553127918657921880e-01
3.197647236704423968e-01
5.169815142574368805e-01
0.000000000000000000e+00
2.630936664733327102e-01
2.664646133195814892e-01
2.817061430790319121e-01
2.547198058645355756e-01
4.056492000543038962e-02
2.716361729211246856e-01
1.675886792517774782e-01
6.387495833347602014e-02
2.351104480379995754e-01
2.896387895232522269e-01
1.722942907155448344e-01
1.594605712608625214e-01
3.347350105932024311e-01
1.602983162923720117e-01
7.914557659771299936e-02
1.227956349491208382e-01
3.390546542283409126e-01
1.827026370423498192e-01
2.413853982374951079e-01
1.098413248515362206e-01
5.702018784164572529e-02
8.091637441178292645e-02
2.174150876820744038e-01
3.083722968097806771e-01
1.022494785040343884e-01
2.672698860839123336e-01
0.000000000000000000e+00
2.020627236371289881e-01
2.020375335120643268e-01
2.132682132682132692e-01
2.081377151799687075e-01
2.222222222222222099e-01
2.073575641137425096e-01
4.326268714757923184e-01
0.000000000000000000e+00
6.796506654465156450e-01
4.621212121212120438e-01
3.735749305924744301e-01
5.512347875204963721e-01
4.500000000000000111e-01
3.582930756843800690e-01
2.579262959427636170e-01
3.179534637757799875e-01
4.298245614035087203e-01
3.781651057925771720e-01
5.292809488510007432e-01
2.509960159362549792e-01
6.380597014925373234e-01
1.518602139982330457e-01
3.518518518518518601e-01
5.099832429208440709e-01
2.312088337853545061e-01
3.448275862068965747e-01
0.000000000000000000e+00
