2.799281233214062636e-01
2.834544301407301292e-01
2.803234610555786488e-01
2.829995487232732643e-01
3.193170002006676667e-01
2.808137930382605396e-01
3.828176386338389969e-01
1.679201243580372149e-01
5.734787833161254511e-01
5.133149050455394491e-01
2.987662457820331463e-01
4.183514368574976494e-01
4.290013618058716727e-01
4.876340901917862736e-01
5.838678160750854218e-01
3.561234258204031278e-01
5.120106010854525991e-01
4.455494235123693691e-01
3.762280416785391268e-01
3.294774224044786926e-01
3.822294511048080490e-01
1.622680753462979741e-01
2.591648401891265552e-01
4.374303308025473402e-01
2.559447046232338763e-01
4.498383882362931852e-01
0.000000000000000000e+00
1.396308413496752943e-01
1.452050363292525237e-01
1.440674085268122961e-01
1.550994108983799469e-01
1.322033898305084720e-01
1.439497106791869929e-01
3.804878048780488409e-01
4.139784946236559349e-01
2.831050228310502126e-01
8.217054263565891636e-01
2.797766749379653195e-01
2.775316343529578567e-01
3.897849462365591267e-01
4.413793103448275801e-01
5.125443948638558345e-01
4.948929961089493790e-01
8.425925925925925597e-01
5.821205821205821529e-01
2.757242757242757136e-01
6.339285714285713969e-01
2.295081967213114804e-01
3.157405254591955091e-01
2.180421448501637105e-01
4.292120435618193564e-01
2.929577464788731822e-01
3.294117647058823484e-01
0.000000000000000000e+00
6.712564543889844304e-02
6.566716641679160027e-02
6.257378984651712495e-02
6.108597285067873112e-02
1.250000000000000000e-01
6.550457285206381930e-02
0.000000000000000000e+00
0.000000000000000000e+00
0.000000000000000000e+00
7.155425219941348447e-02
0.000000000000000000e+00
0.000000000000000000e+00
0.000000000000000000e+00
0.000000000000000000e+00
1.325549450549450559e-01
0.000000000000000000e+00
5.072463768115941657e-02
0.000000000000000000e+00
0.000000000000000000e+00
0.000000000000000000e+00
0.000000000000000000e+00
0.000000000000000000e+00
0.000000000000000000e+00
0.000000000000000000e+00
0.000000000000000000e+00
0.000000000000000000e+00
0.000000000000000000e+00
3.193840733717631108e-01
3.220872082242420831e-01
3.108760138424217501e-01
3.060367216536695190e-01
2.233641953715901907e-01
3.189296935436503055e-01
4.069345897251840927e-01
3.499058252652224033e-01
4.154669835906374398e-01
6.702527350024737318e-01
2.927342934235545591e-01
4.246083964047757120e-01
5.050955714217009174e-01
4.760023742637501387e-01
3.944511482002100444e-01
3.460743472740797633e-01
6.007674587230935614e-01
5.150539585892426331e-01
4.378653114698711768e-01
4.069174568733272546e-01
1.711328261486526336e-01
2.840442975503691958e-01
4.646621836332651689e-01
5.341178186579192966e-01
4.083186409303511399e-01
5.682791180868923542e-01
0.000000000000000000e+00
1.020061863235397492e-01
1.037401697016862856e-01
9.664389598255362923e-02
9.365847500052559838e-02
4.989156377399790732e-02
1.017161494238466857e-01
1.655957603148038859e-01
1.224340865545363310e-01
1.726128144539029463e-01
4.492387287782962924e-01
8.569336654618776861e-02
1.802922902974350983e-01
2.551215362698144862e-01
2.265782603047272192e-01
1.555917083164639891e-01
1.197674538411803435e-01
3.609215394606039018e-01
2.652805802584493611e-01
1.917260309886073266e-01
1.655818167082561687e-01
2.928644418562496160e-02
8.068116297088266664e-02
2.159109448988342506e-01
2.852818442078939865e-01
1.667241125312090566e-01
3.229411560536160630e-01
0.000000000000000000e+00
1.717533150915596663e-01
1.739410187667560226e-01
1.709401709401709157e-01
1.729264475743348961e-01
2.777777777777777901e-01
1.766004443001726321e-01
3.818175371773572802e-01
6.546193643754619207e-02
5.658886320966989292e-01
4.829645500104662870e-01
3.038783084531884726e-01
4.597553679712875763e-01
3.724315068493150305e-01
4.823318378174994425e-01
5.709066891171572511e-01
3.536574521660239556e-01
4.595062927586806012e-01
4.465821968071023718e-01
3.589231699939504083e-01
3.103448275862069061e-01
4.142681401167639943e-01
1.650556030795551909e-01
3.179333333333333456e-01
4.602136676553019168e-01
2.040142965342220949e-01
4.461028192371475631e-01
0.000000000000000000e+00
