3.379696108512334485e-01
3.448768183991695047e-01
3.372788989130510173e-01
3.568142609849491720e-01
4.384464461860318463e-01
3.405792571606029995e-01
5.674070810625438943e-01
2.622134960159083761e-01
5.356192950755982451e-01
3.454315768922260332e-01
2.575847735556118234e-01
4.585305056369936016e-01
4.807954511840612510e-01
3.988633727680331864e-01
3.327286358279578637e-01
3.944622458616175997e-01
5.003754580874429925e-01
3.172753630744796771e-01
5.427627485704391574e-01
3.753538256992282052e-01
4.634842739565040448e-01
1.912552532479996070e-01
2.968750588208100005e-01
5.618515033886103405e-01
2.825252772284237990e-01
3.276721130888873290e-01
0.000000000000000000e+00
1.393622735485131325e-01
1.444461033144222306e-01
1.411366030132344129e-01
1.548232695139911408e-01
1.118644067796610159e-01
1.427871557166789374e-01
5.225615763546798132e-01
1.929824561403508942e-01
2.537202380952380820e-01
4.732142857142856984e-01
2.838196286472148833e-01
2.575862010639287103e-01
3.333333333333333148e-01
2.479659046881053652e-01
3.874400479616307291e-01
5.654993514915694908e-01
3.735632183908045856e-01
2.392369327853198224e-01
2.848030018761725790e-01
3.885782272456870801e-01
2.926829268292682751e-01
3.142252403210159528e-01
1.701152939323614666e-01
5.365702798824802944e-01
3.421052631578946901e-01
2.698795180722891596e-01
0.000000000000000000e+00
5.507745266781410853e-02
5.727136431784107806e-02
5.667060212514758027e-02
5.882352941176471200e-02
1.250000000000000000e-01
5.620952339781213475e-02
0.000000000000000000e+00
0.000000000000000000e+00
0.000000000000000000e+00
7.296650717703348499e-02
0.000000000000000000e+00
0.000000000000000000e+00
0.000000000000000000e+00
0.000000000000000000e+00
0.000000000000000000e+00
1.449275362318840632e-01
1.512345679012345456e-01
0.000000000000000000e+00
0.000000000000000000e+00
0.000000000000000000e+00
0.000000000000000000e+00
4.086538461538461592e-02
1.401639344262295139e-01
0.000000000000000000e+00
0.000000000000000000e+00
0.000000000000000000e+00
0.000000000000000000e+00
3.406630662211415639e-01
3.444597029708577063e-01
3.299884308448174375e-01
3.417317662628197028e-01
2.635993840305339564e-01
3.423016175864607713e-01
5.090376818372623902e-01
2.848698348659084445e-01
4.099153464814976888e-01
4.502722653971003020e-01
2.749883151424932226e-01
3.861241707604857187e-01
4.571033633547971764e-01
3.585410881518111825e-01
3.334364647165216633e-01
3.630318713439728562e-01
4.868545344585825108e-01
3.486663982834292685e-01
4.832198394212585679e-01
3.520777752190089038e-01
2.209353439726365054e-01
2.336591679263068377e-01
4.233363328556901672e-01
5.650388574827700516e-01
3.779980942840975300e-01
4.863971406909713413e-01
0.000000000000000000e+00
1.160513246871898857e-01
1.186524869707715202e-01
1.088923644914248784e-01
1.167806000731064914e-01
6.948463526127690582e-02
1.171703974023076134e-01
2.591193615302539999e-01
8.115082281652992446e-02
1.680305912810463320e-01
2.027451129858367229e-01
7.561857346490714893e-02
1.490918752454726826e-01
2.089434847902677250e-01
1.285517118930848135e-01
1.111798760026521393e-01
1.317921396115068478e-01
2.370273377228831191e-01
1.215682572919389443e-01
2.335014132103069018e-01
1.239587598031669513e-01
4.881242621630720036e-02
5.459660675601404889e-02
1.792136507157036929e-01
3.192689104654341525e-01
1.428825592824094770e-01
2.365821784723525223e-01
0.000000000000000000e+00
2.433171963797095272e-01
2.520107238605898137e-01
2.547822547822547468e-01
2.644757433489828280e-01
3.888888888888888395e-01
2.493998476155812050e-01
5.561630995157006430e-01
2.165605095541401348e-01
5.387092832110631502e-01
3.237615677735438124e-01
2.540531364060775732e-01
5.123942959637012295e-01
4.278169014084506894e-01
3.858381502890173564e-01
3.266307130016548044e-01
3.702605283569830874e-01
4.862813776999415638e-01
3.304813658611785443e-01
5.344561403508771846e-01
3.750000000000000000e-01
5.327102803738317238e-01
1.781437125748502881e-01
3.562500000000000111e-01
5.308036918199879883e-01
2.392742582197273371e-01
3.278688524590164244e-01
0.000000000000000000e+00
