2.757096001952343833e-01
2.794839005442134039e-01
2.733014400347372752e-01
2.785843619198590249e-01
3.584067864006892368e-01
2.758803680393436819e-01
4.317262527319478682e-01
2.067154779170413959e-01
5.595987340261926457e-01
4.147967318188718333e-01
3.477153904192092915e-01
4.229477371763193938e-01
3.817933801785129977e-01
5.166683505785442110e-01
5.244956461975203155e-01
3.922414308093049029e-01
5.451106310669200372e-01
4.202330430616498802e-01
4.093364170766137233e-01
3.150488266291857631e-01
3.941323625488859506e-01
1.889868942748539893e-01
2.383004858196924036e-01
4.880270851687870115e-01
2.681537793581348361e-01
3.684246531902782285e-01
0.000000000000000000e+00
1.359685531520093971e-01
1.428660296605951951e-01
1.400375509456427137e-01
1.473674521354933487e-01
1.355932203389830504e-01
1.398744884240210595e-01
4.012788838831565785e-01
4.207650273224043946e-01
3.007054673721340499e-01
4.551131928181108566e-01
3.509615384615384914e-01
3.351252172793406925e-01
2.959183673469387710e-01
4.175209692451071763e-01
7.123398841902088829e-01
7.563947183772404825e-01
4.952380952380951995e-01
4.466966966966966490e-01
2.392812105926860056e-01
3.534096565455450700e-01
2.595419847328244156e-01
3.580562659846546758e-01
2.385592791333400742e-01
5.707297187117815751e-01
4.262295081967212296e-01
3.555555555555555691e-01
0.000000000000000000e+00
6.712564543889844304e-02
7.886056971514242286e-02
6.021251475796930014e-02
7.013574660633484226e-02
1.250000000000000000e-01
6.633751527534190173e-02
8.496732026143789807e-02
0.000000000000000000e+00
0.000000000000000000e+00
0.000000000000000000e+00
0.000000000000000000e+00
0.000000000000000000e+00
0.000000000000000000e+00
1.263057929724596407e-01
0.000000000000000000e+00
8.928571428571427382e-02
7.458143074581430332e-02
0.000000000000000000e+00
0.000000000000000000e+00
0.000000000000000000e+00
0.000000000000000000e+00
0.000000000000000000e+00
0.000000000000000000e+00
0.000000000000000000e+00
0.000000000000000000e+00
0.000000000000000000e+00
0.000000000000000000e+00
3.183904087796906590e-01
3.206602371053578482e-01
3.092435632671915458e-01
3.071593422206088664e-01
2.645402712419570035e-01
3.183459134170325555e-01
4.804035366781074234e-01
3.393228481692147080e-01
3.957140270943679816e-01
5.219649222406059774e-01
3.173399591362225380e-01
3.805169752870555255e-01
4.520403487462683612e-01
5.171189056673273221e-01
4.268846825590495442e-01
3.932249250738127366e-01
6.212368289057289550e-01
5.248578342427510091e-01
3.841827597488527979e-01
3.825800401990261945e-01
1.920001199092632727e-01
2.602579540129903446e-01
4.619084292778898315e-01
5.743791918066639690e-01
4.154736451202970526e-01
5.531384035922887188e-01
0.000000000000000000e+00
1.013724524028984941e-01
1.028229876604643406e-01
9.563158142218949886e-02
9.434686151339714832e-02
6.998155510876817587e-02
1.013441205893248070e-01
2.307875580528337134e-01
1.151399952896679096e-01
1.565895912392422096e-01
2.724473800496418074e-01
1.007046496645793848e-01
1.447931684816096132e-01
2.043404768946478767e-01
2.674119625985740822e-01
1.822305322035404906e-01
1.546258416993056273e-01
3.859351975888459241e-01
2.754757461659911866e-01
1.475963928882447485e-01
1.463674871586885251e-01
3.686404604517146827e-02
6.773420262702778416e-02
2.133593970379673299e-01
3.299114559804764979e-01
1.726183497895465158e-01
3.059620935286256893e-01
0.000000000000000000e+00
1.984845295727215297e-01
2.006434316353887248e-01
2.030932030932030563e-01
1.909233176838810997e-01
2.777777777777777901e-01
2.050183009187630523e-01
4.029520173827290663e-01
1.670771756978653710e-01
5.573890512537807984e-01
3.899894410572566916e-01
3.509743903683298361e-01
4.920529724102129521e-01
3.563080495356036881e-01
4.931831065759637589e-01
5.118560416773587640e-01
3.628488949095570737e-01
4.866041244083839645e-01
4.378158074828210067e-01
4.439962972758529358e-01
2.880184331797234765e-01
4.334663428174879152e-01
1.835878875161070511e-01
3.107550849818891403e-01
4.260164050003411029e-01
2.155252777756767602e-01
3.512957630604689463e-01
0.000000000000000000e+00
