2.364029780439325934e-01
2.411924587003005660e-01
2.377125770883946887e-01
2.479718769288914160e-01
3.761828883613541064e-01
2.391128165562889096e-01
5.042623773279519828e-01
3.524286735926008829e-01
5.506389214304858726e-01
3.327444783826574715e-01
3.579749356314426700e-01
5.287618476416571234e-01
4.461403091451465186e-01
4.926877551682040113e-01
4.503081158339646284e-01
3.131742164739394485e-01
5.663214014680391095e-01
3.866604398315766078e-01
4.440453681839520717e-01
3.141793250969366347e-01
4.587854698959685229e-01
2.281055615463803976e-01
1.910774998688078152e-01
4.329671660610393547e-01
2.819296637159024455e-01
3.708012792224564258e-01
0.000000000000000000e+00
1.372625616485179945e-01
1.383746391957798305e-01
1.345422906076842173e-01
1.424889543446244411e-01
1.457627118644067854e-01
1.379007959492897784e-01
3.779448621553884724e-01
3.422222222222222610e-01
2.767857142857143016e-01
3.573535608933838814e-01
4.230769230769230727e-01
2.841506548131153553e-01
3.580246913580246715e-01
4.904214559386972927e-01
4.265042511445389928e-01
4.632639047837034396e-01
3.939393939393939226e-01
3.766061143110323028e-01
3.538461538461538103e-01
3.276203032300593621e-01
3.111111111111111160e-01
3.938618925831201545e-01
2.196307511686675373e-01
4.739446420287614647e-01
4.216216216216215895e-01
3.121951219512195674e-01
0.000000000000000000e+00
4.589787722317842378e-02
5.007496251874062054e-02
4.604486422668240680e-02
5.203619909502262691e-02
1.250000000000000000e-01
4.979258814664779681e-02
0.000000000000000000e+00
0.000000000000000000e+00
0.000000000000000000e+00
0.000000000000000000e+00
0.000000000000000000e+00
0.000000000000000000e+00
0.000000000000000000e+00
1.734028683181225716e-01
0.000000000000000000e+00
0.000000000000000000e+00
1.649831649831649816e-01
0.000000000000000000e+00
0.000000000000000000e+00
0.000000000000000000e+00
0.000000000000000000e+00
4.129554655870445318e-02
0.000000000000000000e+00
0.000000000000000000e+00
0.000000000000000000e+00
0.000000000000000000e+00
0.000000000000000000e+00
2.926088446750307326e-01
2.975248890255233203e-01
2.858509453959766078e-01
2.877315466397319388e-01
2.430664650361321344e-01
2.940950021163462047e-01
5.120421098048878461e-01
4.023852410679079061e-01
4.142787094719607155e-01
4.908691177981084341e-01
3.404154114507583762e-01
4.434702767889063812e-01
6.128071419652049157e-01
5.095595752875218265e-01
4.085234234236264639e-01
3.616486336287624836e-01
5.529863673677571922e-01
5.290583236864627725e-01
4.958456002759726866e-01
3.760544511681315760e-01
2.040859294709094496e-01
2.962344052548802620e-01
4.589527138007639118e-01
5.246110509545813816e-01
3.962776376832276570e-01
5.340351935719196419e-01
0.000000000000000000e+00
8.561993598205625000e-02
8.852105958964996690e-02
8.171076298377358271e-02
8.278944293169222812e-02
5.908130642516124659e-02
8.649187026981371151e-02
2.621871222134408153e-01
1.619138822292783553e-01
1.716268491217532166e-01
2.409524908078932992e-01
1.158826523531891473e-01
1.966658863952292224e-01
3.755325932435628622e-01
2.596509607671995123e-01
1.668913874857595459e-01
1.307897342055508172e-01
3.057939224945881440e-01
2.799027098619301102e-01
2.458628593130396944e-01
1.414169502433646752e-01
4.165106660800501487e-02
8.775482285671262761e-02
2.106375935050859571e-01
2.752167547836704142e-01
1.570359661277994645e-01
2.851935879733976664e-01
0.000000000000000000e+00
1.662807829930540715e-01
1.701876675603217204e-01
1.693121693121693028e-01
1.713615023474178711e-01
3.611111111111111049e-01
1.698823791372804926e-01
4.763645998940116977e-01
3.167002591419522117e-01
5.545934181742460112e-01
3.548126094454541746e-01
3.470767687355737485e-01
5.759490980090302692e-01
3.319672131147541339e-01
4.591012073107685332e-01
4.458473520944695734e-01
2.905349388748071360e-01
5.102997969806597478e-01
3.878240983515974238e-01
4.417058907431179460e-01
2.908530855173854235e-01
5.016556291390728006e-01
2.292654368915194030e-01
2.646265624037928976e-01
4.446620504524319006e-01
2.454592549342858310e-01
3.380952380952381153e-01
0.000000000000000000e+00
