2.834861873939114041e-01
2.874882614326117469e-01
2.848896364127162517e-01
2.883963569789269599e-01
3.959397371514050690e-01
2.856606552509696750e-01
2.803133216644503878e-01
2.457375954423573483e-01
6.451571262294125697e-01
4.037435345143333687e-01
3.584346644649590852e-01
4.410884694179814103e-01
3.377869586761397258e-01
5.316012316853896413e-01
6.367627220719884740e-01
3.482417015175021113e-01
5.168072523275144547e-01
5.575396714315643543e-01
3.845055287555584900e-01
2.489823681851844328e-01
3.627954340828127289e-01
2.470075633887823807e-01
2.247872921856146899e-01
4.480906195903631151e-01
2.214421407706298750e-01
4.130436112188472508e-01
0.000000000000000000e+00
1.722740368182040238e-01
1.807131482034438352e-01
1.785959609836516027e-01
1.878681885125183804e-01
1.322033898305084720e-01
1.779688347324359099e-01
3.494275759084121136e-01
6.000000000000000888e-01
3.220779220779220742e-01
4.277643260694107830e-01
3.076923076923077094e-01
3.478130085690265272e-01
2.132352941176470507e-01
3.774954627949183572e-01
4.733812949640288648e-01
4.197313919919668512e-01
3.839662447257383704e-01
4.700921852084641861e-01
2.211538461538461453e-01
4.253316217372699604e-01
2.666666666666666630e-01
5.370843989769821247e-01
3.042932658859940909e-01
4.730625907913850736e-01
2.810810810810810412e-01
3.459459459459459651e-01
0.000000000000000000e+00
7.974756167527251305e-02
7.556221889055471375e-02
7.319952774498228454e-02
6.787330316742082315e-02
1.250000000000000000e-01
7.645116550962577362e-02
0.000000000000000000e+00
0.000000000000000000e+00
0.000000000000000000e+00
0.000000000000000000e+00
0.000000000000000000e+00
0.000000000000000000e+00
0.000000000000000000e+00
0.000000000000000000e+00
2.525161030595813316e-01
1.162790697674418589e-01
1.002044989775051076e-01
0.000000000000000000e+00
0.000000000000000000e+00
0.000000000000000000e+00
0.000000000000000000e+00
6.882591093117408632e-02
0.000000000000000000e+00
1.033950617283950490e-01
0.000000000000000000e+00
0.000000000000000000e+00
0.000000000000000000e+00
3.147919783228974033e-01
3.190696029106978027e-01
3.105944027539909724e-01
3.094986796723288025e-01
2.853560859397155092e-01
3.181105255254107478e-01
4.148762736782760641e-01
4.680867753164769662e-01
4.307795040679981424e-01
4.567502331392678805e-01
3.205380320716637588e-01
4.444344716437881315e-01
3.885848076737771772e-01
5.556478872052589280e-01
4.046995519844697742e-01
2.902523788827094386e-01
5.200220587840085340e-01
5.633987820851946715e-01
3.669950235669434679e-01
3.902516441792066026e-01
1.941922429110538029e-01
3.242583129342822001e-01
4.668848444725269276e-01
4.972447987021818561e-01
3.498537649956341977e-01
5.510271513458573356e-01
0.000000000000000000e+00
9.909398961644351467e-02
1.018054115015903927e-01
9.646888302210837596e-02
9.578943271891479649e-02
8.142809578283430327e-02
1.011943064500530204e-01
1.721223224611718172e-01
2.191052292261779499e-01
1.855709811250703944e-01
2.086207754727755492e-01
1.027446300043749483e-01
1.975219995852930677e-01
1.509981527548663882e-01
3.087445745556680610e-01
1.637817273764304860e-01
8.424644344707188370e-02
2.704229416219587900e-01
3.174181876550806747e-01
1.346853473229014109e-01
1.522963457845740998e-01
3.771062720682571284e-02
1.051434535069869086e-01
2.179814579981356748e-01
2.472523898363734041e-01
1.223976568816204369e-01
3.036309215203303880e-01
0.000000000000000000e+00
2.233214060197853124e-01
2.213404825737265158e-01
2.165242165242164951e-01
2.089201877934272478e-01
3.333333333333333148e-01
2.260646598636829041e-01
2.555064735915799634e-01
1.725932797361368898e-01
6.251511096837601977e-01
3.937738731856378349e-01
3.663993055063648474e-01
4.740634076791564455e-01
3.115384615384615419e-01
5.065689792663476965e-01
6.481333473922958888e-01
3.367377357440080599e-01
4.683453237410071246e-01
5.434298243999208244e-01
3.770066222869427053e-01
2.093023255813953321e-01
4.014084507042253724e-01
2.345232611699678005e-01
2.969325450668734434e-01
4.192680969714357442e-01
1.938012262981659295e-01
4.089678241478177934e-01
0.000000000000000000e+00
