2.853098710836389218e-01
2.913758210774766710e-01
2.779580518320940996e-01
2.979872859841176114e-01
3.002651798463316646e-01
2.851235970102697914e-01
4.363501335508838674e-01
1.958235594193544482e-01
5.248403797774942037e-01
3.872365631273823050e-01
4.038763765693479391e-01
3.736984623883008449e-01
3.294177137132034972e-01
5.605125468721112725e-01
6.377224405969341703e-01
3.750363595620946899e-01
4.176672111715723501e-01
5.391965770614400855e-01
3.536391667895112390e-01
3.902126068687157279e-01
4.408735610592944276e-01
1.933171377423527348e-01
2.652301218272573591e-01
3.236897968149892169e-01
2.112786916484225563e-01
3.183823934466645245e-01
0.000000000000000000e+00
9.275355241955172969e-02
9.380909724295810603e-02
8.494756605760864221e-02
9.977908689248894680e-02
8.474576271186440302e-02
9.252785726149570511e-02
3.953917050691244661e-01
2.014652014652014711e-01
2.214285714285714468e-01
4.257028112449798840e-01
2.730769230769231060e-01
2.030914826498422532e-01
1.986301369863013588e-01
3.152709359605911366e-01
3.702517985611511464e-01
3.983837174498653377e-01
2.579365079365079083e-01
5.621400088613202062e-01
2.010489510489510412e-01
3.673318551367331652e-01
2.347826086956521785e-01
6.497093699139735445e-01
1.323368339668835603e-01
4.444737536270114142e-01
1.520467836257309580e-01
2.560000000000000053e-01
0.000000000000000000e+00
1.147446930579460594e-01
1.259370314842578331e-01
1.180637544273907824e-01
1.131221719457013719e-01
2.500000000000000000e-01
1.211698868170669741e-01
0.000000000000000000e+00
0.000000000000000000e+00
1.585127201565557920e-01
0.000000000000000000e+00
1.472527472527472570e-01
0.000000000000000000e+00
0.000000000000000000e+00
3.300248138957816435e-01
4.308035714285713969e-01
9.090909090909091161e-02
9.664694280078894861e-02
1.180722891566265004e-01
0.000000000000000000e+00
0.000000000000000000e+00
0.000000000000000000e+00
5.944055944055944701e-02
7.402597402597403675e-02
1.395833333333333370e-01
0.000000000000000000e+00
0.000000000000000000e+00
0.000000000000000000e+00
2.736193379548759186e-01
2.748257647887594746e-01
2.530280702928708325e-01
2.673579326745239571e-01
1.813672498448405113e-01
2.701501691321758769e-01
5.291175128482323853e-01
2.614415129887315836e-01
3.608114516422188944e-01
4.497355497018007964e-01
2.966382976396063631e-01
3.772489898133193353e-01
3.899442292401739674e-01
4.806614699308979777e-01
3.552832813378161703e-01
3.250628590561893683e-01
3.810289249908613840e-01
6.235677086007557213e-01
3.831674806238916653e-01
3.764825473524500699e-01
1.910912338832248814e-01
4.067218260182557943e-01
3.929712431245520055e-01
4.535503629919078183e-01
2.572296731079050658e-01
4.412772302488166543e-01
0.000000000000000000e+00
7.486754210286458711e-02
7.552920099172656665e-02
6.402320435613398364e-02
7.148026416399529126e-02
3.289407931628079290e-02
7.298111388214321982e-02
2.799653424026993798e-01
6.835166471383709308e-02
1.301849036361652223e-01
2.022620646655809151e-01
8.799427962652370261e-02
1.423168003151698835e-01
1.520565019177133326e-01
2.310354486761314885e-01
1.262262099981658059e-01
1.056658623377840361e-01
1.451830416796914547e-01
3.888366872095970761e-01
1.468173182076603633e-01
1.417391084609898322e-01
3.651585966701334507e-02
1.654226437596243160e-01
1.544263979228557848e-01
2.057079317700913623e-01
6.616710472719970759e-02
1.947255939360671428e-01
0.000000000000000000e+00
2.498421384971585002e-01
2.544772117962466607e-01
2.446072446072445894e-01
2.543035993740219158e-01
2.500000000000000000e-01
2.503119012467117654e-01
4.233875428697864707e-01
1.493440233236151549e-01
5.046486512143848469e-01
3.638659320477501957e-01
4.207744880435643764e-01
4.197265042424966897e-01
3.193926974664680341e-01
5.398872978826299018e-01
6.282330036498106063e-01
3.668298777391754140e-01
3.579935547148661579e-01
5.234705019716702212e-01
3.442767295597484178e-01
3.512947448591013377e-01
5.092535577449370798e-01
1.740536783575706015e-01
3.344409519533004249e-01
2.946827940093430520e-01
2.213667457769091240e-01
3.296703296703296648e-01
0.000000000000000000e+00
