3.130137981844611783e-01
3.156989647686802014e-01
3.113092897697524175e-01
3.093189163407795705e-01
2.969897298557997445e-01
3.125625720171185673e-01
2.239297370994783043e-01
1.367273357241964860e-01
6.758226846565238422e-01
4.443777764651488105e-01
2.756719909365953347e-01
3.357342125188339521e-01
3.517779284556392660e-01
5.938827956207337611e-01
7.430633895575196046e-01
3.894243463159433039e-01
4.240454592470981887e-01
6.125038957952874119e-01
2.829532808602110983e-01
2.910607765411875603e-01
2.812443698890927934e-01
1.958628311364217500e-01
2.822516505899028694e-01
4.524466595953898773e-01
1.647928586196574230e-01
5.548349076672297597e-01
0.000000000000000000e+00
1.479564431857024465e-01
1.470090574300786379e-01
1.457159866281998450e-01
1.470913107511045426e-01
1.288135593220338937e-01
1.475006531820870492e-01
2.345864661654135375e-01
2.582159624413145615e-01
3.350563909774436078e-01
5.750452079566003016e-01
3.635235732009926002e-01
2.695029414272316348e-01
2.974358974358974339e-01
4.413793103448275801e-01
6.608894702419882972e-01
4.727407860796572492e-01
4.262295081967212851e-01
4.545561186186185543e-01
4.180050718512256513e-01
4.741579558652729842e-01
3.750000000000000000e-01
4.087591240875912413e-01
2.346687789219160103e-01
5.057707858560611669e-01
3.095238095238094789e-01
4.000000000000000222e-01
0.000000000000000000e+00
8.663224325874926968e-02
8.695652173913043237e-02
7.792207792207792028e-02
9.049773755656109753e-02
1.250000000000000000e-01
8.243212546992584322e-02
0.000000000000000000e+00
0.000000000000000000e+00
0.000000000000000000e+00
0.000000000000000000e+00
0.000000000000000000e+00
0.000000000000000000e+00
0.000000000000000000e+00
0.000000000000000000e+00
3.446428571428571397e-01
0.000000000000000000e+00
5.982905982905982467e-02
0.000000000000000000e+00
0.000000000000000000e+00
0.000000000000000000e+00
0.000000000000000000e+00
0.000000000000000000e+00
0.000000000000000000e+00
0.000000000000000000e+00
0.000000000000000000e+00
1.204819277108433728e-01
0.000000000000000000e+00
3.241065505032128535e-01
3.238131100738354529e-01
3.128678190822346550e-01
3.072746921419434174e-01
1.903158442800574335e-01
3.226979056738782381e-01
2.905004585234368109e-01
2.291317493453452758e-01
4.321707444083795480e-01
5.181539700253366965e-01
2.807256764113183478e-01
3.811287432434485312e-01
3.999329930412029444e-01
5.574762023622180651e-01
4.430406215296743277e-01
3.543858923655769932e-01
4.302957403517739809e-01
5.690343617354599592e-01
3.902255831242270046e-01
3.896868867385587798e-01
1.673357861760984555e-01
2.685307904112927968e-01
4.686668270784991042e-01
5.096115224830622958e-01
3.126544666861894584e-01
6.342607570284358731e-01
0.000000000000000000e+00
1.050450560790916615e-01
1.048549302556898988e-01
9.788627221727393135e-02
9.441773643092614410e-02
3.622012058403106805e-02
1.041339383263072127e-01
8.439051640232704543e-02
5.250135855805812546e-02
1.867715523224929008e-01
2.684835366530176071e-01
7.880690539659222782e-02
1.452591189263304772e-01
1.599463989228948613e-01
3.107797162002006730e-01
1.962849923254000595e-01
1.255893607077463170e-01
1.851544241648813149e-01
3.238001048356823897e-01
1.522760057246429488e-01
1.518558696959903809e-01
2.800126533517294930e-02
7.210878539891364680e-02
2.196485948038277569e-01
2.597039038475047468e-01
9.775281553882556040e-02
4.022867079062845685e-01
0.000000000000000000e+00
2.565775626183961489e-01
2.557640750670240881e-01
2.462352462352462301e-01
2.456964006259781397e-01
2.777777777777777901e-01
2.572584163494204823e-01
2.100015302759205005e-01
6.768917776368632566e-02
6.727319912109539501e-01
4.331958704014162165e-01
2.719711113274246861e-01
3.528386815206522309e-01
3.115384615384615419e-01
5.816993464052288010e-01
7.753055302662760218e-01
3.674378849566760086e-01
4.161377569419401068e-01
6.207582299727694153e-01
2.473927824554104649e-01
2.713636363636363624e-01
3.104707792207792583e-01
2.045994485837562271e-01
3.480610633444464197e-01
3.991974708171206476e-01
1.243370031851544072e-01
5.376344086021505042e-01
0.000000000000000000e+00
