2.963359574416642994e-01
2.985893615149421421e-01
2.916332428613611638e-01
2.995487309630154305e-01
4.026472327453294309e-01
2.962759831039160074e-01
4.011140694207439572e-01
2.468384624506732294e-01
6.227393530437114189e-01
4.134828623048530383e-01
3.303977857001851870e-01
4.336938672647133730e-01
4.010206709449369300e-01
4.924400138672537786e-01
5.432951643851506862e-01
3.558814661024473636e-01
5.498265778199789011e-01
4.751174140636917897e-01
4.313568486266022850e-01
2.641339698047738271e-01
4.023425050724628860e-01
1.700481111314392779e-01
2.204126106574608446e-01
4.968057164895146594e-01
2.974699870083388764e-01
4.328627198964967171e-01
0.000000000000000000e+00
1.354070022950339403e-01
1.399671543744401281e-01
1.372441269405137998e-01
1.439617083946980736e-01
1.389830508474576287e-01
1.376219281287217044e-01
3.408403361344538030e-01
3.107344632768361814e-01
5.068846815834767705e-01
4.206349206349205838e-01
4.356187290969900094e-01
4.057698178487839091e-01
4.393939393939393923e-01
3.678160919540229834e-01
4.851005559189012772e-01
4.974905543337280744e-01
4.333333333333333481e-01
4.419513853476116916e-01
2.412587412587412494e-01
4.535423925667828038e-01
3.200000000000000067e-01
3.596837944664031395e-01
2.176193705879812534e-01
5.707297187117815751e-01
3.611111111111111049e-01
3.945205479452054687e-01
0.000000000000000000e+00
4.761904761904761640e-02
5.517241379310344751e-02
4.840613931523022467e-02
4.751131221719457481e-02
1.250000000000000000e-01
5.036401038235808342e-02
0.000000000000000000e+00
0.000000000000000000e+00
0.000000000000000000e+00
0.000000000000000000e+00
0.000000000000000000e+00
0.000000000000000000e+00
0.000000000000000000e+00
0.000000000000000000e+00
1.386494252873563260e-01
0.000000000000000000e+00
5.390539053905390315e-02
0.000000000000000000e+00
0.000000000000000000e+00
0.000000000000000000e+00
0.000000000000000000e+00
0.000000000000000000e+00
0.000000000000000000e+00
0.000000000000000000e+00
0.000000000000000000e+00
0.000000000000000000e+00
0.000000000000000000e+00
3.011626998015804468e-01
3.012321046794005364e-01
2.884742417190262476e-01
2.873779383759915707e-01
2.499188169276179150e-01
2.995833113015147209e-01
3.969657988384073799e-01
3.157187657121343638e-01
4.187517475594272898e-01
4.448683069715094196e-01
2.958335759931979281e-01
3.914269430104341807e-01
4.986809522337278811e-01
4.578182901541493766e-01
3.557243167869809652e-01
3.409719448587922863e-01
5.382862560831013221e-01
4.863674683306555835e-01
3.872441741076809163e-01
3.393374349307290427e-01
1.919297871973135727e-01
2.459051178169403828e-01
4.885137633853690597e-01
5.235041371892413808e-01
4.024961523118044671e-01
5.440387368902475096e-01
0.000000000000000000e+00
9.069897175177685233e-02
9.074078088958131838e-02
8.321738813536719293e-02
8.258607946523521814e-02
6.245941505450018638e-02
8.975016041038028081e-02
1.575818454474149088e-01
9.967833902279357727e-02
1.753530260840742983e-01
1.979078105476971272e-01
8.751750468492322521e-02
1.532150517144936774e-01
2.486826921207375418e-01
2.095975867996689168e-01
1.265397895535643469e-01
1.162618671807872789e-01
2.897520934879621590e-01
2.365533142503713215e-01
1.499580503803398801e-01
1.151498947453667571e-01
3.683704321360607714e-02
6.046932696856333750e-02
2.386456970169363867e-01
2.740565816542521738e-01
1.620031526258073340e-01
2.959781472371359468e-01
0.000000000000000000e+00
2.218480319932645550e-01
2.236997319034852438e-01
2.157102157102157025e-01
2.284820031298904763e-01
3.333333333333333148e-01
2.217320144751681044e-01
3.811381804339550317e-01
1.888888888888888840e-01
6.320924127753217991e-01
3.938533057851239527e-01
3.316837276568819770e-01
4.643962901374177887e-01
3.596004439511653605e-01
4.700704225352112520e-01
5.492885678861707532e-01
3.459252971137520283e-01
5.212765957446807707e-01
4.911002793143107725e-01
4.289834174477288875e-01
2.508710801393728151e-01
4.290322580645161143e-01
1.660888748818153127e-01
2.999999999999999889e-01
4.683296275708728196e-01
2.506065979189024961e-01
4.288939051918735923e-01
0.000000000000000000e+00
