2.409041215611280318e-01
2.402863899322479624e-01
2.372258444020731438e-01
2.416921381114975065e-01
2.654518256612497518e-01
2.400949845030876384e-01
3.362858371137322777e-01
2.148601513280159470e-01
5.997045328747570014e-01
4.436083318173246748e-01
4.260714792542859009e-01
3.730637502548004303e-01
4.154245209233375369e-01
5.118778176979673633e-01
5.471955124141623106e-01
3.382737795740634601e-01
4.635442881091845768e-01
4.911426590894714117e-01
4.325558072802433984e-01
3.302430810632595026e-01
4.091330482484754616e-01
2.123294236035011551e-01
2.218504384280613195e-01
3.510326664985879974e-01
3.461982876500790396e-01
4.656734037072970400e-01
0.000000000000000000e+00
1.380926803066556130e-01
1.385861451179456472e-01
1.375188899574117385e-01
1.348490427098674449e-01
1.288135593220338937e-01
1.373302942338052168e-01
5.760290556900725667e-01
3.666666666666666963e-01
4.025974025974026205e-01
6.471306471306470520e-01
4.324686940966011028e-01
3.068923776685495985e-01
5.087719298245613198e-01
3.930089749645724884e-01
4.733812949640288648e-01
7.219195849546043986e-01
4.444444444444444198e-01
4.560115671226782075e-01
2.468694096601073140e-01
4.680290046143704696e-01
3.030303030303030387e-01
6.510970520931484984e-01
3.158475687740821547e-01
4.593805402023151685e-01
3.301587301587300960e-01
6.068965517241379226e-01
0.000000000000000000e+00
7.343660355708547804e-02
7.946026986506746215e-02
6.375442739079101306e-02
6.334841628959275717e-02
1.250000000000000000e-01
7.465400318644666022e-02
0.000000000000000000e+00
0.000000000000000000e+00
0.000000000000000000e+00
0.000000000000000000e+00
0.000000000000000000e+00
0.000000000000000000e+00
0.000000000000000000e+00
0.000000000000000000e+00
0.000000000000000000e+00
0.000000000000000000e+00
4.775828460038986090e-02
0.000000000000000000e+00
0.000000000000000000e+00
0.000000000000000000e+00
0.000000000000000000e+00
0.000000000000000000e+00
0.000000000000000000e+00
0.000000000000000000e+00
0.000000000000000000e+00
0.000000000000000000e+00
0.000000000000000000e+00
2.682460676855000781e-01
2.680123824398932264e-01
2.585270445256094840e-01
2.538555060969339694e-01
1.744361695212086616e-01
2.662452613002458390e-01
4.585122515982040792e-01
3.224384491486341209e-01
4.758744558090162724e-01
5.705159138125139862e-01
3.585292529245168724e-01
3.994331129200859865e-01
6.007465638073180569e-01
4.868053333864755250e-01
3.973469836722068882e-01
3.649814581159313565e-01
5.499609997700322106e-01
5.756282677101006717e-01
4.329070020518618334e-01
3.873873124577130733e-01
1.887164490953181228e-01
3.262411587516543254e-01
5.611818812272642010e-01
5.145748783176914420e-01
4.799557811293485576e-01
7.025888931629151735e-01
0.000000000000000000e+00
7.195595282873387677e-02
7.183063714110760056e-02
6.683623275114647377e-02
6.444261797573049011e-02
3.042797723723184716e-02
7.088653916483619866e-02
2.102334848656547683e-01
1.039665534893762927e-01
2.264564976915273975e-01
3.254884079133278929e-01
1.285432252026121880e-01
1.595468116970301387e-01
3.608964339262999976e-01
2.369794326135175599e-01
1.578846254334010102e-01
1.332114647684313757e-01
3.024571012680534188e-01
3.313479025869314198e-01
1.874084724255306866e-01
1.500689298532097982e-01
3.561389815914579871e-02
1.064332936636221139e-01
3.149251038177712236e-01
2.647873053956670275e-01
2.303575518394831712e-01
4.936311527958902046e-01
0.000000000000000000e+00
1.441801725952431001e-01
1.502412868632707621e-01
1.420431420431420289e-01
1.471048513302034566e-01
2.222222222222222099e-01
1.485791926655702921e-01
3.153197384344281207e-01
1.615283921639432962e-01
5.862446245349308693e-01
4.265734265734265618e-01
4.187571392515570534e-01
4.154881054080817870e-01
3.417782367184161729e-01
5.153873865587441649e-01
5.543631710497410880e-01
3.344182331146537956e-01
4.000066640010662145e-01
4.794263275257681922e-01
4.246208742194469421e-01
3.103448275862069061e-01
4.461856617647058654e-01
2.161800499719984670e-01
2.803278688524590279e-01
3.258754863813229097e-01
2.999101751120648029e-01
4.451521585279547000e-01
0.000000000000000000e+00
