3.748172609597082428e-01
3.833094799857608148e-01
3.752110142246009028e-01
4.061847624537678891e-01
4.491478222123203579e-01
3.795042056532675900e-01
6.263334505956641429e-01
2.352979397711440768e-01
5.434010260731705344e-01
3.806169916080172078e-01
2.988799030791540190e-01
5.332120151160145705e-01
4.227034024737617024e-01
3.867970347091550520e-01
3.846884347353460298e-01
3.945768047911917265e-01
4.147949220616455324e-01
3.350345348035352888e-01
4.830633759909904179e-01
4.267202658188098963e-01
5.585743927881187121e-01
1.819800987105481827e-01
2.290275223261147020e-01
3.671143132529580688e-01
2.441715421269280983e-01
2.838028261223254911e-01
0.000000000000000000e+00
8.079007764050978591e-02
8.185279187817258439e-02
7.890277968585428237e-02
8.772091310751103932e-02
8.474576271186440302e-02
8.195631176998766088e-02
4.171710063335679064e-01
2.716049382716049232e-01
2.271062271062271043e-01
3.246393993281959656e-01
2.499999999999999722e-01
3.203943924969231971e-01
2.843137254901960675e-01
2.150789012273524314e-01
2.716061933062245970e-01
3.983837174498653377e-01
3.744855967078188907e-01
2.930013346680012676e-01
2.203886079318605196e-01
4.237589670014347276e-01
2.987012987012986898e-01
2.389554448781801010e-01
9.379829737091527342e-02
2.405218100285365646e-01
1.612403100775193499e-01
2.694736842105263097e-01
0.000000000000000000e+00
1.267928858290304217e-01
1.280359820089954637e-01
1.204250295159386142e-01
1.515837104072398356e-01
2.500000000000000000e-01
1.288684521948857964e-01
3.209876543209876365e-01
0.000000000000000000e+00
1.464737793851718095e-01
4.739704739704739961e-02
1.729032258064516214e-01
2.827004219409283148e-01
0.000000000000000000e+00
0.000000000000000000e+00
0.000000000000000000e+00
1.666666666666666574e-01
1.047008547008546897e-01
1.126436781609195248e-01
7.389162561576355370e-02
1.000000000000000056e-01
1.021505376344086086e-01
6.649282920469361258e-02
1.257352941176470840e-01
1.126681614349775845e-01
0.000000000000000000e+00
0.000000000000000000e+00
0.000000000000000000e+00
2.797039909069846675e-01
2.809456748058578035e-01
2.721776653746929009e-01
2.786833428040797478e-01
2.351311743183933101e-01
2.812595468408284893e-01
5.763035003779658494e-01
2.732519961989794965e-01
3.454865625196314460e-01
4.502756153412179052e-01
2.588828162974647351e-01
4.806297319240038779e-01
4.444614309405953700e-01
3.630312128095183333e-01
3.509767837520804123e-01
2.899676481402958528e-01
4.493316541949532450e-01
4.176598451967524772e-01
4.008265798127650936e-01
4.694931467907300648e-01
2.143838105854886933e-01
1.918778929086257801e-01
3.307226805336613285e-01
3.934619868349039096e-01
2.837285783274682283e-01
4.713308714518880116e-01
0.000000000000000000e+00
7.823432252929456154e-02
7.893047219211880849e-02
7.408068152881830404e-02
7.766440555645624799e-02
5.528666913634665975e-02
7.910693268910819198e-02
3.321257245478959619e-01
7.466665342672711148e-02
1.193609648816312124e-01
2.027481297709124164e-01
6.702031257410688558e-02
2.310049392093397880e-01
1.975459635937615865e-01
1.317916614739497727e-01
1.231847027329545791e-01
8.408123696801443614e-02
2.018989354615730036e-01
1.744397462897752382e-01
1.606619470843989594e-01
2.204238148834620492e-01
4.596041824115469632e-02
3.681712578705406691e-02
1.093774914193702125e-01
1.548123350840701351e-01
8.050190615972627195e-02
2.221527903835961160e-01
0.000000000000000000e+00
3.283519259103346855e-01
3.502412868632707732e-01
3.264143264143263834e-01
3.661971830985915610e-01
3.888888888888888395e-01
3.432323311715905767e-01
6.060129897339199267e-01
2.259970457902510943e-01
5.014089468122577831e-01
3.554778554778554311e-01
2.641936607453848618e-01
6.139285390577623458e-01
3.829787234042553168e-01
3.874378109452736307e-01
3.880170573369664533e-01
3.772553307818479196e-01
4.152542372881355970e-01
3.187438298780650436e-01
4.473684210526315819e-01
3.795180722891565717e-01
6.627906976744185608e-01
1.869530170428374272e-01
2.999999999999999889e-01
4.075506082844900790e-01
2.078544061302682044e-01
2.824858757062146952e-01
0.000000000000000000e+00
