7.537002117460993578e-01
7.643085877536176520e-01
7.509510710683142687e-01
7.626271642100559411e-01
6.638585993780261596e-01
7.536062880234435379e-01
3.569869580017045463e-01
7.891257262278428275e-02
5.923912818438991090e-01
4.174498444001262243e-01
3.050201175110989205e-01
4.494185865406203906e-01
3.172205689966751119e-01
5.128247589203678292e-01
6.029326268108570197e-01
3.652882218308857176e-01
4.185994220384879339e-01
5.381179147136644358e-01
3.762340761730005867e-01
3.037226900584215072e-01
3.410561185092951253e-01
2.387481657068964980e-01
2.899277861408057211e-01
4.951272995971844892e-01
1.687725186092780827e-01
4.445629670631991992e-01
0.000000000000000000e+00
1.384589091264221972e-01
1.377525629541156704e-01
1.355955488391262509e-01
1.453424153166421040e-01
1.423728813559322071e-01
1.365891515021665503e-01
2.447563996696944799e-01
7.271010387157696153e-02
2.246376811594203160e-01
2.872628726287262402e-01
1.358257127487896843e-01
2.855905513862151968e-01
1.892052194543297483e-01
2.514185945002182510e-01
2.822671932384163140e-01
3.201989853716199486e-01
2.826086956521738913e-01
2.543720190779014123e-01
1.556508008120911501e-01
2.057474040086935407e-01
2.074074074074074014e-01
2.966347563256270248e-01
1.043338893913752230e-01
3.163399401189492810e-01
1.343669250645994628e-01
2.607407407407407729e-01
0.000000000000000000e+00
3.396442914515203082e-01
3.697151424287855592e-01
3.600944510035418711e-01
3.687782805429864474e-01
3.750000000000000000e-01
3.617732510149395675e-01
1.925925925925925930e-01
0.000000000000000000e+00
3.294356888662938743e-01
9.757398027192748513e-02
1.452574525745257417e-01
4.135802469135802517e-01
0.000000000000000000e+00
4.245971419884463915e-01
5.830815709969788818e-01
2.475247524752475226e-01
1.033755274261603241e-01
3.550724637681159090e-01
9.493670886075948612e-02
7.114624505928852927e-02
1.671554252199413670e-01
1.727140783744557373e-01
1.984526112185686642e-01
2.973781998348472011e-01
0.000000000000000000e+00
0.000000000000000000e+00
0.000000000000000000e+00
4.327837296214406826e-01
4.358168174584181598e-01
4.270476754179731715e-01
4.158053440057452588e-01
3.209694009568540563e-01
4.340306237208623741e-01
2.720187142092611032e-01
9.253728572881747549e-02
2.407325910609983133e-01
2.773701283090729830e-01
1.404217595608197311e-01
3.093110715621436024e-01
3.287151796746108356e-01
3.201100467674015126e-01
2.391862108926077757e-01
2.286532475461013347e-01
3.539577771278035190e-01
2.370279726232522033e-01
2.345200811436425059e-01
2.192327791859796926e-01
1.142898872130169718e-01
1.821715978343513842e-01
2.664662685596645986e-01
2.838334002929119859e-01
1.827847403238833934e-01
4.430009034478949448e-01
0.000000000000000000e+00
1.873017566250443078e-01
1.899362983795841453e-01
1.823697170798945499e-01
1.728940841037361620e-01
1.030213563506017366e-01
1.883825823275208367e-01
7.399418088005967065e-02
8.563149250056805925e-03
5.795218039894184381e-02
7.693418807819162042e-02
1.971827055815666974e-02
9.567333899092150817e-02
1.080536693485116967e-01
1.024704420414279810e-01
5.721004348116302124e-02
5.228230761337868820e-02
1.252861079892557961e-01
5.618225980588919394e-02
5.499966845962065559e-02
4.806301146960853532e-02
1.306217831916413677e-02
3.318649105752065342e-02
7.100427228011130243e-02
8.056139912183642171e-02
3.341026129526949301e-02
1.962498004556510744e-01
0.000000000000000000e+00
7.939381182908861190e-01
7.957104557640750642e-01
7.598697598697597977e-01
7.683881064162754182e-01
6.944444444444444198e-01
7.893759869864650502e-01
3.599932676019632072e-01
8.525237550828967947e-02
6.030653211107341871e-01
4.170401638876615191e-01
3.297823574905444644e-01
4.608574288139453135e-01
2.934782608695652439e-01
5.086760085757895400e-01
6.185095692650827148e-01
3.764923780903007278e-01
4.215060781231962928e-01
5.433590645526504836e-01
3.711500974658869523e-01
2.843423403147989914e-01
3.823934197956639358e-01
2.387040272983714795e-01
3.564416352877892158e-01
4.982117948126317808e-01
1.472499384220688212e-01
4.700540009818360287e-01
0.000000000000000000e+00
