3.040968999227556813e-01
3.092745138153744633e-01
3.098319193151612416e-01
3.221201512085924978e-01
3.779949965181956251e-01
3.082136590645130902e-01
5.817046028792076662e-01
2.169190138139774626e-01
6.934868357405407080e-01
4.211626380326292107e-01
2.542990515217373737e-01
6.012291596543024585e-01
4.027773140007308017e-01
3.177893569413517416e-01
3.049805982912794922e-01
3.913301426139190187e-01
5.098204680419289314e-01
2.507984099698282732e-01
5.724314573225716130e-01
3.200517093706491956e-01
5.088887001927389075e-01
1.481625793209104258e-01
3.074804160241356721e-01
4.317891813841012727e-01
4.439555510517835257e-01
2.428041725840570930e-01
0.000000000000000000e+00
1.555251721275452970e-01
1.551458146710461006e-01
1.546915785135320742e-01
1.575846833578792294e-01
1.728813559322033844e-01
1.555794241349575668e-01
5.924050632911391778e-01
3.290598290598291120e-01
3.479591836734693966e-01
4.250626566416039753e-01
2.141372141372141769e-01
2.333980425463075270e-01
4.131054131054130996e-01
2.323049001814881942e-01
2.840929787815317797e-01
5.609256604546385416e-01
3.679245283018867663e-01
2.790290290290290409e-01
3.499577345731191835e-01
3.055954088952654302e-01
2.857142857142856984e-01
2.864450127877237740e-01
2.153305582030624610e-01
5.271173534139943495e-01
4.369747899159663884e-01
1.914529914529914667e-01
0.000000000000000000e+00
1.382673551348250207e-01
1.451274362818590347e-01
1.216056670602125023e-01
1.334841628959276272e-01
1.250000000000000000e-01
1.377404111630770589e-01
1.520467836257309857e-01
0.000000000000000000e+00
1.483516483516483797e-01
1.289640591966173255e-01
0.000000000000000000e+00
2.827004219409283148e-01
0.000000000000000000e+00
1.100082712985939043e-01
0.000000000000000000e+00
7.042253521126760896e-02
1.183574879227053123e-01
0.000000000000000000e+00
9.493670886075948612e-02
0.000000000000000000e+00
0.000000000000000000e+00
0.000000000000000000e+00
0.000000000000000000e+00
1.213768115942028963e-01
0.000000000000000000e+00
0.000000000000000000e+00
0.000000000000000000e+00
3.414372867078457330e-01
3.430339585022842419e-01
3.333375559385466924e-01
3.335771189438282991e-01
2.776024735074821281e-01
3.417650747122142896e-01
5.843540149889682178e-01
3.056634673326910634e-01
4.500757441405038861e-01
4.715464016977738981e-01
2.549542275942210390e-01
3.459954543046139253e-01
5.027484727689458532e-01
3.158402623394716557e-01
3.197096157676332928e-01
3.303799262859895003e-01
5.530030389441471517e-01
3.542785524057406876e-01
4.582807312904020325e-01
3.543523211319121735e-01
2.090361929103641270e-01
2.314608239284334235e-01
5.503207419690117064e-01
4.708346537434693890e-01
4.837405878958804251e-01
3.599003235120127320e-01
0.000000000000000000e+00
1.165794207544156025e-01
1.176722966857468994e-01
1.111139261990837374e-01
1.112736942828650155e-01
7.706313329747233043e-02
1.168033662930454269e-01
3.414696148337271753e-01
9.343015526184308972e-02
2.025681754636283471e-01
2.223560089541183615e-01
6.500165816816584619e-02
1.197128543994561423e-01
2.527560268715074998e-01
9.975507131466629374e-02
1.022142384142876864e-01
1.091508956927358526e-01
3.058123610814619253e-01
1.255132926947071514e-01
2.100212286720656296e-01
1.255655674915737985e-01
4.369612994645896004e-02
5.357411301362925704e-02
3.028529190413236094e-01
2.216852711657327779e-01
2.340049563778520691e-01
1.295282428640514016e-01
0.000000000000000000e+00
2.054304356977478541e-01
2.129758713136729043e-01
2.238502238502238506e-01
2.300469483568075568e-01
3.333333333333333148e-01
2.120869023221864103e-01
5.387105855855855996e-01
1.658536585365853744e-01
6.796506654465156450e-01
4.024926686217008553e-01
2.382426414684479243e-01
6.708177765719560703e-01
3.820754716981131782e-01
3.020361990950226616e-01
3.058979780711933438e-01
3.750485814224639447e-01
4.803921568627450567e-01
2.752459024112326458e-01
5.499358151476251289e-01
3.103448275862069061e-01
5.674061433447099567e-01
1.552395209580838542e-01
3.419999999999999707e-01
4.043935169582401068e-01
3.882563435263500229e-01
2.298850574712643646e-01
0.000000000000000000e+00
