2.588515749020530166e-01
2.619823736683741799e-01
2.520401171120663086e-01
2.592034445640473139e-01
2.686611817501869948e-01
2.576008398344968309e-01
3.120696041902801809e-01
1.622473150007593401e-01
5.232872863818176512e-01
4.975816037139256243e-01
4.045491972296955119e-01
3.358009435477071758e-01
3.103213367472476558e-01
5.944567814008167028e-01
8.254490924690978115e-01
4.047501888298208894e-01
4.533187320007382448e-01
5.701067791858759337e-01
3.382531621999197990e-01
3.525144924054225415e-01
3.273878063657115756e-01
1.544878568473097569e-01
2.333244176219571864e-01
2.654791991567858611e-01
2.631781295644780028e-01
3.905875781459930973e-01
0.000000000000000000e+00
1.641193417647346109e-01
1.689185826614910124e-01
1.607363648852864479e-01
1.718519882179675717e-01
1.152542372881355942e-01
1.657109107803160231e-01
2.499332443257676895e-01
1.666666666666666852e-01
2.903981264637002790e-01
4.494455316373124343e-01
3.863636363636363535e-01
2.331813194349197649e-01
5.311355311355311359e-01
4.503870513722730284e-01
5.436968606932636172e-01
3.860140368740681005e-01
3.611111111111110494e-01
4.707372813990460259e-01
1.769230769230769051e-01
3.449043619066896049e-01
2.318840579710144956e-01
2.894567010062862877e-01
1.941474337246684723e-01
4.123373072295745678e-01
3.209876543209875810e-01
3.796610169491525522e-01
0.000000000000000000e+00
4.188181296615031690e-02
4.437781109445276817e-02
2.243211334120424894e-02
4.072398190045248972e-02
1.250000000000000000e-01
3.560612955289358533e-02
0.000000000000000000e+00
0.000000000000000000e+00
0.000000000000000000e+00
1.715089034676663404e-01
0.000000000000000000e+00
0.000000000000000000e+00
0.000000000000000000e+00
2.895500725689405530e-01
5.689858490566037652e-01
1.369863013698630061e-01
8.045977011494252762e-02
0.000000000000000000e+00
0.000000000000000000e+00
0.000000000000000000e+00
0.000000000000000000e+00
0.000000000000000000e+00
0.000000000000000000e+00
0.000000000000000000e+00
0.000000000000000000e+00
0.000000000000000000e+00
0.000000000000000000e+00
3.249347754030257884e-01
3.286219436616072964e-01
3.126035247622406255e-01
3.143852699168265818e-01
1.878739914478700368e-01
3.246449717613417163e-01
3.133290932485396363e-01
2.192043779122682945e-01
4.150127594803518227e-01
4.073150670273428253e-01
3.284471810159397265e-01
3.563029753207537231e-01
5.107493470663254653e-01
5.334815125451005668e-01
3.927064994820053112e-01
3.331169647215821428e-01
4.693929061442654871e-01
6.011380946903881473e-01
3.594637509161049405e-01
4.097135370121148812e-01
1.674245529786658471e-01
2.499356332559883875e-01
4.233749607977631002e-01
4.654526990770411210e-01
3.948795443771813685e-01
5.820934435218387826e-01
0.000000000000000000e+00
1.055826082662148224e-01
1.079923818559326149e-01
9.772096369377679392e-02
9.883809794067592580e-02
3.529663666255433707e-02
1.053943576899223633e-01
9.817512067595203507e-02
4.805055929590452274e-02
1.722355905314963131e-01
1.659055638274887778e-01
1.078775507173174997e-01
1.269518102224215794e-01
2.608648955286777538e-01
2.846025242274082268e-01
1.542183947354102136e-01
1.109669121853197882e-01
2.203297003385592256e-01
3.613670088879901710e-01
1.292141882226755523e-01
1.678651824109776425e-01
2.803098094010609068e-02
6.246782077107193576e-02
1.792463574305074581e-01
2.166462150781026108e-01
1.559298545675303349e-01
3.388327769911121390e-01
0.000000000000000000e+00
1.888023573984424497e-01
1.903485254691689166e-01
1.872201872201872119e-01
1.729264475743348961e-01
2.222222222222222099e-01
1.896668359282728811e-01
3.057718735684837319e-01
1.330394190871369287e-01
5.430956269279622051e-01
4.831702114310809093e-01
3.991471037082375273e-01
3.419251517450869748e-01
2.736736089996959498e-01
5.617523579480101503e-01
8.349724887152562003e-01
3.936343410163165024e-01
4.265511035332006928e-01
5.662991342491863200e-01
2.957323666433302467e-01
3.302752293577981835e-01
3.863885642362672179e-01
1.589841961835391226e-01
3.199254436627113618e-01
2.133149119765248014e-01
2.257146798582741476e-01
3.933668268530653989e-01
0.000000000000000000e+00
