2.625408507252102730e-01
2.685238306088739701e-01
2.658567233413057229e-01
2.812174387209421811e-01
4.018041295528206880e-01
2.665342252651770605e-01
5.603239635785800532e-01
2.561105264519621394e-01
5.954183876050479496e-01
3.072459197983166135e-01
2.523648753592111493e-01
6.153943807506649932e-01
3.951106210151533737e-01
3.916423174369617621e-01
3.393478517368163083e-01
3.067854998642114972e-01
5.547653767692666271e-01
3.784893189756450838e-01
5.276401091470882543e-01
2.884685232621999607e-01
5.308862974309406235e-01
1.751769029645039721e-01
2.879991985423424605e-01
6.307704327853275172e-01
3.284624563451787327e-01
2.973582675507454587e-01
0.000000000000000000e+00
8.945749304165241667e-02
8.929282372847616167e-02
8.471859687686036922e-02
9.342783505154639290e-02
1.423728813559322071e-01
8.958233398608687892e-02
5.200000000000000178e-01
2.222222222222222376e-01
3.092020592020591763e-01
3.402889245585874467e-01
1.951923076923076927e-01
5.232361314149418519e-01
4.027777777777777346e-01
2.992402104032729215e-01
4.608045271100193463e-01
4.559296227372694466e-01
5.252525252525251931e-01
3.286449715021143581e-01
3.262202913365703782e-01
5.079674796747967180e-01
3.684210526315789269e-01
3.702301790281330440e-01
1.650720529175525586e-01
7.275784753363229163e-01
3.183673469387754418e-01
1.969230769230769507e-01
0.000000000000000000e+00
5.794606999426275828e-02
6.206896551724137845e-02
5.548996458087366440e-02
5.656108597285067902e-02
1.250000000000000000e-01
5.680079242481283347e-02
0.000000000000000000e+00
0.000000000000000000e+00
0.000000000000000000e+00
0.000000000000000000e+00
0.000000000000000000e+00
1.666666666666666852e-01
0.000000000000000000e+00
0.000000000000000000e+00
0.000000000000000000e+00
0.000000000000000000e+00
1.756272401433691677e-01
0.000000000000000000e+00
0.000000000000000000e+00
0.000000000000000000e+00
0.000000000000000000e+00
0.000000000000000000e+00
0.000000000000000000e+00
2.263513513513513709e-01
0.000000000000000000e+00
0.000000000000000000e+00
0.000000000000000000e+00
2.685606724576031223e-01
2.676644578593919688e-01
2.542959187550123401e-01
2.653807628133087460e-01
2.952282153031256517e-01
2.683883945257858894e-01
6.008360689163106949e-01
2.855881394130596607e-01
3.675409615413101627e-01
4.081153369315879686e-01
2.673154088439477216e-01
5.288363387345406119e-01
5.994404193409762494e-01
4.471842737281078173e-01
3.415310671913453500e-01
3.819481562188292156e-01
7.112702398203921694e-01
5.513508689713024769e-01
5.237237369481662075e-01
4.145176459656356172e-01
2.780094592457972302e-01
2.896793353949058680e-01
5.332206306570639320e-01
6.505369764076032180e-01
4.483087828162287680e-01
4.385710485719106488e-01
0.000000000000000000e+00
7.212483479087999916e-02
7.164426200116220944e-02
6.466641429545583186e-02
7.042694927137364835e-02
8.715969911106870305e-02
7.203233031612893411e-02
3.610039817108056659e-01
8.156058537341318027e-02
1.350863584107108439e-01
1.665581282387835482e-01
7.145752780540694238e-02
2.796678731661537687e-01
3.593288163396854973e-01
1.999737746697352603e-01
1.166434698568592360e-01
1.458843940389631388e-01
5.059053540541582628e-01
3.039877807154103273e-01
2.742865526429520417e-01
1.718248788168920405e-01
7.728925943014058886e-02
8.391411735483438050e-02
2.843242409583169872e-01
4.231983576735465769e-01
2.009807647501686279e-01
1.923445646454652047e-01
0.000000000000000000e+00
1.902757314249631515e-01
2.040750670241286979e-01
2.075702075702075544e-01
1.995305164319249314e-01
3.333333333333333148e-01
2.033707842118392950e-01
5.760999458858190314e-01
2.167803768680961474e-01
5.799318207933812364e-01
2.910175809502614785e-01
2.611505138700823681e-01
6.529511523627097302e-01
3.128322259136213090e-01
3.795740579077550025e-01
3.100995481837026668e-01
2.938708832082234657e-01
4.474979149291075098e-01
3.896524034699422323e-01
4.831525736732553700e-01
2.894858159246419538e-01
5.983892294746964158e-01
1.813714981007324700e-01
3.417950693374422477e-01
5.922857858849954749e-01
2.579704129416772740e-01
2.921108742004264180e-01
0.000000000000000000e+00
