4.484085542291029736e-01
4.673111101266549938e-01
4.492908405565199659e-01
5.207955325985380579e-01
5.253985275432320190e-01
4.584856510346312919e-01
6.834686119560496875e-01
3.187962612236546200e-01
5.204967612640111208e-01
3.043235715613133441e-01
2.087312443694252229e-01
6.177099693070547959e-01
5.189188484319249284e-01
3.341598604886362733e-01
1.738799680005107540e-01
3.745246934669488326e-01
3.802426180527790356e-01
1.792497944723879522e-01
7.000237538817275507e-01
2.926187689836426409e-01
8.428227261808404203e-01
2.436224213494311286e-01
2.349409213945211350e-01
4.373983646915389212e-01
2.904604008615976340e-01
1.533239147319056805e-01
0.000000000000000000e+00
3.330973192050393217e-01
3.402383796158057194e-01
3.202820900306818652e-01
3.669918998527246234e-01
2.677966101694915224e-01
3.361670146218055377e-01
3.621428571428571552e-01
2.312312312312312379e-01
3.084918177797434935e-01
3.154761904761904656e-01
2.730769230769231060e-01
3.147834815027243383e-01
3.341013824884792593e-01
1.932305736532655138e-01
2.321913436992341651e-01
4.991268114831949876e-01
2.861635220125786083e-01
2.930013346680012676e-01
4.064449064449063842e-01
2.833702882483370433e-01
5.248226950354609732e-01
5.734918008123965905e-01
2.118366514185082705e-01
4.778587443946188951e-01
2.160237388724035312e-01
1.536000000000000143e-01
0.000000000000000000e+00
2.065404475043028931e-01
2.161919040479760024e-01
1.900826446280991788e-01
2.330316742081448012e-01
1.250000000000000000e-01
2.041486564262274817e-01
5.098039215686274161e-01
0.000000000000000000e+00
0.000000000000000000e+00
0.000000000000000000e+00
0.000000000000000000e+00
2.030303030303030332e-01
0.000000000000000000e+00
0.000000000000000000e+00
0.000000000000000000e+00
1.829268292682926789e-01
3.763440860215053196e-02
0.000000000000000000e+00
1.704545454545454697e-01
0.000000000000000000e+00
3.518518518518518601e-01
5.423608649415101457e-02
3.851351351351351565e-02
0.000000000000000000e+00
0.000000000000000000e+00
0.000000000000000000e+00
0.000000000000000000e+00
6.061012596123952489e-01
6.190363909474966286e-01
5.879702126105291748e-01
6.284232274430942011e-01
4.040344949967255017e-01
6.118285406133275872e-01
3.685370805704958896e-01
3.353613975190726237e-01
4.428192858095793549e-01
3.978978501702021831e-01
2.151862564438163095e-01
4.197585030235229664e-01
5.103907268073686332e-01
3.179405051815009098e-01
2.620373870994981980e-01
3.282032035171051354e-01
4.554069205547321419e-01
3.860098499845304731e-01
5.934646049438138116e-01
3.233092579159535518e-01
3.747856224786563217e-01
4.851311850067678288e-01
5.533898125488950770e-01
6.285841120517708935e-01
3.340863976070842511e-01
3.116666284901203898e-01
0.000000000000000000e+00
3.673587369037322192e-01
3.832060533173019534e-01
3.457089709172708747e-01
3.949157527899949671e-01
1.632438731472590221e-01
3.743341631090343902e-01
1.358195797554241635e-01
1.124672669459454571e-01
1.960889198849059267e-01
1.583226991700686648e-01
4.630512496230387159e-02
1.761972008605489082e-01
2.604986940109539351e-01
1.010861648350679931e-01
6.866359223793223887e-02
1.077173427988903226e-01
2.073954632891440997e-01
1.490036042850796938e-01
3.522002373211169934e-01
1.045288762541645849e-01
1.404642628167138418e-01
2.353522666660708418e-01
3.062402846329012052e-01
3.951179859239133396e-01
1.116137210660788082e-01
9.713608731439871136e-02
0.000000000000000000e+00
3.439275941906966283e-01
3.470241286863270380e-01
3.321123321123320982e-01
3.990610328638498072e-01
5.000000000000000000e-01
3.424890027335780185e-01
6.736449564318416350e-01
2.869198312236286852e-01
5.751368789064564835e-01
3.150826446280991511e-01
2.050406020994256506e-01
6.523130110610746435e-01
4.939024390243902385e-01
3.228033228033228008e-01
1.453143517609345736e-01
3.529470330545598777e-01
3.426573426573426562e-01
1.815850424624886883e-01
6.349745331069610588e-01
2.692307692307692180e-01
8.931623931623930979e-01
1.856532835967409645e-01
2.999999999999999889e-01
4.166287350414801249e-01
3.011354079058032318e-01
1.351351351351351426e-01
0.000000000000000000e+00
