3.351809190892844903e-01
3.456466988577959754e-01
3.402063996345439101e-01
3.645075707142851340e-01
4.423391229673951930e-01
3.406164072542136045e-01
7.082356404428774566e-01
2.385242276341248968e-01
6.055178925134626633e-01
3.500675616554875247e-01
2.163283932933592058e-01
5.970543515763482301e-01
3.830567213781677638e-01
3.833027184261398324e-01
3.233115755994739327e-01
3.508669069285502706e-01
5.404646964222703520e-01
2.835991257615496641e-01
5.380925011562441851e-01
3.249252717841569771e-01
5.893536640212467814e-01
1.556180883129225367e-01
2.451568095217915577e-01
4.113582046478635457e-01
2.804365415206904744e-01
3.040475834862954030e-01
0.000000000000000000e+00
1.372381463938668889e-01
1.383621976709465684e-01
1.336722077208407633e-01
1.435014727540500634e-01
1.050847457627118592e-01
1.372720501005143534e-01
4.457142857142857295e-01
2.037037037037037202e-01
2.919937205651491618e-01
4.292193067703271581e-01
1.669484361792054061e-01
3.851202317238623385e-01
6.391184573002754998e-01
1.976325270200720297e-01
3.260534429599177830e-01
3.395590142671854328e-01
3.991228070175438236e-01
2.252252252252252007e-01
2.607825700311249273e-01
3.206865401987353259e-01
3.513513513513513709e-01
2.626375776879525392e-01
1.141739081111034226e-01
4.235718463638136755e-01
2.011049723756905827e-01
2.105263157894736725e-01
0.000000000000000000e+00
8.892713711990819780e-02
1.019490254872563589e-01
9.208972845336479973e-02
9.954751131221720173e-02
3.750000000000000000e-01
9.057248064534151322e-02
3.768115942028985033e-01
0.000000000000000000e+00
2.225274725274725696e-01
1.232323232323232209e-01
0.000000000000000000e+00
0.000000000000000000e+00
0.000000000000000000e+00
1.573964497041420441e-01
1.698943661971830943e-01
1.562500000000000000e-01
4.949494949494949447e-02
0.000000000000000000e+00
0.000000000000000000e+00
0.000000000000000000e+00
1.192468619246861844e-01
0.000000000000000000e+00
7.755102040816326536e-02
0.000000000000000000e+00
0.000000000000000000e+00
0.000000000000000000e+00
0.000000000000000000e+00
3.494358467462918005e-01
3.557631788483205937e-01
3.404872201667240583e-01
3.490409406137733317e-01
2.638375571237001060e-01
3.508864383860459957e-01
4.437200611516800564e-01
2.365078304768063189e-01
3.942644201279166816e-01
4.127359198791093475e-01
2.207677755754038351e-01
5.266988972223121124e-01
6.446627973501587450e-01
3.453327989937009512e-01
2.641460757986174301e-01
2.845654582803416321e-01
6.665441102646477711e-01
4.157596309960964187e-01
4.707676141475589104e-01
3.734056660606858702e-01
2.663595789765394461e-01
2.198997492673943621e-01
4.058866220234080280e-01
5.051343683562764530e-01
3.248024844324828853e-01
3.744550565208227266e-01
0.000000000000000000e+00
1.221054109912979302e-01
1.265674394242621570e-01
1.159315470968632217e-01
1.218295782245476522e-01
6.961025654900172832e-02
1.231212926432444510e-01
1.968874926684506810e-01
5.593595387684575926e-02
1.554444329788023660e-01
1.703509395584545394e-01
4.873841073251188039e-02
2.774117283351995589e-01
4.155901222873318313e-01
1.192547420608238706e-01
6.977314935980891142e-02
8.097750004630085985e-02
4.442810509284909615e-01
1.728560707660102558e-01
2.216221465301849436e-01
1.394317914462244179e-01
7.094742531255936180e-02
4.835589972786290963e-02
1.647439499375729088e-01
2.551607300946944212e-01
1.054966538935133147e-01
1.402165893540125441e-01
0.000000000000000000e+00
2.553146705956640394e-01
2.659517426273458329e-01
2.722832722832722596e-01
2.816901408450704358e-01
3.888888888888888395e-01
2.649642610105753526e-01
7.143597124940408438e-01
2.225268135558373384e-01
5.855161612785437786e-01
3.238394171898007490e-01
2.056711678684899347e-01
6.581810357588735449e-01
3.045284938941655306e-01
3.969184416204283861e-01
3.520381714706161125e-01
3.444805713467301023e-01
4.293116442657957665e-01
3.113931785955064702e-01
5.144472752128254056e-01
3.068959348866330261e-01
6.373193628916000719e-01
1.632913808145298740e-01
3.149267399267399181e-01
4.078729523902998588e-01
2.487631823365507588e-01
2.944819471109184073e-01
0.000000000000000000e+00
