2.521945648552487151e-01
2.568622136314313575e-01
2.779196688746305988e-01
2.684701884084461643e-01
2.418349538768386764e-01
2.614606351430540099e-01
4.879261963284186043e-01
2.166817709775720746e-01
1.000000000000000000e+00
5.706960307861671522e-01
1.524113315939557844e-01
5.746243795801765364e-01
4.712094461952537339e-01
3.172291643519052906e-01
1.191252728784908121e-01
3.366971232359414201e-01
3.367978524191201917e-01
2.192562056275348115e-01
5.346506777988001557e-01
2.960559157213529802e-01
5.447876191464342543e-01
1.968779929134409634e-01
3.087014385717961051e-01
4.890555160006838653e-01
2.831644587132746138e-01
2.763619232080089527e-01
0.000000000000000000e+00
1.062307729869622491e-01
1.073330347367373316e-01
1.050968539634565130e-01
1.153350515463917453e-01
7.796610169491524633e-02
1.076094490548049482e-01
3.875776397515527938e-01
4.471544715447154927e-01
5.799319727891156795e-01
4.807256235827663815e-01
1.801619433198380360e-01
4.028755156515408387e-01
4.264705882352941013e-01
2.675026123301985637e-01
1.700592467202708402e-01
5.654993514915694908e-01
2.732732732732732206e-01
2.107749342262616454e-01
2.843406593406593297e-01
3.038083012409071304e-01
4.067796610169491789e-01
3.665419925195511075e-01
1.705445059336218039e-01
4.597354636922033611e-01
2.666666666666666075e-01
2.909090909090909505e-01
0.000000000000000000e+00
5.909351692484221541e-02
5.847076461769114275e-02
5.785123966942148227e-02
6.108597285067873112e-02
1.250000000000000000e-01
6.364448615817963617e-02
0.000000000000000000e+00
0.000000000000000000e+00
0.000000000000000000e+00
0.000000000000000000e+00
0.000000000000000000e+00
1.679197994987468856e-01
0.000000000000000000e+00
0.000000000000000000e+00
0.000000000000000000e+00
0.000000000000000000e+00
1.088888888888888823e-01
0.000000000000000000e+00
0.000000000000000000e+00
0.000000000000000000e+00
0.000000000000000000e+00
0.000000000000000000e+00
1.325581395348837122e-01
2.147435897435897301e-01
0.000000000000000000e+00
0.000000000000000000e+00
0.000000000000000000e+00
2.689487150484088374e-01
2.734183347179334200e-01
2.765967083365077350e-01
2.653268766059417305e-01
1.637616108332904385e-01
2.731344769260884986e-01
4.656743315052952470e-01
4.808021196477942349e-01
6.661774770765738207e-01
5.936328145397659073e-01
2.214062122553019929e-01
4.175771002558866796e-01
5.308552090726154082e-01
3.959253141024151601e-01
2.261659725112524222e-01
3.579605021109237839e-01
3.938316785668682374e-01
3.594110565534290869e-01
5.157898043708052382e-01
3.064333345485749649e-01
2.288424497829735504e-01
3.032093768033732317e-01
4.691551946468558443e-01
4.840050728375975275e-01
3.858410903830025718e-01
4.599317391543613076e-01
0.000000000000000000e+00
7.233341132619022784e-02
7.475758575992788590e-02
7.650573906259114376e-02
7.039835144946464396e-02
2.681786518271406933e-02
7.460244248568799474e-02
2.168525830229036111e-01
2.311706782578118180e-01
4.437924309641089748e-01
3.523999184984041300e-01
4.902071082523985074e-02
1.743706346581147537e-01
2.818072529995301889e-01
1.567568543470961029e-01
5.115104712196057168e-02
1.281357210715046435e-01
1.551033910427970230e-01
1.291763075728522003e-01
2.660391222928735200e-01
9.390138852255887347e-02
5.236886682267277715e-02
9.193592618148997697e-02
2.201065966641292115e-01
2.342609105325281493e-01
1.488733470279443583e-01
2.115372046815554297e-01
0.000000000000000000e+00
1.909071774363292062e-01
1.932439678284182394e-01
2.153032153032152785e-01
2.050078247261346021e-01
2.222222222222222099e-01
2.036893910870486990e-01
4.696294559099437604e-01
2.774259974259974532e-02
9.945640065760058546e-01
5.852134986225894231e-01
1.500210437710438049e-01
6.063384448130881843e-01
4.218750000000000000e-01
3.153105328152767117e-01
1.311413212826114116e-01
3.349875930521091782e-01
2.737771951181445784e-01
2.427742747873775642e-01
5.162995614407632772e-01
2.758985200845666119e-01
6.104181410710073363e-01
1.795752245508981937e-01
3.609523809523809690e-01
4.736947348785818246e-01
2.446482963198690908e-01
2.666666666666666630e-01
0.000000000000000000e+00
