3.654527640395480725e-01
3.719511052207376545e-01
3.667722464209102751e-01
3.807018174262319365e-01
3.663770784189632201e-01
3.664489665403121155e-01
6.877147518361997891e-01
2.022720019278846926e-01
5.351529853232595002e-01
3.847469112493339116e-01
2.790311955071455019e-01
5.636962478587744796e-01
2.545965930190732252e-01
3.497912686221388845e-01
4.014861396365506097e-01
3.557561845185249760e-01
3.812078061503144100e-01
3.875058722706150593e-01
6.667587818686222523e-01
3.623636284751475256e-01
4.452471376996832153e-01
1.706351957051149559e-01
2.105559814272616459e-01
4.844184077453145276e-01
3.008197789522921717e-01
3.262058544105745916e-01
0.000000000000000000e+00
1.311587479857415084e-01
1.380760425997810403e-01
1.333058570316435487e-01
1.443298969072164817e-01
8.474576271186440302e-02
1.339236116733024673e-01
5.488272921108742208e-01
2.328042328042328191e-01
2.850070721357850223e-01
3.460061443932411218e-01
2.042957042957042890e-01
3.211114785794240145e-01
1.638418079096045088e-01
1.850945494994438445e-01
4.079022496288683408e-01
3.734780971507468683e-01
2.731092436974789650e-01
2.580705705705705344e-01
3.168771526980482256e-01
7.261998426435877230e-01
3.272727272727272707e-01
2.609202096680256489e-01
1.587987531186438872e-01
4.400224215246638093e-01
2.363636363636363313e-01
4.435643564356436253e-01
0.000000000000000000e+00
1.359724612736660787e-01
1.454272863568215612e-01
1.204250295159386142e-01
1.515837104072398356e-01
1.250000000000000000e-01
1.378406731141243180e-01
5.148514851485147537e-01
0.000000000000000000e+00
0.000000000000000000e+00
9.150915091509148613e-02
0.000000000000000000e+00
0.000000000000000000e+00
0.000000000000000000e+00
1.695707607309817344e-01
1.256510416666666574e-01
0.000000000000000000e+00
1.081677704194260459e-01
0.000000000000000000e+00
0.000000000000000000e+00
8.910891089108910479e-02
7.723577235772358107e-02
0.000000000000000000e+00
0.000000000000000000e+00
7.097457627118644585e-02
0.000000000000000000e+00
0.000000000000000000e+00
0.000000000000000000e+00
3.628052013348269100e-01
3.683909998374458317e-01
3.497322977135350341e-01
3.545198910241024182e-01
2.473728289910350209e-01
3.615256751098760435e-01
5.787233139208818322e-01
2.986755593449808566e-01
3.704260298824255115e-01
4.245021806768001782e-01
2.278378223804171376e-01
4.356905666597620241e-01
3.041031097186059906e-01
3.115675086696370610e-01
3.738997618337140949e-01
3.476030690464969042e-01
4.062837517566194045e-01
4.502419506715390485e-01
5.389950936221487021e-01
5.419404901767090887e-01
2.056963321201896733e-01
2.461897578870640979e-01
4.235235708985480851e-01
4.883473553276853618e-01
3.725467967857084006e-01
5.780406500842599771e-01
0.000000000000000000e+00
1.316276141156042800e-01
1.357119287612330860e-01
1.223126800639887102e-01
1.256843531317414775e-01
6.119331652302786168e-02
1.307008137636516409e-01
3.349206740755674705e-01
8.920708975003718844e-02
1.372154436144555900e-01
1.802021013993586884e-01
5.191007330705050410e-02
1.898262698763044931e-01
9.247870134052650626e-02
9.707431245860437263e-02
1.398010318993081202e-01
1.208278936105437046e-01
1.650664869414343872e-01
2.027178141445126480e-01
2.905157109487488398e-01
2.936994948929718130e-01
4.231098104769937668e-02
6.060939688849122098e-02
1.793722151066574899e-01
2.384831394555446404e-01
1.387911157952919083e-01
3.341309931498338548e-01
0.000000000000000000e+00
2.645758787623657682e-01
2.626273458445040343e-01
2.555962555962555949e-01
2.723004694835681194e-01
3.055555555555555247e-01
2.660550351363845101e-01
6.937467937467937107e-01
1.394942157654021908e-01
5.450145985694606621e-01
3.603552756095128595e-01
3.064451640056478077e-01
5.671380413803893683e-01
2.580560064935065179e-01
3.485260836860337164e-01
3.914192760642098978e-01
3.713383249881124781e-01
3.600820986374865806e-01
4.375418213202018070e-01
6.274214765792426318e-01
3.098090483391942596e-01
4.810212220481412948e-01
1.854308737556301656e-01
2.652891951759783762e-01
4.932937814592980308e-01
2.619869960265636677e-01
3.120134924753502625e-01
0.000000000000000000e+00
