2.772576182889135987e-01
2.827965011280149099e-01
2.785372609349672790e-01
2.868193956227730879e-01
3.774935383391874733e-01
2.790669463179781262e-01
4.829937372716725519e-01
2.415579856685204363e-01
5.282892210979510672e-01
3.704624303840432509e-01
3.269611506144063373e-01
5.031318569949300157e-01
4.435135654036755359e-01
4.506368310924267484e-01
4.317537119585213579e-01
4.074352058717971570e-01
5.031424435892942748e-01
3.689896127473748511e-01
4.327627339277021479e-01
3.733532404794145942e-01
3.771101170256692670e-01
2.043590585323313835e-01
2.484617148592900560e-01
5.525696519350240532e-01
2.896840764787662614e-01
3.348322973798633639e-01
0.000000000000000000e+00
1.399482396601396672e-01
1.422315118940977452e-01
1.448916975775060567e-01
1.585051546391752497e-01
1.457627118644067854e-01
1.448682561270870917e-01
4.494597839135654471e-01
2.444444444444444642e-01
2.500000000000000000e-01
3.663594470046083185e-01
4.686940966010734178e-01
2.980408434335048429e-01
4.765258215962440702e-01
2.713397399660825160e-01
3.174878701689811122e-01
5.086800359173900832e-01
3.333333333333333148e-01
3.156325339423930454e-01
1.868905742145178794e-01
5.586152635719905390e-01
2.068965517241379282e-01
3.532530721726654943e-01
1.315235366016495600e-01
5.156950672645739253e-01
3.561643835616437603e-01
3.368421052631578871e-01
0.000000000000000000e+00
8.318990246701089830e-02
8.395802098950523595e-02
7.910271546635183615e-02
8.597285067873303155e-02
1.250000000000000000e-01
8.000973868255703558e-02
1.666666666666666574e-01
0.000000000000000000e+00
0.000000000000000000e+00
7.344972907886813951e-02
0.000000000000000000e+00
1.213768115942029102e-01
0.000000000000000000e+00
0.000000000000000000e+00
0.000000000000000000e+00
4.032258064516128920e-02
4.209621993127147382e-02
0.000000000000000000e+00
0.000000000000000000e+00
0.000000000000000000e+00
0.000000000000000000e+00
5.604395604395604608e-02
0.000000000000000000e+00
6.754032258064515681e-02
0.000000000000000000e+00
0.000000000000000000e+00
0.000000000000000000e+00
3.088619912529934619e-01
3.114145288197955330e-01
3.052289561193349821e-01
3.115509824907158332e-01
2.972352919871947274e-01
3.124498744016460106e-01
4.986492425100632064e-01
2.948993401926535141e-01
4.257295553624922402e-01
4.616412739773579355e-01
3.674453534952511480e-01
4.266502853223999581e-01
5.297351678621873283e-01
3.951112196741927707e-01
3.343617082664170903e-01
4.024146051992448792e-01
5.065348494361520126e-01
4.403413258007686792e-01
3.403996993005451999e-01
4.609032711525294368e-01
1.840239239200704702e-01
2.728365737477073671e-01
4.753293296887248776e-01
5.530485372169290370e-01
3.961118716184896527e-01
5.315848605720164821e-01
0.000000000000000000e+00
9.539572964076419026e-02
9.697900876005527415e-02
9.316471565369892349e-02
9.706401469093033085e-02
8.834881880271290566e-02
9.762492401360439720e-02
2.486510670558598479e-01
8.696562084606236642e-02
1.812456543091453265e-01
2.131126658394380258e-01
1.350160878052501234e-01
1.820304659656852564e-01
2.806193480699796794e-01
1.561128759124282006e-01
1.117977519548365994e-01
1.619375144776641073e-01
2.565775536933052603e-01
1.939004832079787022e-01
1.158719552839015815e-01
2.124318253591021000e-01
3.386480457493987184e-02
7.443979597438817042e-02
2.259379716623325651e-01
3.058626845177849773e-01
1.569046148371028571e-01
2.825824639893702028e-01
0.000000000000000000e+00
1.898547674173858002e-01
1.921715817694369943e-01
1.896621896621896730e-01
1.940532081377152052e-01
2.777777777777777901e-01
1.914215720333610204e-01
4.658355538637228288e-01
1.954022988505746961e-01
5.374708710657503108e-01
3.381374722838136893e-01
3.106060606060606077e-01
5.009801360415971905e-01
3.951219512195122130e-01
4.522357723577236088e-01
4.422300567657776460e-01
3.759654702407995708e-01
4.738339021615471935e-01
3.842095235303600864e-01
4.369645042839657711e-01
3.050847457627118842e-01
4.162371134020618202e-01
1.974605006853762390e-01
3.112627986348123210e-01
5.412008077623996494e-01
2.286398467432950166e-01
3.120124804992199796e-01
0.000000000000000000e+00
