3.980397082640186879e-01
4.001026643172621577e-01
3.889338787488666460e-01
3.961949546152721546e-01
3.669907753677387197e-01
3.946515911889291739e-01
3.271455222049626244e-01
2.228497623935266347e-01
5.910114654539377899e-01
3.632007269544167971e-01
4.150646076851737254e-01
4.440469271270841567e-01
3.359368331195415891e-01
5.994271807211626335e-01
6.512250125593392891e-01
3.814401727367368045e-01
3.496766458022836366e-01
5.360025170492928037e-01
4.821356950605374392e-01
3.117050626456816520e-01
3.003956079643145261e-01
1.818616704037204213e-01
2.865839900106813554e-01
4.080867481315857415e-01
2.848346235002712779e-01
3.717861676606979415e-01
0.000000000000000000e+00
1.464671126519849764e-01
1.443590126405892293e-01
1.418235105554792319e-01
1.420287187039764309e-01
9.830508474576270250e-02
1.443545683358202769e-01
2.964000000000000523e-01
3.666666666666666963e-01
3.321428571428571286e-01
3.191023535851122417e-01
3.912466843501326563e-01
2.358044164037854662e-01
3.055555555555555802e-01
3.252268602540834275e-01
4.421299324177022094e-01
4.997370911767799462e-01
2.063492063492063100e-01
6.038851351351350871e-01
2.863862755949086458e-01
2.597560975609756184e-01
1.801801801801801717e-01
2.319102891992917415e-01
2.464661325869374475e-01
3.376417831706673978e-01
2.988505747126436463e-01
2.758620689655172931e-01
0.000000000000000000e+00
7.114170969592654992e-02
8.035982008995501413e-02
9.090909090909091161e-02
8.371040723981901244e-02
1.250000000000000000e-01
8.401829963257237410e-02
0.000000000000000000e+00
0.000000000000000000e+00
0.000000000000000000e+00
5.776515151515150548e-02
0.000000000000000000e+00
0.000000000000000000e+00
0.000000000000000000e+00
6.200466200466200895e-02
2.872023809523809312e-01
0.000000000000000000e+00
1.200980392156862642e-01
2.648648648648648241e-01
0.000000000000000000e+00
0.000000000000000000e+00
0.000000000000000000e+00
0.000000000000000000e+00
0.000000000000000000e+00
1.073717948717948650e-01
0.000000000000000000e+00
0.000000000000000000e+00
0.000000000000000000e+00
4.150665135904488268e-01
4.129039200368927465e-01
3.976589482203438108e-01
3.908416690962858153e-01
2.496462867437551358e-01
4.113175144432705266e-01
4.620146428893892043e-01
3.764074914370281744e-01
4.394591417382422427e-01
4.010810552307948473e-01
3.778523371036456302e-01
3.589726208932915719e-01
4.133541487501920519e-01
4.903804449468229243e-01
3.958756751966407972e-01
3.692517880363492822e-01
2.817855324388651717e-01
6.346061491897505569e-01
4.693212890234015333e-01
3.106045452366423820e-01
1.363360899564058926e-01
2.088849426171363877e-01
5.094912985722319654e-01
3.876670457432956907e-01
3.371049635855539739e-01
5.178830945020385101e-01
0.000000000000000000e+00
1.722802107041302433e-01
1.704896471818327652e-01
1.581326390997100650e-01
1.527572103019705640e-01
6.232326848494521010e-02
1.691820976877900506e-01
2.134575302442098532e-01
1.416825996099164153e-01
1.931243372573124839e-01
1.608660128650478971e-01
1.427723886546870546e-01
1.288613425509988197e-01
1.708616522889958855e-01
2.404729807862439894e-01
1.567175502123961950e-01
1.363468829680410110e-01
7.940308629185474643e-02
4.027249645894440122e-01
2.202624723305871557e-01
9.647518352166145617e-02
1.858752942460120336e-02
4.363291925216435801e-02
2.595813833208192034e-01
1.502857383553345139e-01
1.136397564740176808e-01
2.682028995710072916e-01
0.000000000000000000e+00
2.769943169858977150e-01
2.768900804289544104e-01
2.800162800162799837e-01
2.816901408450704358e-01
2.777777777777777901e-01
2.769054865179479963e-01
2.723891138525285083e-01
1.566820276497695730e-01
6.088537211291702445e-01
3.961038961038960693e-01
3.921793694520966933e-01
4.763957915939885934e-01
3.045112781954887327e-01
5.723472668810289932e-01
6.304643939046060686e-01
3.643263757115748902e-01
3.367697594501717906e-01
4.854535206382241119e-01
4.319419237749546614e-01
3.204747774480712352e-01
3.664688427299703233e-01
2.032441965384300109e-01
3.275862068965517127e-01
3.479583428702220926e-01
2.638152077807250362e-01
3.723404255319148759e-01
0.000000000000000000e+00
