1.846607460346229579e-01
1.911443227148403590e-01
1.875605239462462270e-01
1.925529027505183677e-01
2.741551642075202300e-01
1.870364569849685132e-01
5.474382884144233241e-01
2.320066289664184100e-01
4.896669851368759541e-01
3.042910255346965021e-01
2.498124972487721085e-01
4.751307543752192331e-01
2.314056593532016481e-01
4.743198142778086157e-01
5.381938568343080931e-01
4.889883208682687665e-01
5.471331913760639765e-01
4.422697450771455596e-01
3.761672385910221905e-01
3.048374025293089096e-01
3.570445421299613398e-01
2.317730535580199702e-01
2.523150060809284945e-01
5.310176348489025200e-01
2.268383077058143682e-01
3.154506534047262223e-01
0.000000000000000000e+00
7.407588261145563180e-02
7.504727779436648483e-02
6.873654806063103639e-02
7.971281296023563501e-02
7.118644067796610353e-02
7.401595332684100803e-02
3.900000000000000133e-01
2.444444444444444642e-01
3.096903096903097508e-01
2.760416666666666297e-01
1.823137492428830997e-01
4.519242902208201462e-01
1.812499999999999944e-01
3.065134099616858565e-01
3.444694244604316613e-01
5.194934004730297206e-01
2.888888888888888618e-01
2.817333462494752694e-01
1.769230769230769051e-01
4.212261041529334338e-01
1.621621621621621712e-01
3.508951406649616356e-01
1.499423298731257237e-01
4.585836365174718599e-01
1.299999999999999767e-01
3.555555555555555691e-01
0.000000000000000000e+00
6.196213425129086516e-02
6.236881559220389115e-02
5.076741440377804254e-02
4.524886877828054182e-02
1.250000000000000000e-01
5.600282421640718350e-02
0.000000000000000000e+00
0.000000000000000000e+00
0.000000000000000000e+00
0.000000000000000000e+00
0.000000000000000000e+00
0.000000000000000000e+00
0.000000000000000000e+00
1.382536382536382613e-01
2.161738351254480217e-01
2.475247524752475226e-01
1.286089238845144200e-01
0.000000000000000000e+00
0.000000000000000000e+00
0.000000000000000000e+00
0.000000000000000000e+00
6.129807692307692735e-02
0.000000000000000000e+00
2.263513513513513709e-01
0.000000000000000000e+00
0.000000000000000000e+00
0.000000000000000000e+00
2.235285572810464250e-01
2.242200257642983918e-01
2.105090052201479267e-01
2.233423789263047909e-01
1.920582538467580092e-01
2.232136680720051558e-01
6.325180229617646255e-01
4.731864927988331804e-01
5.999402927824041276e-01
5.016744966285682228e-01
2.673038085314127232e-01
7.117154490375173781e-01
3.526161105228553527e-01
5.600530293434297091e-01
3.704809643121528828e-01
4.623916731844484040e-01
5.165861246454968025e-01
5.613387673159372371e-01
4.618955119453226899e-01
4.758640032700058309e-01
1.840976199917366274e-01
3.532828214403412326e-01
5.144997635391977964e-01
6.971707840638782239e-01
3.103109461174254902e-01
8.040980702346209874e-01
0.000000000000000000e+00
4.996501592014606502e-02
5.027461995374263304e-02
4.431404127877627136e-02
4.988181822446112468e-02
3.688637287066573456e-02
4.982434161415929402e-02
4.000790493714594387e-01
2.239054569672601358e-01
3.599283549038367891e-01
2.516773005675272956e-01
7.145132605539813997e-02
5.065388803986748956e-01
1.243381214002665380e-01
3.136593956767524949e-01
1.372561449176626647e-01
2.138060594303137218e-01
2.668612241762528536e-01
3.151012116917759620e-01
2.133474639552316865e-01
2.264465496081561058e-01
3.389193368662185568e-02
1.248087519248480409e-01
2.647100066818904307e-01
4.860471021522428381e-01
9.629288328029177169e-02
6.465737065550416496e-01
0.000000000000000000e+00
1.262892022732056418e-01
1.340482573726541615e-01
1.343101343101343048e-01
1.259780907668231476e-01
2.500000000000000000e-01
1.296649523552610150e-01
5.539721539721540466e-01
0.000000000000000000e+00
5.090639096572184830e-01
3.386415763135946499e-01
3.107720440313854193e-01
4.445954318350388013e-01
2.131657403658581418e-01
4.339726526602655232e-01
5.381289452163185993e-01
4.357477859937131659e-01
4.980831784386616778e-01
5.008827271521913982e-01
4.391018306636155777e-01
2.883861940298507731e-01
4.346781716417910668e-01
1.979461315626996343e-01
3.384375000000000022e-01
4.653604583473758272e-01
2.667504651807276472e-01
2.341436808477481701e-01
0.000000000000000000e+00
