3.601598509103413059e-01
3.678951436782396112e-01
3.643071215487586612e-01
3.809059582563248392e-01
4.667165295437546435e-01
3.646284968283177719e-01
5.265583551238688376e-01
2.314554975730966913e-01
5.410358500362086875e-01
4.012212397071395764e-01
2.535540871378797467e-01
5.639957612566185441e-01
4.077259840218395159e-01
3.316939401826339839e-01
4.743788444280908068e-01
3.536643265304916239e-01
5.379552072326510004e-01
3.477984979547095179e-01
4.189555993397138800e-01
3.497668443373707081e-01
4.673314377469913183e-01
2.058682564220885580e-01
2.649310137211831062e-01
5.243858565505791214e-01
2.775959842539296729e-01
3.582165900813280013e-01
0.000000000000000000e+00
1.688803164217002883e-01
1.722653528416442925e-01
1.673306772908366435e-01
1.809646539027982282e-01
1.491525423728813637e-01
1.710806583250813473e-01
3.857142857142857317e-01
1.904761904761904934e-01
2.616883116883116922e-01
4.506802721088435382e-01
2.499999999999999722e-01
2.634259435217209400e-01
5.471698113207547065e-01
2.282996432818073795e-01
3.260534429599177830e-01
4.988759187202766454e-01
3.270440251572326873e-01
3.460960960960960953e-01
2.510395010395010673e-01
2.962130937098844674e-01
2.592592592592592449e-01
3.169281813783092483e-01
1.884543521680303590e-01
4.354638284078016786e-01
2.888888888888888062e-01
3.516483516483516758e-01
0.000000000000000000e+00
1.078600114744692889e-01
1.175412293853073248e-01
1.097992916174734268e-01
1.176470588235294379e-01
1.250000000000000000e-01
1.071090923947800033e-01
2.088353413654618351e-01
0.000000000000000000e+00
0.000000000000000000e+00
0.000000000000000000e+00
0.000000000000000000e+00
2.067901234567901259e-01
0.000000000000000000e+00
0.000000000000000000e+00
0.000000000000000000e+00
6.666666666666666574e-02
1.088888888888888823e-01
0.000000000000000000e+00
0.000000000000000000e+00
0.000000000000000000e+00
1.439393939393939503e-01
5.944055944055944701e-02
6.333333333333333870e-02
0.000000000000000000e+00
0.000000000000000000e+00
0.000000000000000000e+00
0.000000000000000000e+00
4.606819106643398332e-01
4.650312036921644410e-01
4.451276203163379575e-01
4.557945072956049448e-01
3.747495737872541532e-01
4.619401820700752559e-01
4.878416382807773122e-01
2.875120034420013404e-01
4.788586067666888435e-01
4.722958698094710805e-01
2.770888931471790495e-01
4.136064209918961510e-01
7.200640767356801808e-01
3.311282861057460170e-01
3.743675639735190019e-01
3.573044677268413793e-01
5.031852842954402938e-01
5.250934623904781606e-01
4.905153344076754740e-01
3.337417261537666269e-01
1.921861210381873297e-01
2.509928014542282537e-01
4.692097857027408003e-01
5.043342875396430447e-01
4.102217045683334007e-01
5.622168398122573407e-01
0.000000000000000000e+00
2.122278228133467615e-01
2.162540204073833405e-01
1.981385983684859076e-01
2.077486328808432758e-01
1.404372430537286498e-01
2.133887318109342901e-01
2.379894640404727757e-01
8.266315212323337158e-02
2.293055652745343287e-01
2.230633886390848974e-01
7.677825470552882003e-02
1.710702714857255946e-01
5.184922746052075260e-01
1.096459418593287855e-01
1.401510729554667767e-01
1.276664826575614475e-01
2.531954303314830623e-01
2.757231442452205417e-01
2.406052932890737350e-01
1.113835397760957469e-01
3.693550511970479511e-02
6.299738638184163020e-02
2.201578229992119662e-01
2.543530735881194271e-01
1.682818468989490390e-01
3.160877749684815052e-01
0.000000000000000000e+00
1.902757314249631515e-01
1.843431635388739775e-01
1.969881969881969730e-01
1.917057902973396399e-01
3.055555555555555247e-01
1.956735542952843243e-01
5.019485496093237797e-01
1.901651651651651564e-01
5.807261505013122660e-01
3.710764360018091179e-01
2.482275237757693986e-01
6.200469661740797278e-01
2.513803858149474268e-01
3.385763971580534881e-01
5.020284395038789871e-01
3.387338449411799179e-01
5.149256478209658372e-01
3.366840289213514636e-01
4.110758181269793532e-01
3.387533002769012591e-01
5.053191489361702482e-01
1.942243262885070543e-01
3.092719780219780334e-01
5.519795226419489387e-01
2.421227612937717211e-01
3.240426393953365070e-01
0.000000000000000000e+00
