2.982670300713392564e-01
3.053529130917432832e-01
3.029452119341859984e-01
3.182097265814795017e-01
2.835279903342730612e-01
3.011278922409012515e-01
6.129804138002823422e-01
1.168860452934190747e-01
6.514666911426708618e-01
3.602532211854974631e-01
2.065371247415829503e-01
5.924756884268538304e-01
4.066020415671082189e-01
3.998982742402365509e-01
2.918920136525194886e-01
3.621445059021488611e-01
4.430822902354009662e-01
3.145973646144349933e-01
5.258547133515939498e-01
2.973399261245276426e-01
5.686391445207217288e-01
1.561092069690981632e-01
3.040378930416282044e-01
5.263116224272867960e-01
3.954781367832491124e-01
3.020414375349173564e-01
0.000000000000000000e+00
1.560134772205674092e-01
1.637304668060117485e-01
1.585382607501030494e-01
1.682621502209130926e-01
1.322033898305084720e-01
1.586176343838608394e-01
4.828571428571428736e-01
2.291666666666666852e-01
3.444444444444444420e-01
3.605442176870747861e-01
1.997737556561086092e-01
2.620596740273395953e-01
3.717948717948718063e-01
3.678160919540229834e-01
2.423444361394001545e-01
4.733852140077820514e-01
3.466666666666666230e-01
1.951951951951951814e-01
2.948717948717948234e-01
2.340145023071852348e-01
2.999999999999999889e-01
2.510328546134172334e-01
1.660500198063558086e-01
4.292120435618193564e-01
4.385542168674698149e-01
3.368421052631578871e-01
0.000000000000000000e+00
4.130808950086058140e-02
4.407796101949025547e-02
4.958677685950412667e-02
4.751131221719457481e-02
1.250000000000000000e-01
4.396937421312945710e-02
9.629629629629629650e-02
0.000000000000000000e+00
2.225274725274725696e-01
0.000000000000000000e+00
0.000000000000000000e+00
0.000000000000000000e+00
0.000000000000000000e+00
7.204767063921994896e-02
0.000000000000000000e+00
1.587301587301587213e-01
6.980056980056979776e-02
0.000000000000000000e+00
0.000000000000000000e+00
0.000000000000000000e+00
1.583333333333333259e-01
0.000000000000000000e+00
1.252747252747253015e-01
1.580188679245282946e-01
0.000000000000000000e+00
0.000000000000000000e+00
0.000000000000000000e+00
3.776551784980729520e-01
3.851039272785383161e-01
3.722778314837176805e-01
3.710877373125224254e-01
2.446603368985688087e-01
3.785406045711132705e-01
5.836042743711412628e-01
2.804849168054059927e-01
4.776278414450576548e-01
4.321423442718473895e-01
2.303303838189113273e-01
4.042084991313569242e-01
5.171526523662580699e-01
4.757514621799202592e-01
2.783652336080323919e-01
3.340767924227791008e-01
5.500289519341364786e-01
3.651345759024202664e-01
4.968312850098595135e-01
2.845567040046281804e-01
2.263838210168316878e-01
2.360211178041908553e-01
4.334476904348911197e-01
5.593403524604022570e-01
4.693731662931115989e-01
4.414967454519296841e-01
0.000000000000000000e+00
1.426234338464113516e-01
1.483050348053537304e-01
1.385907838142192705e-01
1.377061087837276876e-01
5.985868045132117926e-02
1.432929893090639506e-01
3.405939490642663769e-01
7.867178855533550619e-02
2.281283549234650876e-01
1.867470057127678662e-01
5.305208571016700736e-02
1.633845107700241661e-01
2.674468658494557061e-01
2.263394537663320771e-01
7.748720328165442650e-02
1.116073032354926026e-01
3.025318479657647108e-01
1.333232585194403241e-01
2.468413257645482584e-01
8.097251779397755811e-02
5.124963441818087412e-02
5.570596804953974884e-02
1.878769003433412021e-01
3.128616298905270710e-01
2.203111692360210649e-01
1.949193762446460310e-01
0.000000000000000000e+00
1.963797095348347732e-01
1.989276139410187660e-01
1.908831908831908897e-01
2.034428794992175216e-01
2.222222222222222099e-01
1.981270865613887211e-01
6.084516641949073712e-01
0.000000000000000000e+00
5.863580390879330473e-01
3.406803568251708936e-01
2.181563105805530145e-01
6.666941011249482019e-01
3.589435329027753085e-01
3.690613234868230785e-01
2.797650720861525331e-01
3.405145890821640875e-01
4.012623553750669925e-01
3.477256354467592736e-01
5.219298245614034659e-01
2.985664639443961765e-01
6.357645553422905937e-01
1.621234424822566300e-01
3.542810752877378344e-01
4.809521083476248071e-01
3.784424350783385793e-01
2.766511058391367683e-01
0.000000000000000000e+00
