2.581859404286197535e-01
2.595348484289363711e-01
2.550024803635300708e-01
2.596561738103526085e-01
3.643402569843229855e-01
2.581643723469500551e-01
4.303197748588092342e-01
2.254852263177159200e-01
6.126397292468118705e-01
4.275164196041876807e-01
3.652766990598868002e-01
4.481512861057265207e-01
4.154267958466090760e-01
4.992650761214564303e-01
5.084244120792060784e-01
3.232677306457495403e-01
5.621979586690372122e-01
4.128184788418804985e-01
4.321636124635975240e-01
3.090362976272272855e-01
3.656592168074755955e-01
1.828444699458197653e-01
2.375719386760528906e-01
4.741268570095811263e-01
3.343884581130475153e-01
4.102402479035244798e-01
0.000000000000000000e+00
1.430978075101323466e-01
1.470214989549119278e-01
1.419150982277785356e-01
1.492083946980854170e-01
1.423728813559322071e-01
1.438026417677321644e-01
4.154963680387409597e-01
2.820512820512821039e-01
4.277597402597402843e-01
5.313283208020049830e-01
4.130434782608696231e-01
3.089545630638109164e-01
4.833333333333333370e-01
4.244031830238726988e-01
5.378372302158274110e-01
4.839196378940681664e-01
4.609929078014184389e-01
4.640416278347312407e-01
5.220680958385875980e-01
4.168925022583558904e-01
2.592592592592592449e-01
4.510986241529299501e-01
2.244271202456886716e-01
5.707297187117815751e-01
3.851851851851851305e-01
3.555555555555555691e-01
0.000000000000000000e+00
7.917383820998277755e-02
8.005997001499250143e-02
6.257378984651712495e-02
7.013574660633484226e-02
1.250000000000000000e-01
7.784588533996325554e-02
0.000000000000000000e+00
0.000000000000000000e+00
0.000000000000000000e+00
0.000000000000000000e+00
0.000000000000000000e+00
0.000000000000000000e+00
0.000000000000000000e+00
0.000000000000000000e+00
0.000000000000000000e+00
0.000000000000000000e+00
6.559571619812581966e-02
0.000000000000000000e+00
0.000000000000000000e+00
0.000000000000000000e+00
0.000000000000000000e+00
0.000000000000000000e+00
0.000000000000000000e+00
0.000000000000000000e+00
0.000000000000000000e+00
0.000000000000000000e+00
0.000000000000000000e+00
2.831800689955784045e-01
2.830779243427252179e-01
2.692841214508358005e-01
2.706041503627755751e-01
2.350203598114030401e-01
2.812784848183672026e-01
4.435086237310934543e-01
2.954016522236757591e-01
4.513666509877503619e-01
5.168386424813474767e-01
3.430501623450393778e-01
4.097050647376636601e-01
5.376193918111319414e-01
4.890502365518542005e-01
4.008213193007643671e-01
3.322961485364674394e-01
5.312198610672386190e-01
4.782304565287633369e-01
4.599325147527498214e-01
3.477244084800476531e-01
1.723523170490538770e-01
2.719526409827085489e-01
4.842422688324872215e-01
5.219968416107838571e-01
4.788144932855852853e-01
5.740215273369085880e-01
0.000000000000000000e+00
8.019095147634054677e-02
8.013311125018567072e-02
7.251393806554849719e-02
7.322660619355966793e-02
5.523456952588134267e-02
7.911758602171645172e-02
1.966998993238486260e-01
8.726213613647747225e-02
2.037318536238976185e-01
2.671221823619621683e-01
1.176834138849579131e-01
1.678582400716931156e-01
2.890346104513714098e-01
2.391701338714244951e-01
1.606577300060052504e-01
1.104207303321700223e-01
2.821945407922963334e-01
2.287043695517093911e-01
2.115379181267884323e-01
1.209122642527990787e-01
2.970532119217758268e-02
7.395823893746997224e-02
2.344905749240348558e-01
2.724807026516337660e-01
2.292633189803318372e-01
3.295007138461972795e-01
0.000000000000000000e+00
1.835403073037255306e-01
1.743699731903485262e-01
1.741961741961741694e-01
1.752738654147105168e-01
3.333333333333333148e-01
1.791774359813435580e-01
4.038926986688180509e-01
1.870701513067400401e-01
6.185180659089982713e-01
4.080267558528428151e-01
3.531100478468899295e-01
4.737344235666558490e-01
3.584070796460177011e-01
4.836956521739130266e-01
5.002685702671865187e-01
3.150840527033166305e-01
5.346426623022367819e-01
4.337026381832649879e-01
4.195416771594057126e-01
2.967032967032967039e-01
4.198895027624309217e-01
1.763402329199867946e-01
2.955555555555555713e-01
4.527027027027027417e-01
2.681118724025609579e-01
3.921568627450980338e-01
0.000000000000000000e+00
