2.921301145123885723e-01
2.955713842950230541e-01
2.903151671669516043e-01
2.895108164144161167e-01
3.391351748792515441e-01
2.918299910034346523e-01
3.163313215826015212e-01
1.311051006189645762e-01
5.722078810180544206e-01
4.718982224727951147e-01
3.002413086989486057e-01
4.037129997758003297e-01
3.205628025467146536e-01
5.305736701283157997e-01
6.162573238347270888e-01
4.080348955619966245e-01
5.647995718972574908e-01
6.014370840476995772e-01
3.247447709958837248e-01
3.138274878092023878e-01
2.714894760775142801e-01
1.497139676927841945e-01
3.068693046202689567e-01
4.999576687553439758e-01
2.427579760205340331e-01
4.502763376355128355e-01
0.000000000000000000e+00
1.604326383124176081e-01
1.662312132975017620e-01
1.553326922196272275e-01
1.635677466863033613e-01
1.525423728813559143e-01
1.601589472504586498e-01
2.400000000000000189e-01
2.086720867208672059e-01
2.594866071428571508e-01
4.588744588744588793e-01
3.449704142011834618e-01
2.552661035921440780e-01
3.536585365853658347e-01
4.413793103448275801e-01
3.409853198522263540e-01
5.122379816744069281e-01
5.342465753424656683e-01
4.050813403331388618e-01
2.010489510489510412e-01
2.576093529530336657e-01
2.113821138211382233e-01
2.418784350002720629e-01
3.012395603173941283e-01
4.961666425575003703e-01
2.399999999999999911e-01
3.750000000000000000e-01
0.000000000000000000e+00
7.056798623063682829e-02
6.836581709145427010e-02
7.201889020070836867e-02
5.882352941176471200e-02
1.250000000000000000e-01
6.738513264955575677e-02
0.000000000000000000e+00
0.000000000000000000e+00
0.000000000000000000e+00
0.000000000000000000e+00
0.000000000000000000e+00
0.000000000000000000e+00
0.000000000000000000e+00
3.009049773755656521e-01
1.945564516129032195e-01
0.000000000000000000e+00
1.276041666666666574e-01
1.484848484848484695e-01
0.000000000000000000e+00
0.000000000000000000e+00
0.000000000000000000e+00
0.000000000000000000e+00
1.583333333333333259e-01
2.463235294117646912e-01
0.000000000000000000e+00
0.000000000000000000e+00
0.000000000000000000e+00
3.844839683781885453e-01
3.885013848570552097e-01
3.668958222694755911e-01
3.638443556728866990e-01
2.778951353197745000e-01
3.816315449715631525e-01
3.475558458842678555e-01
2.259596548248730130e-01
3.586394145952438439e-01
5.870374148201026321e-01
3.306458387857936776e-01
4.149089943105931377e-01
5.031266377731040684e-01
5.565760220201496633e-01
3.716694251374246249e-01
4.679777909248972190e-01
6.955199056381861089e-01
6.037023350073756900e-01
3.724483840039997662e-01
3.327699275983541649e-01
1.860643040758777622e-01
2.349857390331959450e-01
5.866435934140484809e-01
5.486896744152087724e-01
3.407851057974132236e-01
6.302892402075994660e-01
0.000000000000000000e+00
1.478279219398399014e-01
1.509333260358497186e-01
1.346125443987946368e-01
1.323827151550180936e-01
7.722570623439578563e-02
1.456426361173822348e-01
1.207950660083289551e-01
5.105776560857575030e-02
1.286222297012191984e-01
3.446129263986692504e-01
1.093266707063610815e-01
1.721494735598277925e-01
2.531364136368682294e-01
3.097768682877741764e-01
1.381381615819836928e-01
2.190032127989467448e-01
4.837479391389513661e-01
3.644565092933577111e-01
1.387177987471908402e-01
1.107358247138138657e-01
3.461992525124069769e-02
5.521829754897726594e-02
3.441507056937474496e-01
3.010603588098679229e-01
1.161344883333541023e-01
3.972645263214729661e-01
0.000000000000000000e+00
1.464954746369185323e-01
1.533512064343163506e-01
1.579161579161579010e-01
1.330203442879499542e-01
2.777777777777777901e-01
1.504859958075758508e-01
3.123903123903123968e-01
7.327586206896551102e-02
5.730387963568660536e-01
4.506136065769092425e-01
2.815565729234793535e-01
4.364522456495130154e-01
2.956204379562043516e-01
5.114942528735632044e-01
7.075092096043512635e-01
3.659024260197280554e-01
4.949494949494949170e-01
6.189098415437849221e-01
3.431867339581831100e-01
3.136729222520107663e-01
3.212560386473429785e-01
1.492355095633974837e-01
3.518518518518518601e-01
4.431906614785992016e-01
2.057758620689655316e-01
4.615384615384615641e-01
0.000000000000000000e+00
