3.593608735063962278e-01
3.646746111201866203e-01
3.572241025676520798e-01
3.636410137212378602e-01
4.707055597107953071e-01
3.599924191605121115e-01
4.561263682345903514e-01
2.168259580042131152e-01
5.791942519768776831e-01
4.473506633885024342e-01
2.816922112953305080e-01
4.746968017765714754e-01
4.016592500288581058e-01
5.162217851015715731e-01
5.710426344820753730e-01
3.316983156462776638e-01
5.644719483945889182e-01
4.064768586959425223e-01
4.516562316265387289e-01
2.892055591256719183e-01
3.186172971907507701e-01
1.664520454983168529e-01
2.461819841806029141e-01
5.190450055716573363e-01
2.379502591921773824e-01
4.117751415936285464e-01
0.000000000000000000e+00
1.291566971043508205e-01
1.309719319199761089e-01
1.202546137289920714e-01
1.296944035346097035e-01
2.067796610169491400e-01
1.278125414754786027e-01
3.097628240485383322e-01
3.577235772357724164e-01
2.355623100303951556e-01
6.309523809523809312e-01
2.794348508634223460e-01
2.599369085173501293e-01
3.198529411764705621e-01
3.065134099616858565e-01
4.791750868967747379e-01
3.714223951578036753e-01
3.333333333333333148e-01
2.436954847491626941e-01
2.503628447024673354e-01
2.425360388057662131e-01
2.045454545454545581e-01
2.616565020657092289e-01
1.574019149924454908e-01
4.652466367713005702e-01
3.545454545454544970e-01
3.902439024390244038e-01
0.000000000000000000e+00
8.720596672403900518e-02
8.515742128935531452e-02
8.264462809917355601e-02
7.692307692307692735e-02
1.250000000000000000e-01
8.706966427830614697e-02
0.000000000000000000e+00
0.000000000000000000e+00
0.000000000000000000e+00
1.155303030303030110e-01
0.000000000000000000e+00
1.786666666666666958e-01
0.000000000000000000e+00
1.149524632670700097e-01
3.350694444444444198e-01
1.034482758620689641e-01
1.701388888888888673e-01
0.000000000000000000e+00
0.000000000000000000e+00
0.000000000000000000e+00
0.000000000000000000e+00
0.000000000000000000e+00
0.000000000000000000e+00
0.000000000000000000e+00
0.000000000000000000e+00
0.000000000000000000e+00
0.000000000000000000e+00
3.907044113373108751e-01
3.909587839752957650e-01
3.700243791887910527e-01
3.725036595772861503e-01
3.923093334215303485e-01
3.879953884862588076e-01
4.408619660770277116e-01
3.975086140298423887e-01
4.018869115911271606e-01
6.388234792318907562e-01
2.567460269833271580e-01
4.105966129261874875e-01
4.982356778077479120e-01
4.687463597828462891e-01
3.721249680575143270e-01
3.137048075701109884e-01
5.777897448909121714e-01
4.049151311267864539e-01
4.297732295883309739e-01
3.003835040862010697e-01
1.722229189850055242e-01
2.293106150438571078e-01
4.734331398007785019e-01
5.692480161556604523e-01
3.953342947852533928e-01
5.206159456248035111e-01
0.000000000000000000e+00
1.526499370384346299e-01
1.528487707674420215e-01
1.369180411940502107e-01
1.387589763984707347e-01
1.539066130896454554e-01
1.505404214866028767e-01
1.943592731333023682e-01
1.580130982279261687e-01
1.615130897082544537e-01
4.080954376179378729e-01
6.591852237172336759e-02
1.685895785464573970e-01
2.482387906405459088e-01
2.197231498096695046e-01
1.384769918518060361e-01
9.841070629260036118e-02
3.338409893011053398e-01
1.639562634154226872e-01
1.847050288707842713e-01
9.023024952710478885e-02
2.966073382371577430e-02
5.258335817179202870e-02
2.241389378616235328e-01
3.240433038971551327e-01
1.562892046333536622e-01
2.710409628388084635e-01
0.000000000000000000e+00
2.229004420122079611e-01
2.246648793565683699e-01
2.299552299552299339e-01
2.167449139280125392e-01
3.888888888888888395e-01
2.243149853152610618e-01
4.410217939799191411e-01
1.250067585834009065e-01
5.578935791677732681e-01
3.906024531024530622e-01
3.023596872484677900e-01
4.962944939047542192e-01
3.446870925684485387e-01
4.723038399508988072e-01
5.701085947427989575e-01
3.404380714314055312e-01
5.497907027979730410e-01
3.891690457767461031e-01
4.167025362386647114e-01
3.019800887397629530e-01
3.959574878760827032e-01
1.574965033436776518e-01
3.108786692759295534e-01
4.878790121227871701e-01
1.789896689957721498e-01
4.228815281446859919e-01
0.000000000000000000e+00
