2.727575697734604399e-01
2.759074464787553693e-01
2.701860896590853600e-01
2.773743542677473695e-01
2.897976510541955819e-01
2.734239391902206773e-01
3.076387272120995053e-01
1.436111249658544031e-01
6.595054708387901865e-01
4.824454391516391216e-01
3.348200676127865982e-01
3.279205916085035089e-01
3.428550868769416615e-01
5.399086618377633151e-01
6.948709420136589543e-01
3.611800732168029548e-01
4.867527497389750324e-01
5.461214811542011160e-01
3.496344954860647336e-01
3.548986402107446869e-01
3.671926607031547052e-01
1.639993042040669702e-01
2.546885483826274443e-01
3.932042779596929272e-01
2.507095800512719741e-01
4.310322001724372631e-01
0.000000000000000000e+00
1.337955954880609422e-01
1.375534985567831159e-01
1.259330494115492027e-01
1.331001472754049786e-01
1.322033898305084720e-01
1.319244455949046824e-01
2.857142857142856984e-01
2.178217821782178210e-01
4.871428571428571552e-01
4.496442255062944593e-01
3.564463705308775765e-01
2.328028626583172334e-01
5.620155038759689914e-01
4.413793103448275801e-01
4.374058892420947253e-01
5.307392996108950545e-01
5.199999999999999067e-01
4.542606516290725871e-01
2.015579357351509338e-01
3.986664327074925795e-01
2.388059701492537268e-01
3.109640831758033741e-01
2.266564185490927974e-01
2.898065725185731134e-01
6.239999999999998881e-01
4.298507462686567138e-01
0.000000000000000000e+00
4.589787722317842378e-02
5.007496251874062054e-02
3.305785123966941547e-02
3.393665158371040463e-02
1.250000000000000000e-01
4.165716965724004101e-02
0.000000000000000000e+00
0.000000000000000000e+00
0.000000000000000000e+00
0.000000000000000000e+00
0.000000000000000000e+00
0.000000000000000000e+00
0.000000000000000000e+00
2.046153846153846434e-01
2.805232558139534871e-01
0.000000000000000000e+00
1.175059952038369215e-01
0.000000000000000000e+00
0.000000000000000000e+00
0.000000000000000000e+00
0.000000000000000000e+00
0.000000000000000000e+00
4.285714285714285754e-02
1.709183673469387710e-01
0.000000000000000000e+00
0.000000000000000000e+00
0.000000000000000000e+00
2.921809342890269168e-01
2.947316851696851758e-01
2.737012669793482122e-01
2.807263090971184871e-01
2.264281786951136133e-01
2.893259802080678234e-01
3.548051362627032690e-01
2.393206139166411950e-01
5.562311473989953736e-01
5.706224145858485031e-01
3.395951466733710400e-01
3.840866694191953923e-01
5.859347103405676549e-01
5.740852888311059887e-01
4.070092018007366308e-01
3.541697991613905194e-01
6.836914514489812467e-01
6.126632302435338628e-01
3.705591640183455437e-01
3.712819545969569535e-01
1.900700073907097831e-01
2.491392632999933632e-01
4.947726158463026658e-01
4.048047415971851581e-01
5.417349472417803957e-01
6.226200472489412663e-01
0.000000000000000000e+00
8.536969836200868078e-02
8.686676624296243987e-02
7.491238354610045558e-02
7.880726061929094195e-02
5.126972010718629930e-02
8.370952282335926420e-02
1.258866847183954252e-01
5.727435624543802950e-02
3.093930893368028734e-01
3.256099400277840394e-01
1.153248636441084052e-01
1.475225696255302588e-01
3.433194847818848428e-01
3.295739188522943675e-01
1.656564903504727237e-01
1.254362466380196939e-01
4.674340007844148270e-01
3.753562336924413656e-01
1.373140940379751207e-01
1.378502898093368068e-01
3.612660770950446715e-02
6.207037251766341079e-02
2.447999413913930222e-01
1.638668788195639103e-01
2.934767530630545407e-01
3.876557232362738969e-01
0.000000000000000000e+00
2.087981477583666645e-01
2.028954423592493339e-01
2.124542124542124211e-01
1.917057902973396399e-01
2.500000000000000000e-01
2.086330223219366453e-01
3.003495632291727779e-01
8.212752053771471550e-02
6.120288568137056684e-01
4.621212121212120438e-01
3.373930274971941312e-01
3.231608472238068352e-01
3.056647300068352502e-01
4.983549217420186195e-01
6.627112646923777328e-01
3.469310024484267840e-01
4.122017886049412216e-01
5.503586627808982890e-01
3.154584574644158090e-01
3.444876946258161876e-01
4.322651985695463717e-01
1.510359927885133458e-01
3.056006150877404459e-01
3.937465632209139477e-01
1.744991140793239470e-01
4.043269230769230838e-01
0.000000000000000000e+00
