3.027593820951064441e-01
3.088985565706925396e-01
3.045590493834851031e-01
3.083017213041381321e-01
2.996204881021635180e-01
3.039018969571057882e-01
3.952140508765047411e-01
1.219730612432610301e-01
7.436108582405916989e-01
3.920462033535815904e-01
2.781040845928784977e-01
4.373072709698094807e-01
2.619498811786022952e-01
4.717167519755093297e-01
6.806115557973981822e-01
3.802860258713123831e-01
3.989946432349089078e-01
5.298484454612466532e-01
3.582619307993005764e-01
3.473295667726120639e-01
3.430754052298653489e-01
1.949056218143260522e-01
2.568556048398494829e-01
3.894945144042581964e-01
2.773743921341046414e-01
4.359877825788651684e-01
0.000000000000000000e+00
1.200986376287904583e-01
1.291057031949835732e-01
1.166826945093190487e-01
1.180964653902798200e-01
2.033898305084745617e-01
1.192276265038572786e-01
3.746981891348088456e-01
2.750000000000000222e-01
3.240418118466898978e-01
3.631380609797875691e-01
3.237924865831842691e-01
2.355919824943351060e-01
2.357723577235772416e-01
2.584653619136377811e-01
5.527116768123964130e-01
3.830951188504064242e-01
2.288732394366196909e-01
3.823591032893358110e-01
2.113682777399591428e-01
3.126693766937669317e-01
1.960784313725490169e-01
2.765296084989179448e-01
1.364936871669685248e-01
2.799714274375967871e-01
2.203389830508474256e-01
2.976744186046511587e-01
0.000000000000000000e+00
1.055651176133103747e-01
1.010494752623688069e-01
8.736717827626919175e-02
9.276018099547511664e-02
1.250000000000000000e-01
9.765273645682223669e-02
1.333333333333333315e-01
0.000000000000000000e+00
0.000000000000000000e+00
8.298655569782328878e-02
0.000000000000000000e+00
2.427536231884058204e-01
0.000000000000000000e+00
2.944106253458771971e-01
3.769531250000000000e-01
1.801801801801801717e-01
1.390070921985815389e-01
8.305084745762711385e-02
0.000000000000000000e+00
0.000000000000000000e+00
0.000000000000000000e+00
3.534303534303534500e-02
4.830508474576271361e-02
0.000000000000000000e+00
0.000000000000000000e+00
6.161971830985914916e-02
0.000000000000000000e+00
2.882425301803092643e-01
2.976129546252218594e-01
2.782933944341649535e-01
2.731205438465720281e-01
3.111047943608358235e-01
2.864055506074250634e-01
3.890680319505204210e-01
2.654101130353337945e-01
4.860625825097694697e-01
4.684187115269907165e-01
3.174960262279233891e-01
3.792491430613655345e-01
3.739612616214558205e-01
3.395522213509525877e-01
4.369861681785928154e-01
2.877932058415278993e-01
3.696459170290474772e-01
5.744451749740840940e-01
3.698935545710141937e-01
3.235158160848406461e-01
1.885516557415156114e-01
2.470495655322635653e-01
4.636073244219544587e-01
4.762458277352511482e-01
3.345058871079016338e-01
5.289516684287420833e-01
0.000000000000000000e+00
8.308375620474649226e-02
8.857347076075437753e-02
7.744721338568973101e-02
7.459483147104727097e-02
9.678619307429793539e-02
8.202813941874233239e-02
1.513739334858511532e-01
7.044252810142863364e-02
2.362568341160664054e-01
2.194160893086061770e-01
1.008037266705222174e-01
1.438299125127800726e-01
1.398470251935109154e-01
1.152957110243662542e-01
1.909569111794093554e-01
8.282492932854404466e-02
1.366381039762454563e-01
3.299872590510061765e-01
1.368212417131798309e-01
1.046624832570404451e-01
3.555172688286700744e-02
6.103348782968018998e-02
2.149317512576833511e-01
2.268100884352345914e-01
1.118941885098442418e-01
2.797898675335497853e-01
0.000000000000000000e+00
2.327930961902757445e-01
2.424664879356568381e-01
2.344322344322344320e-01
2.300469483568075568e-01
2.222222222222222099e-01
2.352949707936908275e-01
3.758445945945945721e-01
4.604704673398266057e-02
7.296125201121302917e-01
3.782945736434107920e-01
2.402876946179891560e-01
4.419001412898190262e-01
2.413793103448275690e-01
4.784852634324465170e-01
6.441632862153271466e-01
3.698658661437818074e-01
3.590177133655394481e-01
5.684358875188394444e-01
3.495092972563628164e-01
3.357280781462971264e-01
3.835535346602607643e-01
1.969036447328601780e-01
3.245833333333333348e-01
3.785555045243448324e-01
2.651868133963991570e-01
4.261501210653753091e-01
0.000000000000000000e+00
