3.102067758419894128e-01
3.144908888178811757e-01
3.099113786004470406e-01
3.135801863247029697e-01
3.528970410236204058e-01
3.111478946580002458e-01
3.068122349627621093e-01
1.797511035268531121e-01
6.183990098327232232e-01
4.346279434701411648e-01
2.747522021433702610e-01
4.217041235861510584e-01
4.084135221715947672e-01
5.179736066213016521e-01
5.238600369590935557e-01
4.015548198948202807e-01
4.769487558980013975e-01
4.488692591917495811e-01
4.415636358052532628e-01
2.948317487073754406e-01
4.089151874987707047e-01
2.429984645882136141e-01
2.411661400233939545e-01
4.762260455424547345e-01
2.383508596003150182e-01
4.170709004725268176e-01
0.000000000000000000e+00
5.191415596464671323e-01
5.197944660097542080e-01
5.229198149929019657e-01
5.081921944035345806e-01
4.033898305084745450e-01
5.217818815539340127e-01
2.832929782082324599e-01
3.055555555555555802e-01
3.336594911937377783e-01
5.273631840796019210e-01
2.405281285878300424e-01
4.490966446802408529e-01
3.403755868544600660e-01
4.996746909564085959e-01
3.874400479616307291e-01
7.006773310275256073e-01
4.642857142857142461e-01
5.002953773445576457e-01
3.969428007889546084e-01
4.864754307920438059e-01
3.037974683544303889e-01
5.049200225410724885e-01
2.285382937402781200e-01
4.948198546466677228e-01
4.457142857142856740e-01
3.862068965517241881e-01
0.000000000000000000e+00
5.335628227194491591e-02
5.097451274362818641e-02
4.014167650531286907e-02
4.072398190045248972e-02
1.250000000000000000e-01
4.703800597046142035e-02
0.000000000000000000e+00
0.000000000000000000e+00
0.000000000000000000e+00
0.000000000000000000e+00
0.000000000000000000e+00
0.000000000000000000e+00
0.000000000000000000e+00
0.000000000000000000e+00
0.000000000000000000e+00
9.803921568627450844e-02
6.117353308364543996e-02
0.000000000000000000e+00
0.000000000000000000e+00
0.000000000000000000e+00
0.000000000000000000e+00
0.000000000000000000e+00
0.000000000000000000e+00
0.000000000000000000e+00
0.000000000000000000e+00
0.000000000000000000e+00
0.000000000000000000e+00
4.652905040598695474e-01
4.658045368298359135e-01
4.601439232973592031e-01
4.321344855695419818e-01
3.284387880439869067e-01
4.654225048091468753e-01
3.187056568839716220e-01
3.203135757589079535e-01
4.142026585203649747e-01
4.900536814616924253e-01
2.646063776549534285e-01
4.159133910593601491e-01
4.283580350792106639e-01
5.450085409225092770e-01
3.393214523223431200e-01
3.622475065705301200e-01
5.227367013151814623e-01
5.030702201048860012e-01
4.252183096087925884e-01
3.291160035775131387e-01
1.737509560942948339e-01
2.996636163281274912e-01
3.971320740763916168e-01
4.772199511331147725e-01
3.961823937479070912e-01
5.274017824529062537e-01
0.000000000000000000e+00
2.164952531682874659e-01
2.169738665312579695e-01
2.117324301474860226e-01
1.867402136184527217e-01
1.078720374918029495e-01
2.166181079828203571e-01
1.015732957298438738e-01
1.026007868154576452e-01
1.715638423253380562e-01
2.401526107141578881e-01
7.001653509567584699e-02
1.729839488624962118e-01
1.834906062169222307e-01
2.970343096784823778e-01
1.151390480061441485e-01
1.312232560165662310e-01
2.732536589018772499e-01
2.530796463563784737e-01
1.808106108265589984e-01
1.083173438108336745e-01
3.018939474368156906e-02
8.979828295085119649e-02
1.577138842602166247e-01
2.277388817594925008e-01
1.569604891158216942e-01
2.781526401345025823e-01
0.000000000000000000e+00
2.336350242054304471e-01
2.382841823056300323e-01
2.311762311762311506e-01
2.347417840375586873e-01
3.333333333333333148e-01
2.389005767864621488e-01
2.957465662383694793e-01
1.042944785276073705e-01
6.307549341194281789e-01
4.236111111111111049e-01
2.873816597346008916e-01
4.197172953523135019e-01
3.857142857142857317e-01
4.885229540918164526e-01
5.396774374595010304e-01
3.892005610098175916e-01
4.349112426035502965e-01
4.555534705992733135e-01
4.210526315789474006e-01
2.825112107623318214e-01
4.606815203145478432e-01
2.359021088258266285e-01
3.061983471074380403e-01
4.568584488685731859e-01
1.758768051871500426e-01
3.947368421052631637e-01
0.000000000000000000e+00
