3.413186907569781825e-01
3.442042986074402844e-01
3.270717472510241142e-01
3.486920755557391671e-01
2.566734583344079668e-01
3.366142752493060386e-01
5.298956630025180026e-01
1.197128891622043362e-01
5.154596020506199139e-01
4.091137758133525093e-01
3.505255658861270440e-01
4.901422407160974659e-01
3.835184841954088486e-01
3.031827111055648283e-01
3.029449391529034363e-01
5.270069970718607166e-01
4.021966365358510265e-01
2.179457164373487521e-01
6.642793979133858606e-01
2.646648238430819866e-01
5.674955455068810828e-01
1.588823595963395341e-01
1.926889056511864873e-01
6.158219987182104171e-01
3.707276302293954773e-01
4.324895835216663320e-01
0.000000000000000000e+00
5.912886371404854069e-01
6.133174081815467860e-01
5.648211750698356459e-01
6.308910162002945299e-01
2.474576271186440524e-01
5.909888407674379618e-01
4.000000000000000222e-01
2.767295597484276670e-01
2.506738544474393926e-01
4.453781512605042292e-01
4.408284023668639362e-01
2.695029414272316348e-01
2.843137254901960675e-01
3.029073698444895157e-01
4.384221436410194461e-01
5.484776766015484473e-01
5.555555555555554692e-01
3.064362439362439128e-01
3.505079825834542806e-01
3.276203032300593621e-01
5.454545454545454142e-01
2.995981001096090779e-01
1.711341305010097846e-01
5.389789582614694652e-01
3.319148936170212005e-01
3.398230088495575174e-01
0.000000000000000000e+00
6.884681583476763567e-02
6.986506746626686137e-02
5.312868949232584653e-02
5.429864253393665990e-02
1.250000000000000000e-01
6.337021578935828070e-02
1.635220125786163436e-01
0.000000000000000000e+00
0.000000000000000000e+00
0.000000000000000000e+00
0.000000000000000000e+00
0.000000000000000000e+00
0.000000000000000000e+00
0.000000000000000000e+00
0.000000000000000000e+00
1.829268292682926789e-01
1.033755274261603241e-01
0.000000000000000000e+00
0.000000000000000000e+00
0.000000000000000000e+00
0.000000000000000000e+00
0.000000000000000000e+00
0.000000000000000000e+00
0.000000000000000000e+00
0.000000000000000000e+00
0.000000000000000000e+00
0.000000000000000000e+00
7.642565950176187783e-01
7.868536087324585759e-01
7.246578046158302921e-01
7.587549215654854073e-01
2.780120792035992161e-01
7.603381397989457113e-01
4.485694640860576898e-01
2.693742740592728890e-01
3.639032304374614779e-01
5.137575178131882359e-01
3.478982352127507061e-01
3.803656094744611860e-01
4.269406438959430505e-01
4.229028242259123549e-01
3.563004087828410271e-01
3.616787324362926159e-01
5.636745376582432687e-01
4.183153379271461469e-01
4.996930637073866976e-01
3.228717562026957588e-01
3.115871874182386536e-01
2.441221568495301752e-01
4.020006472781939566e-01
5.372417474975751395e-01
4.516645305795767285e-01
5.627891290482986975e-01
0.000000000000000000e+00
5.840881430279246667e-01
6.191386015752928795e-01
5.251289337906349663e-01
5.757090309998460498e-01
7.729071618310832947e-02
5.781140868329212035e-01
2.012145641104530203e-01
7.256249952496024447e-02
1.324255611228201679e-01
2.639467871095684814e-01
1.210331820641464134e-01
1.446779968708782893e-01
1.822783134102824443e-01
1.788467987382529045e-01
1.269499812988195975e-01
1.308115054967233792e-01
3.177289844042342493e-01
1.749877219451025367e-01
2.496931579172744498e-01
1.042461709534130004e-01
9.708657536320856873e-02
5.959562746486660872e-02
1.616045204120868939e-01
2.886286952542483908e-01
2.040008481836694254e-01
3.167316037749426938e-01
0.000000000000000000e+00
2.096400757735213671e-01
2.108310991957104696e-01
1.990231990231989823e-01
2.128325508607198935e-01
2.222222222222222099e-01
2.086860155014239049e-01
5.207845912974117253e-01
0.000000000000000000e+00
5.345227911523890985e-01
3.902861147983256451e-01
3.321335146155325324e-01
5.379416216454326882e-01
3.665833879423329167e-01
2.825653120464440837e-01
2.784431946020621274e-01
5.417035809342187758e-01
3.298452562151191758e-01
2.205456340821675409e-01
6.467996332815687532e-01
2.444966426445630836e-01
5.799764446299719989e-01
1.493707962631060371e-01
2.777990558475104677e-01
6.028498480791553149e-01
3.626076749701534485e-01
4.261805915931499711e-01
0.000000000000000000e+00
