3.136419119432171110e-01
3.091624156613563268e-01
2.923648746859361935e-01
2.933865524749786902e-01
3.048458843443687671e-01
3.036888170244714802e-01
3.121429374283130609e-01
2.324360564098161830e-01
3.939616108434854658e-01
3.406784558034157695e-01
5.303053017935490665e-01
4.061849747739924021e-01
4.628600299744807800e-01
6.093647930522895217e-01
5.272015071640365758e-01
4.764746980185989300e-01
4.537507858252299853e-01
4.192419437484030675e-01
3.974781062026676026e-01
2.543369366241909346e-01
3.735087065452135091e-01
2.144538200226798752e-01
2.565112074411245446e-01
4.570066276992195142e-01
3.015277999474104687e-01
4.651198392170118323e-01
0.000000000000000000e+00
1.497143415205820782e-01
1.429033542350950647e-01
1.382515913358061954e-01
1.329160530191457745e-01
8.813559322033898136e-02
1.437466748461048716e-01
2.266343825665859679e-01
3.793103448275862433e-01
1.527093596059113378e-01
3.849878934624697546e-01
4.483173076923077094e-01
1.955835962145110185e-01
4.166666666666666852e-01
3.955757970071567819e-01
3.350368485699245502e-01
4.948929961089493790e-01
2.988505747126436463e-01
3.326135413764279014e-01
1.913831360946745275e-01
2.499371385466431783e-01
3.414634146341463672e-01
2.727322196223539996e-01
1.408074027519623517e-01
3.513773222293402054e-01
2.799999999999999711e-01
2.790190735694823010e-01
0.000000000000000000e+00
1.348250143430866355e-01
1.313343328335832005e-01
1.286894923258559698e-01
1.538461538461538547e-01
1.250000000000000000e-01
1.383684532989456761e-01
0.000000000000000000e+00
0.000000000000000000e+00
6.574675324675326171e-02
0.000000000000000000e+00
1.634146341463414698e-01
1.094771241830065495e-01
0.000000000000000000e+00
2.109436954797779817e-01
0.000000000000000000e+00
2.100840336134454089e-01
1.540880503144654023e-01
0.000000000000000000e+00
0.000000000000000000e+00
0.000000000000000000e+00
2.588555858310626762e-02
6.649282920469361258e-02
5.588235294117647328e-02
1.536697247706422242e-01
0.000000000000000000e+00
1.098901098901099022e-01
0.000000000000000000e+00
3.961007094526881045e-01
3.805161985397852442e-01
3.675974271534469540e-01
3.387813772527127343e-01
1.825255069568406108e-01
3.818039124427803910e-01
3.276401757042057272e-01
4.704297592824489560e-01
3.189630225583907630e-01
6.752420933159916094e-01
4.833732556607966968e-01
3.615152462369106701e-01
7.654205338923433244e-01
6.120839725611854076e-01
5.091999470974947206e-01
4.153966835881349184e-01
4.803604566086803751e-01
6.029628774760775745e-01
4.776540384566301811e-01
3.200304999985654208e-01
2.654234079742360253e-01
2.375621079474664610e-01
4.505383719741147819e-01
4.902072147481951192e-01
4.327740511882959829e-01
5.969208127378263784e-01
0.000000000000000000e+00
1.568957720289228530e-01
1.447925773511692660e-01
1.351278684498337379e-01
1.147728215732448931e-01
3.331556068985166985e-02
1.457742275566143164e-01
1.073480847354827961e-01
2.213041584185428401e-01
1.017374097595844934e-01
4.559518845857624125e-01
2.336497042881179875e-01
1.306932732617341331e-01
5.858685937040398750e-01
3.746467894662819376e-01
2.592845861240913874e-01
1.725544047360210720e-01
2.307461682732999120e-01
3.635642316142314590e-01
2.281533804539279953e-01
1.024195209293318060e-01
7.044958550065774650e-02
5.643575513244371289e-02
2.029848246210858298e-01
2.403031133911830985e-01
1.872933793819298587e-01
3.563144566795871659e-01
0.000000000000000000e+00
1.837507893075141785e-01
1.821983914209115429e-01
1.623931623931623713e-01
1.697965571205007906e-01
2.777777777777777901e-01
1.801779018950963318e-01
3.190666673912871398e-01
5.953726017405482074e-02
4.162722521588730351e-01
2.426750668686152024e-01
4.594844833475518198e-01
4.857848586266870772e-01
2.574340700559755168e-01
5.669749869723814673e-01
6.040519470522109913e-01
4.477908393884698079e-01
4.001666666666666705e-01
4.484085933847316019e-01
3.390805125277001064e-01
2.325083426028921041e-01
3.587333650190113743e-01
2.135470487596236033e-01
3.156518731988472992e-01
4.322194309937021917e-01
2.755926724137931494e-01
4.389836574018847193e-01
0.000000000000000000e+00
