3.372390975514588662e-01
3.406100130778363932e-01
3.305937969365366214e-01
3.429832578480952465e-01
3.510346546995761208e-01
3.366455780309724477e-01
3.390254370055602040e-01
1.159742237641424312e-01
6.016110754851625719e-01
4.444480635550173142e-01
3.345434036920846843e-01
2.992283642293547818e-01
3.541237796812059524e-01
5.486927247903095051e-01
7.346941315248225468e-01
3.948675586202254895e-01
4.878186112234129679e-01
5.792891515246315626e-01
3.113733550833551744e-01
3.443158998171929053e-01
3.685591072929751411e-01
1.580081877909471910e-01
2.716197446900330270e-01
3.702774785810504232e-01
2.610513285522629845e-01
4.394509066535262076e-01
0.000000000000000000e+00
2.367791396064261034e-01
2.443017816263561293e-01
2.219627238173741690e-01
2.522091310751104487e-01
2.542372881355932090e-01
2.363007645290264302e-01
2.875576036866359653e-01
1.929824561403508942e-01
2.663802363050483124e-01
4.453781512605042292e-01
2.127791563275434339e-01
1.644525625672735025e-01
3.613707165109033559e-01
4.045977011494252262e-01
5.378372302158274110e-01
5.574156184960638027e-01
2.626262626262625965e-01
6.423089756423088215e-01
1.809440559440559371e-01
3.513609049133969986e-01
3.030303030303030387e-01
3.025575447570332255e-01
2.729323365568536164e-01
3.505911129229515311e-01
2.236559139784946026e-01
4.085106382978723194e-01
0.000000000000000000e+00
9.810671256454388256e-02
1.061469265367316200e-01
8.500590318772136000e-02
8.144796380090499333e-02
1.250000000000000000e-01
8.980552600584873479e-02
0.000000000000000000e+00
0.000000000000000000e+00
0.000000000000000000e+00
0.000000000000000000e+00
0.000000000000000000e+00
0.000000000000000000e+00
0.000000000000000000e+00
0.000000000000000000e+00
2.365196078431372473e-01
1.499999999999999944e-01
1.519379844961240289e-01
1.719298245614034881e-01
0.000000000000000000e+00
0.000000000000000000e+00
0.000000000000000000e+00
0.000000000000000000e+00
4.285714285714285754e-02
1.610576923076923184e-01
0.000000000000000000e+00
0.000000000000000000e+00
0.000000000000000000e+00
5.321922333228967794e-01
5.391336444490456570e-01
5.021731936499381765e-01
5.198471407697997648e-01
4.109878137263222597e-01
5.296181031416367091e-01
3.773160683451617925e-01
2.297994525275560695e-01
4.303878659693418651e-01
5.064135739230726241e-01
2.829182588193523973e-01
3.737856237018461480e-01
4.916788157513263813e-01
6.378719269535111369e-01
4.089452084436616119e-01
4.029217037291039083e-01
4.303900675190731606e-01
6.799226932855664263e-01
3.365216124365488781e-01
4.213316754843242640e-01
2.164364208023039637e-01
2.477428856247680666e-01
5.994638283367139664e-01
4.576495857232670272e-01
3.727091090891774816e-01
6.170394434333843492e-01
0.000000000000000000e+00
2.832285732092126307e-01
2.906650865769100367e-01
2.521779164205782964e-01
2.702410497665360123e-01
1.689109830315421446e-01
2.804953351753453061e-01
1.423674154314508167e-01
5.280778838196448222e-02
1.852337151736441756e-01
2.564547078535393543e-01
8.004274117337407957e-02
1.397156924861781002e-01
2.417480578586267137e-01
4.068805951953853306e-01
1.672361835090298010e-01
1.623458993359637448e-01
1.852356102190723663e-01
4.622948688446985033e-01
1.132467956368947981e-01
1.775203807664279543e-01
4.684472424971199145e-02
6.137653737768691137e-02
3.593568814841092696e-01
2.094431433126780207e-01
1.389120799980484156e-01
3.807376747525806349e-01
0.000000000000000000e+00
1.717533150915596663e-01
1.726541554959785396e-01
1.668701668701668417e-01
1.658841940532081449e-01
2.222222222222222099e-01
1.770607714824002088e-01
3.137722568303329962e-01
0.000000000000000000e+00
6.521727253775762012e-01
4.426548672566371079e-01
3.479938271604938183e-01
3.123961117841346224e-01
3.477996461742591250e-01
5.012691930538833995e-01
7.271449285233887450e-01
3.622330514716577965e-01
4.796743295019156861e-01
5.783842099868126141e-01
2.904117705144663164e-01
3.266447368421052655e-01
3.821008135922207560e-01
1.418039149277606770e-01
3.015112571577303613e-01
3.525504764020122028e-01
2.276510435564778612e-01
4.191353960939214751e-01
0.000000000000000000e+00
