1.000000000000000000e+00
1.000000000000000000e+00
1.000000000000000000e+00
9.999999999999998890e-01
1.000000000000000000e+00
1.000000000000000222e+00
2.790778636596942808e-01
2.217570965659335924e-01
6.282484604583143950e-01
3.403105863663698494e-01
3.449781064112861229e-01
4.590173326878128623e-01
3.070262496897438464e-01
5.611688377834495034e-01
4.968449092363000363e-01
3.190314270561264709e-01
3.756733101391675489e-01
7.039702781505506879e-01
4.183539071469599691e-01
3.221169854012932987e-01
2.988869108360349136e-01
2.820122907589149297e-01
3.270293212867454447e-01
3.852759016635154410e-01
2.232346506242915973e-01
4.790302840245075355e-01
0.000000000000000000e+00
4.127154646222960244e-01
3.978177565442420627e-01
3.994138388972843789e-01
3.923969072164948391e-01
2.915254237288135708e-01
4.086963167887452397e-01
2.208494208494208577e-01
2.591623036649214895e-01
2.277102330293819810e-01
3.274131274131274472e-01
2.183009298393913944e-01
2.208652546191978150e-01
2.369281045751633896e-01
2.193601994183630999e-01
3.021029573529226409e-01
2.624442773218236269e-01
2.160979877515310510e-01
3.726394032516480714e-01
1.911357340720221676e-01
2.110884765732533308e-01
1.141304347826086890e-01
3.796691198702374925e-01
2.341132508435114779e-01
2.587169396906744967e-01
1.174537987679671325e-01
2.851485148514851242e-01
0.000000000000000000e+00
1.000000000000000000e+00
1.000000000000000000e+00
1.000000000000000000e+00
1.000000000000000000e+00
1.000000000000000000e+00
9.999999999999998890e-01
1.010689990281826989e-01
0.000000000000000000e+00
3.379694019471488620e-01
5.398912631179668409e-02
1.429333333333333289e-01
2.414414414414414733e-01
5.609418282548476326e-02
4.353518821603928335e-01
2.180980528511822225e-01
2.156334231805930035e-01
1.277705345501955747e-01
3.728260869565216962e-01
1.216216216216216284e-01
2.623906705539358689e-02
1.194467728415758573e-01
1.787084932421158234e-01
2.021276595744680993e-01
2.887931034482758563e-01
0.000000000000000000e+00
1.333333333333333315e-01
0.000000000000000000e+00
6.681859372588833113e-01
6.443430343792473369e-01
6.483265798394465262e-01
5.958540457686889447e-01
4.178138298467645728e-01
6.604784523747694314e-01
2.503992232902178539e-01
2.448759094611692722e-01
2.606334103277208603e-01
3.517776577075988342e-01
1.606739347672370699e-01
3.465731559333187217e-01
3.024832705667420685e-01
2.627429841495662055e-01
3.304538947872138199e-01
1.692314551822289848e-01
2.860917144959477243e-01
4.325511219099781313e-01
2.580884622667485306e-01
2.093459845527088636e-01
7.757704646773974644e-02
2.157232942991780811e-01
4.277844538927775830e-01
2.672865715896425298e-01
1.601557165384051296e-01
4.441867525773287584e-01
0.000000000000000000e+00
4.464724467505323258e-01
4.151779459530558491e-01
4.203273541263142787e-01
3.550420438589150240e-01
1.745683964112211273e-01
4.362317860513705847e-01
6.269977102434438898e-02
5.996421103443476397e-02
6.792977457905811922e-02
1.237475204622445896e-01
2.581611331358635644e-02
1.201129524135804011e-01
9.149612897275286039e-02
6.903387571981918491e-02
1.091997765800389597e-01
2.863928542309477146e-02
8.184846910323084757e-02
1.871004730655807802e-01
6.660965435521486178e-02
4.382574124834302115e-02
6.018198138657851470e-03
4.653653970328979622e-02
1.829995389923419757e-01
7.144211135214510733e-02
2.564985353992997250e-02
1.973018711651930712e-01
0.000000000000000000e+00
1.000000000000000000e+00
9.999999999999998890e-01
1.000000000000000000e+00
9.999999999999998890e-01
1.000000000000000000e+00
9.999999999999998890e-01
2.748501422377099268e-01
1.842831962397179779e-01
6.086132753797424133e-01
3.531144065075093041e-01
3.601500507019513297e-01
4.617204602299582739e-01
2.738035990422190147e-01
5.884675621661094036e-01
5.334390234099080086e-01
3.216620629310453783e-01
3.571225535458874001e-01
7.262369544657059084e-01
4.078764342495758144e-01
3.152869137049428283e-01
3.471750879839115567e-01
2.743867432150313146e-01
3.580430988694134897e-01
3.609181475124290106e-01
2.450685330850556065e-01
4.728623498425971183e-01
0.000000000000000000e+00
