2.481707384529826810e-01
2.583376857851735209e-01
2.533004770534812988e-01
2.861300657333230579e-01
3.350785340314136329e-01
2.547790225796565666e-01
7.895334450869067044e-01
3.724095589505602155e-01
4.902564563864782454e-01
3.669977143270625186e-01
1.342255150905209693e-01
6.172989934979162818e-01
3.954673667710291163e-01
1.504292591217178954e-01
1.739210263428652148e-01
3.787524673003939135e-01
3.767281599555595828e-01
1.301336572087496146e-01
8.042309556754864142e-01
3.310318668899001615e-01
8.096192904226183762e-01
1.851996208716822356e-01
2.544213451748952304e-01
4.842861157016415952e-01
4.072428192083831222e-01
2.054597538251109468e-01
0.000000000000000000e+00
7.900776405097904853e-02
8.268637404200258889e-02
8.174199752713284806e-02
9.039027982326951205e-02
8.813559322033898136e-02
8.202869260849107724e-02
5.383022774327121951e-01
4.583333333333333703e-01
2.697606961566352823e-01
3.655172413793103536e-01
1.509875259875259890e-01
2.630126182965299431e-01
3.276836158192090176e-01
1.252139887503057047e-01
2.624345977763243853e-01
5.307392996108950545e-01
2.850877192982455566e-01
1.787418259380875729e-01
4.975961538461538547e-01
5.529821684771468737e-01
5.000000000000000000e-01
5.694651395529856108e-01
1.828512205504043697e-01
6.165919282511210797e-01
3.409836065573770281e-01
2.055045871559633142e-01
0.000000000000000000e+00
5.851979345955249379e-02
6.056971514242877330e-02
4.958677685950412667e-02
9.049773755656109753e-02
1.250000000000000000e-01
6.120195086726464700e-02
5.416666666666666297e-01
0.000000000000000000e+00
0.000000000000000000e+00
3.106697224344283012e-02
0.000000000000000000e+00
2.087227414330218023e-01
0.000000000000000000e+00
0.000000000000000000e+00
0.000000000000000000e+00
8.474576271186440302e-02
7.890499194847019893e-02
0.000000000000000000e+00
2.803738317757009102e-01
0.000000000000000000e+00
1.952054794520547976e-01
0.000000000000000000e+00
4.672131147540983798e-02
0.000000000000000000e+00
0.000000000000000000e+00
0.000000000000000000e+00
0.000000000000000000e+00
2.282003606159862807e-01
2.330080994508283432e-01
2.216474607349398496e-01
2.364631254233332813e-01
1.689019760311439022e-01
2.299360859242726152e-01
5.288235872774388335e-01
4.797516198355628037e-01
3.988980162173066946e-01
4.519523734122596892e-01
2.232379748709715783e-01
4.197930291878442244e-01
4.953661726267251653e-01
2.446050520987224086e-01
2.674627178418780837e-01
3.651832567183441181e-01
3.985671425177144123e-01
3.411482971529354868e-01
6.619907437636464165e-01
4.576987323340643843e-01
3.398572608040230092e-01
3.422489646288747189e-01
4.829504099415737883e-01
5.542741248766300810e-01
4.575225873965200751e-01
3.822229821305176967e-01
0.000000000000000000e+00
5.207540458526618149e-02
5.429277440968710566e-02
4.912759685024670198e-02
5.591480968497105491e-02
2.852787750722511270e-02
5.287060361017448945e-02
2.796543864609789543e-01
2.301616167348463360e-01
1.591196273421026375e-01
2.042609478329746042e-01
4.983519342449253819e-02
1.762261873547061874e-01
2.453876449828504280e-01
5.983163151221869425e-02
7.153630543536404485e-02
1.333588109874160321e-01
1.588557670947360889e-01
1.163821606503475797e-01
4.382317448287457173e-01
2.094881295802095700e-01
1.155029577212137171e-01
1.171343537895367243e-01
2.332410984627341644e-01
3.072198055077541845e-01
2.093269179780063716e-01
1.460944080687460456e-01
0.000000000000000000e+00
1.976426015575668271e-01
2.085790884718498606e-01
1.994301994301994063e-01
2.300469483568075568e-01
3.333333333333333148e-01
2.075786122380705589e-01
7.516812214001135084e-01
2.775926419621434493e-01
5.124030479582452058e-01
3.672647527910685161e-01
1.643751263003278562e-01
6.603233613298287175e-01
3.682122489461938653e-01
1.392831952036677756e-01
1.654226476437615501e-01
3.884174848059840368e-01
3.283164983164982842e-01
1.397627599861993586e-01
6.804916803542098158e-01
2.844270844892252126e-01
8.974375318714942207e-01
1.724575796432084029e-01
3.272259703943718456e-01
4.929610775240020892e-01
3.846277795681598000e-01
1.946575731741972404e-01
0.000000000000000000e+00
