2.784527315584395257e-01
2.751438060063134960e-01
2.453539317676861897e-01
2.687409874687734512e-01
2.991772625280478826e-01
2.679119379706772497e-01
2.412297524703582718e-01
1.531728806552463684e-01
2.701663075217294319e-01
1.656575269058338518e-01
3.672591082793701389e-01
2.482270642739340394e-01
6.666957799284343178e-01
8.483485226952426350e-01
5.620062281465714182e-01
4.098677165524212129e-01
4.880600662360597419e-01
6.887991369897300542e-01
1.813928352778291231e-01
6.227447308460781761e-01
2.753721288893010155e-01
2.432171146348265922e-01
3.410780426563079226e-01
1.619026507875796494e-01
2.726030253270146364e-01
7.430327503177204251e-01
0.000000000000000000e+00
3.071439035109136198e-02
3.056882651537772347e-02
2.605669276915327168e-02
3.028350515463917869e-02
2.372881355932203451e-02
2.948472617189600714e-02
1.256713211600429536e-01
7.189542483660131544e-02
8.683473389355743366e-02
1.237161531279178245e-01
2.345360824742267758e-01
7.703802091980739564e-02
2.843137254901960675e-01
3.071453963739779747e-01
2.388198463785362602e-01
3.415299450439246987e-01
2.124183006535947660e-01
4.984764175940645803e-01
8.979178716020820572e-02
4.037109082747268873e-01
8.270676691729322849e-02
2.132960946448464734e-01
1.855853583949656493e-01
7.882206093107117784e-02
1.340206185567009989e-01
3.337423312883435744e-01
0.000000000000000000e+00
2.730923694779116007e-01
2.734632683658170804e-01
2.798110979929161468e-01
3.122171945701358031e-01
5.000000000000000000e-01
2.799895487955926798e-01
1.699346405228757961e-01
0.000000000000000000e+00
2.385861561119293484e-01
3.402119353039598226e-02
2.466257668711656637e-01
2.878006872852233999e-01
4.567669172932330435e-01
1.000000000000000000e+00
4.730392156862744946e-01
2.760736196319018565e-01
2.456140350877192569e-01
4.041237113402061376e-01
0.000000000000000000e+00
3.711340206185567148e-01
1.165644171779141175e-01
1.917293233082706660e-01
2.785714285714285809e-01
2.463235294117646912e-01
1.503067484662576891e-01
5.263157894736841813e-01
0.000000000000000000e+00
1.083779636089735599e-01
1.075002405018765372e-01
8.312493537915013886e-02
9.450202698427240255e-02
4.970142489683453124e-02
9.910215500368983743e-02
1.997388217666483945e-01
1.560921379086079863e-01
1.166876882881811711e-01
2.917977947315120169e-01
4.177106035450799393e-01
1.838919861773121445e-01
4.972627848622153124e-01
2.850886610765807072e-01
3.076442381678382021e-01
3.583167795864044547e-01
4.147817781329306563e-01
1.000000000000000000e+00
2.876424197516435632e-01
5.142915959018078409e-01
9.781396468560778212e-02
1.523669777906220824e-01
7.066849876572088851e-01
1.244782364524653351e-01
2.373948946714761754e-01
5.322453100802679860e-01
0.000000000000000000e+00
1.174578299602799941e-02
1.155630170796129695e-02
6.909754881787888957e-03
8.930633104136151412e-03
2.470231636775683214e-03
9.821237126375366791e-03
3.989559692072894292e-02
2.436475551687989488e-02
1.361601659803973220e-02
8.514595301017360840e-02
1.744821483139949447e-01
3.381626258023674725e-02
2.472702772089257484e-01
8.127554467443746933e-02
9.464497727786952419e-02
1.283909145331719459e-01
1.720439234711157450e-01
1.000000000000000000e+00
8.273816164058070410e-02
2.644958456152284310e-01
9.567571687517324730e-03
2.321569592104792343e-02
4.994036717800694469e-01
1.549483135031587237e-02
5.635633601608126819e-02
2.832850701024406392e-01
0.000000000000000000e+00
3.435066301831193325e-01
3.347989276139409776e-01
2.926332926332926299e-01
3.067292644757433906e-01
3.888888888888888395e-01
3.262957514175022222e-01
2.560621069491476054e-01
1.396790946438260517e-01
2.477092956482901120e-01
1.783864534814073310e-01
3.052153432700387969e-01
2.741299259194162063e-01
5.094198659161344178e-01
8.230332010104655094e-01
6.449005018634805797e-01
3.891399513965178025e-01
4.529863175426390165e-01
4.799354348154049044e-01
1.475571637334434083e-01
5.353825740822644175e-01
3.821507984637153577e-01
2.595376257793691188e-01
2.866130988477865738e-01
1.843250600421466601e-01
2.169095405857442704e-01
7.014352132605619072e-01
0.000000000000000000e+00
