3.041888706565254452e-01
3.063334875660165824e-01
2.992794700886646786e-01
3.057050592034445402e-01
3.059087509349289191e-01
3.034302026627241355e-01
3.215546109845052181e-01
8.979267593857892527e-02
6.268100609200237816e-01
5.193112183581676256e-01
3.347265115040319872e-01
3.319553922192868822e-01
3.252646584371836069e-01
5.739981706329212452e-01
6.851163977214143053e-01
3.289245119126444350e-01
5.087854512004676977e-01
5.831734578985233730e-01
3.301125516966453843e-01
3.319172844569842629e-01
3.523295295454897946e-01
1.705794350268135529e-01
2.430863994759219493e-01
3.949410412972965689e-01
1.847456703978298809e-01
4.797285641128616884e-01
0.000000000000000000e+00
1.358708921334049746e-01
1.391211306857768615e-01
1.230480377341209852e-01
1.332842415316642104e-01
1.050847457627118592e-01
1.320235892577364956e-01
2.522911051212938238e-01
1.383647798742138335e-01
3.019480519480519654e-01
4.001161440185830309e-01
3.730043541364296278e-01
2.048908934483927302e-01
2.947154471544715104e-01
2.914769030579050235e-01
3.605834082733813117e-01
4.948929961089493790e-01
3.735632183908045856e-01
4.560115671226782075e-01
1.572649572649572614e-01
3.028122084499533240e-01
2.020202020202020166e-01
3.627027976806387888e-01
1.401812182315600175e-01
3.643497757847534158e-01
1.793103448275861767e-01
3.310344827586206851e-01
0.000000000000000000e+00
1.187607573149741663e-01
1.277361319340329926e-01
1.015348288075560712e-01
9.954751131221720173e-02
1.250000000000000000e-01
1.135544958797463089e-01
1.364829396325459299e-01
0.000000000000000000e+00
0.000000000000000000e+00
1.392365210547028553e-01
0.000000000000000000e+00
0.000000000000000000e+00
0.000000000000000000e+00
3.009049773755656521e-01
3.954918032786885473e-01
0.000000000000000000e+00
8.072487644151564445e-02
0.000000000000000000e+00
0.000000000000000000e+00
0.000000000000000000e+00
0.000000000000000000e+00
0.000000000000000000e+00
0.000000000000000000e+00
1.691919191919191989e-01
0.000000000000000000e+00
0.000000000000000000e+00
0.000000000000000000e+00
3.255868591206796947e-01
3.261644081012398111e-01
3.003071971989449418e-01
3.068554433573629781e-01
2.036497746680647758e-01
3.191389031234939111e-01
3.145238344357829119e-01
1.731820361234654715e-01
4.397023973582228074e-01
4.562022087759502464e-01
3.288654317858558107e-01
3.409789608158602658e-01
4.436311170538223547e-01
4.476747488206538339e-01
3.288596534616740619e-01
3.465830888148046518e-01
5.042297300177033259e-01
5.748097880071341148e-01
3.272913982144510792e-01
3.343424976690597128e-01
1.887186416548784773e-01
2.354244504209256350e-01
4.607564030872705607e-01
4.152336780246458914e-01
2.770315832312178483e-01
6.470627698409527895e-01
0.000000000000000000e+00
1.060068028320693273e-01
1.063832211120321058e-01
9.018441268948602929e-02
9.416026311804381876e-02
4.147323072235354485e-02
1.018496394868668581e-01
9.892524242818775959e-02
2.999201763586929748e-02
1.933381982425684265e-01
2.081204552920556949e-01
1.081524722236974212e-01
1.162666517190639320e-01
1.968085680184222253e-01
2.004126807316354564e-01
1.081486716749323340e-01
1.201198374524107687e-01
2.542476206337260236e-01
3.304062923888065328e-01
1.071196593451703705e-01
1.117849057475852198e-01
3.561472570806242799e-02
5.542467185599486701e-02
2.122964629859193375e-01
1.724190073658753153e-01
7.674649810759520685e-02
4.186902281142457771e-01
0.000000000000000000e+00
1.995369395916648803e-01
2.000000000000000111e-01
2.108262108262108359e-01
1.877934272300469942e-01
2.777777777777777901e-01
2.003676612230975151e-01
3.200489254890954149e-01
0.000000000000000000e+00
6.161599657827202536e-01
5.258211394769612967e-01
3.525791192850941114e-01
3.693071699554258958e-01
3.103493834409865038e-01
6.020992193173565488e-01
7.224992485001030529e-01
3.214279429104411889e-01
4.474885844748857644e-01
5.696638782859515526e-01
3.385945033145841832e-01
3.121491579791499382e-01
3.668445849236641743e-01
1.669736880917966904e-01
3.097917589720868836e-01
3.640768564235032922e-01
1.604642587197569470e-01
4.648208534218896126e-01
0.000000000000000000e+00
