3.709818887547750021e-01
3.799107984298006335e-01
3.731300198810394986e-01
3.978006337494479627e-01
4.514643553756580996e-01
3.747542906511304173e-01
6.955685220734653118e-01
2.107346042208243786e-01
5.769629304959796867e-01
2.890314229287422876e-01
2.569110195623152126e-01
6.378188333358820739e-01
3.507035861578575719e-01
3.538063700252779276e-01
3.565106670170871683e-01
3.786448053131162839e-01
4.687411127821567991e-01
3.250136157713824359e-01
5.988662404171818388e-01
3.445265308749361211e-01
5.315503467246416314e-01
1.591099895581208068e-01
2.635148058239549229e-01
4.634650947797991360e-01
2.959303621323610134e-01
2.773166167555046191e-01
0.000000000000000000e+00
1.447336295717564503e-01
1.504926843833980232e-01
1.435178824930164465e-01
1.620029455081001268e-01
1.559322033898304927e-01
1.477344468638252528e-01
4.775510204081632737e-01
2.458100558659218060e-01
2.330827067669172803e-01
2.539682539682539542e-01
2.783572359843546895e-01
2.612070396812219419e-01
2.593495934959349491e-01
1.891625615763546653e-01
2.989711172238679882e-01
5.167504982442820971e-01
3.270440251572326873e-01
2.065872492701760765e-01
3.032967032967032739e-01
3.180686908909905464e-01
3.619047619047618958e-01
2.558402034605438136e-01
2.981092727909609996e-01
3.139013452914798386e-01
2.282926829268292213e-01
2.415094339622641528e-01
0.000000000000000000e+00
7.343660355708547804e-02
7.796101949025487088e-02
7.319952774498228454e-02
9.049773755656109753e-02
1.250000000000000000e-01
7.372388591111964096e-02
3.132530120481927249e-01
0.000000000000000000e+00
1.102040816326530920e-01
0.000000000000000000e+00
0.000000000000000000e+00
3.418367346938775975e-01
0.000000000000000000e+00
1.550116550116550362e-01
0.000000000000000000e+00
0.000000000000000000e+00
1.027253668763102729e-01
0.000000000000000000e+00
0.000000000000000000e+00
0.000000000000000000e+00
1.557377049180327933e-01
2.120582120582120700e-02
0.000000000000000000e+00
2.563775510204081565e-01
0.000000000000000000e+00
0.000000000000000000e+00
0.000000000000000000e+00
4.156022292267935181e-01
4.198883181047488033e-01
4.009406872469532535e-01
4.143139597491567461e-01
3.747379815812516557e-01
4.169844543577095886e-01
6.013251449412719829e-01
3.033268779924561676e-01
3.472196182852302360e-01
3.414769993434023654e-01
2.562930847223024999e-01
3.856601774559915707e-01
4.308194024545140000e-01
2.988611820408086928e-01
3.191725622388411621e-01
3.768714939533903685e-01
5.169778283925483553e-01
3.847700996677567709e-01
5.327716106715988387e-01
3.402225319326425690e-01
2.199166917182734660e-01
2.176525694815624190e-01
6.071440648914719906e-01
4.103756606676389751e-01
3.357868660959656970e-01
4.236939042899698915e-01
0.000000000000000000e+00
1.727252129382802481e-01
1.763061996808347465e-01
1.607534346900591771e-01
1.716560572430259057e-01
1.404285548395904915e-01
1.738760351759968126e-01
3.615919299386417540e-01
9.200719491265037242e-02
1.205614633221409743e-01
1.166065410805740138e-01
6.568614527647331780e-02
1.487337724753868828e-01
1.856053575312644477e-01
8.931800613082936657e-02
1.018711244861068982e-01
1.420321229546603614e-01
2.672660750494751380e-01
1.480480295983355177e-01
2.838455891376095996e-01
1.157513712346580209e-01
4.836335129631012114e-02
4.737264100192634803e-02
3.686239155329399941e-01
1.684081828684012017e-01
1.127528194425500008e-01
1.795165245324782388e-01
0.000000000000000000e+00
2.795201010313618228e-01
2.882573726541554637e-01
2.824582824582824170e-01
2.785602503912363304e-01
3.333333333333333148e-01
2.895005917786303562e-01
6.807751147373788392e-01
1.619047619047619124e-01
5.868469601245014378e-01
3.138936535162950014e-01
2.414161697294227027e-01
6.792166332867595191e-01
2.977941176470588203e-01
3.531746031746031966e-01
3.407613630932466720e-01
3.769028284784821103e-01
4.336283185840707488e-01
3.826825127334465004e-01
5.399274047186933823e-01
3.264248704663212375e-01
5.777027027027027417e-01
1.502117715787936458e-01
3.081081081081081252e-01
4.339289371288141961e-01
3.026115618661257556e-01
2.857142857142856984e-01
0.000000000000000000e+00
