4.142172525669327587e-01
4.212639596549203058e-01
4.211914699225482450e-01
4.271779352925644813e-01
4.987883320867613768e-01
4.186816543747423625e-01
4.611353867814921292e-01
2.162714928815435422e-01
5.860641758989491024e-01
4.662672707147379469e-01
2.307574260169212577e-01
4.384379866578019813e-01
3.675001702249338642e-01
4.300128665652850346e-01
5.115976999061295771e-01
3.806542760296552919e-01
5.117467809081355234e-01
3.987793602171407770e-01
3.800149820021698210e-01
3.001281968494389774e-01
4.069314398179088577e-01
2.533646457947891784e-01
2.802818087086288434e-01
4.164369657789085410e-01
2.136393511313489368e-01
3.809341041121877547e-01
0.000000000000000000e+00
1.606523756042775586e-01
1.654598387578381791e-01
1.606905710491367822e-01
1.705633284241531433e-01
1.661016949152542277e-01
1.636978698075973182e-01
4.309392265193370264e-01
2.340425531914893664e-01
2.506738544474393926e-01
5.196078431372548323e-01
1.532544378698224852e-01
2.030914826498422532e-01
2.868447082096933776e-01
2.494752623688155924e-01
4.441937016424596929e-01
4.632639047837034396e-01
3.282828282828282873e-01
2.805260617760617636e-01
2.249022164276401337e-01
4.209675245923729658e-01
3.018867924528301772e-01
3.574493909575620632e-01
2.018156660254463164e-01
4.028273922626738890e-01
2.666666666666666075e-01
2.504347826086956719e-01
0.000000000000000000e+00
8.720596672403900518e-02
8.965517241379308833e-02
8.382526564344744413e-02
8.823529411764705066e-02
1.250000000000000000e-01
8.585565459033039915e-02
0.000000000000000000e+00
0.000000000000000000e+00
0.000000000000000000e+00
9.399075500770415204e-02
0.000000000000000000e+00
0.000000000000000000e+00
0.000000000000000000e+00
1.930333817126270168e-01
1.773897058823529493e-01
2.542372881355932090e-01
9.607843137254901134e-02
0.000000000000000000e+00
0.000000000000000000e+00
0.000000000000000000e+00
9.595959595959596689e-02
0.000000000000000000e+00
0.000000000000000000e+00
1.744791666666666574e-01
0.000000000000000000e+00
0.000000000000000000e+00
0.000000000000000000e+00
4.607876058222034610e-01
4.634557509445767498e-01
4.468728376116211098e-01
4.489884458876441942e-01
4.049864344637950642e-01
4.624245893056255219e-01
5.203451558884161221e-01
2.734874924042899891e-01
3.826443449057374546e-01
5.758784899211798480e-01
2.368857516340749092e-01
3.980923182976611741e-01
4.447885194837925549e-01
3.479361935562041985e-01
3.848837702917465853e-01
2.504136417141588078e-01
4.900367496771776965e-01
4.680456538722908011e-01
3.751036035118249790e-01
4.100276081633369429e-01
2.226340406621480361e-01
3.151073551043100385e-01
5.027178024629057607e-01
4.814263903838137404e-01
3.258594510529764787e-01
5.032732783499356266e-01
0.000000000000000000e+00
2.123252176793583024e-01
2.147912330836015127e-01
1.996953329950623135e-01
2.015906245406020592e-01
1.640140120996977646e-01
2.138365007944764973e-01
2.707590812565400240e-01
7.479540850158655774e-02
1.464166946883409259e-01
3.316360351538984452e-01
5.611485932724063347e-02
1.584774938876063466e-01
1.978368270645840810e-01
1.210595947863803701e-01
1.481355166339899110e-01
6.270699195654710900e-02
2.401360160341729499e-01
2.190667341087402797e-01
1.407027133675564090e-01
1.681226394561469717e-01
4.956591606155499180e-02
9.929264524083374066e-02
2.527251889131331697e-01
2.317713693579882550e-01
1.061843818405471956e-01
2.532839927010917536e-01
0.000000000000000000e+00
2.622605767206903638e-01
2.747453083109919203e-01
2.726902726902726837e-01
2.840375586854460566e-01
3.611111111111111049e-01
2.765463831110100967e-01
4.220153806337116342e-01
1.999368537374694166e-01
5.987379172520667092e-01
4.678021758942810804e-01
2.991371413465144236e-01
5.004234158582492320e-01
3.056647300068352502e-01
4.300420168067227156e-01
5.199399838658401718e-01
3.688127485383024817e-01
4.780601561012754463e-01
4.213748845463516912e-01
3.841360678269594153e-01
3.001127819548872200e-01
4.160805626598466089e-01
2.501417940066743006e-01
3.226415094339623035e-01
3.488226294257645854e-01
1.809237048142595394e-01
4.020202020202020554e-01
0.000000000000000000e+00
