2.541904246636168541e-01
2.585122295566403272e-01
2.523123634442391294e-01
2.551047503420718621e-01
2.588437352835258332e-01
2.540065064629257741e-01
3.622107315473530598e-01
1.258315559050799670e-01
5.637784465562404312e-01
4.686322667888150884e-01
3.332217209805705682e-01
3.503653727021386888e-01
3.058299986756435884e-01
6.149197752366095671e-01
6.616888004775647314e-01
4.048744567336864386e-01
4.615876748808574459e-01
5.265494133168383550e-01
3.601191796780805476e-01
3.547270670520588642e-01
3.632974174881289930e-01
1.859580377332522294e-01
2.212508070357350476e-01
3.805446359521860167e-01
2.528714193960651113e-01
3.672341185847683431e-01
0.000000000000000000e+00
1.319644513892279936e-01
1.340947546531302825e-01
1.294133809589229356e-01
1.388070692194403322e-01
8.474576271186440302e-02
1.326174816245793142e-01
2.785714285714285809e-01
1.496598639455782309e-01
3.209109730848861419e-01
5.047619047619047450e-01
2.324414715719063385e-01
2.585379234672883775e-01
3.310502283105022370e-01
5.517241379310344751e-01
5.365218029657907728e-01
4.559296227372694466e-01
3.429256594724219842e-01
3.628628628628627895e-01
2.123076923076923084e-01
4.135420458682198541e-01
2.040816326530612290e-01
4.685866785277437718e-01
1.307780140168517125e-01
4.147982062780269374e-01
2.335329341317365082e-01
2.874251497005987921e-01
0.000000000000000000e+00
4.360298336201949565e-02
4.677661169415291142e-02
3.305785123966941547e-02
3.619909502262443762e-02
1.250000000000000000e-01
3.797517143022300506e-02
1.203703703703703498e-01
0.000000000000000000e+00
1.808035714285714524e-01
0.000000000000000000e+00
0.000000000000000000e+00
0.000000000000000000e+00
0.000000000000000000e+00
3.069230769230769651e-01
3.600746268656716542e-01
2.083333333333333148e-01
8.333333333333331483e-02
0.000000000000000000e+00
0.000000000000000000e+00
0.000000000000000000e+00
0.000000000000000000e+00
4.726598702502317340e-02
0.000000000000000000e+00
0.000000000000000000e+00
0.000000000000000000e+00
0.000000000000000000e+00
0.000000000000000000e+00
3.267198004628018571e-01
3.314712774347650104e-01
3.184676682423243088e-01
3.136431870985054160e-01
1.845967735537349108e-01
3.261210477959143872e-01
3.697382885721370860e-01
2.088795386210886007e-01
3.648945591662828836e-01
5.058773938824108196e-01
2.774786230043405078e-01
3.783427701422355516e-01
4.990428611319727703e-01
6.446156190591085799e-01
3.917860386253158578e-01
3.348802986479705868e-01
5.782434133724064784e-01
5.359147203134967397e-01
4.056483341571295309e-01
3.949103873919564411e-01
1.831143640294550512e-01
2.752682297152964086e-01
4.230133734472696916e-01
5.295268725958945932e-01
3.852673194395499490e-01
5.697034777617010493e-01
0.000000000000000000e+00
1.067458280144530647e-01
1.098732077642349675e-01
1.014216557157031490e-01
9.837204881330810502e-02
3.407596880644888498e-02
1.063549378155050906e-01
1.367064020362528942e-01
4.363066165455883882e-02
1.331480393091559189e-01
2.559119376412598013e-01
7.699438622438495305e-02
1.431432517189004383e-01
2.490437772467854194e-01
4.155292963349577762e-01
1.534963000617174389e-01
1.121448144225539734e-01
3.343654451085718016e-01
2.872045874486934824e-01
1.645505710044541936e-01
1.559542140700651558e-01
3.353087031391178280e-02
7.577259829059321272e-02
1.789403141152392240e-01
2.803987088011888340e-01
1.484309074281362217e-01
3.245620525737770157e-01
0.000000000000000000e+00
1.736476531256577471e-01
1.781233243967828284e-01
1.701261701261701231e-01
1.737089201877934364e-01
2.222222222222222099e-01
1.755377290729595030e-01
3.329320700010354739e-01
3.620162708883025576e-02
5.688863413108018463e-01
4.635048085646886751e-01
3.479938271604938183e-01
4.443971210431330032e-01
2.279886148007590208e-01
5.947848710779745085e-01
6.440995033808218917e-01
3.615654698604006678e-01
4.082823935462407960e-01
5.404484814853631747e-01
3.254137367710774886e-01
3.442982456140350478e-01
3.995065547208719869e-01
1.684220692740156511e-01
2.951915708812260508e-01
3.824653667621983333e-01
2.024277060018803143e-01
3.474137931034482762e-01
0.000000000000000000e+00
