3.301447483369649438e-01
3.375961786799324682e-01
3.255881559002471448e-01
3.602566272428368022e-01
4.116679132385938633e-01
3.328479938931267479e-01
6.545821144572154804e-01
2.338314688501281491e-01
5.392136722231277712e-01
3.213709939636238966e-01
1.680997335727046627e-01
5.521866918218445441e-01
5.387086860269360011e-01
3.506779030083435611e-01
2.628990216365230115e-01
4.685001470566014237e-01
4.501673834398278728e-01
2.388050682142932313e-01
6.322025079531601310e-01
4.598690631201178824e-01
5.966618443997959709e-01
1.666609574780039682e-01
2.787933810086482556e-01
3.383008676232019951e-01
3.879829021483481299e-01
2.291042722371176565e-01
0.000000000000000000e+00
9.060501001025440815e-02
8.993978301980691537e-02
8.389430782616659477e-02
9.950294550810014071e-02
1.220338983050847370e-01
9.084695880144350033e-02
4.515406162464986051e-01
2.222222222222222376e-01
2.246376811594203160e-01
2.830440587449933321e-01
1.554923675546243667e-01
2.782597266035751749e-01
3.068783068783068613e-01
2.305712815234173818e-01
2.630514009844756029e-01
4.563551612860387019e-01
2.549019607843137081e-01
2.231398064731398012e-01
2.948717948717948234e-01
3.552220137585991311e-01
3.529411764705882582e-01
3.147747393271689842e-01
1.780622191678180588e-01
4.011634953338990006e-01
2.407407407407406996e-01
1.614243323442136613e-01
0.000000000000000000e+00
1.009753298909925184e-01
1.058470764617690935e-01
1.062573789846517069e-01
1.244343891402714952e-01
1.250000000000000000e-01
1.029081370647046134e-01
4.049844236760123950e-01
0.000000000000000000e+00
1.727078891257995963e-01
1.304812834224598761e-01
0.000000000000000000e+00
3.383838383838384534e-01
8.508403361344538118e-02
1.047519033867156807e-01
1.646757679180887446e-01
1.351351351351351426e-01
1.067538126361655682e-01
1.003412969283276335e-01
3.191489361702127825e-01
0.000000000000000000e+00
1.104651162790697694e-01
0.000000000000000000e+00
0.000000000000000000e+00
0.000000000000000000e+00
0.000000000000000000e+00
0.000000000000000000e+00
0.000000000000000000e+00
2.877304503286537418e-01
2.869688392538645161e-01
2.691029324481720164e-01
2.868846756311730362e-01
2.673227696485908078e-01
2.857845350722186262e-01
4.810784778530691197e-01
3.394983943556019734e-01
3.293175004513049786e-01
3.574038483862518878e-01
2.311352028048928586e-01
3.417853387139925814e-01
4.584273352184920491e-01
3.443250112863678325e-01
2.802897031851946386e-01
3.004160566968940294e-01
4.359339229090178902e-01
3.322792607260867670e-01
3.832347301410315987e-01
3.899556555585421691e-01
2.613687996605236208e-01
2.397411950274780934e-01
4.535495712956459369e-01
4.379974945618611559e-01
3.905055946329397676e-01
3.392057684449292232e-01
0.000000000000000000e+00
8.278881204632988766e-02
8.235111470271033740e-02
7.241638825220542142e-02
8.230281711200336525e-02
7.146146317259352565e-02
8.167280048644415258e-02
2.314365018534258467e-01
1.152591597700318160e-01
1.084500161034952503e-01
1.277375108413029425e-01
5.342348197565897211e-02
1.168172177598386374e-01
2.101556216755276485e-01
1.185597133973572970e-01
7.856231771164449984e-02
9.024980712131143445e-02
1.900383851428455173e-01
1.104095071086747537e-01
1.468688583862692854e-01
1.520654133020923893e-01
6.831364943598294825e-02
5.747584059320327149e-02
2.057072136224642189e-01
1.918418052424676334e-01
1.524946194396259169e-01
1.150605533463149449e-01
0.000000000000000000e+00
2.601557566828035517e-01
2.807506702412868593e-01
2.726902726902726837e-01
2.910798122065728077e-01
3.333333333333333148e-01
2.722852400406495788e-01
6.245488812254390565e-01
1.743589743589743501e-01
5.552241187499169506e-01
2.937989163154725580e-01
2.007698003548625820e-01
5.970223588679377524e-01
5.000000000000000000e-01
3.178571428571428936e-01
2.677028955984207537e-01
4.651352231997392672e-01
4.199999999999999845e-01
2.367122236497131160e-01
5.964912280701754055e-01
4.781249999999999667e-01
6.636029411764705621e-01
1.526946107784431239e-01
3.473437500000000067e-01
3.586450883638023779e-01
4.034820824881676926e-01
2.000000000000000111e-01
0.000000000000000000e+00
