3.780510850631808584e-01
3.861913379639643207e-01
3.811522479933369123e-01
3.979229712072898661e-01
4.318789994182664072e-01
3.816039660754236285e-01
5.459832681768570506e-01
1.956512389390272777e-01
5.625797390224184236e-01
3.416188618907731733e-01
2.593287871659207822e-01
4.802603851078450781e-01
4.389685180241716389e-01
4.566447850587099233e-01
3.712425123062844667e-01
3.834513749284582662e-01
4.884254176687959359e-01
4.316364273937676188e-01
5.399685055904914766e-01
4.012071199476259231e-01
4.419846271329329612e-01
1.962123944951058019e-01
2.809378834258967617e-01
4.277229155058938082e-01
2.891166098895374126e-01
3.114695681853629217e-01
0.000000000000000000e+00
3.953073880560574183e-01
4.064024086792077384e-01
3.923615881302376374e-01
4.233247422680412320e-01
3.796610169491525522e-01
4.011397188196962338e-01
5.189823874755381539e-01
3.577235772357724164e-01
2.818181818181818010e-01
3.910127431254191155e-01
1.906108597285068040e-01
3.453880881769583189e-01
2.843137254901960675e-01
3.740502630040911658e-01
2.969755774327906273e-01
6.376706456505969456e-01
4.248366013071895320e-01
3.707717151113377185e-01
2.527472527472527375e-01
3.621538129961564545e-01
2.631578947368420907e-01
3.157405254591955091e-01
1.796308430169066828e-01
4.576448184777935357e-01
3.151515151515151270e-01
3.018867924528302327e-01
0.000000000000000000e+00
8.318990246701089830e-02
9.085457271364316689e-02
6.965761511216056467e-02
1.063348416289592868e-01
1.250000000000000000e-01
8.137992772829952259e-02
1.830985915492957528e-01
0.000000000000000000e+00
0.000000000000000000e+00
0.000000000000000000e+00
0.000000000000000000e+00
0.000000000000000000e+00
0.000000000000000000e+00
1.650124069478908218e-01
0.000000000000000000e+00
7.575757575757575968e-02
1.027253668763102729e-01
0.000000000000000000e+00
0.000000000000000000e+00
0.000000000000000000e+00
0.000000000000000000e+00
0.000000000000000000e+00
0.000000000000000000e+00
1.179577464788732488e-01
0.000000000000000000e+00
0.000000000000000000e+00
0.000000000000000000e+00
6.249433622534503741e-01
6.372536658435743462e-01
6.124236600341225190e-01
6.201246064269392289e-01
4.920224016693790503e-01
6.297587747292664462e-01
5.255702037795271231e-01
3.623957068776346713e-01
3.801475454197671966e-01
4.455759878312746669e-01
2.283798882693893750e-01
4.502057202093961985e-01
4.952759387516227352e-01
4.246665978699103450e-01
3.003876472944521092e-01
3.809456831138398059e-01
5.292604909500734367e-01
4.386250759663175014e-01
4.458071045406907240e-01
4.286988669509702587e-01
1.968118291175466050e-01
2.258196475816679205e-01
4.832715723744830383e-01
5.057166734173994538e-01
3.732046237314894377e-01
4.732171540131119292e-01
0.000000000000000000e+00
3.905542060246473546e-01
4.060922346310739117e-01
3.750627393695904477e-01
3.845545274961664206e-01
2.420860437445037650e-01
3.965961143485069451e-01
2.762240391008536911e-01
1.313306483633405186e-01
1.445121562886739763e-01
1.985379609318162486e-01
5.215737336593878615e-02
2.026851905092610651e-01
2.452982555063011050e-01
1.803417193464040835e-01
9.023273864709613346e-02
1.451196134830700368e-01
2.801166672807128277e-01
1.923919572664578304e-01
1.987439744589543089e-01
1.837827185250456852e-01
3.873489608059436234e-02
5.099451323390869623e-02
2.335514126653051858e-01
2.557493537723607435e-01
1.392816911745626274e-01
2.239344748522693052e-01
0.000000000000000000e+00
2.254262260576720689e-01
2.272386058981233359e-01
2.319902319902319987e-01
2.339593114241002025e-01
3.333333333333333148e-01
2.311862506992585220e-01
5.189245202725628614e-01
1.195469798657717991e-01
5.485052190584768228e-01
3.347296977583248956e-01
2.664059448421300380e-01
4.886186642615902853e-01
3.866546664236237829e-01
4.369519546949214850e-01
3.889368305317797425e-01
3.604693698499170096e-01
4.575306995174388547e-01
4.727243866734863742e-01
5.192394646409839165e-01
3.797516074308333600e-01
4.685705139930492202e-01
1.982131028195525946e-01
3.441141960716895820e-01
4.038555733577477991e-01
2.408052859797646383e-01
3.093112244897959218e-01
0.000000000000000000e+00
