2.303638083107338586e-01
2.301225163035243437e-01
2.268536027332053451e-01
2.262144976897214332e-01
3.436993764777194205e-01
2.298135378590752675e-01
2.725818927386749468e-01
3.416510542606067680e-01
6.381680732018061297e-01
4.488890790158845401e-01
3.752534380954664073e-01
3.898324378224591324e-01
3.585568349380752196e-01
4.951145926758587779e-01
6.680253757603793474e-01
3.586502755101182993e-01
4.958422455362898051e-01
5.208600814183040884e-01
3.242118606165581007e-01
3.411633497844886453e-01
2.857322798353835180e-01
1.998970718182382367e-01
2.140573228534344563e-01
4.417142657787461735e-01
3.074964322230597791e-01
4.988823196296838791e-01
0.000000000000000000e+00
9.036085746374333816e-02
8.886981188414452837e-02
8.481018454915968674e-02
9.103460972017672626e-02
1.288135593220338937e-01
8.913265767477906998e-02
3.891156462585033671e-01
7.469135802469135665e-01
3.005102040816326481e-01
4.937888198757763858e-01
5.113122171945702066e-01
3.916600946372238989e-01
5.049751243781094301e-01
3.617863199547766695e-01
5.923768677365801594e-01
5.505165705085200978e-01
4.513888888888888951e-01
5.152880152880152664e-01
3.070565797838525346e-01
6.493902439024390461e-01
2.500000000000000000e-01
4.221294925292771172e-01
2.293733758563666347e-01
5.365702798824802944e-01
4.159999999999999254e-01
4.324324324324324564e-01
0.000000000000000000e+00
5.106138841078600166e-02
5.667166416791603878e-02
5.194805194805194454e-02
5.656108597285067902e-02
1.250000000000000000e-01
5.407255841253143930e-02
0.000000000000000000e+00
0.000000000000000000e+00
0.000000000000000000e+00
0.000000000000000000e+00
0.000000000000000000e+00
0.000000000000000000e+00
0.000000000000000000e+00
1.504524886877828260e-01
0.000000000000000000e+00
0.000000000000000000e+00
8.045977011494252762e-02
0.000000000000000000e+00
0.000000000000000000e+00
0.000000000000000000e+00
0.000000000000000000e+00
0.000000000000000000e+00
0.000000000000000000e+00
0.000000000000000000e+00
0.000000000000000000e+00
0.000000000000000000e+00
0.000000000000000000e+00
2.359084688075557545e-01
2.350429677429603237e-01
2.224472698743902299e-01
2.244972515640042965e-01
2.396907171271854819e-01
2.339391941585433066e-01
3.791645267502109506e-01
5.217006470264866635e-01
4.662604801532732046e-01
5.345670166191132111e-01
3.306689121122574071e-01
4.143598203689356496e-01
5.017977349187657810e-01
4.889065002902509005e-01
4.559146234483016369e-01
3.655291074927262129e-01
5.798917141804031949e-01
5.340399302182183838e-01
3.637256228552863679e-01
4.029098657929006677e-01
1.816756999991985533e-01
2.517237395934562860e-01
4.870129939733401914e-01
5.523717182842908802e-01
4.718208216243999775e-01
6.437563321896394575e-01
0.000000000000000000e+00
5.565280565512550209e-02
5.524519668541828799e-02
4.948278787456980576e-02
5.039901595979183468e-02
5.745163987694443947e-02
5.472754656354862635e-02
1.437657383457114357e-01
2.721715651078548404e-01
2.173988353527608886e-01
2.857618952570592508e-01
1.093419294375038292e-01
1.716940607361765736e-01
2.518009667696038401e-01
2.390295660260610688e-01
2.078581438740066123e-01
1.336115284244289991e-01
3.362744001750864187e-01
2.851986470674794938e-01
1.322963287214659611e-01
1.623363599532532398e-01
3.300605997019879362e-02
6.336484107491420492e-02
2.371816562988767196e-01
3.051145151603401051e-01
2.226148877183239116e-01
4.144222152342573740e-01
0.000000000000000000e+00
1.725952431067143689e-01
1.737265415549597847e-01
1.798941798941798842e-01
1.611893583724569590e-01
2.777777777777777901e-01
1.749934120871218524e-01
2.532005689900426737e-01
2.615384615384615530e-01
6.387973467584737719e-01
4.227476559315123672e-01
3.850462774229589935e-01
4.380237594636355869e-01
3.432203389830508211e-01
4.841740850642928251e-01
7.136841862313545448e-01
3.438940092165898021e-01
4.336283185840707488e-01
5.108126005108315493e-01
3.157894736842105643e-01
3.267326732673267453e-01
3.044871794871794601e-01
1.996258473805361811e-01
2.758064516129032362e-01
4.278886821180849509e-01
2.732747172230617916e-01
4.761904761904761640e-01
0.000000000000000000e+00
