3.435018534464934215e-01
3.493945226407190741e-01
3.422930548406357687e-01
3.681955055194905402e-01
4.123397498983059628e-01
3.460735970428985286e-01
5.731681251369612484e-01
2.057446447798823574e-01
6.208806212137036873e-01
3.733329507768156086e-01
1.888772812766388587e-01
6.268860595462946161e-01
4.652451045922150197e-01
3.203748183935415939e-01
2.863493172291575739e-01
3.577405443785750538e-01
4.368416161716815460e-01
2.459782198819878418e-01
7.080628018637638021e-01
3.284403724588360607e-01
5.731245484090488063e-01
1.935394532879128049e-01
2.438434319430224095e-01
5.196821310051999987e-01
3.973072379038600777e-01
2.909059321829883804e-01
0.000000000000000000e+00
1.741540114263391836e-01
1.788842440529511413e-01
1.639419334157622421e-01
1.822533136966126566e-01
1.559322033898304927e-01
1.722575862738872643e-01
3.502040816326530415e-01
2.716049382716049232e-01
2.952380952380952439e-01
3.902798232695139924e-01
1.863600317208564394e-01
5.044491399321469061e-01
4.773662551440328583e-01
2.163624070317782255e-01
2.402803784369764717e-01
3.322059263693504794e-01
3.127147766323023492e-01
1.951951951951951814e-01
2.884615384615384359e-01
3.927583605732964389e-01
2.888888888888888618e-01
3.639593557752125452e-01
1.641567315945801075e-01
6.926526388409797175e-01
2.441314553990609759e-01
1.982300884955752185e-01
0.000000000000000000e+00
1.417096959265634060e-01
1.559220389805097140e-01
1.487603305785124008e-01
1.606334841628959398e-01
1.250000000000000000e-01
1.460587846019976155e-01
3.067846607669616477e-01
0.000000000000000000e+00
2.283834586466165495e-01
1.026936026936026841e-01
0.000000000000000000e+00
2.106918238993710779e-01
0.000000000000000000e+00
6.686777275012570354e-02
0.000000000000000000e+00
1.666666666666666574e-01
9.074074074074073293e-02
5.764705882352940541e-02
2.777777777777777901e-01
6.122448979591836593e-02
0.000000000000000000e+00
0.000000000000000000e+00
5.999999999999999778e-02
2.120253164556961945e-01
0.000000000000000000e+00
0.000000000000000000e+00
0.000000000000000000e+00
3.663584158712018812e-01
3.708239338889488534e-01
3.408433528186296524e-01
3.585494094976505730e-01
2.898568483304867494e-01
3.614444353985901137e-01
4.193017079791830359e-01
3.249979650961012934e-01
3.940345151867393758e-01
4.009846800839358405e-01
2.343928379627790992e-01
5.037022526357817220e-01
6.469796334758243228e-01
3.688652671318484733e-01
3.076349082974550453e-01
2.592708511981264841e-01
4.867198268986954179e-01
3.383711442034448291e-01
4.162874308538578871e-01
3.298676883627507106e-01
2.457398719648623830e-01
2.767336181439718490e-01
4.037705854368276448e-01
6.340076605125704035e-01
3.816895297526025077e-01
4.572258050249434214e-01
0.000000000000000000e+00
1.342184888796565390e-01
1.375103899448755496e-01
1.161741911606448824e-01
1.285576790511139267e-01
8.401699252408281748e-02
1.306420798806055827e-01
1.758139223142601015e-01
1.056236773166066706e-01
1.552631991584487170e-01
1.607887136620164137e-01
5.494000248824562616e-02
2.537159593103608390e-01
4.185826461325118930e-01
1.360615852962499261e-01
9.463923680318353515e-02
6.722137428100104228e-02
2.368961898962960166e-01
1.144950312295484607e-01
1.732952250869054800e-01
1.088126918257848325e-01
6.038808467330696039e-02
7.658149541105363500e-02
1.630306856639985591e-01
4.019657135886227639e-01
1.456868971227628373e-01
2.090554367807075653e-01
0.000000000000000000e+00
2.551041885918753360e-01
2.608042895442359010e-01
2.596662596662596689e-01
2.676056338028169335e-01
3.888888888888888395e-01
2.659214555117306311e-01
5.579548620785733659e-01
1.240875912408759135e-01
5.994867408041061330e-01
3.839160839160838945e-01
1.610549943883277102e-01
6.183898921634104484e-01
3.844936708860759444e-01
3.090277777777777901e-01
2.709870246817164263e-01
3.401668174052858151e-01
4.152542372881355970e-01
2.519434412682867164e-01
6.423751686909582315e-01
3.284671532846715203e-01
6.506849315068492512e-01
1.824652581629194747e-01
3.171428571428571708e-01
4.968811229969389842e-01
4.017316179220584704e-01
2.922077922077921941e-01
0.000000000000000000e+00
