3.733064963802946723e-01
3.806271159384084224e-01
3.757214092264951066e-01
3.955744249077658981e-01
4.483995542869353979e-01
3.771480012815462413e-01
5.126978834759156056e-01
1.999917476433808461e-01
5.598849239853960214e-01
3.779626766066589427e-01
2.565704000569309917e-01
5.866638129779456756e-01
4.678189767043930969e-01
3.391280670708844980e-01
5.013231069289478814e-01
3.779976695681225296e-01
4.849236642453670920e-01
3.474340242853705130e-01
4.291316486238448968e-01
3.094731642407718142e-01
4.928739322263345213e-01
1.975224620727373814e-01
2.530546920466464345e-01
5.026891948877928451e-01
3.388805223946544931e-01
3.474838612848916153e-01
0.000000000000000000e+00
1.487377313345378260e-01
1.526077436050562453e-01
1.467692448596418786e-01
1.596097201767304741e-01
1.322033898305084720e-01
1.503857827334508790e-01
5.813664596273292462e-01
2.904290429042904464e-01
3.360969387755102233e-01
4.635568513119533440e-01
2.970414201183432246e-01
2.760252365930598861e-01
3.580246913580246715e-01
1.976325270200720297e-01
3.687571681785006827e-01
8.350671007702692439e-01
3.611111111111110494e-01
2.689111525318421680e-01
2.908324552160168053e-01
3.003982080637132568e-01
2.857142857142856984e-01
3.596837944664031395e-01
1.897355740447688732e-01
4.292120435618193564e-01
2.954545454545454142e-01
4.000000000000000222e-01
0.000000000000000000e+00
7.917383820998277755e-02
7.766116941529234430e-02
7.556080283353008853e-02
7.466063348416290824e-02
1.250000000000000000e-01
7.591052240372939131e-02
1.604938271604938183e-01
0.000000000000000000e+00
0.000000000000000000e+00
0.000000000000000000e+00
0.000000000000000000e+00
2.723577235772358107e-01
0.000000000000000000e+00
0.000000000000000000e+00
0.000000000000000000e+00
8.620689655172414367e-02
1.096196868008948444e-01
0.000000000000000000e+00
0.000000000000000000e+00
0.000000000000000000e+00
1.417910447761193959e-01
0.000000000000000000e+00
0.000000000000000000e+00
1.994047619047618902e-01
0.000000000000000000e+00
0.000000000000000000e+00
0.000000000000000000e+00
4.502264888464397874e-01
4.545398704376608645e-01
4.347186721562424361e-01
4.430859504477298039e-01
3.587202499743453177e-01
4.508192550012523614e-01
6.046568681072277407e-01
3.597042273536780188e-01
4.065080590312679099e-01
4.935696223242780900e-01
3.011075508297761938e-01
4.069639009837859311e-01
5.626886759246928493e-01
3.003278276434738214e-01
4.345143645993453374e-01
4.592113970616998331e-01
5.738357420432479428e-01
4.471686502722790335e-01
4.300706201067100998e-01
3.626507582299810517e-01
2.309158648948782810e-01
3.038893727417127377e-01
5.064460116465305806e-01
5.377716400329153323e-01
4.710531060501136902e-01
5.392782217424311186e-01
0.000000000000000000e+00
2.027038912589933795e-01
2.066064938174854981e-01
1.889803239212865804e-01
1.963251594841680936e-01
1.286802177416568049e-01
2.032380006798842065e-01
3.656099281492413700e-01
1.293871311761064791e-01
1.652488020573687766e-01
2.436109720813305346e-01
9.066575716670625951e-02
1.656196167039406808e-01
3.166185460138839503e-01
9.019680405704810777e-02
1.888027330431727990e-01
2.108751071913581299e-01
3.292874588463249874e-01
1.999598017863318256e-01
1.849607382789701382e-01
1.315155724447802099e-01
5.332213666014967712e-02
9.234875086535163091e-02
2.564875627126778079e-01
2.891983368236915042e-01
2.218910287194596764e-01
2.908210004456787123e-01
0.000000000000000000e+00
1.953272995158913672e-01
1.975335120643431641e-01
1.978021978021977656e-01
1.956181533646322857e-01
2.777777777777777901e-01
2.020778228200225124e-01
4.747510668563299507e-01
1.140939597315436260e-01
5.884223882053726262e-01
3.824451410658306627e-01
2.654585689176883756e-01
6.430993586056917843e-01
4.132653061224489388e-01
3.327102803738317682e-01
5.363135418101665497e-01
3.666417432172612290e-01
4.622641509433961793e-01
3.934340096464618575e-01
4.379830695620169911e-01
3.169014084507042472e-01
5.105980317940953528e-01
1.819483955676686748e-01
3.117187499999999889e-01
4.459618860871963353e-01
2.982258870564717390e-01
3.322259136212624697e-01
0.000000000000000000e+00
