2.629751335005660051e-01
2.606118306314754718e-01
2.439171705713129301e-01
2.418378134543662517e-01
2.443805849702791189e-01
2.546184098220322656e-01
1.971709707933215761e-01
1.905543092156766205e-01
4.846712062438575108e-01
4.966038879454756083e-01
4.430064518883449765e-01
2.005568930219922552e-01
2.578781163776829866e-01
8.408622923338552324e-01
8.223750021675002575e-01
4.308788584754439932e-01
4.295348198975504905e-01
6.052766421657320706e-01
2.797525710641737828e-01
3.491507154137591940e-01
2.839709819991008133e-01
1.738191470319150889e-01
1.620074380200317854e-01
2.865321621247628459e-01
1.653851170347536981e-01
5.412091285903544158e-01
0.000000000000000000e+00
1.443429854973387605e-01
1.430650940579277497e-01
1.297339378119705122e-01
1.319035346097201522e-01
7.118644067796610353e-02
1.384839194218173697e-01
2.660980810234541694e-01
2.291666666666666852e-01
2.992277992277992404e-01
7.210884353741495723e-01
3.509615384615384914e-01
1.824681113701824009e-01
3.362318840579709978e-01
4.862653419053185044e-01
5.901316682503054967e-01
4.845923341831029352e-01
3.333333333333333148e-01
4.900081098711235317e-01
1.584385763490241128e-01
4.329268292682926789e-01
1.935483870967741882e-01
3.177591208552863478e-01
1.808193156780784627e-01
2.595722662987237639e-01
1.962264150943395791e-01
3.617391304347826186e-01
0.000000000000000000e+00
9.179575444635684756e-02
9.775112443778109783e-02
8.972845336481699574e-02
9.954751131221720173e-02
1.250000000000000000e-01
9.360826760333765262e-02
0.000000000000000000e+00
0.000000000000000000e+00
8.635394456289979814e-02
8.276797829036634802e-02
1.942028985507246452e-01
0.000000000000000000e+00
0.000000000000000000e+00
4.448160535117057224e-01
3.150652985074626766e-01
1.449275362318840632e-01
8.551483420593368467e-02
1.224999999999999978e-01
0.000000000000000000e+00
0.000000000000000000e+00
0.000000000000000000e+00
0.000000000000000000e+00
0.000000000000000000e+00
0.000000000000000000e+00
0.000000000000000000e+00
0.000000000000000000e+00
0.000000000000000000e+00
3.108075509999447261e-01
3.040817279777802695e-01
2.785977100042891230e-01
2.669221591407965333e-01
1.485590852395144157e-01
2.976515650821274228e-01
3.185650449805308426e-01
3.408707121326479683e-01
3.722513599514933325e-01
7.262630440040007684e-01
3.515995964154698949e-01
3.209643608791046265e-01
4.921540675821700628e-01
6.826147535966550217e-01
5.577397494834921421e-01
3.563553304143532996e-01
5.171897541537658904e-01
6.497229201591198100e-01
4.047074455975400165e-01
4.838382420874572376e-01
1.859743387944885473e-01
2.892143724088607759e-01
4.808763372940316749e-01
4.301541163215830688e-01
3.012747823979359807e-01
6.091667807145026980e-01
0.000000000000000000e+00
9.660133375858324933e-02
9.246569728995278348e-02
7.761668401963399411e-02
7.124743904038471909e-02
2.206980180720131621e-02
8.859645419583994652e-02
1.014836878834476375e-01
1.161928423898185431e-01
1.385710749857362312e-01
5.274580090859571913e-01
1.236222761995213193e-01
1.030181209545320831e-01
2.422156262376751745e-01
4.659629018278219625e-01
3.110736281539084325e-01
1.269891215147229135e-01
2.674852418016328559e-01
4.221398729800939775e-01
1.637881165220857749e-01
2.340994445062808960e-01
3.458645469004720946e-02
8.364495320785123034e-02
2.312420517693233313e-01
1.850325637884020491e-01
9.076649450892365634e-02
3.710841667260709742e-01
0.000000000000000000e+00
1.835403073037255306e-01
1.805898123324396753e-01
1.619861619861619750e-01
1.643192488262910644e-01
2.222222222222222099e-01
1.761587273896387529e-01
1.939843068875326815e-01
5.074626865671642145e-02
4.478923925547919072e-01
4.690185436454092915e-01
4.550875991553958166e-01
2.196944148843104072e-01
1.673553719008264440e-01
8.165137614678900091e-01
8.592475241462704805e-01
4.219804951237808299e-01
3.754789272030650826e-01
6.016087466281393459e-01
2.363455809334657487e-01
2.975206611570248016e-01
3.166666666666666519e-01
1.829296630619358655e-01
2.150943396226415172e-01
3.024124513618677845e-01
1.118347076461769091e-01
5.625000000000000000e-01
0.000000000000000000e+00
