3.505854617025117026e-01
3.575322798756674914e-01
3.518856607998824826e-01
3.627790857719569995e-01
4.455439848110005485e-01
3.530379150259742027e-01
4.859376362051566201e-01
2.251647362273073438e-01
5.625614965222606179e-01
3.760162506237154645e-01
2.542082663716436208e-01
4.855617384471427878e-01
4.085978407236788845e-01
4.055727690332381341e-01
4.744034777066399866e-01
4.262819227818298029e-01
4.483192964840226336e-01
3.294416948663154709e-01
4.298885723864838138e-01
4.331291317745392111e-01
3.779655079888258884e-01
1.802722490682447110e-01
2.733081504834886655e-01
5.414752096422797978e-01
2.521646391212868932e-01
4.253155049319868319e-01
0.000000000000000000e+00
1.443674007519898661e-01
1.492982979994028070e-01
1.410450153409351093e-01
1.539027982326951205e-01
1.830508474576271194e-01
1.462016704354771046e-01
5.215805471124620452e-01
2.573099415204678220e-01
2.683982683982684136e-01
3.809523809523809312e-01
2.993512511584801028e-01
2.803500559682506887e-01
2.801932367149758130e-01
3.756419662509170587e-01
5.611510791366908224e-01
5.194934004730297206e-01
3.333333333333333148e-01
2.122673169858600439e-01
2.692307692307692180e-01
3.902439024390244038e-01
3.098591549295774406e-01
3.029103739242443583e-01
1.628984870717334887e-01
7.076451930438587556e-01
5.073170731707316028e-01
3.878787878787879340e-01
0.000000000000000000e+00
9.695926563396441156e-02
1.004497751124437815e-01
7.438016528925620041e-02
9.276018099547511664e-02
1.250000000000000000e-01
9.060219071638694888e-02
1.520467836257309857e-01
0.000000000000000000e+00
0.000000000000000000e+00
1.179883945841392473e-01
0.000000000000000000e+00
2.106918238993710779e-01
0.000000000000000000e+00
1.100082712985939043e-01
0.000000000000000000e+00
8.333333333333332871e-02
1.192214111922141051e-01
1.380281690140844897e-01
0.000000000000000000e+00
0.000000000000000000e+00
0.000000000000000000e+00
0.000000000000000000e+00
1.075471698113207586e-01
8.375000000000000500e-02
0.000000000000000000e+00
0.000000000000000000e+00
0.000000000000000000e+00
4.230941777879619337e-01
4.284329307832302480e-01
4.082247406439845627e-01
4.154870947877613574e-01
4.086817710125199565e-01
4.247141641897970166e-01
5.916465560794709200e-01
3.222481166762178328e-01
4.667850510962356925e-01
4.105393709697227056e-01
3.440258121451649775e-01
3.458911264701093335e-01
4.922042273720393935e-01
4.847728224168745270e-01
4.290714667347621525e-01
3.293644557440902898e-01
4.581983478095574824e-01
3.568502848705654151e-01
4.605941939278767605e-01
5.187993107504038637e-01
2.270562826870951845e-01
2.934719385945077641e-01
4.688229303151189020e-01
6.732260958665875483e-01
4.858011731428856783e-01
5.946790132125604478e-01
0.000000000000000000e+00
1.790086832780715398e-01
1.835547761795081334e-01
1.666474388738484469e-01
1.726295259351741940e-01
1.670207899579297939e-01
1.803821212634379167e-01
3.500456473206984276e-01
1.038438487013693123e-01
2.178882839269153937e-01
1.685425751162155927e-01
1.183537594221403394e-01
1.196406713707611480e-01
2.422650014429062471e-01
2.350046893540224668e-01
1.841023235659200730e-01
1.084809447076007932e-01
2.099457259354081951e-01
1.273421258122036936e-01
2.121470114800705631e-01
2.691527248350940593e-01
5.155455550768206496e-02
8.612577874241854337e-02
2.197949399892548672e-01
4.532333761557677532e-01
2.360027798270039612e-01
3.536431287554647196e-01
0.000000000000000000e+00
1.932224794780046107e-01
2.052546916890080064e-01
2.039072039072039044e-01
1.971830985915493106e-01
2.777777777777777901e-01
1.975751434762918479e-01
4.418165166365884966e-01
2.007386873974045249e-01
5.598192717481932368e-01
3.663546500286219421e-01
2.226177633944624312e-01
5.365458208627512660e-01
3.796726921726922277e-01
3.665213178294574048e-01
4.771232928314526056e-01
4.189239877536951595e-01
4.000066640010662145e-01
3.458250685036508565e-01
3.594413370173192290e-01
4.085490296120410370e-01
4.350147396003930522e-01
1.924775351309401250e-01
3.386976408281174855e-01
4.716733467170662886e-01
2.218623796210003329e-01
4.230058343364181961e-01
0.000000000000000000e+00
