2.883590344642931180e-01
2.956328486571661585e-01
2.893922653141294266e-01
3.087071280845111176e-01
3.476754714010156233e-01
2.914263443588080427e-01
6.199396801033280058e-01
2.050264829819340717e-01
6.179218166375132215e-01
3.907851608122006604e-01
2.747373851235976883e-01
5.004983574887005293e-01
4.592458682481526666e-01
4.194972259716211460e-01
3.190708162385449964e-01
3.763197520833484466e-01
4.471211297206538759e-01
2.779651110167346006e-01
5.929532066562700487e-01
3.372474149246265651e-01
5.635655715426238777e-01
1.630080583662346927e-01
2.559617757299147423e-01
4.339354360196546745e-01
3.133167938506218331e-01
2.697805849928024413e-01
0.000000000000000000e+00
1.735680453147126490e-01
1.828406489499353194e-01
1.752988047808765049e-01
1.920103092783504994e-01
2.440677966101694740e-01
1.787191506264131924e-01
4.496240601503759260e-01
3.606557377049180446e-01
3.643761301989150159e-01
5.313283208020049830e-01
2.541436464088397962e-01
3.312780804894369657e-01
3.356481481481481399e-01
3.097398669086509071e-01
2.958633093525180335e-01
7.897577507217272696e-01
3.040935672514619714e-01
2.717391304347825942e-01
4.708436724565757125e-01
4.870426829268292845e-01
4.565217391304347561e-01
4.345061173705674906e-01
1.966586676945138445e-01
4.137992274563780382e-01
3.104477611940297810e-01
3.672131147540984020e-01
0.000000000000000000e+00
6.999426276534709279e-02
8.515742128935531452e-02
7.083825265643448055e-02
8.144796380090499333e-02
1.250000000000000000e-01
7.022726964211759015e-02
0.000000000000000000e+00
0.000000000000000000e+00
0.000000000000000000e+00
0.000000000000000000e+00
0.000000000000000000e+00
0.000000000000000000e+00
0.000000000000000000e+00
0.000000000000000000e+00
0.000000000000000000e+00
0.000000000000000000e+00
5.518018018018017862e-02
0.000000000000000000e+00
0.000000000000000000e+00
0.000000000000000000e+00
0.000000000000000000e+00
0.000000000000000000e+00
0.000000000000000000e+00
9.103260869565217572e-02
0.000000000000000000e+00
0.000000000000000000e+00
0.000000000000000000e+00
3.549224102563657834e-01
3.614275668846033129e-01
3.449169049373398965e-01
3.517879189639353532e-01
3.035419707798575062e-01
3.562447237946413381e-01
4.990930217430240567e-01
3.422180453495397012e-01
4.404985997870208836e-01
4.655170090601852828e-01
2.605164005767162116e-01
4.494073027537591747e-01
5.014178082254517888e-01
4.055319702453545894e-01
3.029696403519872572e-01
3.788063756658840431e-01
4.293031793566821075e-01
3.763661576292764988e-01
5.336993099986295785e-01
4.027793398159088545e-01
2.589188620153814457e-01
2.591079677369808598e-01
4.680650221331000282e-01
4.904627712132362261e-01
4.138773316450837791e-01
4.539185054966758948e-01
0.000000000000000000e+00
1.259699173021880392e-01
1.306298861041243764e-01
1.189676713115540019e-01
1.237547399289763567e-01
9.213772802491985991e-02
1.269103032315203050e-01
2.490938443525826385e-01
1.171131905628595565e-01
1.940390164143259988e-01
2.167060857243406358e-01
6.786879496944807355e-02
2.019669237684089402e-01
2.514198184056159469e-01
1.644561788910791633e-01
9.179060297501250021e-02
1.434942702451228458e-01
1.843012198057556172e-01
1.416514846086253943e-01
2.848349534930133542e-01
1.622311965825393998e-01
6.703897710734013637e-02
6.713693894478831026e-02
2.190848649444594454e-01
2.405537299461673606e-01
1.712944456496546808e-01
2.060420096323358208e-01
0.000000000000000000e+00
2.138497158492948802e-01
2.153351206434316323e-01
2.067562067562067618e-01
2.190923317683881044e-01
2.777777777777777901e-01
2.150062148159294639e-01
6.064047240517828063e-01
1.231884057971014551e-01
6.088537211291702445e-01
3.794258373205741663e-01
2.946861083957857952e-01
5.452624956056126848e-01
4.014317180616740477e-01
4.086317722681359066e-01
3.468334196312782280e-01
3.509223951355250337e-01
4.317180616740087795e-01
3.146808366531411716e-01
5.693779904306220940e-01
3.169014084507042472e-01
5.995145631067960723e-01
1.552395209580838542e-01
3.166666666666666519e-01
4.038121411662268789e-01
2.606957712022367479e-01
2.654867256637167827e-01
0.000000000000000000e+00
