3.632593400617313284e-01
3.683484242722670499e-01
3.614268869122804206e-01
3.748504303328365483e-01
4.664619105969222690e-01
3.649194088854460505e-01
5.063482178930029942e-01
2.248633110606234886e-01
5.635909430848624613e-01
4.289723650988785941e-01
3.055516629596264355e-01
4.443206811593136685e-01
4.226050624498307595e-01
3.964446283324147280e-01
5.161530414489825525e-01
3.799071561885676851e-01
4.748136663638460320e-01
3.960365546631102740e-01
4.138036227126990485e-01
3.618793781091765860e-01
4.310689855799740844e-01
1.849813692187699254e-01
2.295895445793864342e-01
4.874399371307089890e-01
3.075150394269640652e-01
3.644067207620740323e-01
0.000000000000000000e+00
1.274964597880756112e-01
1.309221658206429773e-01
1.261162247561478100e-01
1.335603829160530165e-01
1.389830508474576287e-01
1.288792449573246124e-01
4.741641337386018340e-01
2.208835341365462113e-01
2.952380952380952439e-01
5.540069686411149830e-01
2.211538461538461176e-01
2.024296932680045291e-01
3.411764705882352477e-01
2.356879812520923934e-01
4.287579551743220807e-01
4.907248212831418210e-01
2.977099236641221336e-01
3.093974076116932648e-01
2.877664504170528437e-01
3.607723577235772416e-01
2.800000000000000266e-01
3.657682470981704070e-01
1.320970155130325174e-01
5.913677130044843189e-01
2.599999999999999534e-01
3.555555555555555691e-01
0.000000000000000000e+00
8.950086058519791943e-02
8.575712143928035380e-02
8.264462809917355601e-02
9.049773755656109753e-02
1.250000000000000000e-01
8.975133563725776198e-02
1.604938271604938183e-01
0.000000000000000000e+00
0.000000000000000000e+00
0.000000000000000000e+00
0.000000000000000000e+00
1.861111111111111160e-01
0.000000000000000000e+00
1.232622798887859361e-01
1.855769230769230838e-01
0.000000000000000000e+00
1.088888888888888823e-01
0.000000000000000000e+00
0.000000000000000000e+00
0.000000000000000000e+00
0.000000000000000000e+00
7.544378698224853130e-02
0.000000000000000000e+00
1.288461538461538602e-01
0.000000000000000000e+00
0.000000000000000000e+00
0.000000000000000000e+00
4.119844382456963605e-01
4.138362761641290466e-01
3.930714063598453323e-01
3.966140724199928025e-01
3.889369624126464142e-01
4.104404167371902834e-01
5.638641050276541611e-01
3.322807250452138317e-01
4.199739819795796913e-01
5.202006923704252106e-01
3.005767317281722861e-01
3.633434837312881638e-01
6.266048451177205214e-01
3.302365321321995562e-01
4.306454045496889149e-01
3.663580361052384271e-01
4.789395426568333614e-01
5.817859142905675851e-01
4.500279200643761968e-01
3.888479377271239490e-01
2.008807271247262938e-01
2.679981409277854554e-01
4.444644908294995700e-01
6.483372833223740583e-01
4.148532608290019241e-01
5.480433592316744651e-01
0.000000000000000000e+00
1.697311773566219928e-01
1.712604634693933037e-01
1.545051304977066720e-01
1.573027224415712855e-01
1.512719607307763392e-01
1.684613356913984561e-01
3.179427289386373423e-01
1.104104802365729887e-01
1.763781455397843145e-01
2.706087603426697852e-01
9.034637165638964573e-02
1.320184871699888185e-01
3.926336319250024465e-01
1.090561671547012751e-01
1.854554644597651847e-01
1.342182106188871682e-01
2.293830855203367047e-01
3.384748500669116367e-01
2.025251288374685654e-01
1.512027186746372764e-01
4.035306653015874323e-02
7.182300354074913629e-02
1.975486836083263087e-01
4.203412329458364183e-01
1.721032280204559117e-01
3.003515235979382081e-01
0.000000000000000000e+00
2.332140601978530958e-01
2.297050938337801274e-01
2.254782254782254358e-01
2.331768388106416623e-01
3.888888888888888395e-01
2.342991323126111247e-01
4.593656156156156189e-01
1.307692307692307765e-01
5.310303131652912567e-01
4.133258046301524491e-01
3.063331729998396979e-01
4.673859733995305854e-01
3.790106951871657359e-01
3.708333333333333481e-01
4.757634201221472292e-01
3.516129032258064058e-01
4.242424242424242542e-01
3.609989594172736682e-01
4.354066985645933530e-01
3.261608154020385064e-01
4.453125000000000000e-01
1.628742514970059896e-01
2.982558139534883801e-01
4.325256455606650841e-01
2.638152077807250362e-01
3.521126760563380587e-01
0.000000000000000000e+00
