3.591728089539315549e-01
3.611618375409652026e-01
3.494466247222741684e-01
3.639945569388873814e-01
3.769633507853403231e-01
3.573850352380796291e-01
2.939482275344061923e-01
1.326819057009689662e-01
5.807460220585389798e-01
4.957210662984110061e-01
2.691107305102490299e-01
4.941246283909903614e-01
4.271028074584626855e-01
5.050164305440808521e-01
4.118846433070166291e-01
3.985372571040802780e-01
5.159436296959316604e-01
3.355544562510840434e-01
5.730233350199079867e-01
2.127382893170846057e-01
5.636328797006685543e-01
2.034789752135769958e-01
2.325276742713393296e-01
4.596598863050490591e-01
2.546320677724290271e-01
4.679726562042150206e-01
0.000000000000000000e+00
1.418037990136237214e-01
1.425798745894296948e-01
1.322525988002014874e-01
1.391752577319587403e-01
7.457627118644068187e-02
1.390138035921565929e-01
1.843179377013963449e-01
1.705426356589147263e-01
2.357804232804232847e-01
4.752628324056895615e-01
2.630272952853598412e-01
2.147177728094085691e-01
2.478632478632478431e-01
4.413793103448275801e-01
3.434543703619781785e-01
3.493631314642988150e-01
4.333333333333333481e-01
3.586711711711711437e-01
2.919230769230768963e-01
1.855400696864111243e-01
2.736842105263158076e-01
4.862404092071611061e-01
1.110906953886715842e-01
3.022873181275607668e-01
2.019417475728154943e-01
2.519685039370078705e-01
0.000000000000000000e+00
2.180149168100974921e-01
2.185907046476761040e-01
2.266824085005903211e-01
2.285067873303167629e-01
2.500000000000000000e-01
2.223667793948195526e-01
1.805555555555555247e-01
0.000000000000000000e+00
1.157142857142857278e-01
0.000000000000000000e+00
0.000000000000000000e+00
2.375886524822695134e-01
0.000000000000000000e+00
1.189624329159213040e-01
1.116898148148148112e-01
1.553672316384180907e-01
1.888246628131020899e-01
8.909090909090908172e-02
1.079136690647482105e-01
0.000000000000000000e+00
1.563786008230452773e-01
4.129554655870445318e-02
5.700000000000000205e-02
0.000000000000000000e+00
0.000000000000000000e+00
2.000000000000000111e-01
0.000000000000000000e+00
3.398722915782199649e-01
3.396600923554187190e-01
3.149994999110506955e-01
3.154044807227161518e-01
1.750037079406816520e-01
3.325258890653089439e-01
2.285185497514013730e-01
2.138221891149007792e-01
3.794157828395963161e-01
5.842271035136514801e-01
2.918772523872755209e-01
3.410181444170485299e-01
4.519101333233100926e-01
5.931335769065799735e-01
3.136566751498388039e-01
2.499670686955468846e-01
6.410375042704359316e-01
4.340501507401305359e-01
5.215520510204317839e-01
2.092494327178535396e-01
2.204830205515213581e-01
3.544247289697586845e-01
3.830595565752241694e-01
5.178257264723175046e-01
3.577669312789130140e-01
4.121167936071345461e-01
0.000000000000000000e+00
1.155131745826305650e-01
1.153689783388916063e-01
9.922468494421202156e-02
9.947998645996621037e-02
3.062629779298740515e-02
1.105734668986741581e-01
5.222072758048369040e-02
4.571992855788838128e-02
1.439563362677837022e-01
3.413213084799508468e-01
8.519233046114534080e-02
1.162933748216469360e-01
2.042227686002918430e-01
3.518074400539937807e-01
9.838050986605145765e-02
6.248353543224426099e-02
4.109290818812692536e-01
1.883995333575300413e-01
2.720165419236190707e-01
4.378532509274351420e-02
4.861276235152258568e-02
1.256168885052869055e-01
1.467346238836073902e-01
2.681434829965834155e-01
1.279971771167304762e-01
1.698402515730255136e-01
0.000000000000000000e+00
3.062513155125237141e-01
3.080965147453083031e-01
3.117623117623117279e-01
3.122065727699530613e-01
3.888888888888888395e-01
3.128477085759898690e-01
3.056120592091814969e-01
9.604519774011299749e-02
6.189649720259845500e-01
4.757357750163505594e-01
2.876147328972999961e-01
5.319946620655071623e-01
3.708990271720898901e-01
4.694707710484409824e-01
4.398117853698856328e-01
4.048094975514330285e-01
4.456018518518518046e-01
3.264159852635697412e-01
4.728594991752886889e-01
2.058615819209039521e-01
5.903164068954122046e-01
1.817912184997686198e-01
3.103333333333333499e-01
4.858378788290664829e-01
1.905332056194125046e-01
4.523261491246425292e-01
0.000000000000000000e+00
