2.896420424009638062e-01
2.902256957891474198e-01
2.857416528180510285e-01
2.877248751430703244e-01
3.366226747412358056e-01
2.887959940721794294e-01
2.667814865423319692e-01
2.011426522268638384e-01
5.637736898115128792e-01
4.869986776242364868e-01
3.510425901226581491e-01
3.860748697859309742e-01
3.547459520366003094e-01
5.885562317280541578e-01
5.825339176149122444e-01
3.961965035827619275e-01
5.729338159900327909e-01
5.202328932602685585e-01
2.742226844454088153e-01
3.031279127657592332e-01
3.427918604316668172e-01
1.805018100789891888e-01
2.918471473451648146e-01
4.782672561526463140e-01
1.891608860349352217e-01
4.441560452936275105e-01
0.000000000000000000e+00
7.212266223936715515e-02
7.043147208121827707e-02
6.795805284608691377e-02
7.133652430044182258e-02
9.491525423728813804e-02
7.114070088455549945e-02
2.257703081232493025e-01
4.444444444444444753e-01
2.554945054945055305e-01
3.972663139329806192e-01
3.335246842709529425e-01
2.370232291367938005e-01
3.118279569892472569e-01
4.012539184952977900e-01
4.000255862255802652e-01
3.324120877122804241e-01
3.939393939393939226e-01
4.103975109129748278e-01
1.720085470085469803e-01
3.206865401987353259e-01
1.724137931034482873e-01
2.448642851249896446e-01
1.587987531186438872e-01
3.789960943150586514e-01
3.058823529411764386e-01
2.947368421052631304e-01
0.000000000000000000e+00
5.393000573723465141e-02
6.746626686656670424e-02
5.312868949232584653e-02
5.656108597285067902e-02
1.250000000000000000e-01
5.633738291920343394e-02
0.000000000000000000e+00
0.000000000000000000e+00
0.000000000000000000e+00
1.246169560776302226e-01
0.000000000000000000e+00
0.000000000000000000e+00
0.000000000000000000e+00
1.894586894586894610e-01
3.369413407821229001e-01
2.597402597402597713e-01
1.334422657952069602e-01
0.000000000000000000e+00
0.000000000000000000e+00
0.000000000000000000e+00
0.000000000000000000e+00
3.884234577303884856e-02
0.000000000000000000e+00
2.175324675324675494e-01
0.000000000000000000e+00
0.000000000000000000e+00
0.000000000000000000e+00
2.736988502433331250e-01
2.682553861801016959e-01
2.575628958270507751e-01
2.600183815053385694e-01
2.085394920933671403e-01
2.702080648020496745e-01
3.639815021406453965e-01
4.646342418168082355e-01
3.968155919937396137e-01
5.337642374276059254e-01
4.191060392972165705e-01
4.253090903881221463e-01
4.909403300371708578e-01
5.935328466045978191e-01
3.698238947643482377e-01
2.483727847812117195e-01
6.946565632777362831e-01
6.238964504637226627e-01
3.509359305215528080e-01
3.867622876743841420e-01
1.656424079702074059e-01
1.966745717420081141e-01
5.110386931343985362e-01
4.028443905502093192e-01
4.001969623929968467e-01
5.659512464470332072e-01
0.000000000000000000e+00
7.491106062452247694e-02
7.196095221463549851e-02
6.633864530681619909e-02
6.760955872065579908e-02
4.348871976255953148e-02
7.301239828406866361e-02
1.324825339005606395e-01
2.158849786686801719e-01
1.574626140493419757e-01
2.849042611566737215e-01
1.756498721754000403e-01
1.808878223667718388e-01
2.410224076570062213e-01
3.522812399985570386e-01
1.367697131386716725e-01
6.168904021997410198e-02
4.825477409048356536e-01
3.892467809012324365e-01
1.231560273310281645e-01
1.495850671671231091e-01
2.743740731816862732e-02
3.868088716990229770e-02
2.611605458805140167e-01
1.622836029977695882e-01
1.601576087085817834e-01
3.203008133549504755e-01
0.000000000000000000e+00
1.902757314249631515e-01
1.945308310991957224e-01
1.872201872201872119e-01
1.799687010954617028e-01
2.777777777777777901e-01
1.939266743995103903e-01
2.342927342927342838e-01
1.370967741935483764e-01
5.815916142129387012e-01
5.107655502392344227e-01
2.939892754707569278e-01
4.025431898458153857e-01
2.982815057283142446e-01
5.671568627450981337e-01
6.659591652631439151e-01
3.721391241665163996e-01
4.600938967136150026e-01
5.548754361265838542e-01
2.319688109161793244e-01
2.727272727272727071e-01
3.958333333333333148e-01
1.916167664670658799e-01
3.677419354838709631e-01
4.461358123178613688e-01
1.316263510036026763e-01
4.444444444444444753e-01
0.000000000000000000e+00
