2.854246380231061364e-01
2.880164334076596444e-01
2.647104482275478565e-01
2.920297066569179090e-01
2.598568223100758967e-01
2.794079658667481536e-01
6.574841149394048401e-01
1.248123080202197810e-01
3.571329083221742029e-01
4.139231100585335499e-01
1.721749260288875927e-01
5.301075908887994403e-01
2.953314026009730697e-01
3.960596209733416306e-01
3.230321364012577190e-01
6.266855036526830514e-01
4.486187158169745448e-01
1.134357736815481132e-01
5.208296157676050031e-01
2.009576124614277925e-01
7.433762353999734396e-01
1.665097877726860465e-01
1.305880952007658635e-01
4.847400839757496360e-01
4.411965927325220416e-01
4.089046028320585391e-01
0.000000000000000000e+00
8.164461155329849618e-02
7.808300985368767100e-02
7.436918990703851595e-02
7.345360824742268313e-02
5.084745762711864042e-02
7.820156213695449166e-02
6.040053404539384996e-01
8.239700374531835902e-02
1.949195171026156803e-01
5.313283208020049830e-01
1.935351882160392667e-01
2.095908470266961698e-01
2.643229166666666297e-01
2.596348884381338706e-01
2.265075970111941617e-01
7.314785992217899269e-01
3.895131086142321619e-01
8.341675008341674358e-02
1.976268412438625111e-01
1.710328214393254942e-01
4.132231404958677801e-01
1.967963386727688557e-01
7.731965925987688282e-02
3.801619704169734715e-01
3.119999999999999440e-01
2.973451327433628832e-01
0.000000000000000000e+00
1.353987378083763571e-01
1.460269865067466144e-01
1.357733175914994095e-01
1.515837104072398356e-01
2.500000000000000000e-01
1.373754957636686980e-01
1.843971631205673645e-01
0.000000000000000000e+00
0.000000000000000000e+00
5.182667799490228711e-02
0.000000000000000000e+00
4.466666666666667118e-01
0.000000000000000000e+00
1.023076923076923217e-01
0.000000000000000000e+00
3.191489361702127270e-01
7.458143074581430332e-02
0.000000000000000000e+00
1.327433628318583914e-01
0.000000000000000000e+00
1.711711711711711714e-01
6.882591093117408632e-02
5.044247787610619399e-02
1.469298245614034937e-01
0.000000000000000000e+00
0.000000000000000000e+00
0.000000000000000000e+00
2.472094798847188635e-01
2.356726821421921969e-01
2.240809527490412456e-01
2.156221006301451415e-01
1.258307669839597298e-01
2.370373380835475996e-01
7.683984522991644806e-01
1.777476147487202784e-01
3.944210042400689287e-01
6.774900850565126476e-01
2.701967061726570640e-01
3.016550634927805397e-01
4.705432726619994122e-01
3.821682360444763615e-01
2.959520682753525311e-01
4.951745428320231679e-01
6.522249884372226525e-01
2.349174537662514495e-01
3.422829613151994188e-01
2.318020704792290720e-01
3.464167558013949155e-01
1.894932444944048278e-01
3.587136906736371755e-01
4.905576362275073654e-01
5.166573112880568086e-01
6.261200548675837085e-01
0.000000000000000000e+00
6.111252694487322862e-02
5.554161310809475893e-02
5.021227338491805747e-02
4.649289028015644865e-02
1.583338191977157194e-02
5.618669964573404924e-02
5.904361814957512777e-01
3.159421454885948111e-02
1.555679285857444472e-01
4.589928153498807339e-01
7.300626002655317970e-02
9.099577733083344389e-02
2.214109714474647161e-01
1.460525606413465571e-01
8.758762671645889397e-02
2.451978278689031510e-01
4.253974355419352649e-01
5.518621008401888156e-02
1.171576256067023147e-01
5.373219987845748863e-02
1.200045686999632460e-01
3.590768970901628276e-02
1.286755118767018979e-01
2.406467944611194454e-01
2.669347773074040586e-01
3.920263231073860544e-01
0.000000000000000000e+00
2.007998316143969342e-01
2.183378016085790740e-01
1.855921855921855712e-01
2.550860719874804561e-01
2.222222222222222099e-01
2.051606412928321799e-01
6.315562137479945326e-01
5.985915492957746831e-02
3.608022051135823527e-01
3.862505653550429296e-01
1.250727829675197800e-01
6.271292550963923906e-01
1.849315068493150582e-01
4.058872305140961978e-01
3.997004573405029682e-01
5.742913000977516447e-01
3.274853801169590461e-01
1.313068061477259407e-01
5.176163549369291461e-01
2.109375000000000000e-01
8.675799086757990386e-01
1.680091145143341735e-01
2.159090909090909116e-01
4.802375588777391124e-01
3.610102843315184384e-01
4.048582995951416907e-01
0.000000000000000000e+00
