3.671233447050393783e-01
3.722749484093836325e-01
3.666888519498459620e-01
3.855380474461332363e-01
4.875014762035979610e-01
3.698963636171199165e-01
6.132991636129936364e-01
2.171206670727031662e-01
6.300502411358261945e-01
3.391831543740961852e-01
2.421183738498260685e-01
5.521067913454069664e-01
3.874669305233495176e-01
4.311346884324508411e-01
3.418409401124670732e-01
3.088346860170236297e-01
5.212095352119792135e-01
3.680451815730910736e-01
5.411208659649683339e-01
2.949025049132324994e-01
5.241144013419850589e-01
1.631760576887250902e-01
2.639652690466858243e-01
5.073925807391960197e-01
3.672162706226081430e-01
3.445425068616811415e-01
0.000000000000000000e+00
1.590165535426534549e-01
1.683835970936597981e-01
1.589961991115995676e-01
1.756259204712812827e-01
1.559322033898304927e-01
1.624159728506059941e-01
5.370051635111876553e-01
2.189054726368159232e-01
2.511045655375552244e-01
3.268242548818088289e-01
1.975524475524475521e-01
3.430599369085172712e-01
2.685185185185184897e-01
3.009404388714733147e-01
3.298505525476526090e-01
3.156614785992217787e-01
2.732732732732732206e-01
3.478925353925353403e-01
2.601809954751130860e-01
2.662303352593274330e-01
3.125000000000000000e-01
2.549290578355292158e-01
1.902882579915973205e-01
3.509016046095366770e-01
2.736842105263157521e-01
2.461538461538461675e-01
0.000000000000000000e+00
1.250717154331612013e-01
1.256371814092953620e-01
1.168831168831168943e-01
1.425339366515837314e-01
1.250000000000000000e-01
1.231550939876137063e-01
1.699346405228757961e-01
0.000000000000000000e+00
1.780219780219780557e-01
0.000000000000000000e+00
0.000000000000000000e+00
1.994047619047619180e-01
0.000000000000000000e+00
1.826923076923077094e-01
0.000000000000000000e+00
7.812500000000000000e-02
1.498470948012232407e-01
6.405228758169934089e-02
0.000000000000000000e+00
0.000000000000000000e+00
0.000000000000000000e+00
0.000000000000000000e+00
5.876288659793814373e-02
1.836622807017543879e-01
0.000000000000000000e+00
0.000000000000000000e+00
0.000000000000000000e+00
4.055163465008815304e-01
4.086477951000793696e-01
3.887067942720175973e-01
3.955618056251118397e-01
3.608235731213570441e-01
4.051279959970529587e-01
5.301245769050497714e-01
2.974366819710565490e-01
3.725564449381129628e-01
3.984608126092770708e-01
2.308354737230395304e-01
4.346829407275519808e-01
4.141076092494925809e-01
4.143277413225198713e-01
3.211699241513423231e-01
2.889904474968484904e-01
4.365545059052820531e-01
4.082395174910546931e-01
4.804515420887370825e-01
3.050280015077119766e-01
2.092050697222281042e-01
2.214263693885349937e-01
5.163472904100402383e-01
4.269648605053248946e-01
3.763230773272732699e-01
4.201038000025278385e-01
0.000000000000000000e+00
1.644435072794230290e-01
1.669930204401564589e-01
1.510929719132286519e-01
1.564691420693988255e-01
1.301936509200632974e-01
1.641286931405881722e-01
2.810320670387579378e-01
8.846857978195139804e-02
1.387983046649251817e-01
1.587710191852454156e-01
5.328501592894008959e-02
1.889492589595524186e-01
1.714851120383304450e-01
1.716674772294209395e-01
1.031501201793789679e-01
8.351547874442874497e-02
1.905798366262049237e-01
1.666595036413291708e-01
2.308336842954454848e-01
9.304208170378876208e-02
4.376676119748231647e-02
4.902963706058795224e-02
2.666145243137904575e-01
1.822989921063315755e-01
1.416190585290689197e-01
1.764872027765639062e-01
0.000000000000000000e+00
2.706798568722373899e-01
2.757104557640750464e-01
2.608872608872608856e-01
2.840375586854460566e-01
3.888888888888888395e-01
2.706259828061645667e-01
5.802372727828239984e-01
1.638402372347326774e-01
6.556568091679686461e-01
3.258612764717093158e-01
2.678645840682158941e-01
6.126214118646852169e-01
3.566658924631285754e-01
3.983888600355217080e-01
3.245957282928407794e-01
3.148711415594413476e-01
4.818134354333448721e-01
3.765935013775432716e-01
5.367988655945773457e-01
2.805668016194332037e-01
5.612496807695581680e-01
1.547058259514030032e-01
3.127577901550504524e-01
4.921266559713879385e-01
3.215247844827586188e-01
3.607533654697081538e-01
0.000000000000000000e+00
