2.216095511936591322e-01
2.244665132321387035e-01
2.192511317560017770e-01
2.187028288977938828e-01
2.417757945311410361e-01
2.207829327993402480e-01
3.160378990449556613e-01
1.630321482040696657e-01
5.007113336869419840e-01
4.564717290327784949e-01
2.862139774787160196e-01
3.837944250962582737e-01
3.137980728388590768e-01
5.569494297027941521e-01
7.757567153278490668e-01
4.297235503891439490e-01
4.698278193018483595e-01
5.968779305768445731e-01
2.514982013592614862e-01
3.311457169579795634e-01
2.896667524861346599e-01
1.727011138784649846e-01
2.588380548542046355e-01
3.799394441025142344e-01
2.642482091302955083e-01
5.085218789015967245e-01
0.000000000000000000e+00
1.005176033986034390e-01
1.022693341295909247e-01
9.625864358657325315e-02
9.996318114874816474e-02
7.796610169491524633e-02
9.919733423104309944e-02
2.857142857142856984e-01
3.606557377049180446e-01
2.189952904238618436e-01
5.177045177045176416e-01
2.354184277261200664e-01
2.134595162986329675e-01
3.372093023255813837e-01
3.678160919540229834e-01
5.494604316546763956e-01
4.351491569390401604e-01
2.795698924731182533e-01
4.152590090090089725e-01
1.658653846153846090e-01
3.920846755637367731e-01
1.935483870967741882e-01
2.494654312188168133e-01
2.244271202456886716e-01
4.147982062780269374e-01
2.765957446808510189e-01
5.500000000000000444e-01
0.000000000000000000e+00
3.442340791738381089e-02
4.107946026986505905e-02
3.778040141676505120e-02
4.751131221719457481e-02
1.250000000000000000e-01
3.681194630751245117e-02
0.000000000000000000e+00
0.000000000000000000e+00
0.000000000000000000e+00
0.000000000000000000e+00
0.000000000000000000e+00
0.000000000000000000e+00
0.000000000000000000e+00
1.598557692307692457e-01
2.193181818181818010e-01
9.433962264150942689e-02
9.176029962546815300e-02
0.000000000000000000e+00
0.000000000000000000e+00
0.000000000000000000e+00
0.000000000000000000e+00
0.000000000000000000e+00
0.000000000000000000e+00
0.000000000000000000e+00
0.000000000000000000e+00
0.000000000000000000e+00
0.000000000000000000e+00
2.602092348813511702e-01
2.614046766806735200e-01
2.490534974447814187e-01
2.435755988939753147e-01
1.658657992295637096e-01
2.573888566373258580e-01
3.982081334971855902e-01
3.698967009798633798e-01
3.552161955789338021e-01
6.379492523904378709e-01
2.942312159691337636e-01
3.674479379786512734e-01
5.224945346815095260e-01
6.400581215416507597e-01
4.578034172586129547e-01
3.784592176198767199e-01
4.321377231689804144e-01
6.023767119884130272e-01
3.470883614813978224e-01
4.054907781547807399e-01
1.776145617229738238e-01
2.302913723575970850e-01
5.470174729229456689e-01
5.435316622595384173e-01
3.931925787347610446e-01
7.336708818648171038e-01
0.000000000000000000e+00
6.770884591753818793e-02
6.833240499052746497e-02
6.202764458947775117e-02
5.932907237655875299e-02
2.751146335406193938e-02
6.624902352106988579e-02
1.585697175833123973e-01
1.368235693957864374e-01
1.261785456015713514e-01
4.069792486255185415e-01
8.657200845067503092e-02
1.350179871247627339e-01
2.730005387720471077e-01
4.096743989514265438e-01
2.095839688536636214e-01
1.432313794014492270e-01
1.867430117856703764e-01
3.628577031459715441e-01
1.204703306758414666e-01
1.644227711685695703e-01
3.154693253604407693e-02
5.303411618234543656e-02
2.992281156830055577e-01
2.954266678786169331e-01
1.546004039720912937e-01
5.382729628962984458e-01
0.000000000000000000e+00
1.523889707430014506e-01
1.484182305630026844e-01
1.538461538461538269e-01
1.455399061032863761e-01
2.222222222222222099e-01
1.551341646416685982e-01
3.304128304128303717e-01
0.000000000000000000e+00
4.713706228096801731e-01
4.367995018679949326e-01
2.861340679522497710e-01
3.997835899866515330e-01
2.301136363636363813e-01
5.056818181818181213e-01
7.464580817862341844e-01
3.975164145018554862e-01
4.474885844748857644e-01
6.299825422897979976e-01
2.582745523602821835e-01
3.289036544850498789e-01
3.114754098360655865e-01
1.750061520794028436e-01
3.304347826086956874e-01
3.392067562787407509e-01
2.261273209549071739e-01
5.136986301369862451e-01
0.000000000000000000e+00
