2.756959730511764350e-01
2.822454882913879581e-01
2.794859674387415449e-01
2.889648984682728905e-01
3.625324475339873898e-01
2.787547447753953023e-01
5.664656916236358031e-01
2.228621004155402208e-01
6.205077433262446984e-01
3.488576941358673134e-01
2.932544565154598937e-01
5.390409220285816705e-01
3.268977314601339557e-01
4.915660293776973333e-01
4.205396996807757026e-01
3.377610743780698477e-01
4.579752572249280451e-01
4.135164394082480044e-01
4.170107248229150687e-01
3.177834318758192000e-01
4.515070217284531395e-01
2.523532463215855670e-01
2.384436911463498621e-01
3.641516715220639577e-01
3.281756451614162851e-01
3.167376813136357772e-01
0.000000000000000000e+00
7.134137409053176171e-02
7.152632626654722992e-02
7.166735357420890573e-02
7.428203240058910140e-02
8.135593220338982468e-02
7.182644045347501283e-02
9.053571428571428603e-01
2.646048109965635775e-01
2.711370262390670471e-01
4.120505344995140651e-01
3.353846153846153921e-01
3.344199088678583842e-01
2.491408934707903533e-01
2.785403414797455457e-01
4.839047129643225253e-01
4.003891050583657241e-01
2.888888888888888618e-01
3.320416004239533092e-01
2.123076923076923084e-01
3.565279770444763074e-01
3.333333333333333148e-01
4.124157172750522737e-01
1.725926754834957166e-01
3.351427897097002950e-01
4.333333333333332371e-01
2.352941176470588480e-01
0.000000000000000000e+00
1.026965002868617111e-01
9.865067466266864982e-02
1.204250295159386142e-01
9.728506787330318262e-02
1.250000000000000000e-01
1.053701113114425547e-01
2.300884955752212080e-01
0.000000000000000000e+00
2.103896103896104042e-01
0.000000000000000000e+00
0.000000000000000000e+00
1.084142394822006500e-01
0.000000000000000000e+00
0.000000000000000000e+00
0.000000000000000000e+00
7.042253521126760896e-02
1.445427728613569163e-01
1.361111111111110994e-01
0.000000000000000000e+00
0.000000000000000000e+00
1.310344827586206740e-01
8.173076923076923184e-02
0.000000000000000000e+00
1.709183673469387710e-01
0.000000000000000000e+00
0.000000000000000000e+00
0.000000000000000000e+00
2.190848367567994615e-01
2.206966482993666934e-01
2.107937261786791139e-01
2.123556547056295873e-01
2.116363029579539923e-01
2.183422122192646697e-01
7.216585502227401694e-01
3.247799896330940128e-01
3.439450791955170339e-01
4.476068886748344466e-01
3.144808262779444918e-01
4.815729777199418971e-01
3.661510704194410049e-01
4.613210721727966646e-01
4.361719220557181975e-01
3.159647261038004973e-01
4.097796872648635236e-01
4.323888984041006633e-01
4.028327875770433275e-01
3.632535180480286341e-01
1.920986312183035061e-01
3.064122156449425871e-01
4.507296193014341812e-01
3.903861531049653277e-01
4.290194348521221279e-01
3.858118569750558779e-01
0.000000000000000000e+00
4.799816569675345590e-02
4.870701057057436750e-02
4.443399499629194921e-02
4.509492408545658776e-02
4.478992472971087685e-02
4.767332163680242096e-02
5.207910631095872267e-01
1.054820416660726401e-01
1.182982175028104432e-01
2.003519267891656352e-01
9.889819009645869907e-02
2.319125328700515909e-01
1.340666063693024268e-01
2.128171316306586569e-01
1.902459455897794471e-01
9.983370814184965025e-02
1.679193920948893748e-01
1.869601594631117025e-01
1.622742547470913399e-01
1.319531183742694846e-01
3.690188411594577667e-02
9.388844589644280980e-02
2.031571897156158324e-01
1.524013485360934672e-01
1.840576754808342930e-01
1.488507889825409769e-01
0.000000000000000000e+00
2.319511681751210419e-01
2.348525469168900592e-01
2.336182336182335839e-01
2.245696400625978306e-01
3.333333333333333148e-01
2.349785474408475627e-01
5.210493167939975745e-01
1.567119796091758499e-01
5.922981816817246559e-01
3.424304476768817440e-01
2.724543334966451624e-01
5.904918238346413828e-01
2.886392876489707326e-01
4.796684507879868664e-01
3.772585747203462958e-01
3.312472337212632456e-01
4.384984984984985346e-01
4.088753451677368256e-01
4.089117721840834219e-01
2.876170212765957190e-01
5.055457227138643317e-01
2.349675235073619417e-01
3.142661726987746040e-01
4.016415369649805056e-01
2.762216526871699718e-01
2.880493403766904992e-01
0.000000000000000000e+00
