2.732718820115310754e-01
2.777763892224120457e-01
2.686048700239596632e-01
2.731122084296689900e-01
3.520640818394575877e-01
2.733486383149332788e-01
2.830100827842217392e-01
2.610708040136821007e-01
5.154130276644248720e-01
5.383907908910763318e-01
3.346077429018184946e-01
3.596139688539245483e-01
2.500765276962831352e-01
6.460174914740224317e-01
7.836574737865527052e-01
3.751366623763175978e-01
5.018947228603028998e-01
6.342375451251605067e-01
2.457073226643067265e-01
2.743121377199516653e-01
3.555834560174422898e-01
1.658409802438430558e-01
2.010402866529999166e-01
3.194968513791155429e-01
2.533962438375361170e-01
4.310588616980528531e-01
0.000000000000000000e+00
1.127984764881097696e-01
1.128197471882153857e-01
1.082566286577826692e-01
1.126656848306332864e-01
8.474576271186440302e-02
1.123800985050408402e-01
2.503105590062111863e-01
3.819444444444444753e-01
3.122710622710622719e-01
4.870509607351712345e-01
4.461538461538461786e-01
2.054841057995632214e-01
1.933333333333333293e-01
3.611285266457679999e-01
5.527116768123964130e-01
3.777950713359273793e-01
5.555555555555554692e-01
6.173584298584298136e-01
1.545929798356982798e-01
2.541955694786305897e-01
2.592592592592592449e-01
3.333178330620785168e-01
9.398516323645156323e-02
5.589365791159512931e-01
3.466666666666666230e-01
3.929824561403508776e-01
0.000000000000000000e+00
8.605851979345954805e-02
9.295352323838081132e-02
8.028335301062572427e-02
9.049773755656109753e-02
1.250000000000000000e-01
8.565537751095078645e-02
0.000000000000000000e+00
0.000000000000000000e+00
0.000000000000000000e+00
0.000000000000000000e+00
0.000000000000000000e+00
0.000000000000000000e+00
0.000000000000000000e+00
4.204425711275026623e-01
2.942073170731707155e-01
1.190476190476190410e-01
1.384180790960451990e-01
1.342465753424657293e-01
0.000000000000000000e+00
0.000000000000000000e+00
0.000000000000000000e+00
0.000000000000000000e+00
0.000000000000000000e+00
1.469298245614034937e-01
0.000000000000000000e+00
1.226993865030674841e-01
0.000000000000000000e+00
3.129066465207696046e-01
3.139597842304494013e-01
2.988845336421386834e-01
2.931709013249381712e-01
2.209768069094286413e-01
3.106592850439361397e-01
3.860832738127451536e-01
3.910442802760186187e-01
4.372977011798912517e-01
5.763569230221505801e-01
3.508846402052448465e-01
3.203754384233125085e-01
3.797487041903676031e-01
4.426261407751950205e-01
5.016561091528043415e-01
3.177120915201570028e-01
5.641911409742627059e-01
6.071389966022067153e-01
2.676435799876011878e-01
2.960157601370377312e-01
1.973812365144783920e-01
2.618547872680098698e-01
4.282109665351665484e-01
5.397536952106254393e-01
3.473289584854450385e-01
5.233839355009035632e-01
0.000000000000000000e+00
9.791056943687385938e-02
9.857074611403035536e-02
8.933196445047873746e-02
8.594917738367664761e-02
4.883074919188690188e-02
9.650919138400958219e-02
1.490602943179671347e-01
1.529156291365893761e-01
1.912292794572174603e-01
3.321873027155611835e-01
1.231200307319641613e-01
1.026404215449296664e-01
1.442090783342633020e-01
1.959179004975427352e-01
2.516588518503303229e-01
1.009409730981125908e-01
3.183116435538402844e-01
3.686177611951343969e-01
7.163308590857948854e-02
8.762533024950826255e-02
3.895935252798445741e-02
6.856792961517470253e-02
1.833646318609815640e-01
2.913340514935248704e-01
1.206374054025839831e-01
2.739307439404139455e-01
0.000000000000000000e+00
1.839612713113028819e-01
1.875603217158176572e-01
1.746031746031745935e-01
1.862284820031299137e-01
2.777777777777777901e-01
1.848258173609813593e-01
2.722220904537709929e-01
1.693927165679886271e-01
5.439645490360387470e-01
5.240124458874457769e-01
3.821987931048758669e-01
3.768118531283006778e-01
1.922035444064132681e-01
6.401483139267977185e-01
8.021999014925301763e-01
3.630452972870225059e-01
4.464715649647155726e-01
6.038945773597178546e-01
2.597823570270896276e-01
2.882485643970467692e-01
3.938034188034188476e-01
1.624313442081354586e-01
3.026785714285714635e-01
2.815277718390558626e-01
2.392742582197273371e-01
3.846153846153846367e-01
0.000000000000000000e+00
