2.479637976802458732e-01
2.497016611990232893e-01
2.508059574028552174e-01
2.465021354068208936e-01
3.237251404790671971e-01
2.492125092723707636e-01
2.980641162319022097e-01
2.697485280843582300e-01
6.465034068950104018e-01
4.926160854491694052e-01
3.348951243219291385e-01
4.371911899993072836e-01
4.149478471814328495e-01
4.734070358669852374e-01
5.418964039276945588e-01
3.781244939653205517e-01
4.855873662769308319e-01
4.851150688628580454e-01
3.383815777751091880e-01
2.895302262663890791e-01
3.330678006702398886e-01
1.979707261352168235e-01
2.463457873695305833e-01
4.950566925123889295e-01
2.979866253126627895e-01
4.482395372214708629e-01
0.000000000000000000e+00
1.563552907856829155e-01
1.641161540758435400e-01
1.668269450931904596e-01
1.613586156111929126e-01
9.152542372881355970e-02
1.600812365166681128e-01
3.605042016806723204e-01
2.864583333333333703e-01
3.266978922716627931e-01
5.792349726775956054e-01
2.929623567921440519e-01
2.402157321664800671e-01
3.717948717948718063e-01
3.503010399562123678e-01
5.378372302158274110e-01
5.736208589403251068e-01
4.262295081967212851e-01
3.734747405633481177e-01
2.653846153846153855e-01
3.148558758314856099e-01
2.500000000000000000e-01
3.992327365728899902e-01
2.464661325869374475e-01
6.209787482940144487e-01
4.193548387096773244e-01
3.298969072164948391e-01
0.000000000000000000e+00
5.909351692484221541e-02
6.356821589205396972e-02
5.076741440377804254e-02
6.787330316742082315e-02
1.250000000000000000e-01
5.667551621323819316e-02
0.000000000000000000e+00
0.000000000000000000e+00
0.000000000000000000e+00
0.000000000000000000e+00
0.000000000000000000e+00
0.000000000000000000e+00
0.000000000000000000e+00
9.561466570812365839e-02
2.423906619385342853e-01
0.000000000000000000e+00
7.995337995337994941e-02
0.000000000000000000e+00
0.000000000000000000e+00
0.000000000000000000e+00
0.000000000000000000e+00
0.000000000000000000e+00
0.000000000000000000e+00
0.000000000000000000e+00
0.000000000000000000e+00
0.000000000000000000e+00
0.000000000000000000e+00
2.746490731017575126e-01
2.792109708677094626e-01
2.754311479183201850e-01
2.615848557881697012e-01
1.851242764850853373e-01
2.759069928083487944e-01
4.117896215728972797e-01
3.220045146643044087e-01
4.522228732590379829e-01
5.879682839374278380e-01
2.731014531007419643e-01
3.767168908495454049e-01
5.178653320753797695e-01
4.779389545775532544e-01
3.674298234442393007e-01
3.750515156554107832e-01
5.414300760196922857e-01
5.352649395587706360e-01
3.636233425119673734e-01
3.244235853414519921e-01
1.760168814693958139e-01
2.948188779635587120e-01
4.798018970040053843e-01
5.406968846374717863e-01
4.200745645699134334e-01
5.622287204943057226e-01
0.000000000000000000e+00
7.543211335565455644e-02
7.795876625288890305e-02
7.586231724360356643e-02
6.842663677771754216e-02
3.427099774412632749e-02
7.612466868054623692e-02
1.695706924351499667e-01
1.036869074641942057e-01
2.045055270986598783e-01
3.457067029163237715e-01
7.458440368573676649e-02
1.419156158513482924e-01
2.681845021655433481e-01
2.284256443026844718e-01
1.350046751562647973e-01
1.406636393954207864e-01
2.931465272186897786e-01
2.865085555208544688e-01
1.322219352195755371e-01
1.052506627258023852e-01
3.098194256221132800e-02
8.691817080369172721e-02
2.302098603686421885e-01
2.923531210566675531e-01
1.764626397986023831e-01
3.161011341486641979e-01
0.000000000000000000e+00
1.938539254893706654e-01
1.960321715817694432e-01
1.929181929181928989e-01
1.870109546165884540e-01
3.055555555555555247e-01
1.968619436211559992e-01
2.795934685077322568e-01
2.185609941501140407e-01
6.301301669538239558e-01
4.681594495780818099e-01
3.459853934199663694e-01
5.186768218287706178e-01
3.928228719801309388e-01
4.410311566870973032e-01
5.433454093904379612e-01
3.541545897838095924e-01
4.175037430243636605e-01
4.810045570623121547e-01
3.403990703386735039e-01
2.679917245455888941e-01
3.640352828635625704e-01
1.921900879092878212e-01
3.179333333333333456e-01
4.521133652959964389e-01
2.672413793103448620e-01
4.387935183699662733e-01
0.000000000000000000e+00
