3.746843965309530899e-01
3.824910419692738039e-01
3.783415149734804528e-01
4.004257916989733546e-01
4.852537873788258516e-01
3.793435180436211529e-01
5.791666757675232313e-01
2.386487376303596530e-01
5.894166781849672354e-01
2.991488032235081196e-01
1.984301471042852760e-01
5.899600334434964566e-01
4.546788385195653093e-01
3.548619488498850338e-01
3.507836298898225347e-01
3.822604433016097425e-01
4.583294800478119879e-01
3.738771111007131998e-01
4.730025762255871680e-01
3.803405276277097569e-01
5.045075929353065591e-01
2.063736765428101361e-01
2.774742316386732410e-01
5.298311402336045584e-01
2.756417681266174480e-01
3.387861654437357428e-01
0.000000000000000000e+00
1.169002392694955816e-01
1.201975714143525414e-01
1.144387965379859845e-01
1.280375552282768670e-01
1.559322033898304927e-01
1.185943834450071399e-01
4.915966386554622147e-01
2.391304347826087029e-01
2.802893309222423412e-01
3.605442176870747861e-01
2.168978562421185197e-01
2.823097397476340142e-01
3.471454880294658762e-01
2.364532019704433385e-01
4.814382868705036622e-01
3.564990395508052523e-01
3.408239700374531278e-01
2.367051517536953864e-01
2.843406593406593297e-01
3.673318551367331652e-01
2.950819672131147486e-01
2.946032568228171833e-01
2.861098372729672934e-01
4.035874439461883956e-01
2.337078651685392805e-01
2.235294117647058931e-01
0.000000000000000000e+00
9.695926563396441156e-02
1.058470764617690935e-01
9.327036599763871560e-02
1.244343891402714952e-01
2.500000000000000000e-01
9.997197874264537876e-02
1.547619047619047394e-01
0.000000000000000000e+00
0.000000000000000000e+00
6.846240179573512274e-02
0.000000000000000000e+00
1.861111111111111160e-01
0.000000000000000000e+00
1.598557692307692457e-01
8.869485294117647467e-02
1.712328767123287576e-01
1.060606060606060635e-01
0.000000000000000000e+00
0.000000000000000000e+00
0.000000000000000000e+00
1.067415730337078622e-01
8.528428093645484820e-02
8.636363636363636465e-02
1.308593750000000000e-01
0.000000000000000000e+00
0.000000000000000000e+00
0.000000000000000000e+00
3.677880919111378155e-01
3.698012429671961310e-01
3.561055146125532977e-01
3.623689191172227431e-01
3.530276581125134094e-01
3.689436229224818953e-01
5.727162093583563207e-01
3.085582969955722454e-01
4.818568703496973749e-01
3.749635515276460995e-01
2.389629119113221845e-01
4.441526841517096091e-01
5.486114197408200610e-01
3.032663809610406380e-01
3.610351754165087579e-01
2.627502964883872694e-01
4.315978777679702061e-01
3.724423584047097946e-01
4.220157226666845229e-01
3.763168842138877590e-01
2.245399059069228820e-01
2.240182432548632474e-01
5.561383315610981537e-01
4.655936222101291766e-01
3.282572502380372015e-01
4.863155845383931863e-01
0.000000000000000000e+00
1.352680805516355556e-01
1.367529593000832433e-01
1.268111375374713912e-01
1.313112335421843524e-01
1.246285273924056386e-01
1.361193968951665278e-01
3.280038564618045216e-01
9.520822264480774400e-02
2.321860435032050696e-01
1.405976649742257112e-01
5.710327326913831880e-02
1.972716068391682509e-01
3.009744898700382199e-01
9.197049782120700345e-02
1.303463978880292085e-01
6.903771830473541538e-02
1.862767280938157632e-01
1.387133103340622842e-01
1.780972701778839318e-01
1.416143973444486115e-01
5.041816934468977551e-02
5.018417331099508244e-02
3.092898438315619947e-01
2.167774210427485526e-01
1.077528223338373586e-01
2.365028477649190608e-01
0.000000000000000000e+00
2.727846769101242019e-01
2.715281501340482406e-01
2.669922669922669689e-01
2.926447574334898327e-01
3.888888888888888395e-01
2.759259228329314362e-01
5.385235982250906606e-01
1.910112359550561745e-01
5.743136323888057282e-01
2.807825086306098838e-01
2.227255371585268873e-01
6.306279158201885116e-01
4.023178807947019875e-01
3.580459770114942653e-01
2.963350778723280454e-01
3.866608544027898553e-01
4.135021097046412963e-01
3.968239605483418475e-01
4.855161158710730729e-01
3.711340206185567148e-01
5.643564356435643026e-01
1.916167664670658799e-01
3.097826086956521618e-01
4.934685936631462155e-01
2.672413793103448620e-01
3.424657534246575152e-01
0.000000000000000000e+00
