3.247534170988533031e-01
3.264687640770805310e-01
3.171852545801340795e-01
3.225026897468353804e-01
3.391193697850392041e-01
3.228465289740145572e-01
2.292556100657029972e-01
1.947615298671132866e-01
6.030985665652931482e-01
3.840102220402999977e-01
3.850803514451377474e-01
3.021736568312665683e-01
3.989029463531696962e-01
5.991336281335454261e-01
7.132483183179525454e-01
3.790896112908140325e-01
4.230509387312882397e-01
6.855315860467245948e-01
3.262605772183584940e-01
2.886275350331476419e-01
3.189492946242063476e-01
2.227796078840299510e-01
2.870802527329625597e-01
3.724652764216623835e-01
2.086098625439859189e-01
4.914038763718091563e-01
0.000000000000000000e+00
1.655842570438009753e-01
1.641161540758435400e-01
1.544626093327838012e-01
1.648564064801178175e-01
1.661016949152542277e-01
1.641764241058550344e-01
2.906832298136646231e-01
3.900709219858156107e-01
3.113839285714286031e-01
7.098214285714286031e-01
3.976923076923077893e-01
2.710597032363593617e-01
3.222222222222221877e-01
4.413793103448275801e-01
5.715998629667695674e-01
5.717065036131183664e-01
5.158730158730158166e-01
4.826254826254825492e-01
2.211538461538461453e-01
3.920846755637367731e-01
2.117647058823529382e-01
4.578549273548457310e-01
2.301480905905692320e-01
5.829596412556053986e-01
2.363636363636363313e-01
4.102564102564102422e-01
0.000000000000000000e+00
8.491107286288009093e-02
8.605697151424286651e-02
7.083825265643448055e-02
8.371040723981901244e-02
1.250000000000000000e-01
8.225187807831793596e-02
0.000000000000000000e+00
0.000000000000000000e+00
0.000000000000000000e+00
7.979071288423805752e-02
0.000000000000000000e+00
0.000000000000000000e+00
0.000000000000000000e+00
0.000000000000000000e+00
2.614164086687306709e-01
0.000000000000000000e+00
5.337690631808278408e-02
0.000000000000000000e+00
0.000000000000000000e+00
0.000000000000000000e+00
0.000000000000000000e+00
0.000000000000000000e+00
0.000000000000000000e+00
0.000000000000000000e+00
0.000000000000000000e+00
0.000000000000000000e+00
0.000000000000000000e+00
3.364689290287793955e-01
3.360462941461833108e-01
3.202169469343018604e-01
3.171593391962941322e-01
2.399649056320636853e-01
3.337407416599434962e-01
3.260075573388024894e-01
2.750427668652911661e-01
3.768271124032144259e-01
4.590347013879055860e-01
3.189356179877959052e-01
3.604303976320910596e-01
4.332366923296858130e-01
4.897431531467890675e-01
4.178069835542032040e-01
3.298086449085973482e-01
4.987693430333878797e-01
5.838163015407864531e-01
3.462654795408104946e-01
3.400359654067394155e-01
1.552164972542170451e-01
2.880468395291282402e-01
5.312553333989324944e-01
4.996663176349626090e-01
2.983946950190944358e-01
6.215676702202436177e-01
0.000000000000000000e+00
1.132113402017737858e-01
1.129271118093831683e-01
1.025388931039254992e-01
1.005900464394299809e-01
5.758315593500521606e-02
1.113828826437291836e-01
1.062809274420125905e-01
7.564852360491489125e-02
1.419986726421448020e-01
2.107128570782836607e-01
1.017199284212572802e-01
1.299100715372272230e-01
1.876940315807668347e-01
2.398483560541592730e-01
1.745626755066621849e-01
1.087737422564452328e-01
2.487708575499573416e-01
3.408414739447624964e-01
1.198997823216274433e-01
1.156244577700933224e-01
2.409216101986836819e-02
8.297098176271937298e-02
2.822322292648109521e-01
2.496664289788834146e-01
8.903939401553837008e-02
3.863463686630215776e-01
0.000000000000000000e+00
2.612081667017469577e-01
2.573726541554959835e-01
2.385022385022385061e-01
2.496087636932707854e-01
2.777777777777777901e-01
2.548551834706617170e-01
2.157907468486923719e-01
1.504424778761062065e-01
6.007497044434405575e-01
3.742718714628826548e-01
4.146228195049744270e-01
3.307691888829517035e-01
3.808814858490565669e-01
5.816993464052288010e-01
7.061699408641135545e-01
3.696236559139784439e-01
3.850702485718696666e-01
6.724771553496065035e-01
3.089108467208890874e-01
2.690017122012953177e-01
3.518518518518518601e-01
2.150859571180220309e-01
3.461113031455236855e-01
3.603799496452277928e-01
1.804461535572083608e-01
4.750620627397877938e-01
0.000000000000000000e+00
