3.137629400784763822e-01
3.220143173763854727e-01
3.203462604197669372e-01
3.402199038813779608e-01
3.226682179561760622e-01
3.177002167656810538e-01
7.696057616586912120e-01
2.248333451072435374e-01
5.729619733553307226e-01
3.331025746486974137e-01
2.164366208199071384e-01
6.820901587024530421e-01
3.907972812836696397e-01
2.182813706779130336e-01
1.990962623031306000e-01
3.304980251115099410e-01
3.484522393127371664e-01
1.659724884290791624e-01
7.389211008686406013e-01
2.211005012495925182e-01
6.563786254748001925e-01
1.696078436850778637e-01
3.135182064422193937e-01
6.540444061126319264e-01
3.940101341068025786e-01
2.628668163002322866e-01
0.000000000000000000e+00
8.967723033351238104e-02
9.051209316213795764e-02
8.677931950359481228e-02
9.637334315169367172e-02
8.813559322033898136e-02
8.954032204911317738e-02
4.105263157894736836e-01
3.859649122807017885e-01
2.799671592775041518e-01
3.481116584564860061e-01
2.411242603550295682e-01
2.732750950416565350e-01
2.543859649122806599e-01
1.521997621878715679e-01
2.281782965236202609e-01
3.611004548692935967e-01
3.466666666666666230e-01
1.975025484199796066e-01
4.190283400809716174e-01
2.473867595818815268e-01
3.250000000000000111e-01
2.668297564772600383e-01
2.071601915684126438e-01
6.490841377213650842e-01
4.666666666666666186e-01
2.434782608695652550e-01
0.000000000000000000e+00
9.810671256454388256e-02
1.094452773613193292e-01
1.168831168831168943e-01
1.334841628959276272e-01
1.250000000000000000e-01
1.101665659220165128e-01
5.469255663430420134e-01
0.000000000000000000e+00
0.000000000000000000e+00
0.000000000000000000e+00
0.000000000000000000e+00
4.557823129251700744e-01
0.000000000000000000e+00
0.000000000000000000e+00
0.000000000000000000e+00
6.578947368421052266e-02
8.506944444444443365e-02
0.000000000000000000e+00
0.000000000000000000e+00
0.000000000000000000e+00
1.507936507936507853e-01
5.161943319838056821e-02
8.769230769230769440e-02
2.093750000000000056e-01
0.000000000000000000e+00
0.000000000000000000e+00
0.000000000000000000e+00
3.037622251476950197e-01
3.088840602162312154e-01
2.973183480228898112e-01
3.016674407988089723e-01
2.289917756564703588e-01
3.047390772731027875e-01
4.342300044289127969e-01
4.391832444467225205e-01
4.542703185296768642e-01
4.355474198110677597e-01
2.611274936350552189e-01
3.506735622058070323e-01
4.409557351008425718e-01
2.744715100318507184e-01
2.879256762084566601e-01
2.856081794499508164e-01
4.000173271414682596e-01
3.064366889599840493e-01
5.806551345092527683e-01
2.981878478516246100e-01
2.687487352590694489e-01
2.125856496247193195e-01
5.458810611908373467e-01
6.306282222485261046e-01
4.572657369915004155e-01
3.928552356337354223e-01
0.000000000000000000e+00
9.227148942667895426e-02
9.540936265566435370e-02
8.839820007106020949e-02
9.100324483810291742e-02
5.243723331830324463e-02
9.286590521726210967e-02
1.885556967463336009e-01
1.928819222027496338e-01
2.063615222970540675e-01
1.897015549040785010e-01
6.818756793212581158e-02
1.229719472301099847e-01
1.944419603183243916e-01
7.533460981916430266e-02
8.290119502009701824e-02
8.157203216871530826e-02
1.600138620134044232e-01
9.390344434075802160e-02
3.371603852319583483e-01
8.891599260638362312e-02
7.222588270334939775e-02
4.519265842636393388e-02
2.979861329668347936e-01
3.976919546963363916e-01
2.090919542263800501e-01
1.543352361648377968e-01
0.000000000000000000e+00
2.239528520311513116e-01
2.324932975871313312e-01
2.214082214082214173e-01
2.691705790297339584e-01
2.777777777777777901e-01
2.325434951350009438e-01
7.823754720535337492e-01
1.168509070294784652e-01
5.958141852756618784e-01
3.185849193210680830e-01
2.162056444994521764e-01
7.070069374654003314e-01
3.744616488925348596e-01
2.218660968660968735e-01
1.895048777933079631e-01
3.452366638365813589e-01
3.055361305361304902e-01
2.096440923271588597e-01
6.888905396872563314e-01
1.989650711513583636e-01
7.616279069767442067e-01
1.637238480356360826e-01
3.454947217749150257e-01
5.879833111418488745e-01
3.719993981492032975e-01
2.631578947368420907e-01
0.000000000000000000e+00
