8.380948308577110262e-02
7.972643320036468251e-02
9.368965302435680598e-02
7.669029388468021069e-02
1.436050860134629736e-01
8.598403789635362948e-02
3.695862124439940333e-01
4.197530864197530631e-01
8.437157692535450781e-01
6.161616161616160214e-01
1.380474324034791922e-01
4.611389358955271245e-01
1.000000000000000000e+00
3.651976521500103212e-01
9.202479216055764466e-02
3.863002787733969545e-01
2.016460905349793942e-01
3.070529491390733279e-01
0.000000000000000000e+00
1.111111111111111049e-01
3.042739482860509215e-01
2.544910179640718639e-01
2.818813131313131493e-01
6.517509727626459304e-01
2.540442741592166542e-01
8.641975308641974829e-01
0.000000000000000000e+00
5.981737389520972760e-03
5.660893799144023700e-03
6.456930897101250538e-03
5.430780559646539683e-03
1.016949152542372808e-02
6.120535097554573659e-03
1.375661375661375585e-01
9.053497942386831698e-02
1.913580246913580141e-01
2.804232804232804077e-01
3.846153846153845673e-02
9.825914242318026237e-02
2.386831275720164292e-01
1.089825457641549478e-01
2.139399591437960574e-02
2.050247393956862174e-01
5.349794238683126812e-02
8.341675008341674358e-02
0.000000000000000000e+00
4.275820535983137355e-02
7.407407407407406996e-02
1.790281329923273379e-01
3.488172005378084584e-02
2.242152466367713370e-01
6.419753086419752175e-02
2.765432098765431834e-01
0.000000000000000000e+00
2.036718301778542295e-01
1.994002998500749579e-01
2.231404958677686012e-01
2.058823529411764885e-01
3.750000000000000000e-01
2.059324469157826909e-01
5.349794238683126535e-01
4.197530864197530631e-01
1.000000000000000000e+00
6.161616161616160214e-01
3.308641975308642125e-01
6.893004115226337714e-01
1.000000000000000000e+00
5.052231718898385626e-01
2.978395061728394966e-01
4.320987654320987414e-01
2.016460905349793942e-01
3.629629629629628762e-01
0.000000000000000000e+00
1.111111111111111049e-01
3.518518518518518601e-01
2.905982905982906206e-01
3.518518518518518601e-01
7.237654320987654266e-01
3.024691358024691468e-01
8.641975308641974829e-01
0.000000000000000000e+00
0.000000000000000000e+00
0.000000000000000000e+00
0.000000000000000000e+00
0.000000000000000000e+00
0.000000000000000000e+00
0.000000000000000000e+00
0.000000000000000000e+00
0.000000000000000000e+00
0.000000000000000000e+00
0.000000000000000000e+00
0.000000000000000000e+00
0.000000000000000000e+00
0.000000000000000000e+00
0.000000000000000000e+00
0.000000000000000000e+00
0.000000000000000000e+00
0.000000000000000000e+00
0.000000000000000000e+00
0.000000000000000000e+00
0.000000000000000000e+00
0.000000000000000000e+00
0.000000000000000000e+00
0.000000000000000000e+00
0.000000000000000000e+00
0.000000000000000000e+00
0.000000000000000000e+00
0.000000000000000000e+00
0.000000000000000000e+00
0.000000000000000000e+00
0.000000000000000000e+00
0.000000000000000000e+00
0.000000000000000000e+00
0.000000000000000000e+00
0.000000000000000000e+00
0.000000000000000000e+00
0.000000000000000000e+00
0.000000000000000000e+00
0.000000000000000000e+00
0.000000000000000000e+00
0.000000000000000000e+00
0.000000000000000000e+00
0.000000000000000000e+00
0.000000000000000000e+00
0.000000000000000000e+00
0.000000000000000000e+00
0.000000000000000000e+00
0.000000000000000000e+00
0.000000000000000000e+00
0.000000000000000000e+00
0.000000000000000000e+00
0.000000000000000000e+00
0.000000000000000000e+00
0.000000000000000000e+00
0.000000000000000000e+00
1.031361818564512645e-01
9.758713136729221804e-02
1.147741147741147549e-01
9.233176838810643050e-02
1.666666666666666574e-01
1.063278566360726651e-01
3.712045378712044985e-01
4.197530864197530631e-01
8.418718119316921378e-01
6.161616161616160214e-01
1.499771376314585902e-01
5.088388881247172257e-01
1.000000000000000000e+00
3.662551440329218089e-01
1.135839885438085228e-01
3.863002787733969545e-01
2.016460905349793942e-01
3.304813658611785443e-01
0.000000000000000000e+00
1.111111111111111049e-01
3.518518518518518601e-01
2.544910179640718639e-01
3.518518518518518601e-01
6.517509727626459304e-01
2.540442741592166542e-01
8.641975308641974829e-01
0.000000000000000000e+00
