2.604935566114885415e-01
2.590451993023936694e-01
2.492576673103677198e-01
2.747527266080386221e-01
3.949139865370231983e-01
2.604166221674393822e-01
3.942783351844599826e-01
2.817492359251208556e-01
4.922141002280738253e-01
2.854596034361592261e-01
4.320960680497571982e-01
2.954653673058660890e-01
2.601244830607385983e-01
3.717928464111166509e-01
3.432071216168273153e-01
4.040713327766315421e-01
6.913415886608506034e-01
2.997969952825847439e-01
6.003105211587338452e-01
3.909274934088486919e-01
9.696506054751951043e-01
2.949946492799424558e-01
1.884810499452323207e-01
1.527515494511131888e-01
3.449581735415052641e-01
3.849003928756997706e-01
0.000000000000000000e+00
6.555495873821963471e-02
6.413606051557678434e-02
6.140953427668635611e-02
6.655007363770250317e-02
6.440677966101694685e-02
6.476535246418840819e-02
2.875576036866359653e-01
2.820512820512821039e-01
2.108843537414966107e-01
2.898970398970399098e-01
2.582417582417582680e-01
1.549302940877175239e-01
1.294642857142856984e-01
2.068965517241379282e-01
1.725869304556355011e-01
4.948929961089493790e-01
3.939393939393939226e-01
1.870822435338563849e-01
1.690946221919673031e-01
2.420666142145292132e-01
8.181818181818182323e-01
4.661617155223292674e-01
7.933695566580045710e-02
1.311962186401648411e-01
4.999999999999999445e-01
2.285714285714285643e-01
0.000000000000000000e+00
5.966724039013195091e-02
7.226386806596700463e-02
5.903187721369538427e-02
8.371040723981901244e-02
2.500000000000000000e-01
6.257519501027034026e-02
1.666666666666666574e-01
0.000000000000000000e+00
0.000000000000000000e+00
0.000000000000000000e+00
0.000000000000000000e+00
0.000000000000000000e+00
0.000000000000000000e+00
2.750206782464847399e-01
2.319711538461538547e-01
9.615384615384615918e-02
2.601769911504424604e-01
0.000000000000000000e+00
4.687500000000000000e-01
0.000000000000000000e+00
1.130952380952380820e-01
1.401098901098901117e-01
1.187499999999999944e-01
0.000000000000000000e+00
0.000000000000000000e+00
0.000000000000000000e+00
0.000000000000000000e+00
2.906461932698855555e-01
2.819009190310814983e-01
2.662329528727063743e-01
2.724063307359367303e-01
2.245239929324886197e-01
2.843767001485520973e-01
4.599901616817768657e-01
5.310041490355559279e-01
5.588044638886929816e-01
5.395636068866395130e-01
3.959805008043666974e-01
4.491060977360048501e-01
3.550141840017343453e-01
3.897906244860396274e-01
2.833481168338133349e-01
5.502141294858066134e-01
7.913784041830044247e-01
4.602832721647203140e-01
2.375758395290920866e-01
4.753939429399052785e-01
9.347429342799886687e-01
4.728023551983753792e-01
4.535865405167605613e-01
3.942730048827095546e-01
9.769696515789650926e-01
5.680039712962203780e-01
0.000000000000000000e+00
8.447520966227568817e-02
7.946812815056839008e-02
7.087998519532069663e-02
7.420520902501656635e-02
5.041102340234819568e-02
8.087010758737951666e-02
2.115909488440272102e-01
2.819654062929748406e-01
3.122624288619295085e-01
2.911288858765200271e-01
1.568005570172770757e-01
2.016962870236618799e-01
1.260350708424173016e-01
1.519367309372167407e-01
8.028615531326832588e-02
3.027355882858239200e-01
6.262797786072387130e-01
2.118606906346620355e-01
5.644227952795290854e-02
2.259994009839499385e-01
8.737443531863633428e-01
2.235420670811306965e-01
2.057407497379629135e-01
1.554512023792411768e-01
9.544697001063244812e-01
3.226285114082775296e-01
0.000000000000000000e+00
1.757524731635445037e-01
1.728686327077747775e-01
1.831501831501831379e-01
1.658841940532081449e-01
3.333333333333333148e-01
1.788564233767866440e-01
3.795032587897632093e-01
1.053097345132743279e-01
5.426828931986127369e-01
2.964805058867290843e-01
4.869124957620532546e-01
3.485657217160350596e-01
2.981075101650322856e-01
3.326461517833199655e-01
4.253151584536511987e-01
4.103188050795170128e-01
5.675675675675675436e-01
3.156784465967608644e-01
5.809194361825941177e-01
5.067951959544879648e-01
7.250864055299538480e-01
2.459332172774756908e-01
2.035418482999128420e-01
1.893681973856443657e-01
5.531609195402299034e-02
4.070141570141569964e-01
0.000000000000000000e+00
