1.849095311421131427e-01
1.884602260126902185e-01
1.789526738134474826e-01
1.872944773608908320e-01
2.045284558373563488e-01
1.841957964281509819e-01
3.103279981312060398e-01
8.641512803201534254e-02
4.702877546521603280e-01
4.540116406950748251e-01
4.166648817946870809e-01
2.998228149533048170e-01
4.594132040178061094e-01
5.672617087667728430e-01
8.534442267671056292e-01
3.640796672531038669e-01
5.563862847708934689e-01
5.009111607815388556e-01
3.099683312227670684e-01
3.074328205628856781e-01
3.834834237134195911e-01
2.295597310905979627e-01
2.242392533334854055e-01
3.727318463502281576e-01
2.329209357319501628e-01
3.547504435268858392e-01
0.000000000000000000e+00
5.671663655451925773e-02
5.752961082910321156e-02
5.280029308055136233e-02
5.725331369661266351e-02
5.423728813559321876e-02
5.618433110195760610e-02
2.345864661654135375e-01
2.619047619047619180e-01
2.033527696793003270e-01
3.575396825396824907e-01
3.250000000000000111e-01
1.347735466426318029e-01
3.815789473684210176e-01
3.366452367036820714e-01
4.641733042137718424e-01
4.082979932671708667e-01
4.227642276422763912e-01
2.930013346680012676e-01
1.745951417004048545e-01
3.645699614890885454e-01
2.142857142857142738e-01
2.864450127877237740e-01
1.283284398096588008e-01
4.444737536270114142e-01
2.079999999999999627e-01
2.285714285714285643e-01
0.000000000000000000e+00
8.261617900172116280e-02
8.725637181409294507e-02
7.319952774498228454e-02
9.049773755656109753e-02
1.250000000000000000e-01
8.199501101512440826e-02
0.000000000000000000e+00
0.000000000000000000e+00
0.000000000000000000e+00
8.155080213903742603e-02
0.000000000000000000e+00
1.994047619047619180e-01
0.000000000000000000e+00
1.826923076923077094e-01
8.132022471910111960e-01
8.928571428571427382e-02
2.578947368421052322e-01
0.000000000000000000e+00
0.000000000000000000e+00
0.000000000000000000e+00
1.357142857142857040e-01
5.161943319838056821e-02
1.017857142857142849e-01
2.042682926829268442e-01
0.000000000000000000e+00
0.000000000000000000e+00
0.000000000000000000e+00
2.014428523480326916e-01
2.024233509701663103e-01
1.850019113174299901e-01
1.919510446631254308e-01
1.259376571333545303e-01
1.983052447262114160e-01
3.435810110729633493e-01
3.238873885031985922e-01
5.029706101428479403e-01
4.388595236341380490e-01
4.886455286303437728e-01
2.519469479896529474e-01
5.047498909288209434e-01
5.974465706706493240e-01
4.923421126839018780e-01
3.993607159980185339e-01
6.129144060220791390e-01
6.029755232723279512e-01
3.803634801258812814e-01
4.797273017758154623e-01
2.184009411391440447e-01
2.822269462954002384e-01
3.789893780324348760e-01
6.048475185191142245e-01
3.316352400128312894e-01
4.958781589176392557e-01
0.000000000000000000e+00
4.057922276211129581e-02
4.097521301799112586e-02
3.422570719110222537e-02
3.684520354726518454e-02
1.586029348423836222e-02
3.932497008592260312e-02
1.180479111699197364e-01
1.049030404314218873e-01
2.529794346674687500e-01
1.925976814843825546e-01
2.387744526504282094e-01
6.347726460130084791e-02
2.547724523926566120e-01
3.569424048061190513e-01
2.424007559220479058e-01
1.594889814824499985e-01
3.756640691093980911e-01
3.635794816655377737e-01
1.446763770134716909e-01
2.301382840691043319e-01
4.769897109046385836e-02
7.965204921522672787e-02
1.436329486614118522e-01
3.658405206587302394e-01
1.099819324183682334e-01
2.458951484915475327e-01
0.000000000000000000e+00
1.130288360345190479e-01
1.145308310991957068e-01
1.111111111111111049e-01
1.126760563380281716e-01
1.944444444444444198e-01
1.140842036084317446e-01
3.165007112375533005e-01
0.000000000000000000e+00
4.878552184742175890e-01
4.776098901098900784e-01
3.675558474320084756e-01
3.056171726495783281e-01
3.723431174089069096e-01
5.607421331105542084e-01
7.798068832532641936e-01
3.724674589700056604e-01
4.863179669030732732e-01
6.190934759722753755e-01
2.690937870993272418e-01
2.586420481359131829e-01
4.517805175397200390e-01
2.358347215343748471e-01
2.951785714285714013e-01
3.086399666301894440e-01
2.187502124159682315e-01
3.743253840121776865e-01
0.000000000000000000e+00
