3.409758322632422400e-01
3.495102358964525813e-01
3.412469778763506101e-01
3.463203197779242681e-01
3.242404143322843435e-01
3.416472965431726627e-01
4.320881503496702414e-01
8.704746179565404918e-02
6.217102383577397529e-01
4.603573569922340680e-01
2.613915388787828586e-01
3.914246477823554171e-01
2.652022391170201776e-01
5.662879194382886006e-01
6.688545967463128683e-01
4.259954613196013651e-01
4.406753392302214523e-01
4.311356696706272196e-01
3.250060934297278048e-01
3.183028297294182019e-01
3.926462881574376840e-01
1.785737201811454511e-01
2.518572492301029975e-01
4.089790247037888848e-01
1.962111089037430478e-01
3.939143013380559388e-01
0.000000000000000000e+00
1.468821719810537718e-01
1.567258883248731083e-01
1.503411640793149151e-01
1.519698085419734779e-01
1.525423728813559143e-01
1.488128558695345216e-01
3.153790613718411850e-01
8.943089430894310410e-02
4.273182957393483750e-01
4.870509607351712345e-01
1.881118881118881148e-01
2.474530692454878777e-01
2.664041994750656062e-01
4.271412680756395686e-01
4.265042511445389928e-01
5.307392996108950545e-01
2.626262626262625965e-01
2.987546369899310994e-01
1.584385763490241128e-01
3.463414634146341764e-01
2.456140350877192846e-01
3.390288716334124430e-01
1.664775463151222934e-01
3.493815601438920448e-01
1.890909090909090595e-01
2.865671641791044943e-01
0.000000000000000000e+00
8.089500860585197017e-02
8.515742128935531452e-02
6.493506493506492894e-02
7.239819004524886137e-02
1.250000000000000000e-01
7.270044488233159963e-02
0.000000000000000000e+00
0.000000000000000000e+00
0.000000000000000000e+00
1.478787878787878873e-01
0.000000000000000000e+00
0.000000000000000000e+00
0.000000000000000000e+00
1.860139860139860268e-01
3.350694444444444198e-01
9.090909090909091161e-02
1.166666666666666546e-01
0.000000000000000000e+00
0.000000000000000000e+00
0.000000000000000000e+00
9.595959595959596689e-02
6.882591093117408632e-02
0.000000000000000000e+00
1.469298245614034937e-01
0.000000000000000000e+00
0.000000000000000000e+00
0.000000000000000000e+00
3.592258273380348199e-01
3.699410092672664185e-01
3.531552676737178542e-01
3.461611546947439555e-01
2.808235954647291255e-01
3.597053883258861107e-01
4.381598006087960018e-01
1.483115064881981304e-01
4.840309240364233379e-01
5.378180729975928775e-01
2.509829771697766332e-01
4.024669533218035444e-01
4.206929964838084235e-01
5.867221237306017301e-01
3.804418024913183149e-01
3.891879678134237963e-01
4.399932609370499903e-01
5.057634524252179187e-01
3.663159810569830976e-01
3.439274626377820665e-01
1.833481852060082351e-01
2.618679611022465270e-01
4.900150070704717975e-01
4.063895595008027994e-01
3.064478338410545621e-01
5.318994613317675757e-01
0.000000000000000000e+00
1.290431950266956174e-01
1.368563503376837021e-01
1.247186430856953299e-01
1.198275450195985109e-01
7.886189176973781856e-02
1.293879663906765398e-01
1.919840108695398673e-01
2.199630295679883343e-02
2.342859354235538039e-01
2.892482796428441638e-01
6.299245482900463211e-02
1.619796485161347777e-01
1.769825972905256506e-01
3.442428504749474039e-01
1.447359650828431987e-01
1.514672742907425818e-01
1.935940696700189645e-01
2.557966698090756719e-01
1.341873979777399584e-01
1.182860995564629925e-01
3.361655701833669158e-02
6.857482905184771049e-02
2.401147071542745759e-01
1.651524740712565775e-01
9.391027486587459616e-02
2.829170369650245154e-01
0.000000000000000000e+00
2.332140601978530958e-01
2.359249329758713043e-01
2.246642246642246432e-01
2.253521126760563709e-01
2.777777777777777901e-01
2.350522240250931261e-01
4.433038808038807788e-01
0.000000000000000000e+00
6.241174634416006839e-01
4.411157024793387893e-01
2.746490172482952685e-01
3.997835899866515330e-01
2.103896103896103764e-01
5.255905511811024278e-01
6.433789887684526754e-01
3.961100569259961568e-01
3.572916666666666186e-01
5.149283598815336260e-01
3.055198973042362320e-01
2.857142857142856984e-01
4.318181818181818232e-01
1.699636441402908593e-01
3.017647058823529349e-01
3.876203153798893908e-01
1.452535496957403638e-01
4.090909090909090606e-01
0.000000000000000000e+00
