2.989775029263834760e-01
3.025184659346886185e-01
3.030558290587800907e-01
3.123097270315158269e-01
3.922347871711003298e-01
3.024770181405972980e-01
4.903041034875687543e-01
2.269333632998294104e-01
6.835600778133310573e-01
4.184458819017333187e-01
2.699517776678997949e-01
5.493930858514878279e-01
5.329821633299495209e-01
3.649240478959037137e-01
4.518865872783373594e-01
3.167988991189725212e-01
5.112221467541966380e-01
3.686383784798329399e-01
4.495737624785788311e-01
3.303231546206741864e-01
4.114224971974944634e-01
1.605794874531606409e-01
2.706894652795251988e-01
4.956130663408653270e-01
3.498782639021781882e-01
3.880409815881727953e-01
0.000000000000000000e+00
1.787684945553982274e-01
1.816213795162735234e-01
1.723679992672986216e-01
1.903534609720176629e-01
1.423728813559322071e-01
1.795442424427974859e-01
4.501055594651653946e-01
2.138888888888889062e-01
3.122710622710622719e-01
5.047619047619047450e-01
2.292668269230768996e-01
3.885042402392559491e-01
6.645833333333333037e-01
2.847608453837597309e-01
6.483331192189106806e-01
4.134241245136186516e-01
5.306122448979591066e-01
2.689111525318421680e-01
2.497737556561085703e-01
3.231008742165981662e-01
2.978723404255319007e-01
3.193277310924369505e-01
1.572779531673932918e-01
4.484304932735426186e-01
4.244897959183672742e-01
4.173913043478261198e-01
0.000000000000000000e+00
1.153184165232357811e-01
1.034482758620689641e-01
1.086186540731995387e-01
1.063348416289592868e-01
1.250000000000000000e-01
1.104736599015751219e-01
0.000000000000000000e+00
0.000000000000000000e+00
2.462006079027355965e-01
0.000000000000000000e+00
1.558139534883720978e-01
0.000000000000000000e+00
0.000000000000000000e+00
0.000000000000000000e+00
1.283244680851063912e-01
0.000000000000000000e+00
1.601307189542483522e-01
0.000000000000000000e+00
0.000000000000000000e+00
0.000000000000000000e+00
0.000000000000000000e+00
0.000000000000000000e+00
7.862068965517240993e-02
1.358108108108108114e-01
0.000000000000000000e+00
0.000000000000000000e+00
0.000000000000000000e+00
3.722825944825596256e-01
3.745518415876252782e-01
3.573356859896386628e-01
3.640532604405746775e-01
2.885355003741218449e-01
3.718363508659798256e-01
4.906665465326075504e-01
3.159569378710441190e-01
3.946396597220444002e-01
5.232197324382154013e-01
2.085716541862157880e-01
5.386271465334508957e-01
7.287351543708443513e-01
4.451197790895855544e-01
5.282394932000696874e-01
3.445456680915510717e-01
6.105791737138734909e-01
4.127985022649578450e-01
3.672495497622970118e-01
3.771385027751806285e-01
2.178829360795038195e-01
2.289032526172194160e-01
4.974325547306090445e-01
5.361060670097748115e-01
4.725067826713298946e-01
5.868615255345606130e-01
0.000000000000000000e+00
1.385943301546659623e-01
1.402890820366815561e-01
1.276887924816856590e-01
1.325347764374129322e-01
8.325273497614486817e-02
1.382622718253280758e-01
2.407536598862355104e-01
9.982878658884680734e-02
1.557404610255309907e-01
2.737588884127177269e-01
4.350213492997439396e-02
2.901192029827676100e-01
5.310549252158982547e-01
1.981316177367613840e-01
2.790369621762663899e-01
1.187117174006532688e-01
3.728069273731164923e-01
1.704026034721924376e-01
1.348722318006098653e-01
1.422334502755049357e-01
4.747297383462514841e-02
5.239669905874257128e-02
2.474391465058203843e-01
2.874097150846892101e-01
2.232626596704113675e-01
3.444064501527516753e-01
0.000000000000000000e+00
2.041675436750158001e-01
2.091152815013404553e-01
2.067562067562067618e-01
2.112676056338028130e-01
3.333333333333333148e-01
2.123415386866597809e-01
4.597487395652532505e-01
1.370967741935483764e-01
6.888042097622936177e-01
3.881818181818181834e-01
2.736581501287383422e-01
5.789825143971596422e-01
4.602272727272727626e-01
3.762956901254773667e-01
4.148123042507633196e-01
3.123167155425219388e-01
4.734299516908212491e-01
3.706360942244615875e-01
4.304575872671369541e-01
3.354037267080745566e-01
4.621621621621622156e-01
1.618015341435679877e-01
3.188811188811188635e-01
4.431906614785992016e-01
3.086637931034482696e-01
3.645833333333333703e-01
0.000000000000000000e+00
