3.010520497098100323e-01
3.054050886540591314e-01
2.972519121806864728e-01
3.085012778876624617e-01
2.818056795425483152e-01
3.013509425678022602e-01
3.255531730315464056e-01
9.586559212766300464e-02
6.286885830855318824e-01
4.701838261753437109e-01
3.248953231710990375e-01
3.597554209584601370e-01
3.514839696552170545e-01
5.589272368514762723e-01
7.228546563362672206e-01
3.688160039669520773e-01
4.552588800205996100e-01
5.984429713318657473e-01
2.989781648586593010e-01
3.398794059474774532e-01
3.766057241403438227e-01
1.670925382385220759e-01
2.510388385198635275e-01
3.691474694380405541e-01
2.103385400340117561e-01
4.372603823582416060e-01
0.000000000000000000e+00
2.100932662727672262e-01
2.160221956803025922e-01
1.945780097998809355e-01
2.259756995581737593e-01
1.457627118644067854e-01
2.084587619362823219e-01
3.127819548872180500e-01
1.275362318840579934e-01
2.401032702237521632e-01
4.374603174603174383e-01
4.534412955465587092e-01
3.564668769716088370e-01
2.788461538461538547e-01
3.789620341344479004e-01
4.911622426196973756e-01
5.010733932644573230e-01
3.333333333333333148e-01
4.614909026673732484e-01
1.784098254686489748e-01
4.074605451936872402e-01
2.608695652173912971e-01
2.786799371398637759e-01
1.244606910614594331e-01
3.340807174887893138e-01
1.496402877697841638e-01
2.810810810810810967e-01
0.000000000000000000e+00
1.055651176133103747e-01
1.157421289355322208e-01
9.917355371900826722e-02
1.108597285067873528e-01
1.250000000000000000e-01
1.056995587990576801e-01
0.000000000000000000e+00
0.000000000000000000e+00
1.168831168831169082e-01
9.561128526645766568e-02
0.000000000000000000e+00
0.000000000000000000e+00
0.000000000000000000e+00
1.763925729442970824e-01
4.730392156862744946e-01
1.785714285714285476e-01
9.176029962546815300e-02
9.158878504672895993e-02
0.000000000000000000e+00
0.000000000000000000e+00
0.000000000000000000e+00
0.000000000000000000e+00
6.785714285714285199e-02
1.179577464788732488e-01
0.000000000000000000e+00
0.000000000000000000e+00
0.000000000000000000e+00
4.296400501849909070e-01
4.355765684816881866e-01
4.020405745811005405e-01
4.232717465901293941e-01
2.432538964668010117e-01
4.259143452609985836e-01
3.686800328552528594e-01
1.739344501340003846e-01
3.787579845812933388e-01
5.106564966193416488e-01
3.666358695022666203e-01
4.473237191554457204e-01
4.820565843240576798e-01
5.368929620595833674e-01
4.029746627471938458e-01
3.375723079674767813e-01
4.846753715170655230e-01
5.465027986107877656e-01
3.497425685133210838e-01
4.027980334838665577e-01
1.878948119982155052e-01
2.323310548349274418e-01
4.091924855377116477e-01
4.065804995673633626e-01
2.719733790182863320e-01
5.459694647516037946e-01
0.000000000000000000e+00
1.845905727229615045e-01
1.897269470102828093e-01
1.616366236095014841e-01
1.791589714614587880e-01
5.917245814628114414e-02
1.814030294991050840e-01
1.359249666261503064e-01
3.025319294341706142e-02
1.434576108840832365e-01
2.607700575395396347e-01
1.344218608056830799e-01
2.000985097190600137e-01
2.323785504901773047e-01
2.882540527091131399e-01
1.623885788162145460e-01
1.139550631064889796e-01
2.349102157552054870e-01
2.986653088894232755e-01
1.223198642302950750e-01
1.622462557784700721e-01
3.530446037584475394e-02
5.397771904071006766e-02
1.674384902205303671e-01
1.653077026284467954e-01
7.396951889462441421e-02
2.980826564411527824e-01
0.000000000000000000e+00
2.136392338455061768e-01
2.187667560321715499e-01
2.096052096052095637e-01
2.143974960876369740e-01
2.222222222222222099e-01
2.172424416690428295e-01
3.054025838661063585e-01
0.000000000000000000e+00
6.741713617100774103e-01
4.580357757927851492e-01
2.919934550822231856e-01
3.730885315127964175e-01
3.113556338028168891e-01
5.650656388996848634e-01
7.357991397559748847e-01
3.524016953143395137e-01
4.342436412315930361e-01
5.727117673062971370e-01
2.923489278752436915e-01
3.195378151260503952e-01
4.144358823170607442e-01
1.590898969960459763e-01
3.409578696343402160e-01
3.492751279495177608e-01
1.850236799506143059e-01
4.168966856815718991e-01
0.000000000000000000e+00
