1.656805155423475007e-01
1.684476434797448630e-01
1.563709102486900981e-01
1.724448416163995856e-01
2.712540513587634039e-01
1.647956454929517811e-01
4.614756172650080202e-01
1.423501853017271335e-01
5.047300405541512713e-01
2.847557856176894386e-01
3.992391522831787443e-01
3.376969548419515021e-01
4.578402468054832974e-01
4.218472804258793785e-01
4.484651451500901165e-01
5.213272166944062924e-01
5.582192995523773682e-01
5.985864619631108274e-01
2.783119888542800457e-01
3.697362300599228435e-01
4.687244138104502134e-01
6.648366331337107749e-02
3.210323661685947627e-01
7.014994364167711494e-01
2.504922281884021107e-01
3.814494577758320570e-01
0.000000000000000000e+00
2.407344108599052818e-02
2.412411665173683911e-02
2.207262902413335143e-02
2.568114874815905641e-02
3.728813559322034094e-02
2.402406031062554251e-02
2.122448979591836649e-01
4.845814977973568471e-02
1.845238095238095344e-01
1.463077984817115207e-01
1.421404682274247377e-01
1.233027019613221753e-01
1.726190476190475886e-01
1.919040479760119877e-01
2.339735354573483916e-01
4.010098202705206782e-01
1.884057971014492516e-01
2.717391304347825942e-01
1.052185699762792359e-01
1.525733319007198940e-01
1.497797356828193815e-01
1.023017902813299074e-01
8.009233097198328877e-02
2.994875080076874196e-01
1.145374449339206929e-01
1.391304347826086973e-01
0.000000000000000000e+00
1.767068273092369246e-01
1.817091454272863338e-01
1.652892561983471120e-01
1.945701357466063652e-01
3.750000000000000000e-01
1.734646891911223454e-01
3.768115942028985033e-01
0.000000000000000000e+00
1.677018633540372783e-01
2.640692640692640092e-01
5.312775330396476425e-01
1.329365079365079361e-01
2.934782608695652439e-01
3.653846153846154188e-01
4.251101321585903370e-01
4.347826086956521618e-01
3.888888888888888395e-01
3.499999999999999223e-01
1.785714285714285476e-01
3.214285714285713969e-01
2.261904761904761640e-01
3.456455438834293847e-02
2.714285714285714080e-01
6.640969162995594699e-01
0.000000000000000000e+00
3.524229074889868030e-01
0.000000000000000000e+00
1.169173647766491020e-01
1.159869070894131299e-01
1.075422764429613820e-01
1.200762385652655029e-01
1.442881546506721846e-01
1.170533171978533626e-01
3.397582275931261830e-01
1.270195528672719565e-01
4.746929176287408847e-01
7.077271086461676963e-02
1.091263403728985754e-01
4.120887895718486904e-01
3.101498379858230181e-01
3.920676422608958545e-01
3.573859102489293504e-01
3.557023527895475934e-01
2.695135131325933631e-01
4.912532428559370778e-01
2.747228209469061433e-01
6.898324239070044439e-02
1.871440256974966354e-01
1.743242442105497336e-01
2.887974519161010112e-01
2.287141823525345730e-01
2.904780346931253310e-01
1.023934558306461851e-01
0.000000000000000000e+00
1.366967018631602693e-02
1.345296261616815529e-02
1.156534122253432585e-02
1.441830306798255919e-02
2.081907157249629492e-02
1.370147906702127646e-02
1.154356532172225586e-01
1.613396681060169299e-02
2.253333660468865574e-01
5.008776603126645355e-03
1.190855816318171431e-02
1.698171704907913415e-01
9.619292200263225567e-02
1.537170361080177905e-01
1.277246888444557305e-01
1.265241637800197660e-01
7.263753376107258408e-02
2.413297486164742711e-01
7.547262834902583595e-02
4.758687730734129616e-03
3.502288635426527991e-02
3.038894211957937977e-02
8.340396823323267816e-02
5.231017720918843678e-02
8.437748863918052844e-02
1.048441979694248946e-02
0.000000000000000000e+00
1.132393180383077236e-01
1.177479892761394142e-01
1.074481074481074272e-01
1.017214397496087747e-01
1.666666666666666574e-01
1.113792093163214203e-01
5.563162281223954508e-01
2.023809523809523836e-01
5.578923964531603552e-01
2.687224669603524019e-01
4.174282507615840188e-01
5.082711192517517240e-01
3.568281938325991720e-01
3.593979441997063318e-01
4.007339215087317719e-01
4.192127326985931046e-01
5.756240822320117800e-01
6.749806323259087693e-01
1.815408085430968987e-01
3.913043478260869179e-01
6.884057971014493349e-01
6.860192658161937129e-02
4.130434782608695676e-01
6.574183725257993771e-01
2.982258870564717390e-01
3.571428571428570953e-01
0.000000000000000000e+00
