2.038242214716627088e-01
2.045473353176034681e-01
1.895870466713420188e-01
1.887696572273539208e-01
1.883851665983062584e-01
1.969621007561989656e-01
3.156275519923733008e-01
2.020766922862991255e-01
3.876354364357181281e-01
4.133773652425153933e-01
3.499310852122952120e-01
3.798722474964558726e-01
2.628613505126622951e-01
6.888004674814656170e-01
5.924428958228553643e-01
5.354342225443489145e-01
3.776705962578398856e-01
3.615285214542661718e-01
3.819861662207248432e-01
2.972660554035908564e-01
4.061126627806727618e-01
1.887422253515028958e-01
2.239222068381177821e-01
4.803806711598322954e-01
2.347394416227106539e-01
4.992271063271980225e-01
0.000000000000000000e+00
9.324185751257385579e-02
9.037523638897183853e-02
8.513074140220726338e-02
8.210603829160530165e-02
3.389830508474576259e-02
8.868010873109198611e-02
2.571428571428571730e-01
2.320675105485232315e-01
2.306547619047619180e-01
4.663561076604554323e-01
3.034709193245778702e-01
2.533365687939819755e-01
3.222222222222221877e-01
3.678160919540229834e-01
5.500315963445461254e-01
5.167504982442820971e-01
3.333333333333333148e-01
3.715055261447013923e-01
2.557924003707136018e-01
4.329268292682926789e-01
3.095238095238095344e-01
3.927545020697655875e-01
1.157094211665437578e-01
5.420159875219341394e-01
2.192771084337349075e-01
2.969072164948453607e-01
0.000000000000000000e+00
1.124497991967871452e-01
1.112443778110944331e-01
9.327036599763871560e-02
1.131221719457013719e-01
1.250000000000000000e-01
1.097611041954812683e-01
0.000000000000000000e+00
0.000000000000000000e+00
0.000000000000000000e+00
0.000000000000000000e+00
0.000000000000000000e+00
1.395833333333333648e-01
0.000000000000000000e+00
4.547008547008547508e-01
0.000000000000000000e+00
2.678571428571428492e-01
9.176029962546815300e-02
0.000000000000000000e+00
0.000000000000000000e+00
0.000000000000000000e+00
0.000000000000000000e+00
0.000000000000000000e+00
0.000000000000000000e+00
1.495535714285714246e-01
0.000000000000000000e+00
0.000000000000000000e+00
0.000000000000000000e+00
2.325502204733889133e-01
2.249441876110796767e-01
2.108297822717897230e-01
1.967022117089513855e-01
9.811689459635426769e-02
2.212868878714175369e-01
3.751338165984782203e-01
3.961248802955679715e-01
4.090103872761486903e-01
8.101681022499036544e-01
3.482118676967135840e-01
4.252335994639468431e-01
6.465785867840362355e-01
5.097746072088826796e-01
6.096167186785266257e-01
3.600947946211463524e-01
5.063512128427030135e-01
6.002525102713077709e-01
5.048765555018156492e-01
4.514293201973699765e-01
2.932956719212809205e-01
3.430371395636649945e-01
5.129815707978828687e-01
5.968675957964955092e-01
3.860738873258783843e-01
6.747721721540569373e-01
0.000000000000000000e+00
5.407960504222177750e-02
5.059988754000861039e-02
4.444919709277025260e-02
3.869176009119314197e-02
9.626925005232092256e-03
4.896788674381732237e-02
1.407253803557406702e-01
1.569149207891780418e-01
1.672894968997851173e-01
6.563723539032102483e-01
1.212515048048335847e-01
1.808236141130643293e-01
4.180638688876415210e-01
2.598701501549705584e-01
3.716325436923736958e-01
1.296682611132455587e-01
2.563915507472763200e-01
3.603030760870065130e-01
2.549003362953778939e-01
2.037884311338596099e-01
8.602235116775563961e-02
1.176744791200213802e-01
2.631500919782632786e-01
3.562509269118888100e-01
1.490530464749150741e-01
4.553174843135042171e-01
0.000000000000000000e+00
1.448116186066091271e-01
1.456300268096514805e-01
1.351241351241350974e-01
1.345852895148669792e-01
1.666666666666666574e-01
1.416065937278019604e-01
3.006756756756756577e-01
0.000000000000000000e+00
3.949321434351374949e-01
3.755885548714233413e-01
3.323150863473444128e-01
3.635239870562841924e-01
7.670454545454545581e-02
6.867283950617283361e-01
6.650783575517776880e-01
5.428039702233249386e-01
3.402777777777777346e-01
2.848708320137537942e-01
3.385490753911806761e-01
2.812500000000000000e-01
3.800000000000000044e-01
1.552395209580838542e-01
3.053571428571428270e-01
4.642023346303502107e-01
2.017410412440838463e-01
4.901960784313725283e-01
0.000000000000000000e+00
