3.016412369153925743e-01
3.041324290381917095e-01
2.912973725354435772e-01
3.057596629483957940e-01
3.060436259303309647e-01
2.998802553119639391e-01
3.254790481030755411e-01
1.636470168285117932e-01
5.743975064880335601e-01
5.378206669602048073e-01
3.146675963128344744e-01
4.143831132232705938e-01
3.469100865605161399e-01
5.841445718222320060e-01
7.689893629627728711e-01
3.462282676416779670e-01
4.527817082359937295e-01
4.533192019351238722e-01
3.047378048636080750e-01
3.039016663575130339e-01
4.591148909026437908e-01
1.494484791375900734e-01
1.748323420364686631e-01
3.925229600247698292e-01
2.878435350093271894e-01
4.144850322690413758e-01
0.000000000000000000e+00
8.957956931490794472e-02
8.894446103314422591e-02
8.494756605760864221e-02
8.993004418262150190e-02
6.440677966101694685e-02
8.861793531829983972e-02
2.507142857142857229e-01
3.259259259259259522e-01
2.460317460317460458e-01
4.732142857142856984e-01
3.358249524327263091e-01
2.597453808021631394e-01
2.761904761904761529e-01
3.804994054696789751e-01
5.414856793810236546e-01
3.422612091130329826e-01
3.376623376623376083e-01
3.443155544925455835e-01
1.608391608391608329e-01
5.130984643179764548e-01
3.043478260869565410e-01
2.797662430595125871e-01
9.492515516611901849e-02
4.011634953338990006e-01
3.391304347826086252e-01
2.539682539682539542e-01
0.000000000000000000e+00
1.004016064257027968e-01
1.046476761619190426e-01
8.736717827626919175e-02
1.176470588235294379e-01
1.250000000000000000e-01
1.008476071295754672e-01
0.000000000000000000e+00
0.000000000000000000e+00
2.755102040816326814e-01
1.232323232323232209e-01
0.000000000000000000e+00
0.000000000000000000e+00
0.000000000000000000e+00
2.495309568480300610e-01
5.105820105820105814e-01
0.000000000000000000e+00
8.641975308641974829e-02
0.000000000000000000e+00
0.000000000000000000e+00
0.000000000000000000e+00
0.000000000000000000e+00
0.000000000000000000e+00
0.000000000000000000e+00
1.139455782312925186e-01
0.000000000000000000e+00
0.000000000000000000e+00
0.000000000000000000e+00
2.829656007579920973e-01
2.792264650525234648e-01
2.601703937855993631e-01
2.631418499470640215e-01
1.790918551388545610e-01
2.766006858940585622e-01
3.821387678857792736e-01
3.022946323582959560e-01
2.657975774629074972e-01
5.786225420502294492e-01
3.014319345199933387e-01
3.946270953936296122e-01
4.474128571813154043e-01
5.402861728841332756e-01
4.737781227385103877e-01
2.865711673552822081e-01
4.590431315698797476e-01
5.128864833833356451e-01
3.274760627839000682e-01
4.071460460749197208e-01
1.894987463369861569e-01
2.244626744894207271e-01
4.598958663641524169e-01
4.893614609640637991e-01
3.682693231417405455e-01
5.430052470686501653e-01
0.000000000000000000e+00
8.006953121233136017e-02
7.796741878572809037e-02
6.768863380255385476e-02
6.924363319356316437e-02
3.207389257707646268e-02
7.650793943706367395e-02
1.460300379212614852e-01
9.138204475263730919e-02
7.064835218515032322e-02
3.348040461686696001e-01
9.086121114846555658e-02
1.557305444188127885e-01
2.001782647711481122e-01
2.919091486097834531e-01
2.244657095856269768e-01
8.212303395936916550e-02
2.107205966414819609e-01
2.630525448373246533e-01
1.072405716964448391e-01
1.657679028344406780e-01
3.590977486328942453e-02
5.038349223894364459e-02
2.115042078988343399e-01
2.394746394768829945e-01
1.356222943672757419e-01
2.948546983440857860e-01
0.000000000000000000e+00
2.428962323721321759e-01
2.451474530831099230e-01
2.303622303622303580e-01
2.441314553990610592e-01
2.777777777777777901e-01
2.432779113011963035e-01
3.264120069965581461e-01
1.036585365853658625e-01
5.828343313373254286e-01
5.391414141414141437e-01
3.106060606060606077e-01
4.176701208710473789e-01
3.292682926829268442e-01
5.810291858678955368e-01
8.237397367366294798e-01
3.372839066120120743e-01
4.224137931034482318e-01
4.870548402627860041e-01
3.055198973042362320e-01
2.926829268292683306e-01
5.034562211981566948e-01
1.454234388366124897e-01
2.215547703180212047e-01
3.753457409404153955e-01
2.857998084291187291e-01
4.232804232804232569e-01
0.000000000000000000e+00
