4.864203946142813262e-01
4.930559566814726735e-01
4.915911166213138839e-01
5.118498531493022030e-01
3.876169801339000576e-01
4.904096484744402962e-01
4.047272162033435650e-01
1.756681192685805581e-01
6.905498272275027993e-01
3.495431878852768293e-01
2.084649323270139909e-01
4.110064828922423974e-01
3.487819950325634633e-01
2.388088923240305750e-01
3.760426294642245648e-01
4.205912016668982845e-01
3.733504061219767300e-01
4.083199879829745305e-01
4.654945603408490173e-01
5.019919585745058477e-01
4.579845620206587364e-01
2.298846039355180171e-01
4.011788329495961092e-01
5.345578378792362750e-01
2.492570257759199603e-01
4.637659631866255516e-01
0.000000000000000000e+00
1.981542067483763880e-01
2.042276301383497694e-01
1.936163392407382056e-01
2.086708394698085223e-01
9.830508474576270250e-02
1.986523840170539290e-01
2.819277108433734802e-01
1.880341880341880323e-01
3.530020703933747228e-01
3.605442176870747861e-01
1.720374220374220608e-01
2.212667705522404771e-01
2.399527186761229169e-01
2.903811252268602150e-01
3.648239303294206759e-01
4.351491569390401604e-01
2.954545454545454142e-01
2.805260617760617636e-01
2.282878411910670147e-01
8.389637933646417745e-01
1.981981981981981999e-01
3.480517526703775788e-01
2.319454287739192155e-01
4.354638284078016786e-01
3.058823529411764386e-01
2.782608695652173947e-01
0.000000000000000000e+00
7.917383820998277755e-02
9.145427286356820618e-02
7.319952774498228454e-02
9.276018099547511664e-02
1.250000000000000000e-01
7.834148658295111978e-02
2.342342342342342287e-01
0.000000000000000000e+00
1.912632821723731225e-01
0.000000000000000000e+00
0.000000000000000000e+00
1.642156862745098311e-01
0.000000000000000000e+00
0.000000000000000000e+00
0.000000000000000000e+00
1.648351648351648324e-01
4.083333333333333259e-02
2.153846153846153688e-01
0.000000000000000000e+00
1.022727272727272790e-01
1.439393939393939503e-01
1.032388663967611364e-01
0.000000000000000000e+00
2.427536231884057927e-01
0.000000000000000000e+00
0.000000000000000000e+00
0.000000000000000000e+00
5.705324716099849924e-01
5.779026570390863871e-01
5.491005014517619243e-01
5.626927759071429502e-01
2.558635823579795132e-01
5.692555632701368218e-01
3.567893563473182872e-01
2.853698678136779576e-01
5.010799093259684645e-01
4.773917017335606028e-01
2.456118461720182278e-01
3.231542208979961139e-01
4.754505102799689853e-01
3.919143779465839583e-01
3.686374338067939238e-01
3.432672964037493113e-01
4.539386830400480854e-01
3.518224435550188489e-01
4.173117308495544187e-01
7.181697379252626190e-01
1.569869723864527611e-01
2.330178835667689463e-01
6.133376854595551375e-01
4.683248964491518174e-01
3.370274924793064675e-01
6.012599526140566253e-01
0.000000000000000000e+00
3.255073011613983658e-01
3.339714810128359690e-01
3.015113606945765135e-01
3.166231600580862171e-01
6.546617277705855942e-02
3.240518963140007203e-01
1.272986448027336459e-01
8.143596145599603375e-02
2.510810755301207675e-01
2.279028368840648744e-01
6.032517898002715678e-02
1.044286504841908519e-01
2.260531877254829125e-01
1.535968796412578441e-01
1.358935576036583159e-01
1.178324367803394584e-01
2.060603279601332660e-01
1.237790317890244268e-01
1.741490807046509048e-01
5.157677724716404066e-01
2.464490949906487927e-02
5.429733406193629208e-02
3.761831164048842213e-01
2.193282086341088177e-01
1.135875306868889684e-01
3.615135306174576679e-01
0.000000000000000000e+00
3.127762576299726316e-01
3.004825737265415242e-01
2.849002849002849058e-01
3.114241001564945210e-01
3.333333333333333148e-01
3.058471064370282266e-01
3.831619229849317909e-01
1.017964071856287539e-01
6.642040594136402465e-01
3.360881542699724056e-01
2.410648148148148429e-01
4.190231752547591837e-01
3.491379310344827624e-01
2.445054945054945250e-01
3.953243500124593579e-01
4.105571847507331062e-01
3.151125401929260605e-01
4.027421876074390727e-01
4.655798789007918326e-01
4.196141479099678162e-01
5.000000000000000000e-01
2.224335858669401755e-01
4.330110497237569245e-01
5.428566509417719343e-01
2.572198275862069283e-01
4.301075268817204922e-01
0.000000000000000000e+00
