0.000000000000000000e+00
0.000000000000000000e+00
0.000000000000000000e+00
0.000000000000000000e+00
0.000000000000000000e+00
0.000000000000000000e+00
0.000000000000000000e+00
0.000000000000000000e+00
3.254332252835102635e-01
1.848484848484848175e-01
2.332033899454228620e-01
1.924951676484947249e-01
6.750000000000000444e-01
0.000000000000000000e+00
1.652025983898981476e-01
1.000000000000000000e+00
0.000000000000000000e+00
2.675710822876949946e-01
8.427938482989020264e-01
9.000000000000000222e-01
8.215396603723376101e-01
2.239520958083832669e-01
3.130681818181818565e-01
4.431906614785992016e-01
0.000000000000000000e+00
1.000000000000000000e+00
0.000000000000000000e+00
0.000000000000000000e+00
0.000000000000000000e+00
0.000000000000000000e+00
0.000000000000000000e+00
0.000000000000000000e+00
0.000000000000000000e+00
0.000000000000000000e+00
0.000000000000000000e+00
7.380952380952381098e-02
8.412698412698411954e-02
6.538461538461540212e-02
3.201892744479495345e-02
1.611111111111110938e-01
0.000000000000000000e+00
4.367505995203837393e-02
5.307392996108950545e-01
0.000000000000000000e+00
6.944444444444443365e-02
1.769230769230769051e-01
3.463414634146341764e-01
2.000000000000000111e-01
1.575447570332480784e-01
4.504291676509961095e-02
1.524663677130044803e-01
0.000000000000000000e+00
3.200000000000000622e-01
0.000000000000000000e+00
6.310958118187033616e-02
6.296851574212893043e-02
5.667060212514758027e-02
7.239819004524886137e-02
0.000000000000000000e+00
6.027944287337556190e-02
0.000000000000000000e+00
0.000000000000000000e+00
3.857142857142857872e-01
1.848484848484848175e-01
4.466666666666666563e-01
3.722222222222222321e-01
6.750000000000000444e-01
0.000000000000000000e+00
4.020833333333333481e-01
1.000000000000000000e+00
0.000000000000000000e+00
3.266666666666666052e-01
1.000000000000000000e+00
9.000000000000000222e-01
9.500000000000000666e-01
2.615384615384615530e-01
3.800000000000000044e-01
5.583333333333333481e-01
0.000000000000000000e+00
1.000000000000000000e+00
0.000000000000000000e+00
0.000000000000000000e+00
0.000000000000000000e+00
0.000000000000000000e+00
0.000000000000000000e+00
0.000000000000000000e+00
0.000000000000000000e+00
0.000000000000000000e+00
0.000000000000000000e+00
0.000000000000000000e+00
0.000000000000000000e+00
0.000000000000000000e+00
0.000000000000000000e+00
0.000000000000000000e+00
0.000000000000000000e+00
0.000000000000000000e+00
0.000000000000000000e+00
0.000000000000000000e+00
0.000000000000000000e+00
0.000000000000000000e+00
0.000000000000000000e+00
0.000000000000000000e+00
0.000000000000000000e+00
0.000000000000000000e+00
0.000000000000000000e+00
0.000000000000000000e+00
0.000000000000000000e+00
0.000000000000000000e+00
0.000000000000000000e+00
0.000000000000000000e+00
0.000000000000000000e+00
0.000000000000000000e+00
0.000000000000000000e+00
0.000000000000000000e+00
0.000000000000000000e+00
0.000000000000000000e+00
0.000000000000000000e+00
0.000000000000000000e+00
0.000000000000000000e+00
0.000000000000000000e+00
0.000000000000000000e+00
0.000000000000000000e+00
0.000000000000000000e+00
0.000000000000000000e+00
0.000000000000000000e+00
0.000000000000000000e+00
0.000000000000000000e+00
0.000000000000000000e+00
0.000000000000000000e+00
0.000000000000000000e+00
0.000000000000000000e+00
0.000000000000000000e+00
0.000000000000000000e+00
0.000000000000000000e+00
0.000000000000000000e+00
0.000000000000000000e+00
0.000000000000000000e+00
0.000000000000000000e+00
0.000000000000000000e+00
0.000000000000000000e+00
0.000000000000000000e+00
0.000000000000000000e+00
0.000000000000000000e+00
3.247219846022241230e-01
1.848484848484848175e-01
2.507856341189674265e-01
2.124067595494296690e-01
6.750000000000000444e-01
0.000000000000000000e+00
1.881503421040547630e-01
1.000000000000000000e+00
0.000000000000000000e+00
2.923343739160596533e-01
8.350877192982456565e-01
9.000000000000000222e-01
9.500000000000000666e-01
2.239520958083832669e-01
3.800000000000000044e-01
4.431906614785992016e-01
0.000000000000000000e+00
1.000000000000000000e+00
0.000000000000000000e+00
