2.623357389596769895e-01
2.688034648180048780e-01
2.562223018764005489e-01
2.613734772963288155e-01
3.397868975072648179e-01
2.618493966307447463e-01
2.540781149152367413e-01
2.450986558500121704e-01
5.470239693666920644e-01
5.175279104751479009e-01
2.562048401652031737e-01
3.430753325114819785e-01
2.313760461995223172e-01
6.863949651344573022e-01
8.596268368171255947e-01
4.009285014633504063e-01
5.183128963796193034e-01
6.631206787197571062e-01
2.658089440262771941e-01
2.757247668486720316e-01
3.402888247198155303e-01
1.528348043374992693e-01
2.047244271847917518e-01
2.675575263143061822e-01
2.255286766048376912e-01
4.523395802170537272e-01
0.000000000000000000e+00
9.585428976024219783e-02
1.019582960087588308e-01
9.103814626551266775e-02
9.637334315169367172e-02
8.474576271186440302e-02
9.487808000827957500e-02
2.360884749708964114e-01
3.107344632768361814e-01
2.251815980629540137e-01
4.427736006683374859e-01
2.753182069728832282e-01
1.579380322655277169e-01
2.478632478632478431e-01
3.838080959520239754e-01
5.071942446043166131e-01
4.060565048215192263e-01
4.099099099099098864e-01
4.229895879486043064e-01
1.868905742145178794e-01
2.838864454218312239e-01
2.112676056338028130e-01
2.319102891992917415e-01
1.547838412473422909e-01
3.195856754879050632e-01
3.291139240506328889e-01
3.254237288135593542e-01
0.000000000000000000e+00
9.179575444635684756e-02
8.965517241379308833e-02
8.264462809917355601e-02
8.823529411764705066e-02
1.250000000000000000e-01
8.791543061813086868e-02
0.000000000000000000e+00
0.000000000000000000e+00
2.006606110652353614e-01
1.459330143540669700e-01
0.000000000000000000e+00
0.000000000000000000e+00
0.000000000000000000e+00
4.448160535117057224e-01
4.088983050847457834e-01
1.538461538461538547e-01
6.693989071038251859e-02
0.000000000000000000e+00
0.000000000000000000e+00
0.000000000000000000e+00
0.000000000000000000e+00
0.000000000000000000e+00
0.000000000000000000e+00
0.000000000000000000e+00
0.000000000000000000e+00
0.000000000000000000e+00
0.000000000000000000e+00
2.446992624894178681e-01
2.506327481130092849e-01
2.305802679176972847e-01
2.298695036680394321e-01
1.871417412309419048e-01
2.417824386711814877e-01
3.308431135261401534e-01
3.286941743389688586e-01
3.334753793631862751e-01
4.950460373600427122e-01
2.633387334195194107e-01
3.178842471990124818e-01
4.731187411678549615e-01
4.669609720566561539e-01
3.149633436508183504e-01
3.418416927597646149e-01
6.049754435361908156e-01
5.427240850495871349e-01
2.966435095134334898e-01
2.805893597305498255e-01
1.794996929952988041e-01
2.041166984941559792e-01
5.214154086754319017e-01
4.337036567543705035e-01
3.725390594456815530e-01
5.518432909916285434e-01
0.000000000000000000e+00
5.987772906286503022e-02
6.281677442667917000e-02
5.316725995299707852e-02
5.283998871659079111e-02
3.502203131094881738e-02
5.845874764978364196e-02
1.094571657676704779e-01
1.080398602443764372e-01
1.112058286414209923e-01
2.450705791058808425e-01
6.934728851899671365e-02
1.010503946172828516e-01
2.238413432442556972e-01
2.180525494240972140e-01
9.920190784370347403e-02
1.168557429088612626e-01
3.659952872818107994e-01
2.945494324929115448e-01
8.799737173644649191e-02
7.873038879399989198e-02
3.222013978540651941e-02
4.166362660415417335e-02
2.718740284041676336e-01
1.880988618821128611e-01
1.387853508126730973e-01
3.045310178124712719e-01
0.000000000000000000e+00
2.264786360766154194e-01
2.322788203753350933e-01
2.230362230362230025e-01
2.081377151799687075e-01
3.333333333333333148e-01
2.251632987148610709e-01
2.419229574401987881e-01
2.266666666666666829e-01
5.127189230561433053e-01
4.822134387351778018e-01
2.698194061830425650e-01
3.736683522950526859e-01
1.499999999999999944e-01
6.933427762039660047e-01
8.961209956870516136e-01
3.759654702407995708e-01
4.780487804878048586e-01
6.568937711647733213e-01
2.566867989646246517e-01
2.589928057553956831e-01
3.774834437086093120e-01
1.623477183563906689e-01
2.814814814814814992e-01
2.585635006697710736e-01
1.748803360359480474e-01
4.316546762589928421e-01
0.000000000000000000e+00
