2.919791260224525731e-01
2.944913378727023745e-01
2.889871744291479527e-01
2.927879440258341903e-01
3.290949887808526375e-01
2.916302616857168184e-01
3.762110327149953415e-01
1.558433705018635318e-01
5.962847732443347093e-01
4.288640639452199199e-01
3.243566672913357207e-01
3.770274150641226285e-01
2.683054670198427027e-01
4.987029221595727368e-01
6.776159009378017739e-01
3.803722407628716273e-01
4.848539245001741160e-01
5.721102257037152805e-01
3.015952171716553276e-01
3.325078013381411735e-01
3.479710075334080388e-01
1.899180268306799590e-01
2.804448253335493080e-01
3.910453773464769300e-01
2.788033511397849384e-01
4.534739123486630774e-01
0.000000000000000000e+00
1.054983153474290669e-01
1.049442619687468992e-01
1.016623162522324458e-01
1.083394698085419772e-01
8.474576271186440302e-02
1.052580802146146771e-01
3.814671814671815042e-01
1.449275362318840632e-01
2.952380952380952439e-01
4.038095238095237849e-01
2.714458316552557648e-01
2.964037854889589596e-01
2.843137254901960675e-01
3.053567555844718950e-01
4.212371675693153406e-01
4.692884936075598090e-01
2.732732732732732206e-01
3.770239834429023329e-01
2.178530424799081378e-01
3.113181693614688883e-01
1.818181818181818232e-01
2.805859102534293825e-01
3.977816026008796912e-01
5.445227418321588742e-01
3.058823529411764386e-01
4.392156862745098533e-01
0.000000000000000000e+00
1.250717154331612013e-01
1.307346326836581474e-01
1.216056670602125023e-01
1.334841628959276272e-01
1.250000000000000000e-01
1.302365077315470743e-01
1.547619047619047394e-01
0.000000000000000000e+00
0.000000000000000000e+00
1.026936026936026841e-01
0.000000000000000000e+00
0.000000000000000000e+00
0.000000000000000000e+00
1.364102564102564197e-01
3.015625000000000111e-01
9.009009009009008584e-02
8.207705192629814739e-02
8.909090909090908172e-02
0.000000000000000000e+00
0.000000000000000000e+00
1.266666666666666774e-01
0.000000000000000000e+00
8.906250000000000278e-02
0.000000000000000000e+00
0.000000000000000000e+00
0.000000000000000000e+00
0.000000000000000000e+00
2.976369971168932316e-01
2.966118873827896518e-01
2.836816347785303671e-01
2.810250191624439897e-01
2.044959214157152927e-01
2.944767914219482696e-01
4.367248367437999712e-01
2.147131353861095882e-01
3.736798478554917979e-01
5.525028614500194779e-01
3.153369456918176383e-01
4.342917661452870282e-01
4.221122413789304417e-01
4.442936311532307836e-01
3.741287623140730489e-01
3.952020786280878162e-01
4.443207193477632377e-01
5.141963067232278028e-01
3.493271198986245274e-01
4.017308990003674585e-01
1.575323070611188425e-01
2.755358472157479199e-01
6.528060289395315463e-01
5.543301810038319122e-01
3.978723924639930853e-01
6.700784501633775259e-01
0.000000000000000000e+00
8.858778205276153506e-02
8.797861173678070412e-02
8.047526991061951240e-02
7.897506139525201085e-02
4.181858187566241114e-02
8.671658068616563964e-02
1.907285830288987516e-01
4.610173050733382127e-02
1.396366286933034828e-01
3.052594119104594106e-01
9.943738931824434857e-02
1.886093381415926140e-01
1.781787443219443878e-01
1.973968306833230879e-01
1.399723307906601544e-01
1.561846829519612789e-01
1.974209016417138030e-01
2.643978418478077352e-01
1.220294366966679783e-01
1.613877152116434122e-01
2.481642776799863198e-02
7.592000310089998261e-02
4.261557114198005758e-01
3.072819495717410976e-01
1.583024406850217780e-01
4.490051293733540727e-01
0.000000000000000000e+00
2.416333403494001220e-01
2.461126005361929936e-01
2.454212454212453820e-01
2.550860719874804561e-01
2.777777777777777901e-01
2.491774409238187160e-01
3.352501437607820489e-01
1.224606135986733013e-01
6.018103328227266680e-01
4.137515972982840906e-01
3.344019926389869002e-01
3.619353985289705533e-01
2.201997871639597426e-01
4.537528958389023259e-01
6.995430785548875097e-01
3.914571606408313031e-01
4.405050505050504550e-01
5.532640957284014060e-01
2.921813203529053937e-01
2.790865384615384692e-01
3.573702830188679180e-01
2.072228582903878347e-01
3.316758358019467057e-01
3.810041591462421939e-01
2.519311055446001868e-01
4.699770942408376673e-01
0.000000000000000000e+00
