3.836959401727348951e-01
3.891000386038017678e-01
3.825803217318822225e-01
3.991237716119410694e-01
4.786836200448765788e-01
3.856588234402049675e-01
5.279759763305033049e-01
2.347681822666325413e-01
5.632649799520540457e-01
3.899113482249312868e-01
3.169100532025570516e-01
5.663128974782717373e-01
3.245013408241872455e-01
4.571949553835729096e-01
4.496068146286826273e-01
3.214251666131914820e-01
5.007307017318738396e-01
3.830528726817064022e-01
4.941684610334390881e-01
2.728273342468535145e-01
4.746793920363327479e-01
1.968363975129198695e-01
2.417784403101396473e-01
5.049764266822782677e-01
3.091230740584490211e-01
3.202514622912586706e-01
0.000000000000000000e+00
1.597245959275355454e-01
1.700507614213198071e-01
1.591335806200485370e-01
1.770986745213549152e-01
2.067796610169491400e-01
1.636908373192964006e-01
4.264550264550264203e-01
2.777777777777777901e-01
2.559224694903087238e-01
3.738977072310405436e-01
1.855203619909502055e-01
5.374605678233437267e-01
2.685185185185184897e-01
3.410658307210031048e-01
7.097197242206236822e-01
4.719145964282151495e-01
3.249999999999999556e-01
2.897966774113562849e-01
1.928007889546351217e-01
2.376853180296508994e-01
2.424242424242424310e-01
3.132992327365728413e-01
1.222045042916765079e-01
7.275784753363229163e-01
2.666666666666666075e-01
2.642201834862385468e-01
0.000000000000000000e+00
6.942053930005737117e-02
8.065967016491752684e-02
6.965761511216056467e-02
8.371040723981901244e-02
3.750000000000000000e-01
7.101986902523618750e-02
0.000000000000000000e+00
0.000000000000000000e+00
0.000000000000000000e+00
1.386363636363636409e-01
8.271604938271605312e-02
9.544159544159545872e-02
0.000000000000000000e+00
0.000000000000000000e+00
0.000000000000000000e+00
1.030927835051546337e-01
1.390070921985815389e-01
0.000000000000000000e+00
0.000000000000000000e+00
0.000000000000000000e+00
0.000000000000000000e+00
0.000000000000000000e+00
5.229357798165137905e-02
0.000000000000000000e+00
0.000000000000000000e+00
0.000000000000000000e+00
0.000000000000000000e+00
4.172750521478678087e-01
4.209719427376423795e-01
4.008648313249488226e-01
4.098421855292894711e-01
3.698169420405393315e-01
4.176563569038898582e-01
4.659429472431921293e-01
3.111535504295926957e-01
4.153682280771958668e-01
3.596254199206345703e-01
2.363082730746416671e-01
5.315360258692772844e-01
3.914207575743002820e-01
3.776817005354763945e-01
4.501263037154508151e-01
2.948644945911482740e-01
4.485593393876480817e-01
3.954658512205868059e-01
3.633627134998646535e-01
2.661065722767015362e-01
1.936746614804745192e-01
2.589428637227969565e-01
3.805871670984439792e-01
6.061848851770752500e-01
3.798512445387690617e-01
4.534325412700760394e-01
0.000000000000000000e+00
1.741184691450058108e-01
1.772173765723048522e-01
1.606926129931797176e-01
1.679706170394245912e-01
1.367645706202156031e-01
1.744368324622294353e-01
2.171028300856721327e-01
9.681653194494108106e-02
1.725307648959894247e-01
1.293304426530927365e-01
5.584159992351941243e-02
2.825305467969049800e-01
1.532102094600391040e-01
1.426434669193692162e-01
2.026136892965342273e-01
8.694507017049332709e-02
2.012054809518832310e-01
1.563932394816233140e-01
1.320324615619846986e-01
7.081270780885536020e-02
3.750987449957639275e-02
6.705140667296298485e-02
1.448465917600189334e-01
3.674601150171440400e-01
1.442869679776517533e-01
2.056010694826392315e-01
0.000000000000000000e+00
2.689960008419279847e-01
2.701340482573726387e-01
2.710622710622710430e-01
2.691705790297339584e-01
3.888888888888888395e-01
2.678912638618594078e-01
4.956080817664329508e-01
1.776050190943807838e-01
5.796319449014060154e-01
3.625309875309875030e-01
3.583441128168058376e-01
6.031092216918894078e-01
3.047662899649524748e-01
4.754273504273504036e-01
4.411143808319241133e-01
3.241419572064732635e-01
4.239905877319642413e-01
3.708293597918130291e-01
5.069509340072684278e-01
2.635708772832519031e-01
5.057333449598884201e-01
1.819318579898704658e-01
3.072073999348404194e-01
4.704960189115234837e-01
3.158698259617050419e-01
3.131742399476953320e-01
0.000000000000000000e+00
