3.328813845193574483e-01
3.427749897254262490e-01
3.398987766603373539e-01
3.598618623904485947e-01
3.545804592925011489e-01
3.377453384652594481e-01
6.600741435172384763e-01
1.605030223951739721e-01
5.668759089684645147e-01
4.090218909854376195e-01
1.804759150794084388e-01
5.846979939654965985e-01
4.479629639868328850e-01
4.180871789604987399e-01
2.547946744617178294e-01
3.762989069226593819e-01
4.566686369062780138e-01
1.855863237906783814e-01
6.524245682907068300e-01
3.546290591357482147e-01
5.611388767674955202e-01
2.075729129921525806e-01
2.541993596606426653e-01
4.192858156852935503e-01
3.619652777209477201e-01
2.307120218423071301e-01
0.000000000000000000e+00
1.773524097856340742e-01
1.833009853687667945e-01
1.807024774465356975e-01
1.856590574374079317e-01
1.355932203389830504e-01
1.793170337636984524e-01
5.662763466042154414e-01
2.323943661971831220e-01
2.310559006211180266e-01
3.365079365079364782e-01
2.491124260355029596e-01
3.152884182063992458e-01
2.491408934707903533e-01
2.702322308233638393e-01
1.921190320470896329e-01
3.668704836020010851e-01
3.939393939393939226e-01
2.800969759568485151e-01
3.436635307138903861e-01
3.395504543280726817e-01
2.772277227722772519e-01
3.785166240409206795e-01
1.416897536670747026e-01
3.643497757847534158e-01
2.666666666666666075e-01
1.811320754716981285e-01
0.000000000000000000e+00
9.236947791164658306e-02
1.004497751124437815e-01
9.563164108618654735e-02
9.502262443438916351e-02
1.250000000000000000e-01
9.363499546280945607e-02
3.333333333333333148e-01
0.000000000000000000e+00
0.000000000000000000e+00
4.545454545454545581e-02
0.000000000000000000e+00
1.240740740740740866e-01
0.000000000000000000e+00
1.217948717948718063e-01
0.000000000000000000e+00
2.293577981651376274e-01
1.678082191780821686e-01
0.000000000000000000e+00
0.000000000000000000e+00
0.000000000000000000e+00
1.557377049180327933e-01
5.029585798816568060e-02
0.000000000000000000e+00
8.909574468085106058e-02
0.000000000000000000e+00
0.000000000000000000e+00
0.000000000000000000e+00
3.638529203193952566e-01
3.717876960208046921e-01
3.625415455981950141e-01
3.600663950269114566e-01
2.380843954193692658e-01
3.657905524432343292e-01
5.071417066126314710e-01
2.917924840678938758e-01
3.976735304739199561e-01
3.859104078178842157e-01
2.559601137094387746e-01
4.547690075366747076e-01
4.493168878234284902e-01
4.204011365607726591e-01
2.613620028438865539e-01
2.831081928662735336e-01
4.838098201693584732e-01
4.106934787248746610e-01
5.913912458878178846e-01
3.837965611425467882e-01
2.453753384998606513e-01
2.885923554705595029e-01
4.739471910062352245e-01
5.553606978576689501e-01
4.258818959605357723e-01
3.314459436137442983e-01
0.000000000000000000e+00
1.323889476249522079e-01
1.382260909124583270e-01
1.314363722847280980e-01
1.296478088276758478e-01
5.668417934220657678e-02
1.338027282567265941e-01
2.571927105859723728e-01
8.514285375851207704e-02
1.581442368395917231e-01
1.489268428621657037e-01
6.551557981014882737e-02
2.068148502158920210e-01
2.018856656833314112e-01
1.767371156215894190e-01
6.831009653056774322e-02
8.015024886800713178e-02
2.340719420923070004e-01
1.686691334671390763e-01
3.497436057127454312e-01
1.472998003448446336e-01
6.020905674392119933e-02
8.328554763604575917e-02
2.246259398627008519e-01
3.084255047249571668e-01
1.813753893069406098e-01
1.098564135380053902e-01
0.000000000000000000e+00
2.340559882130077984e-01
2.406434316353887048e-01
2.311762311762311506e-01
2.527386541471048909e-01
3.333333333333333148e-01
2.399396757887456988e-01
6.687314290054015009e-01
6.772881623627892422e-02
5.843870453866613079e-01
4.208323087783867877e-01
1.539732977683275217e-01
6.516384461691635543e-01
3.924124695749859337e-01
4.030423663385447330e-01
2.632293071278266616e-01
3.452351876553879095e-01
3.892456676860346354e-01
1.784613433702084695e-01
5.719898160747992621e-01
3.210468272819816393e-01
6.257420091324200628e-01
1.899695012196514488e-01
3.156409178576726760e-01
4.339886982215404032e-01
3.233504572332408511e-01
2.120167815403056766e-01
0.000000000000000000e+00
