2.743276549599802383e-01
2.771923682039311165e-01
2.884171671534122017e-01
2.921571415088365375e-01
2.393418100224382894e-01
2.802720914893157000e-01
5.414985919789272462e-01
1.376591171910188649e-01
7.431281563948071156e-01
4.813018851649493168e-01
1.135876343485000828e-01
5.490566569219429427e-01
4.352669262344822099e-01
4.101089633206413954e-01
1.870771537527961548e-01
3.008830056810887221e-01
3.433279052902860617e-01
2.558035287856191831e-01
5.789278492888337846e-01
3.902147332353468889e-01
5.655734802421887863e-01
2.001421121186906515e-01
2.883913717025831103e-01
4.875548623039706042e-01
3.103569879650044383e-01
4.073741908586386851e-01
0.000000000000000000e+00
6.865569607891010284e-02
6.718423409973126037e-02
6.956083711132481084e-02
7.326951399116347907e-02
6.101694915254236851e-02
6.919269857220958220e-02
3.665413533834586679e-01
1.774193548387096864e-01
2.857142857142856984e-01
4.380165289256198191e-01
1.064400715563506294e-01
2.612070396812219419e-01
3.425196850393700254e-01
2.364532019704433385e-01
1.233086924955448527e-01
3.345279541265614998e-01
1.547619047619047394e-01
2.021699513542906668e-01
3.424317617866004526e-01
3.684483653347171983e-01
2.677165354330708902e-01
2.765296084989179448e-01
1.193373436168626289e-01
3.882464007552514085e-01
2.212765957446808096e-01
2.642201834862385468e-01
0.000000000000000000e+00
1.055651176133103747e-01
1.031484257871064375e-01
1.145218417945690625e-01
1.176470588235294379e-01
1.250000000000000000e-01
1.069472234734991090e-01
3.695090439276485506e-01
0.000000000000000000e+00
4.426229508196721785e-01
1.459330143540669700e-01
0.000000000000000000e+00
2.375886524822695134e-01
0.000000000000000000e+00
0.000000000000000000e+00
0.000000000000000000e+00
1.612903225806451568e-01
1.865144100054377252e-01
0.000000000000000000e+00
9.868421052631579093e-02
1.417322834645669272e-01
1.250000000000000000e-01
5.944055944055944701e-02
1.346456692913385877e-01
1.350806451612903136e-01
0.000000000000000000e+00
1.190476190476190410e-01
0.000000000000000000e+00
2.727108630157527580e-01
2.699017135856966454e-01
2.724333124219799340e-01
2.688425804956197096e-01
1.513433373656120073e-01
2.753402769507349857e-01
4.675648026660300105e-01
2.445164323692675390e-01
3.552998548776991616e-01
5.313479484431971045e-01
1.976228864035488308e-01
4.532291320790536870e-01
5.574815313311265452e-01
4.922004062062148577e-01
2.205971843269938781e-01
2.589658149435227763e-01
2.351869083762429813e-01
4.067553652615209514e-01
6.135968413915897646e-01
3.933115520332713388e-01
2.564282143620308929e-01
2.540602302401228640e-01
4.227268032609386439e-01
5.123819464627495934e-01
4.044718860987829290e-01
4.977833368790940960e-01
0.000000000000000000e+00
7.437121480679667607e-02
7.284693499649544379e-02
7.421990971721212360e-02
7.227633308754376207e-02
2.290480576496145212e-02
7.581226811130742371e-02
2.186168446921235853e-01
5.978828569859456765e-02
1.262379868761140944e-01
2.823306423147945443e-01
3.905480523046998137e-02
2.054166461651322217e-01
3.107856577752977634e-01
2.422612398695628833e-01
4.866311773299770993e-02
6.706329330936287858e-02
5.531288187157531316e-02
1.654499271690333673e-01
3.765010837657357667e-01
1.546939769628207229e-01
6.575542912089966940e-02
6.454660058966422975e-02
1.786979501952123128e-01
2.625352590609559833e-01
1.635975066443068338e-01
2.477882504744856607e-01
0.000000000000000000e+00
2.079562197432119619e-01
2.046112600536192927e-01
2.083842083842083470e-01
1.940532081377152052e-01
2.222222222222222099e-01
2.124841680914377751e-01
4.735050010640561302e-01
9.289617486338798413e-02
7.731475823862479224e-01
4.411157024793387893e-01
1.311447811447811751e-01
7.448665651464233539e-01
4.308510638297872175e-01
3.677685950413223659e-01
2.524292844996153251e-01
2.895595432300162586e-01
3.093434343434343092e-01
2.812594407707025845e-01
5.282181357006975331e-01
4.153846153846154077e-01
6.089743589743589203e-01
2.138658462890732359e-01
3.507692307692307776e-01
4.191943756632472429e-01
2.479227253842958278e-01
4.166666666666666297e-01
0.000000000000000000e+00
