3.617817658762343402e-01
3.638484455778835946e-01
3.558474724758880492e-01
3.688100640493023885e-01
4.759943862243997126e-01
3.619301843560392973e-01
4.072684104840080810e-01
2.106041827458273730e-01
5.966565805621082408e-01
3.941967004448274636e-01
3.460929409442798921e-01
4.333752786182842875e-01
4.483446978297985219e-01
5.175457241418804921e-01
5.039887845832631275e-01
3.122489159510292711e-01
5.195850399914893059e-01
4.952001602168045746e-01
4.606369677536053531e-01
3.209525879058648390e-01
3.980549583942899483e-01
2.110098691831490680e-01
2.336228088018544591e-01
4.506633199517499078e-01
2.861065939789194101e-01
4.088819039449653747e-01
0.000000000000000000e+00
1.356999853508472076e-01
1.401164526724395509e-01
1.369693639236158889e-01
1.452503681885125020e-01
1.186440677966101725e-01
1.376374554597961652e-01
2.991088306778287853e-01
2.037037037037037202e-01
2.767857142857143016e-01
4.015151515151514916e-01
2.304925290536801452e-01
2.219579045353467506e-01
3.647798742138364525e-01
2.805376972530683743e-01
4.897510562978189541e-01
3.345279541265614998e-01
3.744855967078188907e-01
4.341216216216216006e-01
2.457264957264957139e-01
3.598352866645549986e-01
2.222222222222222099e-01
3.302460705683708531e-01
1.541092044165088271e-01
4.638052530429213616e-01
2.866141732283464250e-01
2.976744186046511587e-01
0.000000000000000000e+00
1.032702237521514604e-01
1.004497751124437815e-01
1.050767414403777911e-01
9.728506787330318262e-02
1.250000000000000000e-01
1.016167828903010995e-01
1.044176706827309176e-01
0.000000000000000000e+00
0.000000000000000000e+00
7.755880483153210214e-02
0.000000000000000000e+00
9.383753501400560193e-02
0.000000000000000000e+00
1.430876815492200249e-01
2.588519313304721292e-01
5.154639175257731687e-02
1.266149870801033528e-01
8.749999999999998057e-02
0.000000000000000000e+00
0.000000000000000000e+00
0.000000000000000000e+00
0.000000000000000000e+00
3.630573248407643894e-02
8.131067961165047708e-02
0.000000000000000000e+00
0.000000000000000000e+00
0.000000000000000000e+00
2.885553742727609006e-01
2.886150803374485929e-01
2.767494272166449720e-01
2.754989938130276705e-01
2.476462633447479300e-01
2.870962397978176206e-01
3.429921811030645085e-01
2.334727656000852858e-01
3.455179231919612848e-01
4.111006511141568898e-01
2.432746671572796338e-01
3.347256955199257034e-01
4.770611681507855861e-01
3.782248718571583068e-01
3.487007070627858862e-01
2.624204045541242425e-01
4.623072486191601715e-01
4.510125287338045408e-01
3.384460968888575727e-01
3.373367171873186687e-01
1.537196065549365220e-01
2.330912288018966994e-01
3.927123245263373086e-01
4.562313022047371769e-01
3.317088650569822716e-01
4.776812511166190767e-01
0.000000000000000000e+00
8.326420402169312784e-02
8.329866459819192104e-02
7.659024546474108019e-02
7.589969559199066795e-02
6.132867174861623277e-02
8.242425090604599269e-02
1.176436362978374173e-01
5.450953227695234937e-02
1.193826352468860541e-01
1.690037453464837136e-01
5.918256368048518956e-02
1.120412912412979689e-01
2.275873581573920890e-01
1.430540536913638139e-01
1.215921831060867708e-01
6.886446872635022809e-02
2.137279921258179727e-01
2.034123010748608851e-01
1.145457604993019712e-01
1.137960607627170467e-01
2.362971743940447955e-02
5.433152094437816021e-02
1.542229698348792644e-01
2.081470011114303076e-01
1.100307711573912939e-01
2.281793776683385122e-01
0.000000000000000000e+00
3.167754157019574413e-01
3.178552278820375165e-01
3.028083028083027872e-01
3.129890453834116015e-01
4.444444444444444198e-01
3.168592364398366557e-01
3.940353556132244472e-01
1.889122113841215089e-01
5.917093684938510290e-01
3.771663574520717765e-01
3.863724297438691502e-01
4.620740576558073354e-01
4.048057903254810297e-01
5.157510964912281892e-01
5.176391276815953679e-01
3.123676003909779397e-01
4.993102834512526123e-01
5.212163255867729994e-01
4.483714892612697955e-01
2.909946236559139976e-01
4.523809523809523281e-01
2.024419649418236489e-01
2.872354833248688122e-01
4.321330649191225115e-01
2.517724571449215243e-01
3.934796071839334886e-01
0.000000000000000000e+00
