2.968939276511527448e-01
3.044291329028590565e-01
2.933434513326123039e-01
3.131894528689621593e-01
3.394302033045488165e-01
2.983894317263199314e-01
5.170240090333927396e-01
2.619252580975716671e-01
5.347224841533710915e-01
4.093492870539628958e-01
2.922451429603271089e-01
4.780945035045226499e-01
3.570843160682073414e-01
4.342841202252111232e-01
5.481813754782900450e-01
4.292008006680261833e-01
4.219933174534924447e-01
3.630924541855298227e-01
3.570116663209566554e-01
4.450259232939021703e-01
4.681187861348095058e-01
1.823534414071552034e-01
1.965669523190007040e-01
4.429104648569969216e-01
2.992259365660473458e-01
2.938013145163664297e-01
0.000000000000000000e+00
8.503833194980223165e-02
8.964118642380809743e-02
8.655035032284653929e-02
9.416421207658320913e-02
8.474576271186440302e-02
8.739097920710346690e-02
3.619047619047619513e-01
4.954954954954955415e-01
2.290640394088669929e-01
3.675450762829403084e-01
2.894736842105263275e-01
3.325517946969051009e-01
3.222222222222221877e-01
2.502666192676857304e-01
3.774468797055379743e-01
4.351491569390401604e-01
2.785714285714285254e-01
3.016702834221082208e-01
1.396761133603238725e-01
3.256201792787158378e-01
4.561403508771929571e-01
3.267263427109974305e-01
2.598318972484364719e-01
3.715566944266496252e-01
2.810810810810810412e-01
2.485436893203883391e-01
0.000000000000000000e+00
6.999426276534709279e-02
6.956521739130433479e-02
6.257378984651712495e-02
6.787330316742082315e-02
1.250000000000000000e-01
6.676544461426991983e-02
4.067388688327316371e-01
0.000000000000000000e+00
0.000000000000000000e+00
9.728867623604464665e-02
0.000000000000000000e+00
0.000000000000000000e+00
0.000000000000000000e+00
0.000000000000000000e+00
2.805232558139534871e-01
1.694915254237288060e-01
1.166666666666666546e-01
1.101123595505617836e-01
0.000000000000000000e+00
1.525423728813559421e-01
0.000000000000000000e+00
0.000000000000000000e+00
0.000000000000000000e+00
9.410112359550561190e-02
0.000000000000000000e+00
0.000000000000000000e+00
0.000000000000000000e+00
2.758275153949563685e-01
2.793853921062537937e-01
2.605787733962687258e-01
2.736709068652629084e-01
1.986413294066219914e-01
2.746661160366362653e-01
3.754041461482068298e-01
5.034746979328799110e-01
3.793823569574308330e-01
3.707768917151214039e-01
2.956666506562199981e-01
4.158516838012695227e-01
4.498588786364721148e-01
3.906485308197618078e-01
3.438125473936115561e-01
3.392235600476972701e-01
4.417022794283282927e-01
3.757173979889366633e-01
3.432647147905603102e-01
3.153738155766887541e-01
2.546988023038253557e-01
2.410941731991743664e-01
5.135855001990665691e-01
4.968869093761155709e-01
4.007672121882509542e-01
4.090509838404404186e-01
0.000000000000000000e+00
7.608081824895490675e-02
7.805619732236518393e-02
6.790129714470395650e-02
7.489576526445541893e-02
3.945837774843009849e-02
7.544147529865094515e-02
1.409282729452642491e-01
2.534867714586046539e-01
1.439309727705754272e-01
1.374755034299268985e-01
8.741876831026726413e-02
1.729326229203510257e-01
2.023730106880640700e-01
1.526062746316383389e-01
1.182070677452843749e-01
1.150726236914336731e-01
1.951009036521809681e-01
1.411635631515770484e-01
1.178306644202447157e-01
9.946064355139930258e-02
6.487147989500309520e-02
5.812640035059348648e-02
2.637700660147254683e-01
2.468966007093481296e-01
1.606143583651425677e-01
1.673227073808322141e-01
0.000000000000000000e+00
2.311092401599662838e-01
2.399999999999999911e-01
2.222222222222222099e-01
2.456964006259781397e-01
3.333333333333333148e-01
2.367240401358168822e-01
4.793380336858596991e-01
1.440677966101694962e-01
5.170154503443232796e-01
3.855128828390860241e-01
2.939892754707569278e-01
5.150457438776177010e-01
3.325729927007299302e-01
4.532407407407407218e-01
5.512819378140485505e-01
4.162031887282164888e-01
3.798449612403100306e-01
3.862623446488523959e-01
4.019138755980861677e-01
4.090909090909091161e-01
5.266524520255864150e-01
1.860417096840801254e-01
2.728723404255319340e-01
4.600071712195057394e-01
2.939655172413793149e-01
2.771855010660980723e-01
0.000000000000000000e+00
