3.089246388540504151e-01
3.150370853641129010e-01
3.039604512666173042e-01
3.222062795912685740e-01
3.172452226964084243e-01
3.095160183545366817e-01
4.370354490974677764e-01
2.445779665971497541e-01
4.906425295832245181e-01
4.475789023827667634e-01
3.252946254834111484e-01
4.119639325655599649e-01
3.766812583674624126e-01
4.832679698611213603e-01
5.667827390572006685e-01
4.206760726937592287e-01
3.891484237722548922e-01
4.590986887394011839e-01
4.014603992769433249e-01
4.720615547761736752e-01
4.460027690602879069e-01
1.625558216204832096e-01
2.235394242981804391e-01
3.549673743424954786e-01
2.553303675266449524e-01
3.732964174452566009e-01
0.000000000000000000e+00
1.162898579032179275e-01
1.163406987160346406e-01
1.123322800751018896e-01
1.217783505154639151e-01
1.118644067796610159e-01
1.164071548251519594e-01
2.919525888958203197e-01
3.013698630136986134e-01
2.214285714285714468e-01
4.351395730706075771e-01
3.714574898785424906e-01
2.180881027489859902e-01
2.196969696969696961e-01
3.334160258000496424e-01
3.343302885781263001e-01
4.727407860796572492e-01
3.586206896551724088e-01
3.184475866595071203e-01
1.712158808933002263e-01
5.195121951219512368e-01
2.439024390243902385e-01
2.642208307610900420e-01
1.637924246003622519e-01
3.265134529147982190e-01
2.096774193548386622e-01
5.052631578947368585e-01
0.000000000000000000e+00
9.695926563396441156e-02
8.545727136431782722e-02
7.201889020070836867e-02
9.276018099547511664e-02
1.250000000000000000e-01
8.863437544618349428e-02
9.737827715355804048e-02
0.000000000000000000e+00
0.000000000000000000e+00
0.000000000000000000e+00
0.000000000000000000e+00
1.378600823045267598e-01
0.000000000000000000e+00
0.000000000000000000e+00
1.723214285714285698e-01
1.861702127659574380e-01
8.126036484245438563e-02
0.000000000000000000e+00
0.000000000000000000e+00
8.181818181818181768e-02
1.357142857142857040e-01
3.566433566433566821e-02
0.000000000000000000e+00
1.147260273972602607e-01
0.000000000000000000e+00
0.000000000000000000e+00
0.000000000000000000e+00
3.437606618890031163e-01
3.463335611204088615e-01
3.226831061244059828e-01
3.356758399605299092e-01
2.364545057759374069e-01
3.408930513049106548e-01
3.461838688074917458e-01
3.836516671220415731e-01
4.100268972966604197e-01
4.384955798627639956e-01
3.524539201652970855e-01
3.605375090710530306e-01
3.511747761246249988e-01
5.147129883780948711e-01
3.225574017456999121e-01
3.187490256454829640e-01
4.501045057575972508e-01
4.932499881985510370e-01
3.386459285628428684e-01
4.096722171977192906e-01
1.854333740386858442e-01
2.221388966943505516e-01
4.931589772192996324e-01
4.329148714896650652e-01
3.238120402852612822e-01
7.458614807871336572e-01
0.000000000000000000e+00
1.181713926623654820e-01
1.199469355583440006e-01
1.041243869780946601e-01
1.126782695332073231e-01
5.591073330174281542e-02
1.162080724279724586e-01
1.198432710225226516e-01
1.471886016855217527e-01
1.681220565067260697e-01
1.922783735591816201e-01
1.242237658398856193e-01
1.299872954471596453e-01
1.233237233861804449e-01
2.649294604051088409e-01
1.040432774209368028e-01
1.016009413499447817e-01
2.025940661032909484e-01
2.432955508578707737e-01
1.146810649321900882e-01
1.678313255436953144e-01
3.438553620737117011e-02
4.934568942458334578e-02
2.432057768119856855e-01
1.874152859569132024e-01
1.048542374337036731e-01
5.563093485219758882e-01
0.000000000000000000e+00
2.370027362660492576e-01
2.384986595174262702e-01
2.328042328042327913e-01
2.112676056338028130e-01
2.777777777777777901e-01
2.346473449368202124e-01
4.421701112877583495e-01
1.693227091633466019e-01
4.948452554197240727e-01
4.291125541125541121e-01
2.823126156459489500e-01
4.086640084907853243e-01
3.552631578947368363e-01
4.719696969696969280e-01
6.022438700939589662e-01
3.986732570239333584e-01
3.754789272030650826e-01
4.976630981146051846e-01
3.955678670360111004e-01
4.736842105263157632e-01
4.672131147540983243e-01
1.714071856287425477e-01
2.832298136645962638e-01
3.570763308220880061e-01
2.047521015611597217e-01
3.351955307262569628e-01
0.000000000000000000e+00
