3.156823862897377708e-01
3.135906372547677123e-01
3.024426033209438036e-01
3.275585433718544714e-01
4.786836200448765788e-01
3.146786220007743440e-01
4.284341404304031764e-01
5.037191667482630031e-01
4.200508155709601898e-01
3.210082364334614358e-01
6.900035079023573159e-01
3.512171478423765092e-01
1.666804076585170213e-01
2.287935921926493865e-01
7.548411501433689441e-01
3.240324316825862194e-01
6.244261124401304652e-01
3.312690832460537527e-01
7.651766993437091324e-01
4.247562387037964182e-01
4.315760408496345235e-01
2.180432576293608316e-01
1.632016437779081619e-01
4.043956053423481967e-01
1.495869412775515106e-01
3.971485517510669472e-01
0.000000000000000000e+00
6.384589091264221417e-02
6.255598686174977663e-02
5.971516233914915539e-02
6.498527245949926867e-02
6.779661016949152519e-02
6.301954640824261600e-02
2.875576036866359653e-01
3.142857142857143349e-01
1.645752895752896072e-01
2.898970398970399098e-01
6.650124069478908773e-01
1.549302940877175239e-01
1.034658511722731794e-01
1.157323688969258552e-01
6.943730729701953486e-01
2.347182126270866975e-01
2.795698924731182533e-01
1.731038470903335513e-01
3.032967032967032739e-01
2.420666142145292132e-01
1.651376146788990917e-01
2.448642851249896446e-01
5.670164970060009857e-02
3.789960943150586514e-01
1.034358047016274706e-01
2.348623853211009305e-01
0.000000000000000000e+00
6.884681583476763567e-02
6.356821589205396972e-02
5.430932703659976241e-02
4.524886877828054182e-02
3.750000000000000000e-01
6.151251583791528948e-02
2.385321100917431048e-01
0.000000000000000000e+00
0.000000000000000000e+00
1.584415584415584111e-01
3.602150537634408733e-01
0.000000000000000000e+00
0.000000000000000000e+00
2.073804573804574058e-01
3.926311030741410635e-01
1.428571428571428492e-01
2.362869198312236019e-01
0.000000000000000000e+00
4.838709677419354982e-01
2.571428571428571175e-01
0.000000000000000000e+00
1.120879120879120922e-01
1.394495412844036775e-01
2.392857142857142683e-01
0.000000000000000000e+00
2.688172043010752521e-01
0.000000000000000000e+00
3.056105977205151314e-01
2.964097538778202034e-01
2.787272342793530311e-01
2.923677014475273284e-01
2.284957941142480853e-01
2.994496657515008375e-01
4.454271574261270961e-01
5.912020300121605398e-01
4.413386462085072126e-01
4.357544534135154857e-01
1.000000000000000000e+00
4.313151076458613398e-01
2.851045819654008384e-01
1.905755131858871965e-01
1.000000000000000000e+00
2.794890493142825338e-01
5.641908900947246730e-01
4.834526096229660452e-01
6.005094021921517644e-01
2.662408911290451430e-01
2.152672137712200173e-01
2.281448244450813845e-01
3.160486815912733061e-01
6.165531524108404104e-01
2.734276713489748323e-01
4.326580636351129439e-01
0.000000000000000000e+00
9.339783743909053915e-02
8.785874219390994722e-02
7.768887112901734504e-02
8.547887284971049382e-02
5.221032792790085419e-02
8.967010231868557946e-02
1.984053525727197953e-01
3.495198402904994284e-01
1.947798006371578849e-01
1.898819436697116447e-01
1.000000000000000000e+00
1.860327220835608919e-01
8.128462265766595030e-02
3.631902622606425490e-02
1.000000000000000000e+00
7.811412868660144726e-02
3.183113604658777129e-01
2.337264257512560450e-01
3.606115421211755212e-01
7.088421210918806337e-02
4.633997332482413245e-02
5.205006092107699461e-02
9.988676913558207360e-02
3.801377897477449808e-01
7.476269145932298854e-02
1.871930000284854623e-01
0.000000000000000000e+00
2.675226268154072828e-01
2.777479892761394176e-01
2.820512820512820484e-01
2.910798122065728077e-01
5.000000000000000000e-01
2.800045594136187366e-01
3.842853674417577858e-01
3.890584132519616656e-01
5.025683750608272993e-01
2.893278288337496340e-01
4.830857077692521373e-01
3.861714929618168535e-01
1.368243243243243423e-01
2.193570700451434596e-01
5.286721903591284910e-01
3.690185864149398420e-01
5.644144144144143116e-01
3.987481346306921970e-01
6.792982021132673021e-01
4.123712195364732658e-01
5.548824593128390825e-01
2.081719957539788779e-01
2.035418482999128420e-01
3.509282249264579212e-01
5.531609195402299034e-02
3.302092414995640990e-01
0.000000000000000000e+00
