4.378617891828040509e-02
4.766063699010811977e-02
6.245976868290454426e-02
4.939374860369234038e-02
4.786836200448765788e-02
5.045008646387397211e-02
4.907620198026806380e-01
0.000000000000000000e+00
8.002456359430579758e-01
1.000000000000000000e+00
2.271865027003819038e-01
1.873252590649809313e-01
3.319672131147541339e-01
4.849345872811612890e-01
2.176038805275995469e-02
2.736647276573241361e-01
2.677595628415300744e-01
8.699008472155461691e-02
4.144887778519190658e-01
1.475409836065573743e-01
8.080717970875450629e-01
2.870324923922646376e-01
6.167567064083457895e-01
8.547553741149460649e-02
0.000000000000000000e+00
1.639344262295082122e-01
0.000000000000000000e+00
3.125152595341569410e-03
3.384094754653130602e-03
4.304620598067500359e-03
3.497790868924890127e-03
3.389830508474576173e-03
3.591149385761729929e-03
1.826697892271662571e-01
0.000000000000000000e+00
1.814988290398126536e-01
4.551131928181108566e-01
6.368221941992435742e-02
3.074416920928789432e-02
7.923497267759563312e-02
1.447145279819107011e-01
0.000000000000000000e+00
1.452446258850545457e-01
7.103825136612021418e-02
5.538325210456357395e-03
8.701134930643127097e-02
5.677728908436625865e-02
1.967213114754098324e-01
2.019202549159364035e-01
1.439896519540069530e-01
2.940527824744543217e-02
0.000000000000000000e+00
5.245901639344262984e-02
0.000000000000000000e+00
1.365461847389558003e-01
1.445277361319340370e-01
1.676505312868949160e-01
1.583710407239819207e-01
1.250000000000000000e-01
1.457395681180175540e-01
7.103825136612020863e-01
0.000000000000000000e+00
9.484777517564403349e-01
1.000000000000000000e+00
4.393442622950819998e-01
3.661202185792350461e-01
3.319672131147541339e-01
6.708701134930643573e-01
1.977459016393442737e-01
3.278688524590164244e-01
2.677595628415300744e-01
1.606557377049180335e-01
4.918032786885246366e-01
1.475409836065573743e-01
9.344262295081966485e-01
3.215636822194199440e-01
6.540983606557377872e-01
2.745901639344262568e-01
0.000000000000000000e+00
1.639344262295082122e-01
0.000000000000000000e+00
0.000000000000000000e+00
0.000000000000000000e+00
0.000000000000000000e+00
0.000000000000000000e+00
0.000000000000000000e+00
0.000000000000000000e+00
0.000000000000000000e+00
0.000000000000000000e+00
0.000000000000000000e+00
0.000000000000000000e+00
0.000000000000000000e+00
0.000000000000000000e+00
0.000000000000000000e+00
0.000000000000000000e+00
0.000000000000000000e+00
0.000000000000000000e+00
0.000000000000000000e+00
0.000000000000000000e+00
0.000000000000000000e+00
0.000000000000000000e+00
0.000000000000000000e+00
0.000000000000000000e+00
0.000000000000000000e+00
0.000000000000000000e+00
0.000000000000000000e+00
0.000000000000000000e+00
0.000000000000000000e+00
0.000000000000000000e+00
0.000000000000000000e+00
0.000000000000000000e+00
0.000000000000000000e+00
0.000000000000000000e+00
0.000000000000000000e+00
0.000000000000000000e+00
0.000000000000000000e+00
0.000000000000000000e+00
0.000000000000000000e+00
0.000000000000000000e+00
0.000000000000000000e+00
0.000000000000000000e+00
0.000000000000000000e+00
0.000000000000000000e+00
0.000000000000000000e+00
0.000000000000000000e+00
0.000000000000000000e+00
0.000000000000000000e+00
0.000000000000000000e+00
0.000000000000000000e+00
0.000000000000000000e+00
0.000000000000000000e+00
0.000000000000000000e+00
0.000000000000000000e+00
0.000000000000000000e+00
0.000000000000000000e+00
5.388339296990106442e-02
5.833780160857909847e-02
7.651607651607650329e-02
5.946791862284821206e-02
5.555555555555555247e-02
6.238657420664989184e-02
4.929109437306157804e-01
0.000000000000000000e+00
7.984966834480921039e-01
1.000000000000000000e+00
2.444113263785395174e-01
2.067020785290927254e-01
3.319672131147541339e-01
4.863387978142076906e-01
4.198631884895856481e-02
2.736647276573241361e-01
2.677595628415300744e-01
1.178587878064175226e-01
4.106988783433995205e-01
1.475409836065573743e-01
9.344262295081966485e-01
2.870324923922646376e-01
6.540983606557377872e-01
8.547553741149460649e-02
0.000000000000000000e+00
1.639344262295082122e-01
0.000000000000000000e+00
