3.447715399132670333e-01
3.511277059711617743e-01
3.459121370604799628e-01
3.669209528712500390e-01
4.495463562160580406e-01
3.489244236648574859e-01
5.226145699832916991e-01
2.211848153159451935e-01
5.943277951986793983e-01
4.037591168769718575e-01
2.843410019380988585e-01
5.240741049344860292e-01
4.065115564885222188e-01
3.889741343126882356e-01
5.234168441977462560e-01
3.499087689069311780e-01
5.119731537156889667e-01
3.798082438703117569e-01
3.777917877040819494e-01
3.055299138601548226e-01
5.205447941583758453e-01
2.041024591369749452e-01
2.338016325881957791e-01
4.421905593957740077e-01
3.519889428761459604e-01
2.961935213449896076e-01
0.000000000000000000e+00
1.503003076322086129e-01
1.543744401313825176e-01
1.467692448596418786e-01
1.592415316642120660e-01
1.661016949152542277e-01
1.517152317027571362e-01
5.571428571428571619e-01
1.880341880341880323e-01
3.126050420168067223e-01
3.403822055137844527e-01
3.155594405594405738e-01
2.695029414272316348e-01
2.861842105263157632e-01
2.982292637465051577e-01
3.308997538811057071e-01
4.222315700914922587e-01
4.333333333333333481e-01
3.823591032893358110e-01
1.658653846153846090e-01
3.534096565455450700e-01
3.720930232558139483e-01
3.926412462218089039e-01
2.244271202456886716e-01
5.025346071358939293e-01
2.810810810810810412e-01
1.959183673469387932e-01
0.000000000000000000e+00
7.515777395295467067e-02
7.976011994002997485e-02
6.729634002361273293e-02
7.239819004524886137e-02
1.250000000000000000e-01
7.115011276600358148e-02
0.000000000000000000e+00
0.000000000000000000e+00
0.000000000000000000e+00
1.386363636363636409e-01
0.000000000000000000e+00
1.595238095238095399e-01
0.000000000000000000e+00
0.000000000000000000e+00
1.230867346938775420e-01
1.086956521739130405e-01
1.081677704194260459e-01
0.000000000000000000e+00
0.000000000000000000e+00
0.000000000000000000e+00
1.417910447761193959e-01
4.407951598962835116e-02
0.000000000000000000e+00
1.947674418604651014e-01
0.000000000000000000e+00
0.000000000000000000e+00
0.000000000000000000e+00
4.128255286611799968e-01
4.161662402629958679e-01
3.971422871730697080e-01
4.061950972241011870e-01
3.720150982505975312e-01
4.137355454892912565e-01
6.110905087514494349e-01
2.971055479021393886e-01
4.656136405331619543e-01
4.177554784766259743e-01
3.492851588584037770e-01
4.060859375896020973e-01
5.532861426075234013e-01
4.191368112947073121e-01
3.686700729666737009e-01
3.359976680331122623e-01
5.568406769326293970e-01
5.497753028170355716e-01
3.588504604754568228e-01
3.551427352683075855e-01
2.311889334205223800e-01
2.660600816364181442e-01
4.544697903384928850e-01
5.527447185389687823e-01
4.170648945995473755e-01
4.016325953064235343e-01
0.000000000000000000e+00
1.704249171143827624e-01
1.731943395346376424e-01
1.577219962610570125e-01
1.649944570088970330e-01
1.383952333264017176e-01
1.711771016013214353e-01
3.734316098861052424e-01
8.827170659423042021e-02
2.167960622505445689e-01
1.745196397972347269e-01
1.220001221987403878e-01
1.649057887080261631e-01
3.061255556015126111e-01
1.756756665822950536e-01
1.359176227012524885e-01
1.128944329236895028e-01
3.100715394867889496e-01
3.022528835875632480e-01
1.287736529834474231e-01
1.261263624138551920e-01
5.344832293611873064e-02
7.078796704037748633e-02
2.065427903303136969e-01
3.055267238727239487e-01
1.739431263073316081e-01
1.613087416125733864e-01
0.000000000000000000e+00
2.268996000841927707e-01
2.227345844504021177e-01
2.112332112332112044e-01
2.308294209702660416e-01
3.055555555555555247e-01
2.251150950233379300e-01
4.892406195494997667e-01
1.451751699191972111e-01
5.881429732393199661e-01
3.854041307529679217e-01
2.785594035594035067e-01
5.779604754871533467e-01
3.590657967651887383e-01
3.842116378453587777e-01
5.334786724201034946e-01
3.426594455476431045e-01
4.786902844873859308e-01
3.967016386904023695e-01
3.924715635241951550e-01
2.759129967776584036e-01
5.567765567765567969e-01
1.948288852758060241e-01
2.846043884672201929e-01
3.976511766112004187e-01
4.022745138510724905e-01
3.027625032731081633e-01
0.000000000000000000e+00
