2.700076433393375774e-01
2.756831640880604839e-01
2.677484997612076811e-01
2.742449783699250077e-01
2.961854899027673849e-01
2.706257817775747365e-01
3.474285591141665352e-01
1.463304032826229784e-01
6.324829974165387947e-01
4.507314194248634998e-01
2.989087453275942607e-01
3.644001866106607590e-01
2.903652664403973405e-01
5.171370685065427297e-01
7.766298442064614171e-01
3.954404003995428130e-01
5.272460831150937999e-01
4.834176823747904361e-01
2.867430563645538832e-01
3.611749789335787497e-01
3.643154377078881012e-01
1.808650470387695441e-01
2.521377068460562976e-01
3.488004687130146220e-01
2.590268913779221194e-01
4.201015650038490978e-01
0.000000000000000000e+00
1.541823331217344606e-01
1.627227032945157692e-01
1.533177634290424640e-01
1.661450662739322459e-01
1.050847457627118592e-01
1.563885068265600808e-01
2.868779220779220651e-01
1.486486486486486569e-01
2.878571428571428670e-01
4.427736006683374859e-01
2.536057692307692735e-01
2.164734795686303337e-01
3.320610687022900742e-01
4.012539184952977900e-01
4.632705600225702214e-01
4.138392525217476914e-01
3.421052631578946901e-01
3.899060350673253517e-01
2.081447963800904799e-01
5.468549422336328458e-01
2.391304347826087029e-01
7.215860035512404735e-01
1.786091735362502209e-01
3.563842341279207515e-01
2.363636363636363313e-01
3.463917525773196338e-01
0.000000000000000000e+00
7.630522088353412780e-02
8.245877061469264468e-02
7.792207792207792028e-02
7.013574660633484226e-02
1.250000000000000000e-01
7.694249355551624481e-02
0.000000000000000000e+00
0.000000000000000000e+00
1.244239631336405832e-01
7.064273306311522060e-02
0.000000000000000000e+00
0.000000000000000000e+00
0.000000000000000000e+00
1.794871794871794879e-01
1.402616279069767435e-01
0.000000000000000000e+00
7.777777777777777901e-02
0.000000000000000000e+00
0.000000000000000000e+00
0.000000000000000000e+00
0.000000000000000000e+00
0.000000000000000000e+00
0.000000000000000000e+00
0.000000000000000000e+00
0.000000000000000000e+00
0.000000000000000000e+00
0.000000000000000000e+00
3.248939064273663746e-01
3.349998740455509827e-01
3.160014355704998668e-01
3.215283121981630243e-01
1.951919366162229719e-01
3.260940921099001466e-01
3.923543699813242247e-01
2.241099515465874437e-01
4.027499244661384981e-01
4.817619140528092148e-01
3.217194282801339456e-01
3.655641129452286142e-01
4.553748962415875567e-01
4.513890659654873905e-01
3.966506474706339991e-01
3.574706208446585265e-01
5.225803655023211203e-01
4.983676904805879326e-01
3.675077575480981129e-01
5.020802800955949108e-01
1.786464972233627047e-01
3.743505288564651923e-01
4.650047247250752025e-01
5.322694127928986330e-01
3.587759718198326730e-01
5.955496935204263043e-01
0.000000000000000000e+00
1.055560504336343075e-01
1.122249156105350198e-01
9.985690728261679971e-02
1.033804555449993889e-01
3.809989211999161018e-02
1.063373569089800380e-01
1.539419516434418211e-01
5.022527038221376999e-02
1.622075016574802409e-01
2.320945418318263176e-01
1.035033905328962694e-01
1.336371206734318362e-01
2.073662961270366090e-01
2.037520888731951252e-01
1.573317361388731073e-01
1.277852447670656255e-01
2.730902384085395207e-01
2.483703549149550716e-01
1.350619518580316314e-01
2.520846076608710407e-01
3.191457097017693506e-02
1.401383184551151517e-01
2.162293940166429840e-01
2.833107277948971325e-01
1.287201979552653752e-01
3.546794374522736493e-01
0.000000000000000000e+00
1.946958535045253680e-01
1.974262734584450452e-01
1.933251933251933230e-01
1.885758998435054790e-01
2.777777777777777901e-01
1.967396839508818718e-01
3.124430098114308052e-01
7.565930427330451458e-02
6.309176026076456223e-01
4.401154401154400708e-01
3.110882152386691968e-01
4.145623383728570532e-01
2.162980234448532713e-01
4.962882153813604758e-01
7.949823308894805596e-01
3.910724563177863100e-01
4.780601561012754463e-01
4.910216535605931298e-01
2.511556283052128191e-01
3.255068672334859303e-01
3.780777126099706398e-01
1.715130532978707822e-01
3.088329101872421822e-01
3.246307630381158882e-01
2.196923147468818616e-01
3.803496081977095211e-01
0.000000000000000000e+00
