2.826342707998191761e-01
2.894212057258178650e-01
2.833697952646286877e-01
2.850325822802230458e-01
3.129304859397849525e-01
2.835279868466225595e-01
3.923121919176106309e-01
2.045569735964267721e-01
5.987694325163578357e-01
4.445101466489482789e-01
3.171099511598696186e-01
4.158748127287257290e-01
3.208981976410091863e-01
5.383286199135757233e-01
6.891258989796038570e-01
3.692914617740515326e-01
4.755425936021728806e-01
4.595889110728628157e-01
3.103723168211925398e-01
3.407267612691468051e-01
3.128867406180332877e-01
1.895377293216376768e-01
2.462405262354117885e-01
4.567900948288223795e-01
1.860262099193884522e-01
4.358352059782527599e-01
0.000000000000000000e+00
1.835538844670150105e-01
1.865357818254205213e-01
1.738791958602372012e-01
1.882363770250368162e-01
1.966101694915254050e-01
1.826914668188069912e-01
3.277310924369747913e-01
4.018264840182648734e-01
2.619047619047619180e-01
6.309523809523809312e-01
3.210059171597633432e-01
2.984433986657702431e-01
3.034379671150971292e-01
3.439319301388266692e-01
4.218165467625899501e-01
4.670125378296585139e-01
4.406779661016949068e-01
2.905923164543853798e-01
2.130825379000561293e-01
3.463414634146341764e-01
2.105263157894736725e-01
4.550068856974228138e-01
1.420699536548873376e-01
4.551569506726457770e-01
2.849315068493150083e-01
4.266666666666666941e-01
0.000000000000000000e+00
8.663224325874926968e-02
9.385307346326836331e-02
8.146399055489964014e-02
9.728506787330318262e-02
1.250000000000000000e-01
8.524160707326070008e-02
1.250000000000000000e-01
0.000000000000000000e+00
0.000000000000000000e+00
0.000000000000000000e+00
0.000000000000000000e+00
1.717948717948718229e-01
0.000000000000000000e+00
1.175950486295313929e-01
1.945564516129032195e-01
1.298701298701298856e-01
7.777777777777777901e-02
0.000000000000000000e+00
0.000000000000000000e+00
0.000000000000000000e+00
0.000000000000000000e+00
0.000000000000000000e+00
0.000000000000000000e+00
1.147260273972602607e-01
0.000000000000000000e+00
0.000000000000000000e+00
0.000000000000000000e+00
4.023338445029241983e-01
4.089970102657290441e-01
3.876458687186052354e-01
3.863159321404150415e-01
2.854208849353790378e-01
4.009131468333613779e-01
3.890711223302760202e-01
4.108334712644263198e-01
3.733048037203813840e-01
5.804361593639214556e-01
3.525196579376095873e-01
3.787859732985702776e-01
5.043949457952627835e-01
5.156222685960217822e-01
3.736903034191332851e-01
3.714953381989068992e-01
5.784992177920288414e-01
4.367229561938606452e-01
3.806975718769048389e-01
3.978100585322452698e-01
1.814746304385584930e-01
3.029645022029400225e-01
4.545315538604398076e-01
5.490957731731963554e-01
3.297339969171275142e-01
6.298773795496668271e-01
0.000000000000000000e+00
1.618725224325031908e-01
1.672785544063049024e-01
1.502693195346021526e-01
1.492399994255177442e-01
8.146508155729488554e-02
1.607313513038283737e-01
1.513763382313406125e-01
1.687841411111781764e-01
1.393564764807124490e-01
3.369061350971396807e-01
1.242701092324492995e-01
1.434788135677451948e-01
2.544142613438059586e-01
2.658663238721079569e-01
1.396444428694839091e-01
1.380087863035202311e-01
3.346613449859892064e-01
1.907269404667047696e-01
1.449306412329711413e-01
1.582528426694284063e-01
3.293304149281138515e-02
9.178748959507525285e-02
2.065989334547859713e-01
3.015061681166703034e-01
1.087245087229442991e-01
3.967455132683550545e-01
0.000000000000000000e+00
2.066933277204799080e-01
2.198391420911527949e-01
1.961741961741961804e-01
1.846635367762128332e-01
2.222222222222222099e-01
2.089959176911120320e-01
3.681742967457252713e-01
1.055900621118012334e-01
5.865945528298243117e-01
4.339000693962525856e-01
2.939892754707569278e-01
4.256882209226729996e-01
2.773972602739726012e-01
4.944444444444444642e-01
7.192898219476853150e-01
3.372839066120120743e-01
4.431524547803616931e-01
4.639958376690946906e-01
2.873008208594882151e-01
3.082191780821917915e-01
3.166666666666666519e-01
1.632708608756513191e-01
3.352941176470588536e-01
4.150350194552530070e-01
1.409423712801133599e-01
4.081632653061224025e-01
0.000000000000000000e+00
