2.511073133787672385e-01
2.542413196342824810e-01
2.758142564320315016e-01
2.691455281058337534e-01
2.784180239036527227e-01
2.609002155236370135e-01
4.865429564275196017e-01
1.983154643457735733e-01
9.846983641679178945e-01
5.654339735600005801e-01
1.627333514813165405e-01
5.466011415202290946e-01
5.126192772423107114e-01
3.276149587135434027e-01
1.002717237393579708e-01
2.896904601848730998e-01
3.549073583827027090e-01
2.059017561636974081e-01
6.041428527266938797e-01
2.535200273428175333e-01
6.256965168203014738e-01
2.287905446678156762e-01
2.802530447339202091e-01
4.956448419709769126e-01
3.257027285028828434e-01
2.456285960686657721e-01
0.000000000000000000e+00
6.594560281263733836e-02
6.626356126206828234e-02
6.401978293721664881e-02
7.179675994108983272e-02
9.152542372881355970e-02
6.662844016892124910e-02
3.436582109479305869e-01
2.235772357723577464e-01
4.820213799805636579e-01
5.047619047619047450e-01
1.801619433198380360e-01
3.215517819987918635e-01
4.738562091503267792e-01
2.627257799671592342e-01
1.725869304556355011e-01
4.692884936075598090e-01
3.051643192488263101e-01
2.084321163268531563e-01
2.468694096601073140e-01
2.251219512195122008e-01
5.050505050505050830e-01
5.309110150806950479e-01
2.611992831695170159e-01
5.622628492583650051e-01
3.586206896551723533e-01
2.077922077922077781e-01
0.000000000000000000e+00
1.084337349397590383e-01
1.163418290854572740e-01
1.393152302243211293e-01
1.221719457013574761e-01
1.250000000000000000e-01
1.182269065128939423e-01
1.420765027322404284e-01
0.000000000000000000e+00
1.168831168831169082e-01
0.000000000000000000e+00
0.000000000000000000e+00
2.048929663608562990e-01
0.000000000000000000e+00
0.000000000000000000e+00
0.000000000000000000e+00
0.000000000000000000e+00
5.185185185185185036e-02
0.000000000000000000e+00
1.415094339622641473e-01
0.000000000000000000e+00
2.065217391304347838e-01
0.000000000000000000e+00
0.000000000000000000e+00
7.346491228070174684e-02
0.000000000000000000e+00
0.000000000000000000e+00
0.000000000000000000e+00
1.845795886131858798e-01
1.835168621140502165e-01
1.893982362248552709e-01
1.762891419475345056e-01
1.792351611072746653e-01
1.868736283840750356e-01
4.170683308194227945e-01
3.436894004705801087e-01
6.414963909846557177e-01
5.964564597221507780e-01
1.916098991008416685e-01
3.714191565661305039e-01
5.716540980096066482e-01
3.825601568607396863e-01
2.054850739114732761e-01
3.294974459862354821e-01
4.278506220035878660e-01
3.814353082625147051e-01
4.092511637682734738e-01
2.580052413936552713e-01
3.425496271874041709e-01
4.272319793542472821e-01
5.086421291302354319e-01
5.415222308982100552e-01
3.850077775783139478e-01
3.903257613760825473e-01
0.000000000000000000e+00
3.406962453261293960e-02
3.367843868018732117e-02
3.587169188508607803e-02
3.107786156859796908e-02
3.212524297715069893e-02
3.492175298542937734e-02
1.739459925724994582e-01
1.181224039958267830e-01
4.115176196463382619e-01
3.557603083442816838e-01
3.671435343343473073e-02
1.379521898642957489e-01
3.267884077711768476e-01
1.463522736173137329e-01
4.222411560040362916e-02
1.085685669114521829e-01
1.830561547488570306e-01
1.454928943893196436e-01
1.674865150456861795e-01
6.656670458659832978e-02
1.173402470862295599e-01
1.825271641829480096e-01
2.587168155261391211e-01
2.932463265569743571e-01
1.482309887957924677e-01
1.523541999938185509e-01
0.000000000000000000e+00
2.268996000841927707e-01
2.263806970509383287e-01
2.535612535612535301e-01
2.519561815336463506e-01
2.777777777777777901e-01
2.444989703158372829e-01
4.849428481836847160e-01
8.564286076848891260e-02
1.000000000000000000e+00
5.616793237701883656e-01
1.754054179986791473e-01
6.179358617409490551e-01
4.838716584257344855e-01
3.169515669515669543e-01
1.037196204101553387e-01
2.735120078776053232e-01
2.970679012345678882e-01
2.193463225049455678e-01
5.932980202111274304e-01
2.450098814229249022e-01
6.103373015873015950e-01
1.982131028195525946e-01
3.558820589705147808e-01
4.742246176816576897e-01
2.922461317158154270e-01
2.421321701608742383e-01
0.000000000000000000e+00
