2.855458510753025037e-01
2.921687751128038135e-01
2.909870856708721143e-01
3.063024100718134690e-01
3.048088345285758227e-01
2.885043156068820558e-01
7.312772216236648193e-01
1.145318123548025729e-01
6.410288103863960307e-01
3.068869205146402823e-01
1.442020682820358279e-01
7.142482030669451420e-01
4.334435517638275392e-01
2.630984368503361814e-01
1.626919410584810599e-01
3.426725777584369581e-01
4.250206337302187554e-01
2.271439521915528392e-01
7.540432164856689656e-01
3.349247572138178697e-01
5.751787147688611768e-01
1.395075324035246755e-01
3.454657977481940812e-01
5.890042320648859464e-01
4.047190004659712015e-01
2.746939742676164364e-01
0.000000000000000000e+00
1.290346208310952925e-01
1.325022394744699850e-01
1.264367816091954144e-01
1.325478645066273664e-01
9.491525423728813804e-02
1.283769051730832000e-01
4.708249496981891657e-01
1.803278688524590223e-01
4.168067226890756483e-01
3.244897959183672964e-01
1.692307692307692402e-01
5.530542013191854789e-01
3.717948717948718063e-01
2.829354553492484103e-01
2.535971223021583065e-01
4.295262073701075489e-01
2.785714285714285254e-01
3.306190806190805742e-01
4.549450549450549386e-01
2.926829268292682751e-01
3.513513513513513709e-01
2.578153072224217968e-01
2.997986343131630038e-01
5.860882260923975240e-01
3.151515151515151270e-01
2.548672566371681381e-01
0.000000000000000000e+00
7.401032702237521355e-02
7.856071964017989628e-02
8.618654073199527588e-02
9.954751131221720173e-02
1.250000000000000000e-01
7.959288163503436264e-02
4.049844236760123950e-01
0.000000000000000000e+00
1.753246753246753553e-01
0.000000000000000000e+00
0.000000000000000000e+00
1.450216450216450514e-01
0.000000000000000000e+00
0.000000000000000000e+00
0.000000000000000000e+00
8.196721311475410610e-02
1.526479750778816091e-01
0.000000000000000000e+00
0.000000000000000000e+00
8.910891089108910479e-02
0.000000000000000000e+00
0.000000000000000000e+00
1.341176470588235359e-01
2.120253164556961945e-01
0.000000000000000000e+00
0.000000000000000000e+00
0.000000000000000000e+00
3.077497765228077720e-01
3.110794295032520695e-01
2.968911393956998324e-01
2.973086009465146784e-01
2.265312931372499283e-01
3.057356486486487723e-01
5.256269125999905034e-01
2.200594498571621649e-01
4.555845480272830428e-01
3.624712548558159941e-01
1.850926517178874964e-01
6.152417545309913915e-01
5.618586069082723844e-01
3.837890223451296268e-01
2.776665901651990676e-01
3.378729597468163592e-01
3.768873450867408770e-01
3.921540827054345590e-01
7.505655162213604736e-01
2.811424279695328154e-01
2.806975271241463621e-01
2.294076946473369294e-01
5.433468041334548193e-01
5.504525908752307961e-01
4.267774443850169686e-01
4.205077372913338385e-01
0.000000000000000000e+00
9.470992494983809795e-02
9.677041146006876149e-02
8.814434865167687649e-02
8.839240419677393823e-02
5.131642677043465189e-02
9.347428685461002529e-02
2.762836512493980212e-01
4.842616147143686406e-02
2.075572804012237593e-01
1.313854105967499075e-01
3.425928971995920169e-02
3.785224165183725398e-01
3.156850941569044333e-01
1.472940136726303695e-01
7.709873529396861491e-02
1.141581369280737779e-01
1.420440708865321200e-01
1.537848245825408078e-01
5.633485941406372044e-01
7.904106480460396100e-02
7.879110173361089653e-02
5.262789036340577431e-02
2.952257495620389527e-01
3.029980548012543018e-01
1.821389870358062768e-01
1.768267571218774259e-01
0.000000000000000000e+00
2.243738160387286629e-01
2.268096514745308045e-01
2.173382173382173432e-01
2.269170579029733958e-01
2.222222222222222099e-01
2.249222593014142957e-01
7.279094779094779089e-01
0.000000000000000000e+00
5.929817900636089600e-01
2.914100432690719389e-01
1.352794282696243577e-01
7.349612079139715703e-01
4.021856980927504543e-01
2.532625767069833778e-01
1.574614205460201644e-01
3.299750360541622296e-01
4.018823529411764683e-01
2.137018610236832705e-01
6.464706100973204306e-01
3.279841897233201631e-01
6.127591071880765794e-01
1.364997278170931028e-01
3.952404885158566916e-01
5.651657578758614298e-01
3.730110095554631799e-01
2.644087938205585409e-01
0.000000000000000000e+00
