2.523962840047447864e-01
2.549557739060603345e-01
2.486235888335336652e-01
2.502817383516361960e-01
3.391648576171625296e-01
2.522451537400274280e-01
2.533102783526076651e-01
2.963254029109829157e-01
6.189633902153631739e-01
4.773464499107767933e-01
2.319277007191513917e-01
4.151755239221742722e-01
3.586774777448244467e-01
6.309253327463376637e-01
5.816245347581905367e-01
4.755406523645738237e-01
5.138212773740558070e-01
4.786349398057135884e-01
3.000446261968411910e-01
3.240813791672777500e-01
3.623191646128621768e-01
1.360113894949880886e-01
2.395934751803866225e-01
3.843053815895972614e-01
2.161607229728847446e-01
5.182205466014964124e-01
0.000000000000000000e+00
1.071585526637042762e-01
1.051433263660794259e-01
1.017081100883820977e-01
1.033689248895434398e-01
1.118644067796610159e-01
1.056391126073179948e-01
2.161592505854801061e-01
3.564814814814815103e-01
2.980769230769230727e-01
4.062717770034843245e-01
2.582417582417582680e-01
3.305179607204639658e-01
4.027777777777777346e-01
6.561043802423113247e-01
4.488266529633436197e-01
6.594933693321687329e-01
3.095238095238094789e-01
3.687666539779215769e-01
1.679649464459591068e-01
3.463414634146341764e-01
2.857142857142856984e-01
2.601388381439532216e-01
1.859265360328436478e-01
5.875199513566923271e-01
3.119999999999999440e-01
4.444444444444444753e-01
0.000000000000000000e+00
4.417670682730923115e-02
5.577211394302847292e-02
5.548996458087366440e-02
4.977375565610859393e-02
1.250000000000000000e-01
4.662708860459977706e-02
0.000000000000000000e+00
0.000000000000000000e+00
0.000000000000000000e+00
0.000000000000000000e+00
0.000000000000000000e+00
0.000000000000000000e+00
0.000000000000000000e+00
2.131410256410256610e-01
0.000000000000000000e+00
2.000000000000000111e-01
1.103603603603603572e-01
0.000000000000000000e+00
0.000000000000000000e+00
0.000000000000000000e+00
0.000000000000000000e+00
0.000000000000000000e+00
0.000000000000000000e+00
0.000000000000000000e+00
0.000000000000000000e+00
0.000000000000000000e+00
0.000000000000000000e+00
3.037909575215778646e-01
3.020390542568465730e-01
2.850234629837615219e-01
2.864440333116440307e-01
2.333557962052560109e-01
3.004809187942898974e-01
3.277516183515988279e-01
3.812583192294304313e-01
4.424232609508519931e-01
5.281016496645466463e-01
3.193407446386608006e-01
4.539863319940095066e-01
5.235524335014620778e-01
7.288108580090055799e-01
4.256255072149833230e-01
4.254980655240777065e-01
4.676713891262974654e-01
5.645917749696218735e-01
3.443912713118050806e-01
3.593785842179547663e-01
1.895274932873008689e-01
2.286282715830222911e-01
5.169179641715696549e-01
5.871032936033404592e-01
3.781306106762252761e-01
7.525295077404750010e-01
0.000000000000000000e+00
9.228894587187710941e-02
9.122759029637032835e-02
8.123837445125568768e-02
8.205018421984223986e-02
5.445492762258897362e-02
9.028878255946062859e-02
1.074211233320920972e-01
1.453579059816502705e-01
1.957383418303856593e-01
2.788913523784155024e-01
1.019785111863743821e-01
2.061035896373749621e-01
2.741071506253028311e-01
5.311652667518227400e-01
1.811570723920117310e-01
1.810486037647322799e-01
2.187165282073207651e-01
3.187638723633481330e-01
1.186053477557613700e-01
1.291529667945016391e-01
3.592067071176787557e-02
5.227088656704020203e-02
2.672041816832802508e-01
3.446902773598903291e-01
1.429827587303750813e-01
5.663006600201215823e-01
0.000000000000000000e+00
1.713323510839823149e-01
1.716890080428954413e-01
1.684981684981684824e-01
1.643192488262910644e-01
2.777777777777777901e-01
1.743229800374464511e-01
2.464895715501042306e-01
2.259360649947015354e-01
6.309602282900875769e-01
4.805901047592890385e-01
2.260221096281082587e-01
4.123177570533649305e-01
3.001482213438735336e-01
5.753746694093447855e-01
6.091697671562406047e-01
4.291408494492103265e-01
4.623052959501557369e-01
5.187716924271590369e-01
2.637931034482758896e-01
3.090185676392572800e-01
4.111587836687438657e-01
1.277609424702335905e-01
2.961538461538461564e-01
3.870548203334405191e-01
1.789896689957721498e-01
5.034807239905900733e-01
0.000000000000000000e+00
