3.070213534527846955e-01
3.140411699990167671e-01
3.070927875038530486e-01
3.148693726459952935e-01
3.025466375235094096e-01
3.078903344458274738e-01
4.046893860180261204e-01
2.581817968631694438e-01
5.230681016855684984e-01
3.503371757903339101e-01
3.353100407485537504e-01
4.192946343366019679e-01
3.968734730879331374e-01
4.695557052326266301e-01
4.686253073463634844e-01
4.566733494179263109e-01
4.131218012264267214e-01
4.157237400061505328e-01
5.304117697466297354e-01
3.880071627850033567e-01
3.928133355683942063e-01
2.409631876651184279e-01
2.680014293788594015e-01
4.255631462009141774e-01
2.384577304119621377e-01
3.653815349542346436e-01
0.000000000000000000e+00
3.712339469700668970e-01
3.911366577087688201e-01
3.879653798598708403e-01
3.974594992636230062e-01
1.355932203389830504e-01
3.808800939572142275e-01
4.761904761904761640e-01
3.333333333333333703e-01
3.229166666666666852e-01
4.853479853479853445e-01
5.846153846153846478e-01
3.496497888039351576e-01
7.795698924731182533e-01
3.569979716024340721e-01
3.874400479616307291e-01
6.047445713568470049e-01
5.416666666666666297e-01
4.009691509691509226e-01
3.915510718789407263e-01
5.772357723577234978e-01
2.857142857142856984e-01
4.153452685421994972e-01
2.869061384858318520e-01
5.259557649920194589e-01
4.105263157894736281e-01
4.210526315789473450e-01
0.000000000000000000e+00
3.270223752151463215e-02
3.178410794602698486e-02
3.069657615112159760e-02
3.167420814479638552e-02
1.250000000000000000e-01
3.019058592905402710e-02
0.000000000000000000e+00
0.000000000000000000e+00
0.000000000000000000e+00
0.000000000000000000e+00
0.000000000000000000e+00
0.000000000000000000e+00
0.000000000000000000e+00
0.000000000000000000e+00
0.000000000000000000e+00
0.000000000000000000e+00
7.962624416006500172e-02
0.000000000000000000e+00
0.000000000000000000e+00
0.000000000000000000e+00
0.000000000000000000e+00
0.000000000000000000e+00
0.000000000000000000e+00
0.000000000000000000e+00
0.000000000000000000e+00
0.000000000000000000e+00
0.000000000000000000e+00
5.084621176449929392e-01
5.224179111809729159e-01
5.061353086949901270e-01
4.973388348629916855e-01
2.467311772535887016e-01
5.122333780647104762e-01
4.292205865057734937e-01
3.614121722457581121e-01
4.500092297709304967e-01
5.232706301273239990e-01
4.003454351876925554e-01
4.320039868055320920e-01
6.378438501604171140e-01
4.758261016849557046e-01
4.127176131578820795e-01
4.477899454599041373e-01
5.436606600646755050e-01
5.210991199115538874e-01
5.837554217132105983e-01
4.589955108211694612e-01
1.958716125844509881e-01
3.043930706234817540e-01
5.712803203599297053e-01
5.141421061004011195e-01
3.986903399656479552e-01
6.155504422760578187e-01
0.000000000000000000e+00
2.585337250800306963e-01
2.729204739226909759e-01
2.561729507077729617e-01
2.473459166628781680e-01
6.087627382894179179e-02
2.623830336035846145e-01
1.842303118803601814e-01
1.306187582473975206e-01
2.025083068790261287e-01
2.738121523538467050e-01
1.602764674756229635e-01
1.866274446158742717e-01
4.068447771874645902e-01
2.264104790447017401e-01
1.703358282107391430e-01
2.005158352549838985e-01
2.955669133019586670e-01
2.715442927725961186e-01
3.407703923795684098e-01
2.106768789539863185e-01
3.836568861643326056e-02
9.265514144359195126e-02
3.263612044305439497e-01
2.643421052653562309e-01
1.589539871819239669e-01
3.789023469862504157e-01
0.000000000000000000e+00
1.515470427278467480e-01
1.587131367292225204e-01
1.554741554741554677e-01
1.439749608763693511e-01
2.222222222222222099e-01
1.567818320144356847e-01
3.901263276263275404e-01
2.186698651666804660e-01
5.280128620908696169e-01
3.489071212701655433e-01
3.015492553177682167e-01
4.473561817764710735e-01
3.415321433650974625e-01
4.576400080580177443e-01
4.845248812711180353e-01
4.269004981024667189e-01
3.501286646447936968e-01
4.171790748273578875e-01
4.870564173973586097e-01
3.592194268628183806e-01
4.458001920214218483e-01
2.306411077582520841e-01
3.166666666666666519e-01
4.021699836996529553e-01
2.017604338271121733e-01
3.525269262634631029e-01
0.000000000000000000e+00
