3.072182547092232596e-01
3.091629070112466016e-01
3.022501624570795298e-01
3.077467065451577888e-01
3.731378054612111694e-01
3.062383040658184785e-01
4.092458787127901676e-01
2.338093767849567517e-01
5.765014048685913606e-01
4.019398643822230111e-01
3.735816050014986178e-01
3.715136476901783613e-01
4.342691367766478017e-01
5.635858268832829587e-01
5.072709944593700726e-01
3.792164878926546079e-01
4.832797290970841653e-01
4.935106397992884419e-01
4.211125579354409454e-01
3.061794274049004505e-01
3.546425064644759817e-01
1.991717091975809262e-01
2.572283446742368307e-01
4.279907801970388448e-01
2.605422202033477186e-01
4.054780147304834492e-01
0.000000000000000000e+00
1.508862737438351476e-01
1.522469393848910058e-01
1.483720291248797896e-01
1.549153166421207428e-01
1.288135593220338937e-01
1.507742482857334365e-01
4.672811059907834297e-01
3.395061728395061817e-01
4.361471861471861722e-01
4.828949630393673531e-01
3.635235732009926002e-01
2.760252365930598861e-01
4.999999999999999445e-01
3.637741568776051149e-01
6.494560449201616237e-01
5.828793774319066534e-01
4.166666666666666852e-01
4.826254826254825492e-01
2.731900452488687514e-01
4.329268292682926789e-01
3.516483516483516758e-01
4.642384690007937409e-01
2.459080017549188368e-01
4.800844104457926975e-01
3.058823529411764386e-01
4.923076923076923350e-01
0.000000000000000000e+00
6.884681583476763567e-03
1.199400299850074403e-02
7.083825265643446667e-03
9.049773755656104202e-03
1.250000000000000000e-01
7.267022288650643036e-03
0.000000000000000000e+00
0.000000000000000000e+00
0.000000000000000000e+00
0.000000000000000000e+00
0.000000000000000000e+00
0.000000000000000000e+00
0.000000000000000000e+00
5.747623163353500486e-02
1.471036585365853577e-01
7.352941176470588480e-02
7.040229885057470993e-02
0.000000000000000000e+00
0.000000000000000000e+00
0.000000000000000000e+00
0.000000000000000000e+00
0.000000000000000000e+00
0.000000000000000000e+00
0.000000000000000000e+00
0.000000000000000000e+00
0.000000000000000000e+00
0.000000000000000000e+00
3.085773857796780817e-01
3.078945843511125546e-01
2.962988909071815335e-01
2.940180778601750311e-01
2.280370041742543485e-01
3.066202303830650178e-01
4.557191527541289977e-01
2.896784854279548238e-01
4.069624114340014143e-01
4.730788438405719165e-01
3.040059427728084573e-01
3.596489656623477749e-01
5.345641975155944747e-01
4.804630272261263269e-01
3.788105476872162813e-01
3.553574080840064542e-01
4.886172055814372306e-01
4.856607369122151741e-01
3.803662959340974870e-01
3.400828108966798546e-01
1.859286916910247167e-01
2.878056201390594149e-01
5.116536860960338995e-01
4.772623874450021009e-01
3.435609719522135230e-01
5.582295596305278940e-01
0.000000000000000000e+00
9.522000301462028860e-02
9.479907507274437650e-02
8.779303275282585028e-02
8.644663010859193752e-02
5.200087527276889277e-02
9.401596568016389044e-02
2.076799461869411334e-01
8.391362491983382632e-02
1.656184043201774092e-01
2.238035924895322437e-01
9.241961324118411203e-02
1.293473785019965683e-01
2.857588812654914823e-01
2.308447205312933459e-01
1.434974310390887131e-01
1.262788874801830663e-01
2.387467735902124855e-01
2.358663513781158738e-01
1.446785190826254397e-01
1.156563182673869261e-01
3.456947839393612054e-02
8.283207498362858690e-02
2.617894944956588588e-01
2.277793864697033599e-01
1.180341414487496438e-01
3.116202412452931947e-01
0.000000000000000000e+00
2.506840665123132306e-01
2.476139410187667700e-01
2.315832315832315746e-01
2.331768388106416623e-01
3.333333333333333148e-01
2.459494053300605998e-01
3.919195949533392231e-01
1.748083531588686124e-01
5.904036083676802438e-01
3.876608652118855858e-01
3.663552976021732799e-01
3.913208265120106111e-01
3.905529311114417923e-01
5.618686868686869618e-01
5.014367835919917304e-01
3.632768054034552496e-01
4.298431661111832280e-01
4.890270891429703282e-01
4.119696404130894773e-01
2.903225806451612545e-01
4.071962862110823367e-01
1.976746030166505741e-01
3.206249999999999933e-01
4.122176059336831733e-01
2.378991188046714333e-01
3.921568627450980338e-01
0.000000000000000000e+00
