2.121886175452656065e-01
2.165416275013095360e-01
2.125432622716820485e-01
2.113280924979706599e-01
2.733129056385263378e-01
2.111418873212431713e-01
7.267743013282907949e-01
1.377065902510754281e-01
3.481034287726532117e-01
2.827269182294110395e-01
3.493016603755246807e-01
6.692601041405484841e-01
1.672083535711146041e-01
6.035016097543682845e-01
3.045634018068248960e-01
3.907199622530694860e-01
5.823745952137846515e-01
4.340392741326271064e-01
5.640505554819108536e-01
3.495547175029324327e-01
3.040816856260843970e-01
1.802201919249843132e-01
2.328571384133206468e-01
4.584500606381517462e-01
3.212138081028027004e-01
3.055604309349215231e-01
0.000000000000000000e+00
6.640949265100834498e-02
6.499452572907335468e-02
6.356184457572010282e-02
6.535346097201767679e-02
6.779661016949152519e-02
6.507143171014853622e-02
4.833046471600688787e-01
2.037037037037037202e-01
2.059800664451827412e-01
4.409064830751577846e-01
2.929623567921440519e-01
3.316246056782334306e-01
1.342592592592592449e-01
5.721583652618135174e-01
3.160988583650454209e-01
3.789196612497138794e-01
3.186274509803921351e-01
3.928035178035177433e-01
3.475274725274725141e-01
4.123112659698025539e-01
1.499999999999999944e-01
2.864450127877237740e-01
1.196828837842720261e-01
3.427290198590647319e-01
3.319148936170212005e-01
2.399999999999999911e-01
0.000000000000000000e+00
5.048766494549626616e-02
5.337331334332832966e-02
3.778040141676505120e-02
4.072398190045248972e-02
1.250000000000000000e-01
4.323051699409117404e-02
5.531914893617020379e-01
0.000000000000000000e+00
0.000000000000000000e+00
0.000000000000000000e+00
0.000000000000000000e+00
1.240740740740740866e-01
0.000000000000000000e+00
2.623274161735700272e-01
0.000000000000000000e+00
2.108433734939758886e-01
1.020833333333333315e-01
0.000000000000000000e+00
0.000000000000000000e+00
0.000000000000000000e+00
0.000000000000000000e+00
0.000000000000000000e+00
0.000000000000000000e+00
2.326388888888888673e-01
0.000000000000000000e+00
0.000000000000000000e+00
0.000000000000000000e+00
2.277644524517996594e-01
2.230874203191937910e-01
2.134548617045493313e-01
2.114053207367625753e-01
1.561542443213809750e-01
2.231886267004295210e-01
5.993365856010801629e-01
2.863906441464652008e-01
4.183768025301411453e-01
5.725602173706987319e-01
3.839028126465203195e-01
5.814574589349289502e-01
2.949793868146179388e-01
9.619478535889396387e-01
3.496267184369725167e-01
3.226560443931537070e-01
6.091137115311239247e-01
6.391751773167980710e-01
5.884471671710264085e-01
5.417453102161287060e-01
1.436139301034523863e-01
2.851814571514488805e-01
4.522260097308597460e-01
4.706558370418789661e-01
5.502924118315886126e-01
6.111781258850123022e-01
0.000000000000000000e+00
5.187664580066811415e-02
4.976799710467263993e-02
4.556297798530828391e-02
4.469220963581346101e-02
2.438414801958154257e-02
4.981316308842369256e-02
3.592043428399609439e-01
8.201960105462723083e-02
1.750391488953446928e-01
3.278252025155817262e-01
1.473813695579093141e-01
3.380927765510645111e-01
8.701283864552800118e-02
9.253436730243678188e-01
1.222388422450060019e-01
1.041069229834367532e-01
3.710195135752213380e-01
4.085449072979603358e-01
3.462700685516059140e-01
2.934879811411696404e-01
2.062496091975930812e-02
8.132846350302366800e-02
2.045083638770956724e-01
2.215169169415917849e-01
3.028217385194267863e-01
3.735387015603159333e-01
0.000000000000000000e+00
1.658598189854767202e-01
1.722252010723860638e-01
1.701261701261701231e-01
1.643192488262910644e-01
2.777777777777777901e-01
1.704454839367430530e-01
6.681681681681680418e-01
0.000000000000000000e+00
4.043707732782413355e-01
2.533456391324411250e-01
3.573768573768573709e-01
7.528949421783767137e-01
1.350000000000000089e-01
5.174418604651163101e-01
3.018578380646959047e-01
3.792038435140699382e-01
5.444444444444443976e-01
4.337026381832649879e-01
5.803698435277382384e-01
2.716981132075471650e-01
3.375634517766497589e-01
1.916167664670658799e-01
3.013215859030837218e-01
4.431906614785992016e-01
2.089095046385436583e-01
3.191489361702127270e-01
0.000000000000000000e+00
