2.818189396285366577e-01
2.886984180946102208e-01
2.883851497234559691e-01
2.914258823692094102e-01
4.277598306784002880e-01
2.859190303219449336e-01
5.485808846336163169e-01
3.066900718709786311e-01
6.797164031859393996e-01
4.326212442856380291e-01
2.052956610816426275e-01
5.050729702507937846e-01
2.851895843118438245e-01
3.800860397663844426e-01
4.339321185465318531e-01
3.440278823227058691e-01
5.376366950303073100e-01
3.325350757126550594e-01
4.649290190822637503e-01
3.153885101463973495e-01
4.526541152282952951e-01
1.867344122584739530e-01
2.473748894604283211e-01
4.940680003990653990e-01
3.074930461095086720e-01
3.678985180766257690e-01
0.000000000000000000e+00
9.365691684164265118e-02
9.451826415845526741e-02
9.410633328753949256e-02
9.766200294550810013e-02
1.016949152542372808e-01
9.506775501056326239e-02
4.027538726333907415e-01
2.956989247311828106e-01
3.850931677018633592e-01
4.649122807017543324e-01
2.058823529411764608e-01
3.101106774314281167e-01
2.056737588652482185e-01
2.758620689655172376e-01
3.260534429599177830e-01
4.021870387763316623e-01
3.466666666666666230e-01
3.748391248391247932e-01
2.869022869022869182e-01
2.613897837091578302e-01
2.391304347826087029e-01
3.778451130998520258e-01
1.679901032292004937e-01
4.011634953338990006e-01
2.943396226415094241e-01
2.807017543859648967e-01
0.000000000000000000e+00
7.114170969592654992e-02
7.976011994002997485e-02
7.556080283353008853e-02
9.502262443438916351e-02
1.250000000000000000e-01
7.382896439363118013e-02
0.000000000000000000e+00
0.000000000000000000e+00
1.394148020654044917e-01
1.046312178387650005e-01
0.000000000000000000e+00
1.298449612403100861e-01
0.000000000000000000e+00
0.000000000000000000e+00
0.000000000000000000e+00
1.086956521739130405e-01
1.609195402298850552e-01
0.000000000000000000e+00
0.000000000000000000e+00
0.000000000000000000e+00
0.000000000000000000e+00
0.000000000000000000e+00
0.000000000000000000e+00
1.675000000000000100e-01
0.000000000000000000e+00
0.000000000000000000e+00
0.000000000000000000e+00
2.390922387212581490e-01
2.430753902741122907e-01
2.335055909835246357e-01
2.305916647650597118e-01
2.147570704015214771e-01
2.393037068022292047e-01
4.798719422328590611e-01
3.271472141802536648e-01
4.328922689018367409e-01
4.251834771395002766e-01
2.328982321842172631e-01
4.143972752784841895e-01
3.605789355892867754e-01
3.966071853252732260e-01
3.275724170926005430e-01
3.028737418265928794e-01
5.252641565938499513e-01
5.008724533766913956e-01
4.488535379098531619e-01
2.910682801810424714e-01
2.041372274551928878e-01
2.791818955057653873e-01
4.731689612968465464e-01
4.246367945921195042e-01
3.973621493065467858e-01
5.090068017005016099e-01
0.000000000000000000e+00
5.716509861674309856e-02
5.908564535691201297e-02
5.452486102056510603e-02
5.317251585912169398e-02
4.612059928744404597e-02
5.726626408928729012e-02
2.302770809423363985e-01
1.070252997459007205e-01
1.873957164749801285e-01
1.807809892324359624e-01
5.424158655453358013e-02
1.717251017582317463e-01
1.300171687907029916e-01
1.572972594516356404e-01
1.073036884398886337e-01
9.173250348804161403e-02
2.759024342022485810e-01
2.508732145515859546e-01
2.014694984941919620e-01
8.472074372754982707e-02
4.167200763309315825e-02
7.794253077819211784e-02
2.238888659347366694e-01
1.803164073214699181e-01
1.578966777015183842e-01
2.590879241773737518e-01
0.000000000000000000e+00
2.696274468532939839e-01
2.765683646112600536e-01
2.853072853072852744e-01
2.746478873239436846e-01
4.444444444444444198e-01
2.776752909187764629e-01
5.350755613913508180e-01
2.757078986587183089e-01
6.534345365800103833e-01
4.148038935393575932e-01
2.282992584268207503e-01
5.527442678945878596e-01
2.616029197744224044e-01
3.858510425020048595e-01
4.422409498801735950e-01
3.375992454459423309e-01
4.721518212427303074e-01
3.114669209597416000e-01
4.435225717420566705e-01
3.103448275862069061e-01
5.126728110599079180e-01
1.894610778443113763e-01
3.089453584018801435e-01
4.680615850558235147e-01
2.564254324251804551e-01
3.542961149814849442e-01
0.000000000000000000e+00
