3.364483675776041016e-01
3.443703420869682064e-01
3.387880210903945200e-01
3.564298893421301018e-01
4.437028939646741055e-01
3.405476786831409530e-01
4.776382005646211959e-01
2.174807395317550074e-01
5.498763252403715551e-01
3.789894583072643264e-01
2.557140772986027377e-01
5.478847146473874163e-01
3.860101332873605573e-01
3.811313720487959356e-01
5.247198960771497500e-01
3.797470898162008113e-01
4.905880355873927789e-01
4.030099532700264220e-01
4.103588607472571370e-01
3.164285738743009557e-01
4.953382843024323190e-01
2.146179309678469260e-01
2.597515804818902874e-01
4.569312814647827903e-01
3.037541805677568818e-01
3.520586704685497170e-01
0.000000000000000000e+00
1.607256213682308754e-01
1.657708768786702591e-01
1.573018271740623808e-01
1.732326951399116299e-01
1.661016949152542277e-01
1.626306145798515068e-01
4.369747899159663884e-01
1.594202898550724778e-01
2.264610389610390018e-01
3.984962406015037373e-01
2.513416815742397503e-01
2.723687983940349389e-01
2.761904761904761529e-01
2.311986863711001650e-01
3.679079463701765973e-01
5.194934004730297206e-01
2.954545454545454142e-01
4.581285831285830668e-01
1.809440559440559371e-01
3.710801393728222486e-01
2.272727272727272652e-01
3.596837944664031395e-01
1.499423298731257237e-01
3.789960943150586514e-01
2.148760330578512179e-01
3.605633802816901601e-01
0.000000000000000000e+00
9.064830751577739043e-02
8.815592203898049706e-02
8.854781582054307987e-02
1.085972850678733059e-01
1.250000000000000000e-01
9.211199887848264822e-02
1.494252873563218231e-01
0.000000000000000000e+00
0.000000000000000000e+00
9.166040570999248183e-02
0.000000000000000000e+00
0.000000000000000000e+00
0.000000000000000000e+00
0.000000000000000000e+00
2.365196078431372473e-01
1.136363636363636465e-01
1.856060606060606077e-01
0.000000000000000000e+00
0.000000000000000000e+00
0.000000000000000000e+00
1.397058823529411797e-01
5.769230769230769551e-02
6.785714285714285199e-02
0.000000000000000000e+00
0.000000000000000000e+00
0.000000000000000000e+00
0.000000000000000000e+00
4.174903704586372388e-01
4.229544003276384800e-01
4.025743494055010196e-01
4.129721895793957986e-01
3.739028068429613438e-01
4.189835627706694487e-01
5.272478855789732854e-01
2.549587668921238226e-01
4.005399530895445426e-01
4.592483999672194450e-01
2.791016191562523119e-01
3.723197828743827209e-01
5.012131525907006502e-01
4.179170676276598995e-01
3.506591446977851412e-01
3.305465278139837482e-01
4.045920752407496379e-01
5.495739364819273165e-01
3.960551858735675279e-01
3.335711089925459949e-01
1.757670983802002429e-01
2.434704393703617797e-01
3.705922867797744602e-01
4.923312158243259296e-01
3.725080553412892237e-01
5.753250494271086035e-01
0.000000000000000000e+00
1.742982094256901870e-01
1.788904247565122896e-01
1.620661067992624216e-01
1.705460293660004678e-01
1.398033089650448646e-01
1.755472258720035261e-01
2.779903328474980784e-01
6.500397281515231385e-02
1.604322540209745240e-01
2.109090928724511593e-01
7.789771381564171426e-02
1.386220207196274812e-01
2.512146243299089865e-01
1.746546754145019975e-01
1.229618357601822143e-01
1.092610070498807040e-01
1.636947473476164372e-01
3.020315116602415584e-01
1.568597102573461022e-01
1.112696847545169843e-01
3.089407287299497998e-02
5.927785484719701181e-02
1.373386430206626208e-01
2.423900260750590785e-01
1.387622512941489861e-01
3.309989124983049869e-01
0.000000000000000000e+00
2.075352557356346106e-01
2.132975871313672611e-01
2.026862026862026878e-01
2.339593114241002025e-01
3.055555555555555247e-01
2.126257188159815237e-01
4.675982607642265587e-01
1.708585858585858763e-01
5.764497415732759977e-01
3.672647527910685161e-01
2.459917332563316128e-01
6.188540617011251133e-01
3.309576078897296658e-01
3.729312179345364853e-01
5.176999196914912060e-01
3.679309159996764778e-01
4.693641618497109147e-01
4.133743069493529543e-01
4.254462790033570752e-01
3.225063667232598297e-01
5.434535311350744413e-01
2.079795100761294147e-01
3.184410053088306825e-01
4.688630804322472256e-01
3.038316368131723788e-01
3.415572070515036085e-01
0.000000000000000000e+00
