3.597064747518405881e-01
3.599352213449371618e-01
3.509076748243196153e-01
3.521364496797399490e-01
3.876525994193932290e-01
3.569592293933528948e-01
2.243337294352290290e-01
1.753837100580176167e-01
6.140239844196909713e-01
4.291654458097244329e-01
4.391773972633880030e-01
2.381786814803539265e-01
3.990279367292787760e-01
6.283306038359325330e-01
6.499356804977585167e-01
4.254050331423540610e-01
4.492926381948319503e-01
6.440291157131605715e-01
3.157375114733315669e-01
2.519348741760311094e-01
3.267543596541414019e-01
2.635365853881346254e-01
2.624114703931815784e-01
3.222647564858672764e-01
1.871160643173485350e-01
4.470780737401994220e-01
0.000000000000000000e+00
2.208848088285561007e-01
2.170548422414651235e-01
2.115675230114026639e-01
2.183357879234167631e-01
4.983050847457626831e-01
2.218391896048890199e-01
2.534867975626269310e-01
2.380952380952380820e-01
3.308702791461412551e-01
5.608465608465608154e-01
4.065934065934065922e-01
2.646022831760761473e-01
2.788461538461538547e-01
4.346917450365725966e-01
6.863661244917110826e-01
6.988461022407085332e-01
3.939393939393939226e-01
4.444710196922586620e-01
2.358974358974358920e-01
3.673318551367331652e-01
2.531645569620253333e-01
3.892318546609048191e-01
1.905962421757077530e-01
4.512928155710333455e-01
2.363636363636363313e-01
3.506849315068493178e-01
0.000000000000000000e+00
9.638554216867468993e-02
1.046476761619190426e-01
9.208972845336479973e-02
9.954751131221720173e-02
1.250000000000000000e-01
9.847845155983878107e-02
0.000000000000000000e+00
0.000000000000000000e+00
0.000000000000000000e+00
0.000000000000000000e+00
0.000000000000000000e+00
0.000000000000000000e+00
0.000000000000000000e+00
2.224080267558528612e-01
2.942073170731707155e-01
6.756756756756757132e-02
7.890499194847019893e-02
1.306666666666666532e-01
0.000000000000000000e+00
0.000000000000000000e+00
0.000000000000000000e+00
0.000000000000000000e+00
0.000000000000000000e+00
0.000000000000000000e+00
0.000000000000000000e+00
0.000000000000000000e+00
0.000000000000000000e+00
3.800205429280969494e-01
3.769345244416015817e-01
3.612737177804738464e-01
3.518530889050643373e-01
3.864868240031426594e-01
3.765703922341165910e-01
3.070931319042713992e-01
2.270442759375276842e-01
3.885829697094478341e-01
4.803249522797449211e-01
3.146465647005753374e-01
3.336703468230466929e-01
3.807946903632897784e-01
5.080914520305646054e-01
3.772673444493281347e-01
3.165432290007156868e-01
4.762357680448320862e-01
5.319329680285551643e-01
3.379858021137652768e-01
2.940603845480178613e-01
1.554253436734036875e-01
2.727272666049300187e-01
4.201242909681084381e-01
4.127956113961004370e-01
2.743081851366875878e-01
5.440106830715217834e-01
0.000000000000000000e+00
1.444156130473655542e-01
1.420796357160163392e-01
1.305186991589255274e-01
1.238005961720351211e-01
1.493720651280361911e-01
1.418052603073564344e-01
9.430619166277420806e-02
5.154910323599620064e-02
1.509967243482136789e-01
2.307120597825392527e-01
9.900246067787335513e-02
1.113359003490122373e-01
1.450045962088737650e-01
2.581569236265274792e-01
1.423306491878479907e-01
1.001996158261995312e-01
2.268005067652510975e-01
2.829526824756679049e-01
1.142344024304852990e-01
8.647150976052814242e-02
2.415703745599564675e-02
7.438016194979657492e-02
1.765044198614558468e-01
1.704002167878803653e-01
7.524498043298329109e-02
2.959476232959438180e-01
0.000000000000000000e+00
2.946748053041464699e-01
2.934048257372653956e-01
2.710622710622710430e-01
2.801251956181534108e-01
3.333333333333333148e-01
2.903228217190596538e-01
2.004504504504504292e-01
1.434049079754601275e-01
5.979535266332516308e-01
4.119480519480519520e-01
4.558065503520049577e-01
2.450304041344817385e-01
3.726993865030674979e-01
6.029810298102981081e-01
6.371073419371747759e-01
4.034210731859720345e-01
4.083333333333333259e-01
6.422596654126310201e-01
3.055198973042362320e-01
2.459016393442622905e-01
3.641114982578396719e-01
2.522455089820359597e-01
3.320388349514563076e-01
3.083133344206528959e-01
1.582891246684350328e-01
4.347826086956521618e-01
0.000000000000000000e+00
