3.130465177187125025e-01
3.184147011019624607e-01
3.074466990883396589e-01
3.098596206010700294e-01
4.280322137378024805e-01
3.118707344801955883e-01
3.599368747997937490e-01
3.219790223532075224e-01
6.697016410453723312e-01
3.325169469796510069e-01
3.115608087070458332e-01
4.383043987415731202e-01
2.938146643326526863e-01
5.830511390182593345e-01
6.988290581852223404e-01
3.706360883942079743e-01
5.074725084969413658e-01
6.178145497589767610e-01
3.234924518842848817e-01
2.706762871391301117e-01
2.842702168009013652e-01
1.392402648499359852e-01
2.632297928325186831e-01
4.812736921572571269e-01
1.961092707320993278e-01
4.717428835640208873e-01
0.000000000000000000e+00
1.121636798671810098e-01
1.165770876878670231e-01
1.128818061088977392e-01
1.145066273932253270e-01
1.118644067796610159e-01
1.110962091693270398e-01
3.250000000000000111e-01
6.226415094339622369e-01
2.767857142857143016e-01
3.680555555555555802e-01
5.178571428571429047e-01
3.708314556106354076e-01
2.843137254901960675e-01
5.350052246603971273e-01
3.926172315159920378e-01
4.089600767549703697e-01
3.939393939393939226e-01
4.152590090090089725e-01
2.002902757619738627e-01
3.113181693614688883e-01
1.639344262295081844e-01
2.909837541875292533e-01
2.040425516683490037e-01
5.707297187117815751e-01
1.879518072289156350e-01
3.151515151515151825e-01
0.000000000000000000e+00
5.278255880665518041e-02
4.887556221889055585e-02
3.778040141676505120e-02
4.298642533936652271e-02
1.250000000000000000e-01
4.644334048577434398e-02
0.000000000000000000e+00
0.000000000000000000e+00
0.000000000000000000e+00
0.000000000000000000e+00
0.000000000000000000e+00
1.529680365296803846e-01
0.000000000000000000e+00
1.826923076923077094e-01
0.000000000000000000e+00
1.190476190476190410e-01
8.166666666666666519e-02
0.000000000000000000e+00
0.000000000000000000e+00
0.000000000000000000e+00
0.000000000000000000e+00
0.000000000000000000e+00
0.000000000000000000e+00
9.517045454545454419e-02
0.000000000000000000e+00
0.000000000000000000e+00
0.000000000000000000e+00
3.052157500590896855e-01
3.099125578640062328e-01
2.927214426470186592e-01
2.863158940460184820e-01
2.647115090073601240e-01
3.025907980031739553e-01
3.916428194718558631e-01
4.990710321318612142e-01
3.907868322102323044e-01
4.293999652783341836e-01
3.275039657592828668e-01
4.022533317763307137e-01
4.163174639203370275e-01
6.087350278294663131e-01
3.835880056473052746e-01
2.914665781745559014e-01
5.621263782011475252e-01
5.017441735781742462e-01
3.307291826262224177e-01
3.007881356418517504e-01
1.441277994625271286e-01
2.421734934148742358e-01
5.371285044640872197e-01
5.417087871989689773e-01
3.032347687825342475e-01
5.951249582138056216e-01
0.000000000000000000e+00
9.315665408413273396e-02
9.604579352181101537e-02
8.568584298535185384e-02
8.197679118337089510e-02
7.007218300095367780e-02
9.156119103619764221e-02
1.533840980438646862e-01
2.490718951131611902e-01
1.527143482289082255e-01
1.843843301810346169e-01
1.072588475880575376e-01
1.618077429251587596e-01
1.733202307650611174e-01
3.705583341065410985e-01
1.471397580764770563e-01
8.495276619278450958e-02
3.159860650695396345e-01
2.517472157196450899e-01
1.093817922406091631e-01
9.047350254290101312e-02
2.077282257791043113e-02
5.864800091276413385e-02
2.885070303078270393e-01
2.934484101285778634e-01
9.195132499859701158e-02
3.541737158889838311e-01
0.000000000000000000e+00
2.321616501789096898e-01
2.420375335120643068e-01
2.230362230362230025e-01
2.190923317683881044e-01
3.888888888888888395e-01
2.295345447150677898e-01
3.367379006913890360e-01
2.372298305964821163e-01
6.887828931847543856e-01
3.195464607335110618e-01
3.285521885521885399e-01
4.515339631498703765e-01
2.464756567252616992e-01
5.569470551378447043e-01
7.117536379831461701e-01
3.819202657684996893e-01
4.457079325680007864e-01
6.327977643476550007e-01
3.158117752007136847e-01
2.741187384044526665e-01
3.319476744186046768e-01
1.376259761636904055e-01
3.084875515909998867e-01
4.289703428642480665e-01
1.558908045977011603e-01
4.586432274059049075e-01
0.000000000000000000e+00
