3.875996557056660130e-01
3.910461672910431341e-01
3.810073741509691914e-01
3.992829986796113118e-01
4.795435307395679581e-01
3.874683602529961357e-01
5.029306881922448458e-01
1.847197358894753227e-01
6.036087771370963750e-01
3.594672522893616051e-01
2.980594403049098284e-01
4.752544149409553276e-01
5.046093404930869220e-01
4.062293032839905393e-01
3.118170281884886097e-01
3.999797215041824838e-01
5.085185484820914370e-01
3.781511954925226293e-01
5.854233942762349097e-01
3.402516019236873079e-01
4.643819683531650866e-01
1.687085742146272604e-01
2.745305109240794295e-01
5.324691942788617460e-01
2.920968035589452394e-01
3.796429048627417147e-01
0.000000000000000000e+00
2.619756824063674827e-01
2.731910022892405920e-01
2.581856482117506624e-01
2.835051546391752497e-01
2.135593220338982967e-01
2.650615514591230237e-01
7.131428571428571894e-01
2.481203007518797132e-01
3.113839285714286031e-01
4.948646125116712979e-01
2.855384615384615743e-01
4.049146831086893328e-01
3.866666666666666585e-01
3.218390804597701105e-01
4.866030252720900395e-01
5.075659316904452822e-01
3.681917211328976092e-01
3.360360360360359899e-01
3.883677298311444259e-01
4.253316217372699604e-01
3.508771929824561209e-01
4.026051269850710601e-01
1.836332595390658962e-01
8.034992281114460289e-01
3.823529411764705621e-01
2.752688172043011305e-01
0.000000000000000000e+00
7.114170969592654992e-02
7.556221889055471375e-02
7.438016528925620041e-02
7.239819004524886137e-02
1.250000000000000000e-01
7.243329558183222994e-02
9.318996415770609831e-02
0.000000000000000000e+00
0.000000000000000000e+00
0.000000000000000000e+00
0.000000000000000000e+00
7.701149425287356909e-02
0.000000000000000000e+00
0.000000000000000000e+00
0.000000000000000000e+00
8.928571428571427382e-02
5.612829324169529843e-02
0.000000000000000000e+00
0.000000000000000000e+00
0.000000000000000000e+00
0.000000000000000000e+00
0.000000000000000000e+00
0.000000000000000000e+00
6.646825396825396803e-02
0.000000000000000000e+00
0.000000000000000000e+00
0.000000000000000000e+00
3.653837937149050918e-01
3.692349087611959124e-01
3.499600592545880628e-01
3.552844353404581712e-01
3.120928194531380484e-01
3.644198199834862151e-01
4.793326943932638140e-01
2.244082456498856515e-01
3.528480448316542173e-01
3.770739199676890752e-01
2.396405515551209287e-01
3.787521245317729823e-01
5.285868559385547005e-01
3.486801879667288384e-01
2.613330914600149879e-01
2.855316924646962851e-01
4.574226179546855287e-01
3.958616273753579051e-01
4.419853512347032831e-01
3.266416886589247337e-01
1.694600010734265416e-01
2.259753022638408826e-01
4.181981968463402977e-01
4.593382989318897658e-01
3.621659485434322034e-01
4.386898033970965116e-01
0.000000000000000000e+00
1.335053167094962800e-01
1.363344178478886892e-01
1.224720430734748122e-01
1.262270299951882002e-01
9.740192795420901661e-02
1.328018051967964908e-01
2.297598319143060175e-01
5.035906071565941777e-02
1.245017427415210237e-01
1.421847411197992017e-01
5.742759394964258579e-02
1.434531718373316111e-01
2.794040642710062250e-01
1.215778734805133127e-01
6.829498469204853262e-02
8.152834740175388117e-02
2.092354514165181978e-01
1.567064280282667310e-01
1.953510507060639834e-01
1.066947927699539445e-01
2.871669196380571484e-02
5.106483723323425317e-02
1.748897318455304439e-01
2.109916728656421603e-01
1.311641742843639991e-01
1.924487436045831668e-01
0.000000000000000000e+00
3.056198695011576039e-01
3.061662198391420509e-01
3.011803011803011465e-01
3.067292644757433906e-01
4.444444444444444198e-01
3.051878599143084125e-01
4.904700356959451057e-01
1.471889055472264118e-01
5.925822268780529534e-01
3.581113477470646012e-01
3.093364682474910587e-01
5.039209637948068865e-01
4.602272727272727626e-01
3.993589743589743835e-01
3.253824884269335138e-01
3.942763259019930744e-01
4.973994559337227561e-01
3.971772141408402845e-01
5.581751381987809513e-01
3.253012048192771011e-01
5.301377382972353169e-01
1.641698016606193133e-01
3.422446351931330288e-01
5.193266602745169047e-01
2.716542619680051840e-01
3.796055605786618492e-01
0.000000000000000000e+00
