3.834042164554659626e-01
3.922822393823772735e-01
3.859389684712867252e-01
4.112283886896651586e-01
4.776430034795616231e-01
3.881146710575390513e-01
6.273057214562908213e-01
1.478432613678025143e-01
5.800105275136769878e-01
4.091753543908597801e-01
2.610923216141592951e-01
6.025219797924344922e-01
4.943993961084412470e-01
3.414900820855535368e-01
4.368951878793336241e-01
3.803781495680311764e-01
4.695108559457354391e-01
2.946096385743051105e-01
4.615521590220890147e-01
3.461344299705619298e-01
4.926183387689451187e-01
1.504722252526337345e-01
2.574432381242597323e-01
5.109658535382070044e-01
2.619290559428263943e-01
2.739860014975493696e-01
0.000000000000000000e+00
1.497875872845353951e-01
1.533417935702199586e-01
1.473187708934377560e-01
1.646723122238586134e-01
1.864406779661016977e-01
1.524078036315151818e-01
4.457142857142857295e-01
1.286549707602339110e-01
2.344537815126050417e-01
4.029611844737894799e-01
1.890665514261019864e-01
2.843729539908338433e-01
4.249084249084248976e-01
2.305712815234173818e-01
3.874400479616307291e-01
4.970016021972991083e-01
2.138157894736842091e-01
1.758489258489258633e-01
2.363013698630136716e-01
2.866598272495615163e-01
2.857142857142856984e-01
2.965153452685421742e-01
2.254041583910077473e-01
5.156950672645739253e-01
1.881578947368420796e-01
2.051282051282051211e-01
0.000000000000000000e+00
9.695926563396441156e-02
9.985007496251872838e-02
1.003541912632821831e-01
9.276018099547511664e-02
1.250000000000000000e-01
9.404772477566714084e-02
4.240570846075433220e-01
0.000000000000000000e+00
0.000000000000000000e+00
1.120293847566574824e-01
7.243243243243244200e-02
1.550925925925925875e-01
0.000000000000000000e+00
1.526980482204362832e-01
2.474358974358974450e-01
7.462686567164178442e-02
1.372549019607842979e-01
0.000000000000000000e+00
0.000000000000000000e+00
0.000000000000000000e+00
1.417910447761193959e-01
0.000000000000000000e+00
0.000000000000000000e+00
2.500000000000000000e-01
0.000000000000000000e+00
0.000000000000000000e+00
0.000000000000000000e+00
4.274033090698331483e-01
4.315509961605746292e-01
4.112596923683963235e-01
4.289007650198935484e-01
4.188525590087381900e-01
4.296618447328310886e-01
5.288399506549046336e-01
1.737278094995350630e-01
3.798615156705115181e-01
4.430243817853816712e-01
2.257232373744163523e-01
3.935946702170791678e-01
6.181038026054557211e-01
3.209638199354570842e-01
3.540060737945869840e-01
3.826584333851969499e-01
3.995060116005864637e-01
3.262390738941950974e-01
4.734404746192372726e-01
3.303880111790738483e-01
2.053033862350468752e-01
2.803646519049871610e-01
5.046254804241714353e-01
6.052520220009759422e-01
3.217431029381795926e-01
3.418412329325287158e-01
0.000000000000000000e+00
1.826735886038433065e-01
1.862362622871842899e-01
1.691345345669479916e-01
1.839558662346499618e-01
1.754374661881685227e-01
1.846093008192194740e-01
2.796716934086819761e-01
3.018135179350673811e-02
1.442947710874982747e-01
1.962706028563196148e-01
5.095097989078711809e-02
1.549167644232913033e-01
3.820523107953239794e-01
1.030177737075605310e-01
1.253203002834585578e-01
1.464274766408131812e-01
1.596050533050079323e-01
1.064319333353421215e-01
2.241458830076886455e-01
1.091562379308638336e-01
4.214948039957682607e-02
7.860433803780460249e-02
2.546468754933258194e-01
3.663300101362699790e-01
1.035186242882880359e-01
1.168554285328313597e-01
0.000000000000000000e+00
2.473163544516943924e-01
2.537265415549597725e-01
2.405372405372405153e-01
2.605633802816901823e-01
2.777777777777777901e-01
2.477971129265295058e-01
5.903781577915717671e-01
1.221720915243312833e-01
5.864150671369940948e-01
4.235778266677143189e-01
2.601168958927579933e-01
6.674647763255401323e-01
4.379977460555973257e-01
3.296703296703297204e-01
4.125028622437011405e-01
3.677979943057603229e-01
4.827703358571150960e-01
3.083514678970730727e-01
4.408022709293126784e-01
2.890449438202247201e-01
5.785722496033013362e-01
1.340484384241746041e-01
3.240555405922628807e-01
4.706286934353836049e-01
2.325225203409531094e-01
2.731676986450425892e-01
0.000000000000000000e+00
