3.997373754275858060e-01
4.105079894895296566e-01
4.053240308145933390e-01
4.372222150838115384e-01
3.976004762413566374e-01
4.048741028121553009e-01
7.950036136565226119e-01
1.922753673429487831e-01
5.964492879879688125e-01
3.313402573502330917e-01
1.903192533450292767e-01
6.380324879876860811e-01
4.274927428454370903e-01
2.917150414724756780e-01
2.893879049975504048e-01
3.568834145437702610e-01
4.086430202240576848e-01
2.281844841215311670e-01
5.915940084099584606e-01
3.991038018465070669e-01
5.517246996973829143e-01
1.418184901025153766e-01
2.676609212661261727e-01
4.735234900621420051e-01
3.434130460580520072e-01
3.026380090844324466e-01
0.000000000000000000e+00
2.348259192343376267e-01
2.402458445307056878e-01
2.290607684205705763e-01
2.590206185567010544e-01
1.457627118644067854e-01
2.371939076647973654e-01
6.488245931283905810e-01
1.774193548387096864e-01
3.214285714285714524e-01
2.912087912087912289e-01
1.332525741974560918e-01
3.241860892468836908e-01
3.222222222222221877e-01
1.919040479760119877e-01
2.800134892086331151e-01
5.630514605140571893e-01
2.927927927927927998e-01
3.744147690998084754e-01
2.843406593406593297e-01
7.696476964769647378e-01
3.218390804597701105e-01
3.054009327516172823e-01
1.542511183129624819e-01
4.113190041750425796e-01
5.126760563380280411e-01
3.154929577464788970e-01
0.000000000000000000e+00
1.336775674125071367e-01
1.439280359820089839e-01
1.275088547815820539e-01
1.674208144796380249e-01
1.250000000000000000e-01
1.347254731166753483e-01
2.311111111111111005e-01
0.000000000000000000e+00
0.000000000000000000e+00
3.961038961038960277e-02
0.000000000000000000e+00
0.000000000000000000e+00
0.000000000000000000e+00
0.000000000000000000e+00
7.832792207792207972e-02
1.785714285714285476e-01
7.777777777777777901e-02
0.000000000000000000e+00
6.493506493506492894e-02
0.000000000000000000e+00
7.480314960629921850e-02
0.000000000000000000e+00
0.000000000000000000e+00
2.590206185567010544e-01
0.000000000000000000e+00
0.000000000000000000e+00
0.000000000000000000e+00
5.094291424442947136e-01
5.178995890109733269e-01
4.919277208396155010e-01
5.213226878572960743e-01
2.976900800056798690e-01
5.116544949067195480e-01
6.656292859662716888e-01
2.608488714597134162e-01
4.489915039799792784e-01
3.929944248571062837e-01
1.982776474225641239e-01
4.518316375186559597e-01
5.427516398724309132e-01
3.370622048707952456e-01
2.978144023602250501e-01
3.636351730244739011e-01
4.595466309265403004e-01
4.922956136069934763e-01
4.633308159909278467e-01
6.019189602130491368e-01
2.371118289745700602e-01
2.856899709633670681e-01
4.858515021774276188e-01
4.971747148510710645e-01
4.866576563968861291e-01
4.702338953577336889e-01
0.000000000000000000e+00
2.595180511715295957e-01
2.682199842977351367e-01
2.419928825304587250e-01
2.717773448747557441e-01
8.861938373378809575e-02
2.617903221582504325e-01
4.430623463359685821e-01
6.804213374180607954e-02
2.015933706462037511e-01
1.544446179687677390e-01
3.931402546742665538e-02
2.041518286627900525e-01
2.945793425842129776e-01
1.136109299523619109e-01
8.869341825317798855e-02
1.322305390605390540e-01
2.111831059959338452e-01
2.423549711766862236e-01
2.146754450468190134e-01
3.623064346639583433e-01
5.622201943966576021e-02
8.161875950904950994e-02
2.360516821680629929e-01
2.471826970872438578e-01
2.368356745297097443e-01
2.211199163433080206e-01
0.000000000000000000e+00
2.340559882130077984e-01
2.430026809651474329e-01
2.539682539682539542e-01
2.503912363067292701e-01
3.333333333333333148e-01
2.355752821008025299e-01
7.956990948794226970e-01
1.478260869565217461e-01
5.976478244212714008e-01
3.226880877742946407e-01
2.264835858585858563e-01
7.150525427857868932e-01
3.648648648648648574e-01
2.782989368355222592e-01
2.703255072520811542e-01
3.370605743705252788e-01
3.904382470119521775e-01
2.316248318570594544e-01
5.693779904306220940e-01
3.292682926829267887e-01
6.333333333333333037e-01
1.347417734886699470e-01
3.183783783783784016e-01
4.249077770478548732e-01
3.026115618661257556e-01
2.719033232628398911e-01
0.000000000000000000e+00
