2.803368003147789222e-01
2.838665382540930260e-01
2.776341829229140301e-01
2.854838684478994693e-01
3.100396985213739187e-01
2.809219954183816426e-01
2.855366317015741173e-01
1.084552166973964532e-01
6.154309011719334421e-01
4.822455199891780842e-01
3.227443721777821795e-01
3.954235007395652257e-01
3.528496522140972536e-01
5.450682859429718530e-01
7.069564640974330683e-01
3.441494264544350257e-01
5.245302113226746332e-01
6.078453167471988827e-01
3.823410567046679476e-01
3.277319476690838118e-01
3.419249002053782460e-01
1.551907911083071079e-01
2.480829192123355231e-01
4.163698415398062735e-01
2.449864261417570854e-01
4.457900072501592703e-01
0.000000000000000000e+00
7.378289955564236446e-02
7.273315417537573602e-02
6.814122819068553494e-02
7.805596465390279848e-02
1.152542372881355942e-01
7.325956098489981583e-02
2.869565217391304435e-01
1.173333333333333450e-01
2.767857142857143016e-01
5.141093474426807752e-01
2.838196286472148833e-01
2.823097397476340142e-01
2.706666666666666665e-01
4.086845466155810680e-01
4.649280575539568860e-01
5.397008754863813484e-01
6.933333333333332460e-01
3.823591032893358110e-01
2.358974358974358920e-01
3.463414634146341764e-01
2.644628099173553792e-01
3.193277310924369505e-01
2.271560888584764903e-01
3.271337205028302941e-01
2.260869565217391020e-01
3.333333333333333703e-01
0.000000000000000000e+00
7.286288009179574254e-02
7.436281859070463518e-02
7.083825265643448055e-02
6.787330316742082315e-02
1.250000000000000000e-01
7.217585495898062864e-02
0.000000000000000000e+00
0.000000000000000000e+00
0.000000000000000000e+00
0.000000000000000000e+00
0.000000000000000000e+00
0.000000000000000000e+00
0.000000000000000000e+00
2.224080267558528612e-01
4.277482269503546375e-01
1.136363636363636465e-01
1.212871287128712700e-01
0.000000000000000000e+00
0.000000000000000000e+00
0.000000000000000000e+00
0.000000000000000000e+00
0.000000000000000000e+00
0.000000000000000000e+00
1.407563025210084029e-01
0.000000000000000000e+00
0.000000000000000000e+00
0.000000000000000000e+00
2.622803449852880719e-01
2.637950924665505292e-01
2.473816748565129120e-01
2.526223784181886867e-01
2.169630566213551770e-01
2.601200183550194112e-01
3.373551424893142525e-01
1.678193374462980669e-01
4.657049308772273077e-01
6.226762045388077871e-01
2.970050492487043559e-01
4.486457797476374743e-01
4.224373270583575701e-01
5.464028277136179224e-01
3.535084598797502697e-01
3.333531885989849952e-01
7.854313845819600459e-01
6.371417733728192978e-01
3.896217841774028412e-01
4.044644983291155738e-01
2.135838970749830701e-01
2.700315784958351450e-01
5.469413873275965621e-01
4.410988728747800569e-01
3.503192570087615421e-01
6.193827141370369382e-01
0.000000000000000000e+00
6.879097936560173154e-02
6.958785080943594159e-02
6.119769305481349148e-02
6.381806607766253581e-02
4.707296793848136929e-02
6.766242394901565704e-02
1.138084921639855168e-01
2.816333002091445797e-02
2.168810826433630601e-01
3.877256556988551428e-01
8.821199927922530881e-02
2.012830356853655966e-01
1.784532952922097404e-01
2.985560501334375560e-01
1.249682312065529682e-01
1.111243483491104467e-01
6.169024598863348530e-01
4.059496393766611755e-01
1.518051347055826839e-01
1.635915304086231481e-01
4.561808108973696568e-02
7.291705338495238498e-02
2.991448811718360190e-01
1.945682156514013939e-01
1.227235818311707555e-01
3.836349465717624474e-01
0.000000000000000000e+00
2.197432119553777985e-01
2.179088471849865982e-01
2.181522181522181358e-01
2.253521126760563709e-01
2.777777777777777901e-01
2.210211763703276433e-01
2.672672672672672389e-01
4.136253041362530219e-02
6.060479436124459607e-01
4.578815679733110877e-01
3.194031821482801736e-01
4.057320607941824475e-01
3.164062500000000000e-01
5.024193548387096975e-01
6.792730348930718920e-01
3.166508538899430181e-01
4.467236467236466724e-01
6.387226847034339627e-01
3.666238767650834562e-01
3.012552301255229659e-01
3.877551020408163129e-01
1.505897978479131816e-01
3.086642599277978349e-01
4.040856031128404746e-01
1.887851945586839775e-01
4.402515723270439829e-01
0.000000000000000000e+00
