5.390956773286187387e-01
5.415142664423379104e-01
5.274847741960242420e-01
5.346766337860048290e-01
5.223104816185868415e-01
5.356283572155670081e-01
2.751889278762106872e-01
2.144355629601952251e-01
5.352921956711097495e-01
4.444253217774787879e-01
4.054609925181038577e-01
3.584071530256429661e-01
3.302866283896535582e-01
6.266122164384122506e-01
7.026478112183485170e-01
3.688931723501651105e-01
4.255043656485446579e-01
6.847969105185034433e-01
3.739849779983656086e-01
3.241591467062960863e-01
2.669809344903631421e-01
1.796709334952161230e-01
2.791337789458886443e-01
3.485687910175353510e-01
2.214958377336166406e-01
4.325203667423329623e-01
0.000000000000000000e+00
5.211680257825088702e-01
5.265377724693939276e-01
5.043733113522920197e-01
5.240243004418262407e-01
3.050847457627118287e-01
5.202660221445428723e-01
2.653061224489796088e-01
2.444444444444444642e-01
2.189952904238618436e-01
3.836190476190475818e-01
3.096261280618822775e-01
2.117257314075308705e-01
2.510822510822510734e-01
3.678160919540229834e-01
3.997173689619732961e-01
4.351491569390401604e-01
2.452830188679245293e-01
5.724474474474473551e-01
1.723276723276722933e-01
2.664165103189493622e-01
1.428571428571428492e-01
2.942234764970456107e-01
1.895677949894817305e-01
4.914798206278027659e-01
1.728531855955678653e-01
3.320754716981132448e-01
0.000000000000000000e+00
1.451520367183017912e-01
1.583208395802098711e-01
1.523022432113341207e-01
1.447963800904977505e-01
1.250000000000000000e-01
1.445145474903138660e-01
0.000000000000000000e+00
0.000000000000000000e+00
1.091644204851752176e-01
1.046312178387650005e-01
1.634146341463414698e-01
1.459694989106753993e-01
0.000000000000000000e+00
3.894064413095555399e-01
4.717178770949720934e-01
1.630434782608695676e-01
9.722222222222220989e-02
1.042553191489361541e-01
0.000000000000000000e+00
0.000000000000000000e+00
0.000000000000000000e+00
3.736263736263736868e-02
4.789915966386554258e-02
0.000000000000000000e+00
0.000000000000000000e+00
7.462686567164178442e-02
0.000000000000000000e+00
8.847080757668900342e-01
8.875318563843912489e-01
8.497084949458197922e-01
8.326160916488598573e-01
4.586856050991361955e-01
8.797860132214700979e-01
3.768124672587916946e-01
2.944846328380122391e-01
3.304613956652045492e-01
4.168529145217478304e-01
2.792086784290613855e-01
3.041947665174233317e-01
3.810662721865673563e-01
4.899118694582045297e-01
3.318706706368358961e-01
2.973535923682428805e-01
4.434482840555372118e-01
6.083215511332438208e-01
2.952726737014815805e-01
3.049177278345668318e-01
1.152627280414275646e-01
2.334089261129969617e-01
4.245504989875408808e-01
4.696376213379924724e-01
2.630098637639294856e-01
4.930084967850680844e-01
0.000000000000000000e+00
7.827083793271534251e-01
7.877127960971237464e-01
7.220045263830903171e-01
6.932495560726226191e-01
2.103924843251607502e-01
7.740234290601286649e-01
1.419876354816579644e-01
8.672119897773886144e-02
1.092047340249948512e-01
1.737663523452755987e-01
7.795748611010300255e-02
9.253445597658968569e-02
1.452115037981669965e-01
2.400136398360328271e-01
1.101381420289431756e-01
8.841915889429913245e-02
1.966463806318004548e-01
3.700551095731557938e-01
8.718595183482158451e-02
9.297482074779499228e-02
1.328549647555209157e-02
5.447972678922246431e-02
1.802431261905699522e-01
2.205594953760076637e-01
6.917418843712072607e-02
2.430573779022724701e-01
0.000000000000000000e+00
3.843401389181224648e-01
3.879892761394101441e-01
3.956043956043955867e-01
4.037558685446009377e-01
4.444444444444444198e-01
3.951365655633919949e-01
2.614571092831962096e-01
1.619047619047619124e-01
5.538736192211849430e-01
4.489177489177488822e-01
3.985985765646782863e-01
3.615434205096674791e-01
3.432203389830508211e-01
5.941528545119705296e-01
7.527241619173472564e-01
3.467286313103699613e-01
3.754789272030650826e-01
7.010926118626430448e-01
3.578947368421052655e-01
3.185840707964601726e-01
3.015873015873015706e-01
1.753505184752446600e-01
3.336120401337792640e-01
3.603799496452277928e-01
2.017410412440838463e-01
4.285714285714286031e-01
0.000000000000000000e+00
