4.688507731531714740e-01
4.718035093867471441e-01
4.719300649930439628e-01
4.697475475760098385e-01
3.958713537771129110e-01
4.690735708723144382e-01
3.046301496208103088e-01
1.189879368005224841e-01
7.058156304213922816e-01
3.258414791012161360e-01
2.960298046683674800e-01
4.199372152913873890e-01
3.307947638634614052e-01
5.181185882153942490e-01
6.069514096159280836e-01
3.702108912359710624e-01
4.041055233141490066e-01
6.667551790012117285e-01
3.558181448366804500e-01
3.162822935741642638e-01
2.877373016966961461e-01
2.678425763910111668e-01
2.676577696644710791e-01
4.218792007724277981e-01
2.557689808712597102e-01
5.161488084535534870e-01
0.000000000000000000e+00
1.630939010693881752e-01
1.634318702100129583e-01
1.657736868617483983e-01
1.631075110456553512e-01
1.016949152542372808e-01
1.644154662099293063e-01
2.080895008605851970e-01
2.500000000000000000e-01
3.314798973481608013e-01
3.109040717736369919e-01
2.669683257918552544e-01
2.300499315875488837e-01
2.612612612612612573e-01
2.808777429467084197e-01
4.851005559189012772e-01
3.743190661478598691e-01
4.126984126984126200e-01
5.323142291227397349e-01
1.804882774656074440e-01
3.576352067868504570e-01
1.707317073170731836e-01
4.372857376067911250e-01
7.831325301204818956e-01
5.707297187117815751e-01
4.727272727272726627e-01
3.622641509433962570e-01
0.000000000000000000e+00
1.141709695926563378e-01
1.103448275862068811e-01
8.854781582054307987e-02
1.153846153846153910e-01
1.250000000000000000e-01
1.084471570792830686e-01
8.333333333333332871e-02
0.000000000000000000e+00
0.000000000000000000e+00
6.423306423306422708e-02
0.000000000000000000e+00
2.147435897435897856e-01
0.000000000000000000e+00
2.176759410801964167e-01
3.547794117647058987e-01
0.000000000000000000e+00
1.014492753623188331e-01
0.000000000000000000e+00
0.000000000000000000e+00
0.000000000000000000e+00
0.000000000000000000e+00
0.000000000000000000e+00
7.499999999999999722e-02
1.329365079365079361e-01
0.000000000000000000e+00
6.578947368421052266e-02
0.000000000000000000e+00
4.253045367900722407e-01
4.268816012893648093e-01
4.227578246022028474e-01
4.055474630965958949e-01
2.276949758262191981e-01
4.260634236593329738e-01
2.537624494370701034e-01
2.306809954989873512e-01
4.459362009571946617e-01
3.529990450874336827e-01
2.477243694148586473e-01
3.226543704370005150e-01
3.864430099709260102e-01
3.301927449732836028e-01
3.811463855610981999e-01
3.223614673567653521e-01
4.510306176957484814e-01
5.069625638590934402e-01
3.024769423483411046e-01
3.226461664481300451e-01
1.316099092582351804e-01
3.344040004080130468e-01
8.443635589360631855e-01
5.121948064257775268e-01
4.814686192802630771e-01
5.282999557103149613e-01
0.000000000000000000e+00
1.808839490142179207e-01
1.822279015193722373e-01
1.787241782623868736e-01
1.644687448240848560e-01
5.184500201650254353e-02
1.815300409803123072e-01
6.439538074430158077e-02
5.321372168440381689e-02
1.988590953241354820e-01
1.246083258326400323e-01
6.136736320198936390e-02
1.041058427620971394e-01
1.493381999553891892e-01
1.090272488329918910e-01
1.452725672262892564e-01
1.039169156364068841e-01
2.034286180990084181e-01
2.570110411545853957e-01
9.149230065240164522e-02
1.041005487236744687e-01
1.732116821496089420e-02
1.118260354888823971e-01
7.129498196591746995e-01
2.623435197295397869e-01
2.318120313516429387e-01
2.791008432035207432e-01
0.000000000000000000e+00
3.866554409597978692e-01
3.935656836461126074e-01
3.931623931623931534e-01
3.951486697965571615e-01
3.888888888888888395e-01
3.910670420250041968e-01
3.039471974504868723e-01
5.925925925925926152e-02
6.920511240163860212e-01
3.121462175812650952e-01
3.079141414141414734e-01
4.322198614242767079e-01
2.718610623057169939e-01
5.034348956733624147e-01
6.304570078471324335e-01
3.793617586942912290e-01
3.558745852977125423e-01
6.790702368205422390e-01
3.387099670603688217e-01
2.981012658227848444e-01
3.150833333333333264e-01
2.527424658878963393e-01
3.059493417630347323e-01
3.712256809338522201e-01
1.761985938383267281e-01
5.148636707902044529e-01
0.000000000000000000e+00
