3.590640120071116881e-01
3.609730564281461440e-01
3.520563485566736706e-01
3.611565446459449880e-01
4.185447765124780117e-01
3.578327186695187678e-01
3.476310095711458992e-01
1.924469831295541333e-01
6.358289476926043404e-01
3.524453216284181289e-01
3.069324326394446967e-01
3.685713931791156917e-01
4.441082949160723992e-01
5.820317693801086989e-01
4.825898417798115125e-01
3.832309150483712568e-01
4.792355695218666889e-01
5.759682690273500993e-01
4.708588722306902841e-01
2.836649785985596028e-01
3.686454501312514953e-01
1.962569182942368040e-01
2.677788903484106253e-01
4.776019700600134810e-01
2.685010807868714600e-01
4.500126523919067978e-01
0.000000000000000000e+00
2.585819620098637750e-01
2.654150492684383411e-01
2.542015844667307456e-01
2.778902798232695259e-01
2.033898305084745617e-01
2.616204733672138349e-01
3.428571428571428603e-01
2.500000000000000000e-01
4.233193277310924318e-01
4.144491129785247141e-01
2.559055118110236671e-01
3.916600946372238989e-01
3.085106382978722861e-01
4.855172413793103492e-01
5.378372302158274110e-01
6.112362618608778719e-01
4.952380952380951995e-01
6.143643643643643681e-01
3.035764973034345560e-01
3.502329405316524924e-01
2.999999999999999889e-01
4.077629005566421050e-01
1.741498867442086707e-01
4.551569506726457770e-01
2.971428571428570975e-01
4.000000000000000222e-01
0.000000000000000000e+00
5.794606999426275828e-02
5.637181409295351220e-02
6.611570247933884481e-02
6.334841628959275717e-02
1.250000000000000000e-01
5.991109571911363424e-02
0.000000000000000000e+00
0.000000000000000000e+00
0.000000000000000000e+00
0.000000000000000000e+00
0.000000000000000000e+00
0.000000000000000000e+00
0.000000000000000000e+00
0.000000000000000000e+00
1.945564516129032195e-01
8.620689655172414367e-02
8.207705192629814739e-02
0.000000000000000000e+00
0.000000000000000000e+00
0.000000000000000000e+00
0.000000000000000000e+00
0.000000000000000000e+00
0.000000000000000000e+00
0.000000000000000000e+00
0.000000000000000000e+00
0.000000000000000000e+00
0.000000000000000000e+00
3.697415081071629972e-01
3.703825912461758407e-01
3.539814437816453108e-01
3.557401243234839527e-01
2.840984991861046915e-01
3.683801252843194596e-01
3.624665104114961345e-01
2.222413303992304134e-01
3.659236702355008197e-01
3.789847013432977030e-01
2.529026664140187064e-01
3.754522841381435772e-01
4.527821616494946966e-01
4.966294230068128979e-01
3.646898524056780277e-01
3.143656377302246896e-01
4.854481301995855480e-01
5.237938089308480372e-01
4.427784210400450560e-01
3.072848694608142361e-01
1.790213748115827286e-01
2.385430106736453892e-01
4.005844419326476391e-01
4.379660147061388842e-01
3.292219052725204320e-01
5.413045568333609836e-01
0.000000000000000000e+00
1.367087828173592645e-01
1.371832638982317942e-01
1.253028625417381414e-01
1.265510360536878376e-01
8.071195723979712744e-02
1.357039167044909178e-01
1.313819711698872295e-01
4.939120893761989040e-02
1.339001324386195624e-01
1.436294038522685224e-01
6.395975867932042480e-02
1.409644176645493130e-01
2.050116859079890719e-01
2.466407837960798988e-01
1.329986884476752063e-01
9.882575418553084245e-02
2.356598871142737417e-01
2.743599542742857222e-01
1.960527301387154087e-01
9.442399099954965069e-02
3.204865263942919401e-02
5.690276794124690674e-02
1.604678951184907998e-01
1.918142300375778875e-01
1.083870629112684419e-01
2.930106232485613083e-01
0.000000000000000000e+00
2.622605767206903638e-01
2.623056300268096219e-01
2.547822547822547468e-01
2.597809076682316420e-01
3.888888888888888395e-01
2.643249459353918529e-01
3.382601351351351426e-01
1.559633027522935866e-01
6.494439692044482459e-01
3.365315423362916780e-01
3.446418205038894733e-01
3.843996137602786467e-01
4.001976284584980448e-01
5.562500000000000222e-01
4.791062632283029643e-01
3.649817093448619043e-01
4.307852779019519796e-01
5.828383894981190583e-01
4.688995215311004827e-01
2.680851063829787218e-01
4.182389937106917865e-01
1.936719780777428346e-01
3.442953020134228437e-01
4.568584488685731859e-01
2.365239793896155296e-01
4.477611940298507065e-01
0.000000000000000000e+00
