3.747258076922809211e-01
3.756855805455884822e-01
3.795832103259402790e-01
3.931719783019308467e-01
4.703586875223569330e-01
3.792995476688943990e-01
4.153518033370138252e-01
1.635518157440948861e-01
8.533753402626779172e-01
2.949881478694071357e-01
3.130094016480293728e-01
4.482531525668366212e-01
3.380137348098979366e-01
4.325001735465945352e-01
4.144573518441577176e-01
2.887200987250855277e-01
5.074726964375629867e-01
5.839531895293400554e-01
4.814771017096227679e-01
3.606626516577920438e-01
4.297796018017669972e-01
2.248350316339456367e-01
2.982654627695688898e-01
3.643575292006638877e-01
2.850866267486508177e-01
4.433730286331796222e-01
0.000000000000000000e+00
8.276771326724936817e-02
8.185279187817258439e-02
7.899436735815359989e-02
8.532768777614138656e-02
1.050847457627118592e-01
8.289939858545364304e-02
2.928412344893414065e-01
1.481481481481481677e-01
4.634551495016611677e-01
2.543373938722776062e-01
2.211538461538461176e-01
2.430824695808923019e-01
2.196969696969696961e-01
2.452107279693486463e-01
2.471278079577154951e-01
2.758322524859489477e-01
2.757575757575757014e-01
2.949812160338475819e-01
2.351509250243427329e-01
3.084822751061518376e-01
2.554517133956386021e-01
3.673187253749913284e-01
1.054004252303331057e-01
4.753363228699552523e-01
1.890909090909090595e-01
3.259259259259259522e-01
0.000000000000000000e+00
1.290877796901893082e-01
1.370314842578710390e-01
1.334120425029516055e-01
1.651583710407240058e-01
1.250000000000000000e-01
1.346424220746617328e-01
3.151515151515151270e-01
0.000000000000000000e+00
6.128170894526034918e-01
1.320346320346320046e-01
1.038759689922480606e-01
8.933333333333334791e-02
0.000000000000000000e+00
3.131868131868131844e-01
3.906882591093117640e-01
1.851851851851851749e-01
1.017653167185877394e-01
1.781818181818181634e-01
2.727272727272727071e-01
7.675906183368869096e-02
1.386861313868613110e-01
7.132867132867133642e-02
1.727272727272727293e-01
2.120253164556961945e-01
0.000000000000000000e+00
0.000000000000000000e+00
0.000000000000000000e+00
2.757025740818170312e-01
2.731271039396072631e-01
2.622991343413669796e-01
2.718960241984884063e-01
2.776576662488685621e-01
2.751574342153360053e-01
3.360729182431518858e-01
2.211126154116658804e-01
5.711771648061308992e-01
3.098259271874452825e-01
2.891656931835855371e-01
3.571886570081597156e-01
3.735474974680332294e-01
2.909127821271070835e-01
2.823043481605364557e-01
2.335212002141349164e-01
4.363091357787088898e-01
4.571455031677401637e-01
3.474212261187609174e-01
3.786026290633942581e-01
1.998096441350653008e-01
3.154507374943231190e-01
3.220484113994175890e-01
5.426592706296192725e-01
3.207531565728211631e-01
5.276693323732406515e-01
0.000000000000000000e+00
7.601190935533981563e-02
7.459841490643703832e-02
6.880083587623046781e-02
7.392744797494500697e-02
7.709377962676806917e-02
7.571161360396697071e-02
1.129450063764682183e-01
4.889078869418725382e-02
3.262433535959700093e-01
9.599210515756015361e-02
8.361679811434352683e-02
1.275837366952927709e-01
1.395377328646302817e-01
8.463024680493366758e-02
7.969574499034534631e-02
5.453215094945008251e-02
1.903656619639637892e-01
2.089820110664863118e-01
1.207015083578631964e-01
1.433399507337141388e-01
3.992389388938143158e-02
9.950916778571232413e-02
1.037151792848885479e-01
2.944790840002703969e-01
1.028825874514287392e-01
2.784349243272215002e-01
0.000000000000000000e+00
3.494001262892022508e-01
3.474530831099195693e-01
3.443223443223443203e-01
3.693270735524256665e-01
5.000000000000000000e-01
3.586939973306053631e-01
3.948266448266448680e-01
1.452991452991453103e-01
7.110700392749432774e-01
2.913713405238828602e-01
3.380746237889094563e-01
5.063362952283450014e-01
3.127413127413127270e-01
4.153333333333333321e-01
3.858843332414932936e-01
2.734123701865636691e-01
4.999999999999999445e-01
6.298382687525353463e-01
4.282501124606388210e-01
3.937499999999999889e-01
4.508474576271186418e-01
2.199396826784387748e-01
3.744525547445256008e-01
3.258754863813229097e-01
2.345024069162000291e-01
4.366197183098591283e-01
0.000000000000000000e+00
