2.665429629094089314e-01
2.722134330566991500e-01
2.645097762783586437e-01
2.712551429551802173e-01
3.558634806912569504e-01
2.671079005179591292e-01
4.286627083520940795e-01
2.310021250701683182e-01
5.560493939053742229e-01
4.366365202209305796e-01
3.840865274093689941e-01
4.455685538995637351e-01
3.415719954238450873e-01
4.928094607271818473e-01
7.181666466268961102e-01
3.507518712098712799e-01
4.725451814398958783e-01
4.503062318966245536e-01
4.154543014006473189e-01
2.989587602831562663e-01
3.584557365166108345e-01
1.929743339775077948e-01
2.195580702425527220e-01
4.356928007709669481e-01
2.030659944027010944e-01
3.406451576847119855e-01
0.000000000000000000e+00
9.766101860442404081e-02
9.897233004877077633e-02
9.209140449695471520e-02
1.015279823269513992e-01
9.152542372881355970e-02
9.723264604197004446e-02
4.160000000000000364e-01
4.010416666666666852e-01
2.667814113597246073e-01
4.695459579180509269e-01
6.538461538461538547e-01
2.652996845425867334e-01
2.577777777777777724e-01
3.627775153519130491e-01
5.046326575103554646e-01
4.240340240702198948e-01
3.287356321839079998e-01
3.810876093484789062e-01
2.412587412587412494e-01
3.221781055019852236e-01
2.654867256637168382e-01
3.736422446216338122e-01
1.424513920791423971e-01
4.024302039635470618e-01
1.890909090909090595e-01
3.115044247787610576e-01
0.000000000000000000e+00
8.261617900172116280e-02
8.635682158920539309e-02
8.500590318772136000e-02
8.144796380090499333e-02
1.250000000000000000e-01
7.985524810501176685e-02
0.000000000000000000e+00
0.000000000000000000e+00
1.542857142857143038e-01
9.452479338842974255e-02
1.142045454545454475e-01
0.000000000000000000e+00
0.000000000000000000e+00
2.232167832167832600e-01
2.680555555555555469e-01
1.041666666666666574e-01
9.227871939736345674e-02
0.000000000000000000e+00
0.000000000000000000e+00
0.000000000000000000e+00
0.000000000000000000e+00
0.000000000000000000e+00
8.142857142857143349e-02
0.000000000000000000e+00
0.000000000000000000e+00
0.000000000000000000e+00
0.000000000000000000e+00
2.427800679018757846e-01
2.444766160204175642e-01
2.318057854441262777e-01
2.344893267796196168e-01
2.207791218284569645e-01
2.416588525887953809e-01
5.088333953062602610e-01
3.690734062158233519e-01
3.493708469082275059e-01
5.364068256070062546e-01
4.213744849782025126e-01
4.636934366802142882e-01
4.396921091731753051e-01
4.471015075552791651e-01
5.291712971307169777e-01
3.052745440128009635e-01
4.741373416907846416e-01
5.335041076199231735e-01
4.734615429910989381e-01
3.564969647331178160e-01
1.880479941168227143e-01
2.570909182774778201e-01
4.260453220926901374e-01
4.955270498700427018e-01
2.995978518005555924e-01
5.145728320896205688e-01
0.000000000000000000e+00
5.894216137043941511e-02
5.976881578079469570e-02
5.373392216536831273e-02
5.498524437355924860e-02
4.874342063534463365e-02
5.839900103453314617e-02
2.589114241788970094e-01
1.362151791757501285e-01
1.220599886693721353e-01
2.877322825577852128e-01
1.775564565906454229e-01
2.150116032203078509e-01
1.933291508691555027e-01
1.998997580582032862e-01
2.800222617070054487e-01
9.319254722222353182e-02
2.248062187856038341e-01
2.846266328473305851e-01
2.241658326915121902e-01
1.270900858639258391e-01
3.536204809136059279e-02
6.609574026075677733e-02
1.815146164770641002e-01
2.455470571529077828e-01
8.975887280350765274e-02
2.647851995247328949e-01
0.000000000000000000e+00
2.300568301410229333e-01
2.377479892761393820e-01
2.230362230362230025e-01
2.276995305164319361e-01
3.333333333333333148e-01
2.342529935503680494e-01
4.354626178710078732e-01
1.926732164643935041e-01
5.272850525364365382e-01
4.091358857592623521e-01
3.732572614499862218e-01
4.547219466760432649e-01
2.940118577075098716e-01
4.779812174073561071e-01
7.034510238811775285e-01
3.181223206128329095e-01
4.161527642540300831e-01
4.585939034950481386e-01
4.310150097754376075e-01
2.805213730569948161e-01
3.931221461187214272e-01
1.762410519828588595e-01
2.861211644374508367e-01
4.005780102730247538e-01
1.830890895504478089e-01
3.175403225806451291e-01
0.000000000000000000e+00
