3.131184667291506685e-01
3.166278347100197066e-01
3.082143341358221655e-01
3.152865671320825847e-01
4.111047560385410193e-01
3.131490869971079172e-01
2.964441637946285679e-01
3.994417225866744858e-01
5.431450368900343495e-01
4.609751691636330695e-01
3.916080249314897177e-01
3.704328333579717802e-01
2.675919023695786381e-01
5.150144941042410496e-01
7.204916031918280339e-01
3.824460751952254989e-01
4.721917193090259812e-01
5.356256627125501879e-01
3.416510194603940564e-01
2.395251226950982359e-01
4.125746622189814250e-01
1.981561553528002617e-01
2.038336314832338847e-01
4.289132617915435430e-01
1.779151181471431975e-01
4.591085357196569849e-01
0.000000000000000000e+00
2.349724107622442604e-01
2.344854185328953955e-01
2.292439437651692113e-01
2.353645066273932218e-01
1.491525423728813637e-01
2.338736963107295175e-01
2.532467532467532201e-01
2.657004830917874538e-01
2.460317460317460458e-01
4.705407586763518668e-01
3.714574898785424906e-01
2.168926400233981422e-01
2.386831275720164292e-01
2.802408319649698498e-01
5.151905502624928301e-01
5.609256604546385416e-01
2.888888888888888618e-01
4.534940345751156121e-01
2.412587412587412494e-01
2.752382490712324548e-01
2.535211267605633756e-01
3.384209223661414079e-01
1.330813449877943089e-01
4.893741470072138777e-01
1.624999999999999778e-01
3.636363636363636465e-01
0.000000000000000000e+00
7.974756167527251305e-02
8.695652173913043237e-02
7.201889020070836867e-02
7.013574660633484226e-02
1.250000000000000000e-01
7.911198427536741962e-02
0.000000000000000000e+00
0.000000000000000000e+00
0.000000000000000000e+00
1.260330578512396660e-01
2.093750000000000056e-01
1.959064327485380286e-01
0.000000000000000000e+00
2.273504273504273754e-01
2.388613861386138515e-01
2.068965517241379282e-01
8.641975308641974829e-02
0.000000000000000000e+00
0.000000000000000000e+00
0.000000000000000000e+00
0.000000000000000000e+00
0.000000000000000000e+00
0.000000000000000000e+00
1.171328671328671356e-01
0.000000000000000000e+00
0.000000000000000000e+00
0.000000000000000000e+00
4.592692832301042416e-01
4.593258066370624615e-01
4.424369837615791390e-01
4.361347756318703639e-01
2.577647724863861289e-01
4.561902093402678826e-01
3.173592069216227829e-01
4.375661528057774308e-01
3.657731529387588942e-01
4.507167688695229990e-01
2.787824614903869347e-01
3.085769813075136536e-01
3.787029639212930454e-01
4.375282880823480602e-01
4.277700712689230245e-01
3.376680217214512725e-01
4.631933924723287133e-01
5.219362847600212962e-01
3.819028164937613434e-01
3.428291082940696510e-01
1.992045030612116796e-01
2.386567617560214349e-01
4.465789564221804842e-01
5.117111172792030427e-01
2.942968572091136381e-01
6.313223249509040125e-01
0.000000000000000000e+00
2.109282745186936980e-01
2.109801966427881370e-01
1.957504846000439058e-01
1.902135425154619364e-01
6.644267793495839403e-02
2.081095070979174511e-01
1.007168662179213775e-01
1.914641380812489302e-01
1.337899994107606960e-01
2.031456057401830051e-01
7.771966083463910380e-02
9.521975339285763951e-02
1.434159348827721836e-01
1.914310028722701340e-01
1.829872338734194470e-01
1.140196928932784570e-01
2.145481188300247255e-01
2.724174853490940462e-01
1.458497612458675707e-01
1.175317974937069715e-01
3.968243403986429496e-02
5.695704993187037518e-02
1.994327643191237953e-01
2.618482675471303645e-01
8.661064016316140368e-02
3.985678779814149086e-01
0.000000000000000000e+00
2.113239318038307724e-01
2.137265415549597924e-01
2.096052096052095637e-01
2.089201877934272478e-01
3.888888888888888395e-01
2.116296063397666294e-01
2.721136405739279507e-01
3.021840315073397454e-01
5.323841183234788721e-01
4.455742656379598210e-01
3.743090192166875219e-01
4.003503909176345799e-01
2.703846242728767391e-01
5.105181188031938655e-01
6.956898271329068351e-01
3.776873123781424035e-01
4.543032412629859351e-01
5.307783050283118031e-01
3.467533776971163384e-01
2.257607926397735276e-01
4.555008210180623851e-01
2.032012897282358677e-01
2.698876080691642865e-01
4.057701586649511416e-01
1.485765660335300054e-01
4.602998040150431125e-01
0.000000000000000000e+00
