3.477093400302164738e-01
3.512893061900516645e-01
3.429543591654902746e-01
3.470781068254099599e-01
2.937007973834666053e-01
3.453649638320309134e-01
3.669502665424328458e-01
7.769822901707462703e-02
6.285376778275748588e-01
3.129593848646753385e-01
4.045224940527696322e-01
3.976638580943319123e-01
3.585854041106720791e-01
5.745234243537149510e-01
6.668102469273715638e-01
3.856350669548074261e-01
4.063619864458388742e-01
5.508502817780165373e-01
3.489458252093391444e-01
4.237538323236188509e-01
3.134306774978749544e-01
2.322778594670717456e-01
2.654378147370126673e-01
3.444983640710169714e-01
2.112802621553220850e-01
4.212947956798071547e-01
0.000000000000000000e+00
1.864348845158455004e-01
1.867224046979197860e-01
1.892659248065210464e-01
1.842783505154639012e-01
1.830508474576271194e-01
1.867539721724726931e-01
2.906832298136646231e-01
9.649122807017544712e-02
2.389516957862281576e-01
2.996303544248749562e-01
6.993927125506073095e-01
1.894997746732762223e-01
3.118279569892472569e-01
4.850322091701401717e-01
3.979206878399719760e-01
3.668704836020010851e-01
4.088050314465409008e-01
4.400782361308676616e-01
1.740226986128625419e-01
4.777123633305298545e-01
1.975308641975308532e-01
4.915136014880260862e-01
1.350090967383667517e-01
3.104811127156646977e-01
2.785714285714285254e-01
2.687022900763358924e-01
0.000000000000000000e+00
7.458405048766493517e-02
8.095952023988005342e-02
7.319952774498228454e-02
7.692307692307692735e-02
1.250000000000000000e-01
7.326128643816681718e-02
0.000000000000000000e+00
0.000000000000000000e+00
0.000000000000000000e+00
0.000000000000000000e+00
1.300970873786407578e-01
0.000000000000000000e+00
0.000000000000000000e+00
1.868633649455567203e-01
5.247734138972809381e-01
0.000000000000000000e+00
1.101123595505617975e-01
0.000000000000000000e+00
0.000000000000000000e+00
0.000000000000000000e+00
0.000000000000000000e+00
7.005494505494505586e-02
6.551724137931035086e-02
0.000000000000000000e+00
0.000000000000000000e+00
0.000000000000000000e+00
0.000000000000000000e+00
4.450274013449850852e-01
4.463828037901912404e-01
4.339019910698214688e-01
4.163166207020946308e-01
3.040038904387345475e-01
4.416149805667101691e-01
4.115766574929006216e-01
1.482111485300282583e-01
3.668581102978317743e-01
3.749774426323662646e-01
4.865608438997860996e-01
3.651853785579281531e-01
4.658133321862549803e-01
5.771043876382055959e-01
3.691582728255500268e-01
3.038908147158381756e-01
5.683391076448026658e-01
5.689613211950375060e-01
3.125594438601097536e-01
4.216945430365260372e-01
1.769381686232454620e-01
3.374591350005294865e-01
4.191558168378200500e-01
4.893984333754517468e-01
3.270997300511765404e-01
5.002949527596231016e-01
0.000000000000000000e+00
1.980493879478704145e-01
1.992576075195924556e-01
1.882709378543554746e-01
1.733195286728117512e-01
9.241836540188611004e-02
1.950237910609358138e-01
1.693953449930284128e-01
2.196654454859009106e-02
1.345848730912961033e-01
1.406080824831095477e-01
2.367414548164720189e-01
1.333603607124972668e-01
2.169820604424622656e-01
3.330494742312682388e-01
1.362778303955431980e-01
9.234962726865589278e-02
3.230093412784905693e-01
3.237169850160026563e-01
9.769340594614106532e-02
1.778262876267844850e-01
3.130711551574803797e-02
1.138786677953055604e-01
1.756915987889801911e-01
2.395108265903464762e-01
1.069942333995525796e-01
2.502950397567534901e-01
0.000000000000000000e+00
2.218480319932645550e-01
2.232707774798927680e-01
2.181522181522181358e-01
2.190923317683881044e-01
2.222222222222222099e-01
2.213834600547844311e-01
3.537360890302066463e-01
0.000000000000000000e+00
6.440766636738329831e-01
3.356038773906208639e-01
3.323150863473444128e-01
4.138720734781720090e-01
2.691842900302114927e-01
5.398206751054852592e-01
6.612771920224480571e-01
3.914813654870027970e-01
3.431372549019607865e-01
5.509412543751773805e-01
3.349282296650717972e-01
3.884892086330935523e-01
3.584905660377358250e-01
2.169373549883990560e-01
2.999999999999999889e-01
3.505734179807495909e-01
1.784183775164440711e-01
4.201680672268908179e-01
0.000000000000000000e+00
