4.413994976654223024e-01
4.468628320177346347e-01
4.465461323921472436e-01
4.553373080808068019e-01
5.550306277988695802e-01
4.452730912562944954e-01
4.816860915354148065e-01
1.771831790744889945e-01
6.154028435389888863e-01
4.045947765585144462e-01
3.243334214083141154e-01
5.285345455248409152e-01
3.633615425850238445e-01
4.400991910907147697e-01
3.609510768216598886e-01
3.558198404884277966e-01
5.780686131450861742e-01
3.986080236030672408e-01
5.132444110860124864e-01
3.789400562322823851e-01
4.037926095367022072e-01
1.853092516181379379e-01
2.788825190677157728e-01
4.367793082416406847e-01
3.913386572552124965e-01
3.149106802443895070e-01
0.000000000000000000e+00
4.096147272816055840e-01
4.211953817059819194e-01
4.077941109126711483e-01
4.315169366715758681e-01
3.898305084745762872e-01
4.153204481377934520e-01
3.987969924812030387e-01
1.651651651651651620e-01
2.934595524956971069e-01
3.952954675846241939e-01
4.003250270855905346e-01
2.695029414272316348e-01
2.885572139303482220e-01
2.797474502185526846e-01
3.093116415958142573e-01
4.590466926070038700e-01
4.126984126984126200e-01
2.995920448750637455e-01
2.568238213399503533e-01
3.463414634146341764e-01
2.083333333333333426e-01
3.622686926432977517e-01
1.936504186681365924e-01
3.215162027244268250e-01
5.621621621621620823e-01
2.322580645161290702e-01
0.000000000000000000e+00
8.892713711990819780e-02
8.155922038980509270e-02
7.083825265643448055e-02
8.144796380090499333e-02
1.250000000000000000e-01
7.975170163798711576e-02
0.000000000000000000e+00
0.000000000000000000e+00
1.677018633540372783e-01
7.702020202020200268e-02
0.000000000000000000e+00
0.000000000000000000e+00
0.000000000000000000e+00
1.337355455002514071e-01
0.000000000000000000e+00
1.041666666666666574e-01
1.096196868008948444e-01
0.000000000000000000e+00
0.000000000000000000e+00
0.000000000000000000e+00
0.000000000000000000e+00
0.000000000000000000e+00
0.000000000000000000e+00
0.000000000000000000e+00
0.000000000000000000e+00
0.000000000000000000e+00
0.000000000000000000e+00
6.808364796682376818e-01
6.933145963815644519e-01
6.696659003732787774e-01
6.660499658751516394e-01
5.823009954824749368e-01
6.861489991657774290e-01
5.062522008672805107e-01
2.346412906220500805e-01
3.649197810423563393e-01
4.357732662421387460e-01
3.101114975833038079e-01
4.617641953352254469e-01
4.588572648864075454e-01
3.785091160874832217e-01
3.246548131200590603e-01
3.188639468151594492e-01
5.942824672146870268e-01
4.582496979710752871e-01
3.810717901220926906e-01
3.699594685908160763e-01
1.604359376440353258e-01
2.446437110291029837e-01
5.332719776259335909e-01
4.607235743699152342e-01
5.679716783834150018e-01
4.113761586295387462e-01
0.000000000000000000e+00
4.635383120470384921e-01
4.806851295557316717e-01
4.484524181227542705e-01
4.436225570422906994e-01
3.390744493398812343e-01
4.708004490561980004e-01
2.562912908829653724e-01
5.505653526478136023e-02
1.331664465960012700e-01
1.898983395713419453e-01
9.616914093335947322e-02
2.132261720935882121e-01
2.105499895390347542e-01
1.432691509613278347e-01
1.054007476820204708e-01
1.016742165785408381e-01
3.531716508387754971e-01
2.099927856905817181e-01
1.452157092268562266e-01
1.368700083999990214e-01
2.573969008772078459e-02
5.985054534609125093e-02
2.843790021210741981e-01
2.122662119801908553e-01
3.225918274456733847e-01
1.692303438887954314e-01
0.000000000000000000e+00
2.656282887813091742e-01
2.543699731903484862e-01
2.629222629222628949e-01
2.676056338028169335e-01
3.888888888888888395e-01
2.613640318516514682e-01
4.855632029545072781e-01
1.387755102040816313e-01
6.347879698994113307e-01
4.016567544604927043e-01
3.074904133931912198e-01
5.083314726358858504e-01
3.375000000000000222e-01
4.120370370370370350e-01
3.992882664294752360e-01
3.359586976183297491e-01
5.064599483204134112e-01
4.337026381832649879e-01
4.916871618298082058e-01
3.661417322834645827e-01
4.661214953271027861e-01
1.816674343620451604e-01
3.433734939759036098e-01
4.229348039078465460e-01
3.232081603177468510e-01
3.030303030303030387e-01
0.000000000000000000e+00
