1.983184105253044949e-01
2.027329301380702276e-01
1.917579641369587251e-01
2.160726533048160924e-01
2.025199930959093175e-01
1.977707364241358956e-01
7.148321101396254429e-01
1.596608004649556489e-01
3.871734357751239197e-01
3.779557045496353962e-01
1.708108513815655705e-01
8.136121248422090169e-01
2.910783014645045297e-01
2.424493860440199433e-01
1.459678211740160769e-01
5.153244842303070783e-01
3.601654146338414408e-01
1.114074158171903528e-01
8.743481414494573833e-01
3.598793677536242797e-01
7.164870043096269736e-01
1.114588129917074288e-01
1.344451918553929426e-01
5.849676345152479140e-01
5.077146642826502188e-01
2.860516492179255299e-01
0.000000000000000000e+00
4.692611943942574804e-02
4.724046979197771279e-02
4.203874158538260797e-02
5.311119293078055831e-02
3.389830508474576259e-02
4.644832634929158682e-02
5.571428571428571619e-01
1.904761904761904934e-01
1.604554865424430710e-01
4.125457875457875234e-01
1.407420013614703869e-01
4.482649842271292928e-01
3.980392156862744835e-01
1.439280359820089839e-01
1.599485117788122523e-01
6.988461022407085332e-01
2.241379310344827347e-01
2.376564876564876139e-01
3.572485207100591365e-01
3.033647854726722604e-01
4.179104477611940149e-01
3.875893740549218314e-01
1.777214934956799497e-01
4.113190041750425796e-01
5.621621621621620823e-01
2.206896551724137900e-01
0.000000000000000000e+00
8.089500860585197017e-02
8.125937031484256612e-02
6.139315230224320213e-02
7.466063348416290824e-02
1.250000000000000000e-01
7.102456419211522487e-02
3.398692810457515923e-01
0.000000000000000000e+00
0.000000000000000000e+00
0.000000000000000000e+00
0.000000000000000000e+00
4.527027027027027972e-01
0.000000000000000000e+00
0.000000000000000000e+00
0.000000000000000000e+00
1.298701298701298856e-01
9.551656920077972179e-02
0.000000000000000000e+00
0.000000000000000000e+00
0.000000000000000000e+00
6.934306569343065552e-02
0.000000000000000000e+00
0.000000000000000000e+00
1.116666666666666780e-01
0.000000000000000000e+00
0.000000000000000000e+00
0.000000000000000000e+00
1.529788973152057530e-01
1.516075391681514506e-01
1.387950518286337198e-01
1.548287906884557308e-01
9.548805168162630141e-02
1.502667201140802378e-01
6.225432280697257292e-01
2.919596848060623806e-01
3.088203151147111969e-01
6.753648547525332724e-01
2.383690566297861080e-01
5.414641617276513275e-01
6.069167615146452421e-01
3.070978316383615736e-01
2.445318901610323004e-01
5.046932812378730482e-01
3.722336723820152127e-01
4.484308420143762741e-01
7.161574868192811527e-01
4.052872381904725207e-01
3.541056833242285928e-01
3.346645880205186829e-01
5.037044995971982075e-01
4.979131823309836946e-01
6.684139107478299646e-01
4.351399593838631841e-01
0.000000000000000000e+00
2.340254302377627049e-02
2.298484593262257666e-02
1.926406641211312123e-02
2.397195442604964019e-02
9.117968013952934894e-03
2.258008717384333078e-02
3.875600708154745555e-01
8.524045755205528208e-02
9.536998702754950763e-02
4.561176870349104018e-01
5.681980715857418152e-02
2.931834384354281564e-01
3.683479554074247098e-01
9.430907819698346184e-02
5.979584530572714524e-02
2.547153081266507746e-01
1.385579068550014392e-01
2.010902200697225195e-01
5.128815459273088351e-01
1.642577454400608039e-01
1.253908349625188212e-01
1.120003864749434669e-01
2.537182229144638868e-01
2.479175371389674698e-01
4.467771560812080489e-01
1.893467842525900779e-01
0.000000000000000000e+00
1.675436750157861532e-01
1.814477211796246547e-01
1.579161579161579010e-01
1.784037558685446223e-01
2.222222222222222099e-01
1.723640517008172002e-01
6.972189580885232996e-01
0.000000000000000000e+00
4.017179190955350032e-01
3.310719131614653921e-01
2.050406020994256506e-01
8.700675091049739907e-01
1.569767441860465129e-01
2.270408163265306145e-01
1.324832947457142696e-01
4.963983714375194700e-01
3.333333333333332593e-01
7.162677766215747033e-02
8.856990962254119859e-01
3.389121338912133852e-01
7.270408163265306145e-01
9.208750129798207174e-02
2.017699115044247760e-01
5.839688715953307296e-01
4.115517241379310631e-01
2.985074626865671377e-01
0.000000000000000000e+00
