3.342856569147518719e-01
3.312897317809035957e-01
3.111854145305837371e-01
3.127685233418726063e-01
2.807414744587519162e-01
3.241967429336063966e-01
2.568372376106199395e-01
1.993318596278280119e-01
4.365225769432209968e-01
4.468614527739284137e-01
4.702063063335965021e-01
1.942136787540444387e-01
2.581914169980080165e-01
7.918429469373718943e-01
6.177233312915328955e-01
4.356817487177096493e-01
3.443407038276717347e-01
6.097829680593902513e-01
3.540721330984323845e-01
3.823549516132248582e-01
3.321291840611703683e-01
2.100864569459940934e-01
1.985071488804943385e-01
3.514783138944720386e-01
1.387678076825926976e-01
5.556265085714726659e-01
0.000000000000000000e+00
1.329166463206211402e-01
1.317059818851398501e-01
1.192471493336996896e-01
1.220544918998527212e-01
5.423728813559321876e-02
1.276625815767514216e-01
3.391304347826087362e-01
1.864406779661017255e-01
2.665343915343915127e-01
5.569786535303776764e-01
7.535853976531942111e-01
1.283487923160223920e-01
2.208121827411167193e-01
4.413793103448275801e-01
4.575961679635883184e-01
4.294456878058746652e-01
1.666666666666666574e-01
4.674585467268393968e-01
1.830238726790450743e-01
3.038083012409071304e-01
1.556420233463035041e-01
4.066062681520655753e-01
1.538892141455849016e-01
2.860677284676048093e-01
1.276073619631901690e-01
3.229357798165137794e-01
0.000000000000000000e+00
1.239242685025817442e-01
1.355322338830584616e-01
1.263282172373081380e-01
1.334841628959276272e-01
1.250000000000000000e-01
1.266867667028170885e-01
0.000000000000000000e+00
0.000000000000000000e+00
0.000000000000000000e+00
8.276797829036634802e-02
0.000000000000000000e+00
0.000000000000000000e+00
0.000000000000000000e+00
4.580941446613088774e-01
2.044491525423728917e-01
2.334630350194552562e-01
1.002044989775051076e-01
0.000000000000000000e+00
0.000000000000000000e+00
0.000000000000000000e+00
0.000000000000000000e+00
4.129554655870445318e-02
0.000000000000000000e+00
1.709183673469387710e-01
0.000000000000000000e+00
1.333333333333333315e-01
0.000000000000000000e+00
3.412957124777134532e-01
3.344163129509289401e-01
3.060431310769867741e-01
2.951365290768315774e-01
1.475555133922918649e-01
3.271165082541587776e-01
4.543894993491222056e-01
2.976810666731887767e-01
3.832219829358171626e-01
6.608449249934765790e-01
5.782604944352700560e-01
3.487934239329783526e-01
4.158082272192897832e-01
5.722259178213292552e-01
4.889766023946641726e-01
3.183604271827420451e-01
2.909772309925541811e-01
6.657788861704093675e-01
3.979472587478093959e-01
4.059653806707937407e-01
1.482647084369414225e-01
3.204198170838932769e-01
4.594335180264245699e-01
4.003912918041899749e-01
2.300045471427571708e-01
5.612181785671088718e-01
0.000000000000000000e+00
1.164827633556700381e-01
1.118342703676936528e-01
9.366239807940572593e-02
8.710557079551946302e-02
2.177262953246282551e-02
1.070052099723931283e-01
2.064698171187459019e-01
8.861401745568743549e-02
1.468590882052597246e-01
4.367160148896336858e-01
3.343851994245230497e-01
1.216568525788903204e-01
1.728964818232485157e-01
3.274425010264626068e-01
2.390981176894294291e-01
1.013533615959779782e-01
8.466774895609421869e-02
4.432615252703109299e-01
1.583620207448959150e-01
1.648078903031824638e-01
2.198242376789124805e-02
1.026688591800756500e-01
2.110791574861369813e-01
1.603131865526280231e-01
5.290209170634480040e-02
3.149658439541832555e-01
0.000000000000000000e+00
2.256367080614607168e-01
2.354959785522788285e-01
2.360602360602360172e-01
2.316118935837245818e-01
2.222222222222222099e-01
2.361415423784852252e-01
2.592031686859272988e-01
1.465517241379310220e-01
4.361937106597040259e-01
4.138398914518316984e-01
4.441981490174261027e-01
2.244062610060005292e-01
1.745689655172413812e-01
7.585227272727274039e-01
5.476666896266703111e-01
4.206850681742600462e-01
3.367697594501717906e-01
6.286862775133771342e-01
3.874118285404232753e-01
3.865030674846625658e-01
3.931034482758620774e-01
2.041175381196370653e-01
2.864321608040201195e-01
3.188757742633471226e-01
9.822236852933914630e-02
5.836575875486381682e-01
0.000000000000000000e+00
