2.058074801712924395e-01
2.082126290433500004e-01
2.031452631340502635e-01
2.246352059703807524e-01
2.262868022030325721e-01
2.078082061233160749e-01
3.167809033725941803e-01
1.297559106707467103e-01
3.428197214019954031e-01
2.136001363945831399e-01
2.567463584879146055e-01
3.348248421533127073e-01
6.328087227922492009e-01
2.958541542867271779e-01
5.900170534505129183e-01
4.169897166657075549e-01
4.727475741177787905e-01
6.014054132888863036e-01
6.457488174801020442e-01
5.798762478010692778e-01
6.134270147967459952e-01
3.313241913861255106e-01
5.056829356448525603e-01
3.964666339183109400e-02
2.179462683148789826e-01
2.243367004836499812e-01
0.000000000000000000e+00
6.255188241613360289e-02
6.012988951925947456e-02
5.719650135091816634e-02
6.231590574374079594e-02
4.745762711864406902e-02
6.108290732690083158e-02
3.359655419956927291e-01
1.145833333333333426e-01
2.108843537414966107e-01
1.902368987796123345e-01
1.894934333958724071e-01
1.384276938402788926e-01
2.876984126984126755e-01
1.401204159824849249e-01
3.648239303294206759e-01
3.518366472709099635e-01
4.561403508771929016e-01
3.875198728139904181e-01
2.636271013754457049e-01
3.710801393728222486e-01
4.313725490196078649e-01
5.897397322100196293e-01
3.420481710977748002e-01
8.327994875080078907e-02
1.624999999999999778e-01
1.828571428571428570e-01
0.000000000000000000e+00
7.573149741824440617e-02
8.905547226386806292e-02
6.847697756788664880e-02
1.244343891402714952e-01
1.250000000000000000e-01
8.132655377726472068e-02
0.000000000000000000e+00
0.000000000000000000e+00
0.000000000000000000e+00
0.000000000000000000e+00
2.126984126984126922e-01
0.000000000000000000e+00
1.017587939698492427e-01
0.000000000000000000e+00
4.752579737335834720e-01
2.631578947368420907e-01
1.944444444444444198e-01
1.166666666666666408e-01
4.687500000000000000e-01
0.000000000000000000e+00
8.715596330275229842e-02
1.818644931227712813e-01
2.352380952380952461e-01
0.000000000000000000e+00
0.000000000000000000e+00
0.000000000000000000e+00
0.000000000000000000e+00
2.439897973066975367e-01
2.327206722697940100e-01
2.186216311135925350e-01
2.258448954394260133e-01
1.496029398877813110e-01
2.362874062871527236e-01
5.189856784197274253e-01
2.107727921628951007e-01
4.975316637324363467e-01
4.010269547836960435e-01
2.668456196469987662e-01
3.724960442966946395e-01
4.964065792546282219e-01
3.064660815311134323e-01
3.619484381160028574e-01
3.523149844371543660e-01
8.440219325560350816e-01
6.739283264690787423e-01
4.181272352497520939e-01
5.294163744822554252e-01
4.755409637362679187e-01
5.741252911054494090e-01
1.000000000000000000e+00
2.944810060409254748e-01
3.425440447503695363e-01
5.292090468440985296e-01
0.000000000000000000e+00
5.953102118976334733e-02
5.415891130170487344e-02
4.779541759076772617e-02
5.100591679604527667e-02
2.238103962306710673e-02
5.583173836990999034e-02
2.693461344047847761e-01
4.442516991614297445e-02
2.475377564163661337e-01
1.608226184630845990e-01
7.120658472479073076e-02
1.387533030166850645e-01
2.464194919272814643e-01
9.392145912903505922e-02
1.310066718546139264e-01
1.241258482589523149e-01
7.123730226356241868e-01
4.541793892174132985e-01
1.748303848576015229e-01
2.802816975699357616e-01
2.261392081912184659e-01
3.296198498869171156e-01
1.000000000000000000e+00
8.671906291887561402e-02
1.173364225939431682e-01
2.800622152616393246e-01
0.000000000000000000e+00
1.094506419701115341e-01
1.068096514745308367e-01
1.147741147741147549e-01
1.095461658841940661e-01
1.666666666666666574e-01
1.118039351736602183e-01
2.863577863577863036e-01
3.189493433395872157e-02
2.447653150268021272e-01
2.543786488740616969e-01
1.952380952380952106e-01
3.615434205096674791e-01
5.364238410596026130e-01
2.981574539363484044e-01
5.290956465096080530e-01
3.696236559139784439e-01
3.202614379084967045e-01
5.927419354838709964e-01
5.368421052631578982e-01
5.779816513761468766e-01
5.251256281407035154e-01
2.120917639392884135e-01
4.749999999999999778e-01
5.764229708855561629e-02
2.068099116271010229e-01
1.562500000000000000e-01
0.000000000000000000e+00
