2.507442902117151817e-01
2.500431212679569137e-01
2.417824290371477780e-01
2.684160285963807513e-01
3.829468960359012630e-01
2.518039510909771961e-01
4.220008458857819056e-01
3.273536372588718990e-01
4.795785281625599139e-01
2.720590119405189022e-01
4.245832159110130011e-01
2.963092202847313894e-01
3.656073287503792679e-01
3.937693564251593670e-01
3.499105848788882089e-01
3.992213373159172463e-01
6.642251527708831205e-01
3.017453604943718393e-01
4.702401883927837534e-01
4.003507289741204400e-01
1.000000000000000000e+00
3.285267255844137591e-01
1.577775494569003956e-01
1.195318950450471318e-01
3.117572106407224264e-01
3.591934244592332459e-01
0.000000000000000000e+00
6.394355193124663661e-02
6.265551906041604002e-02
5.980675001144845904e-02
6.535346097201767679e-02
5.762711864406779710e-02
6.315591976380710570e-02
2.875576036866359653e-01
3.525641025641025883e-01
2.108843537414966107e-01
2.898970398970399098e-01
2.582417582417582680e-01
1.549302940877175239e-01
1.858974358974359031e-01
2.068965517241379282e-01
1.869104716227018570e-01
5.845087548638132624e-01
3.333333333333333148e-01
2.073646226872032927e-01
1.868231046931407846e-01
2.420666142145292132e-01
8.717948717948718063e-01
4.661617155223292674e-01
7.933695566580045710e-02
1.332340418643052637e-01
3.999999999999999667e-01
2.234920634920635196e-01
0.000000000000000000e+00
5.966724039013195091e-02
7.286356821589204391e-02
5.903187721369538427e-02
8.371040723981901244e-02
2.500000000000000000e-01
6.262708905483824195e-02
2.201058201058200825e-01
0.000000000000000000e+00
0.000000000000000000e+00
0.000000000000000000e+00
0.000000000000000000e+00
0.000000000000000000e+00
0.000000000000000000e+00
2.750206782464847399e-01
0.000000000000000000e+00
9.615384615384615918e-02
2.358604091456076857e-01
0.000000000000000000e+00
0.000000000000000000e+00
0.000000000000000000e+00
1.130952380952380820e-01
1.401098901098901117e-01
0.000000000000000000e+00
0.000000000000000000e+00
0.000000000000000000e+00
0.000000000000000000e+00
0.000000000000000000e+00
2.809405937424934163e-01
2.728739559295299544e-01
2.583899371680190016e-01
2.659195133413145284e-01
2.024538148772506707e-01
2.753806652471571526e-01
4.083549217990313229e-01
6.597895390279007177e-01
6.146077385224757439e-01
5.272766738832476152e-01
3.923946834462289091e-01
4.609306541184932104e-01
4.232051672313397739e-01
4.230900065803069321e-01
3.254121565314654352e-01
6.398633275225598105e-01
6.964594971593551787e-01
4.781964899803058389e-01
5.748574650633058170e-01
4.766161142560036423e-01
1.000000000000000000e+00
4.889016721345056937e-01
4.688744053895488872e-01
4.347115031096697169e-01
7.838206613763831765e-01
5.127783677058447287e-01
0.000000000000000000e+00
7.892761721238474026e-02
7.446019582463107855e-02
6.676535962969282201e-02
7.071318757568156865e-02
4.098754715835207368e-02
7.583451079196683320e-02
1.667537421574929735e-01
4.353222358106496048e-01
3.777426722517119306e-01
2.780206908213805894e-01
1.539735875968661905e-01
2.124570679061019429e-01
1.791026135713062462e-01
1.790051536681241395e-01
1.058930716184589282e-01
4.094250779082425629e-01
4.850558311834619607e-01
2.286718830294847682e-01
3.304611051390098919e-01
2.271629203684918941e-01
1.000000000000000000e+00
2.390248450159157267e-01
2.198432080294030477e-01
1.889740909358683940e-01
6.143748292005107858e-01
2.629416543870705669e-01
0.000000000000000000e+00
1.761734371711218550e-01
1.730831099195710432e-01
1.839641839641839582e-01
1.658841940532081449e-01
3.888888888888888395e-01
1.797019634178698422e-01
3.887345716655283279e-01
1.074007220216606495e-01
5.530098573941779616e-01
2.919996669996669514e-01
4.573085350863128062e-01
3.475220250347733630e-01
3.872808148530169636e-01
3.642082446234070625e-01
4.485097615196262932e-01
3.789432993025632634e-01
6.227477477477476597e-01
2.942207636276314431e-01
5.319406843175944477e-01
5.034167096441465317e-01
7.240527393753198870e-01
2.676678716989791540e-01
2.035418482999128420e-01
2.177509010382112087e-01
5.531609195402299034e-02
3.612266112266112605e-01
0.000000000000000000e+00
