3.937140944052019975e-01
4.002410310873851795e-01
3.901168289133155609e-01
4.152678972022148529e-01
5.504861630516080240e-01
3.960427376962256107e-01
6.292363776471011638e-01
2.130140122017986914e-01
5.352375463942424805e-01
3.315732061098506933e-01
2.595748446542265331e-01
5.435255710067777857e-01
5.111088787664921362e-01
3.861156098576866702e-01
3.332106662468726221e-01
3.826372652538590491e-01
5.767875296007297647e-01
3.250807184580711828e-01
5.816446729718487418e-01
4.520822610744338887e-01
4.659389941062285212e-01
1.641402894160007286e-01
2.387617418187057139e-01
4.097445274600189924e-01
3.435995279786799306e-01
3.097339644677016279e-01
0.000000000000000000e+00
3.835148200595732138e-01
3.992485319000697030e-01
3.803636030590282213e-01
4.101620029455080862e-01
4.033898305084745450e-01
3.883493958424240611e-01
4.569823434991974742e-01
1.818181818181818510e-01
2.430313588850174233e-01
3.698686371100163850e-01
1.951923076923076927e-01
2.602006516005584968e-01
3.138528138528138278e-01
3.617863199547766695e-01
2.389960758665794494e-01
4.160311284046692704e-01
3.939393939393939226e-01
2.911628733997154717e-01
2.782258064516128782e-01
3.958188153310104318e-01
2.420382165605095559e-01
2.649616368286444867e-01
2.489124518874979430e-01
4.225595032769921544e-01
2.875576036866359098e-01
2.341463414634146201e-01
0.000000000000000000e+00
1.004016064257027968e-01
1.055472263868065946e-01
9.208972845336479973e-02
9.728506787330318262e-02
1.250000000000000000e-01
9.765940581923693298e-02
3.180428134556574915e-01
0.000000000000000000e+00
1.061598951507208566e-01
0.000000000000000000e+00
1.300970873786407578e-01
3.691460055096419390e-01
0.000000000000000000e+00
7.578347578347578717e-02
0.000000000000000000e+00
1.968503937007873850e-01
1.209876543209876532e-01
0.000000000000000000e+00
0.000000000000000000e+00
1.184210526315789408e-01
0.000000000000000000e+00
6.431273644388399435e-02
0.000000000000000000e+00
1.240740740740740727e-01
0.000000000000000000e+00
0.000000000000000000e+00
0.000000000000000000e+00
6.248144001784892154e-01
6.386494373873964348e-01
6.066196586365593113e-01
6.159868299821272819e-01
5.532412124647911877e-01
6.266867277480494547e-01
5.526604903780596434e-01
2.400446973864668598e-01
3.237976822950465183e-01
3.734527102071049098e-01
2.292054604031014964e-01
3.468959616234209009e-01
5.275510342334748248e-01
4.314866268360219581e-01
2.319156954925751801e-01
2.637366149706897867e-01
5.311405051688573575e-01
3.730967361483723543e-01
4.275693235880240750e-01
3.625283131972680817e-01
2.061772497038881491e-01
1.982784461736676329e-01
4.997817593774672718e-01
4.532285210022213851e-01
4.507478116357945264e-01
4.389331891248958728e-01
0.000000000000000000e+00
3.903930346704052590e-01
4.078731038752381188e-01
3.679874102443357886e-01
3.794397747114302000e-01
3.060758391695122538e-01
3.927362547355580102e-01
3.054336176249173862e-01
5.762145674336043022e-02
1.048449390596438435e-01
1.394669267610318675e-01
5.253514307859773191e-02
1.203368081906378562e-01
2.783100937208088932e-01
1.861807091383284596e-01
5.378488981580482886e-02
6.955700207619786024e-02
2.821102362310289879e-01
1.392011745245682053e-01
1.828155264735204233e-01
1.314267778696565081e-01
4.250905829545944398e-02
3.931434221704402376e-02
2.497818070064366236e-01
2.054160922498610709e-01
2.031735896944577013e-01
1.926623445153515801e-01
0.000000000000000000e+00
2.637339507472110656e-01
2.713136729222520027e-01
2.413512413512413080e-01
2.895148669796557273e-01
3.888888888888888395e-01
2.736403668286326862e-01
5.749030280280280625e-01
1.748957094778420540e-01
5.575526705590508891e-01
3.243066782738465159e-01
2.547537244647508081e-01
5.671747388291511482e-01
4.619030898876404501e-01
3.662613467009890322e-01
3.468665891708950788e-01
3.840557673863715937e-01
5.484038810171271150e-01
3.366341064974880948e-01
5.737578211262421846e-01
4.243631310792033151e-01
4.932375821649451764e-01
1.537936553358617287e-01
2.999635615728444837e-01
3.942728599221789754e-01
2.567199833818030741e-01
2.906976744186046679e-01
0.000000000000000000e+00
