3.121425828135242497e-01
3.179666739915451013e-01
3.164985242049143110e-01
3.267761181257050063e-01
4.066487063488029019e-01
3.154779430847947652e-01
5.074051859011393661e-01
2.184999900987217580e-01
6.130897409141028431e-01
4.608086606079512815e-01
2.193894185272096953e-01
5.319412135714787215e-01
3.876778853694551330e-01
3.625011500401924547e-01
3.633583233498213771e-01
3.210359340175868437e-01
5.090228609738186583e-01
3.348899720762327226e-01
6.239144763477654232e-01
2.729119778308515820e-01
5.263594351991763842e-01
2.037756499184594783e-01
2.732853161682995413e-01
4.941625270207110621e-01
3.232058857255880602e-01
3.207672819569477030e-01
0.000000000000000000e+00
3.514820059573221522e-01
3.589379914402309191e-01
3.325090442826394987e-01
3.565905743740795386e-01
3.525423728813559254e-01
3.475160583056775554e-01
4.027538726333907415e-01
3.333333333333333703e-01
3.522727272727272929e-01
6.821106821106821538e-01
2.141372141372141769e-01
4.645603312302838961e-01
2.761904761904761529e-01
2.648275862068965592e-01
4.151630308656301116e-01
4.590466926070038700e-01
3.939393939393939226e-01
3.515339663988312768e-01
7.187499999999998890e-01
2.743298720115914247e-01
3.461538461538461453e-01
3.101897967424955826e-01
1.822190723679029678e-01
6.367713004484305550e-01
3.949367088607594334e-01
3.333333333333333703e-01
0.000000000000000000e+00
7.114170969592654992e-02
7.586206896551724033e-02
7.083825265643448055e-02
7.466063348416290824e-02
1.250000000000000000e-01
7.504063046298406481e-02
0.000000000000000000e+00
0.000000000000000000e+00
0.000000000000000000e+00
0.000000000000000000e+00
0.000000000000000000e+00
0.000000000000000000e+00
0.000000000000000000e+00
0.000000000000000000e+00
0.000000000000000000e+00
0.000000000000000000e+00
1.027253668763102729e-01
0.000000000000000000e+00
0.000000000000000000e+00
0.000000000000000000e+00
0.000000000000000000e+00
0.000000000000000000e+00
0.000000000000000000e+00
1.040372670807453298e-01
0.000000000000000000e+00
0.000000000000000000e+00
0.000000000000000000e+00
5.258818447239070881e-01
5.328098877105192921e-01
4.971765415448520797e-01
5.007179990631578370e-01
4.511870916285798949e-01
5.197167726542898381e-01
5.208927870442846553e-01
3.811492204674099549e-01
4.746720847948229238e-01
6.099116011957950167e-01
2.607968471353206419e-01
4.888317430832797017e-01
4.359926279396375559e-01
3.883593783047575854e-01
3.443363823342019958e-01
3.624905468364557071e-01
5.791524568942830742e-01
4.406097714535686660e-01
7.564109287215775579e-01
3.207982753823528932e-01
2.622970745814233728e-01
2.639339282843354839e-01
5.221067263005679804e-01
5.445645461597253822e-01
4.124645481610339504e-01
4.470549096750407458e-01
0.000000000000000000e+00
2.765517146102195456e-01
2.838863764420961888e-01
2.471845134625000329e-01
2.507185145858125686e-01
2.035697916522565543e-01
2.701055237781908036e-01
2.713292955947624874e-01
1.452747282629142378e-01
2.253135880834635507e-01
3.719921612732186023e-01
6.801499547572381621e-02
2.389564730458375863e-01
1.900895716177111727e-01
1.508230067172577626e-01
1.185675441990056977e-01
1.313993965457926905e-01
3.354175683266844565e-01
1.941369707003660627e-01
5.721574930894393063e-01
1.029115334882919341e-01
6.879975533397275633e-02
6.966111849960074376e-02
2.725954336482963036e-01
2.965505449341477306e-01
1.701270034896859296e-01
1.998580922645588343e-01
0.000000000000000000e+00
1.780677752052199359e-01
1.848793565683646278e-01
1.807081807081807046e-01
1.862284820031299137e-01
2.777777777777777901e-01
1.802361611338435810e-01
4.861223498948049615e-01
1.137123745819397930e-01
6.013370085226372730e-01
4.377990430622009099e-01
2.444113263785395174e-01
5.530469605289702884e-01
3.524096385542169196e-01
3.685300207039337583e-01
3.832445278925510346e-01
3.076105852810507302e-01
4.568764568764568379e-01
3.376789115112009965e-01
5.693779904306220940e-01
2.635983263598326576e-01
5.742659758203799703e-01
2.008730630342368539e-01
3.277500000000000413e-01
4.591881853555005444e-01
2.993103448275862277e-01
2.999999999999999889e-01
0.000000000000000000e+00
