3.110529100811904035e-01
3.204564557329383501e-01
3.162745627331686182e-01
3.345559910907108803e-01
3.661929693343305980e-01
3.152652670443579774e-01
6.189822210619551068e-01
1.874616682594870409e-01
5.583525442966561503e-01
3.330310499292146731e-01
1.860357172424972616e-01
5.653588381292720122e-01
4.354294306600500208e-01
3.554298630283520000e-01
3.399793778452599446e-01
3.744882693465637069e-01
4.613412345668143066e-01
3.037259990763487849e-01
5.354494789422764578e-01
4.152878867499618654e-01
5.088495596193849391e-01
2.204975201398962636e-01
2.646791347870799394e-01
4.502623398956875356e-01
3.462748192589679697e-01
3.437449756995195060e-01
0.000000000000000000e+00
1.757898334879632873e-01
1.789588932019508249e-01
1.766268260292164771e-01
1.831737849779086769e-01
1.186440677966101725e-01
1.767224941817577277e-01
4.333333333333333481e-01
1.492248062015504029e-01
2.415584415584415556e-01
4.542857142857142372e-01
1.796153846153846489e-01
2.800110836388438051e-01
3.249299719887954740e-01
2.648275862068965592e-01
2.356276655322449010e-01
3.424124513618677090e-01
3.123123123123122680e-01
4.152590090090089725e-01
3.317307692307692180e-01
3.463414634146341764e-01
2.539682539682539542e-01
3.785166240409206795e-01
1.590905345046396135e-01
5.046881369751324842e-01
2.328358208955223496e-01
3.200000000000000622e-01
0.000000000000000000e+00
1.095811818703384816e-01
1.133433283358320637e-01
1.227863046044864181e-01
9.502262443438916351e-02
1.250000000000000000e-01
1.115873478315601020e-01
3.421052631578946901e-01
0.000000000000000000e+00
6.727574750830565831e-02
5.776515151515150548e-02
0.000000000000000000e+00
1.550925925925925875e-01
0.000000000000000000e+00
0.000000000000000000e+00
1.148809523809523891e-01
1.351351351351351426e-01
9.780439121756487331e-02
0.000000000000000000e+00
2.054794520547945091e-01
6.474820143884892076e-02
0.000000000000000000e+00
6.431273644388399435e-02
0.000000000000000000e+00
1.116666666666666780e-01
0.000000000000000000e+00
9.900990099009901457e-02
0.000000000000000000e+00
3.933869497936532400e-01
4.015344282216656291e-01
3.892133297647287216e-01
3.873261930474571901e-01
2.608832421408829871e-01
3.946779605294121196e-01
5.163630019529750204e-01
2.479289633684919059e-01
3.555580422609369573e-01
4.429017904729243837e-01
2.164120427045183037e-01
3.722086946413810105e-01
6.103070347509861326e-01
3.497649378945994481e-01
2.853657954195397140e-01
2.655861097290799777e-01
5.165187949055012329e-01
5.067283475006819637e-01
4.406522676305416053e-01
3.631759740982959395e-01
1.781062093521707801e-01
2.567167091045171046e-01
4.611730037649188763e-01
5.448118038816842645e-01
3.756899785961632654e-01
5.299477319276307830e-01
0.000000000000000000e+00
1.547532922679542289e-01
1.612298970472999526e-01
1.514870160665474919e-01
1.500215798206361029e-01
6.806006602993859567e-02
1.557706925276562127e-01
2.666307497858879660e-01
6.146877087697499159e-02
1.264215214164302048e-01
1.961619960041222355e-01
4.683417222754226311e-02
1.385393123666407988e-01
3.724746766665412712e-01
1.223355117804130199e-01
8.143363719542656698e-02
7.053598168102689914e-02
2.667916654906312690e-01
2.567736181607719881e-01
1.941744209679384936e-01
1.318967881622460925e-01
3.172182180979928046e-02
6.590346873345326317e-02
2.126805394015578998e-01
2.968199016488147768e-01
1.411429600175856114e-01
2.808445985752400231e-01
0.000000000000000000e+00
2.090086297621553124e-01
2.191957104557640812e-01
2.144892144892144858e-01
2.222222222222222654e-01
3.333333333333333148e-01
2.167146442396100103e-01
5.871036477654124619e-01
1.405822854018589085e-01
5.755777398064612083e-01
3.005403687221868680e-01
1.985797462583462902e-01
6.524660635995753744e-01
3.290810108068578654e-01
3.483379289215686181e-01
3.737894037418404425e-01
3.670070816735659935e-01
4.121212121212120549e-01
2.966864235597059252e-01
5.133221590820011837e-01
4.035333536399634546e-01
5.807005494505494969e-01
2.055868145765107347e-01
3.123873873873874163e-01
4.343448828331459843e-01
3.258232441683570069e-01
3.015988372093023062e-01
0.000000000000000000e+00
