3.565479317065444187e-01
3.672911555479337897e-01
3.589624520291685439e-01
3.923139841250204984e-01
3.339906167131297954e-01
3.594674791005451620e-01
9.188538582917390451e-01
1.569309798085440077e-01
6.364904677090957863e-01
2.882321531487587185e-01
2.625422733793040253e-01
7.780123893035901794e-01
3.344978469060428394e-01
2.841956823862681336e-01
1.834457639773607318e-01
3.606730326061338698e-01
3.540087617690817479e-01
1.582910460428603727e-01
7.590554644274800644e-01
2.421626715569266675e-01
6.174337250715511427e-01
1.357309286509702229e-01
2.075060350775248252e-01
5.652119461040545634e-01
4.519682257011576332e-01
1.453090639708169429e-01
0.000000000000000000e+00
1.478587821670980240e-01
1.475938090972429562e-01
1.411366030132344129e-01
1.552835051546391509e-01
1.050847457627118592e-01
1.467515471129951510e-01
6.367346938775509946e-01
1.383647798742138335e-01
3.473389355742297346e-01
3.154761904761904656e-01
2.285714285714285643e-01
3.784055061657585206e-01
2.344527363184079616e-01
2.407523510971786573e-01
1.690647482014388525e-01
5.307392996108950545e-01
2.251082251082251184e-01
1.809592611479403645e-01
3.915510718789407263e-01
2.037302725968436201e-01
2.914572864321607892e-01
2.009499451954694649e-01
1.503746076743950610e-01
4.386465552384835598e-01
2.971428571428570975e-01
1.662337662337662614e-01
0.000000000000000000e+00
7.343660355708547804e-02
7.166416791604196534e-02
5.903187721369538427e-02
6.108597285067873112e-02
1.250000000000000000e-01
6.411863748514448624e-02
3.376623376623376083e-01
0.000000000000000000e+00
2.183288409703504351e-01
0.000000000000000000e+00
0.000000000000000000e+00
3.661202185792350461e-01
0.000000000000000000e+00
6.434446057087567228e-02
0.000000000000000000e+00
7.812500000000000000e-02
8.925318761384334887e-02
0.000000000000000000e+00
0.000000000000000000e+00
0.000000000000000000e+00
0.000000000000000000e+00
8.215867901731777057e-02
1.036363636363636376e-01
1.308593750000000000e-01
0.000000000000000000e+00
0.000000000000000000e+00
0.000000000000000000e+00
3.826778559782585964e-01
3.850370131862861367e-01
3.655156250350657943e-01
3.809547605606272702e-01
2.408055393076284634e-01
3.802985064340753119e-01
6.588570796481560965e-01
2.166761895210560784e-01
4.792258038162736655e-01
3.601664400287951096e-01
2.598126768620164784e-01
5.309529099577549038e-01
3.853999968728029635e-01
3.157877336142802527e-01
2.281414628438946657e-01
3.438080167943254883e-01
3.420531319831371930e-01
3.529755367404885380e-01
6.304847899764222108e-01
2.271441666231885925e-01
2.046793556551255722e-01
1.784370850292009980e-01
4.099977369561073060e-01
5.071925379281609914e-01
4.298815614264397955e-01
3.318590628281181121e-01
0.000000000000000000e+00
1.464423414561168146e-01
1.482535015234163200e-01
1.336016721447748357e-01
1.451265295938048705e-01
5.798730776123779684e-02
1.446269539959884332e-01
4.340926514024965877e-01
4.694857110536461431e-02
2.296573710433535975e-01
1.297198645230156766e-01
6.750262705820660181e-02
2.819109925926078231e-01
1.485331575895565137e-01
9.972189270124362515e-02
5.204852706855216116e-02
1.182039524120472029e-01
1.170003450994734628e-01
1.245917295372359762e-01
3.975110703916133192e-01
5.159447243094287400e-02
4.189363863139738270e-02
3.183979331371831339e-02
1.680981443091293659e-01
2.572442705300090893e-01
1.847981568544339592e-01
1.101304375811568287e-01
0.000000000000000000e+00
2.584719006524941465e-01
2.744235924932975634e-01
2.657712657712657522e-01
2.965571205007824784e-01
3.333333333333333148e-01
2.666152056966940020e-01
8.833156642243036316e-01
1.280716190908574859e-01
6.144662649370380425e-01
2.814482029598308621e-01
2.342904464747923576e-01
7.784008310777573714e-01
3.071001838235293824e-01
2.619994423595725652e-01
1.668178316609186529e-01
3.603045676890533344e-01
3.242848228068446748e-01
1.479904881613084977e-01
6.985073393282201781e-01
2.168504279704047688e-01
7.476851851851852304e-01
1.365616980325063956e-01
2.784102030829459506e-01
5.708701471577777298e-01
3.982924403183024098e-01
1.373988330510069744e-01
0.000000000000000000e+00
