3.548185642281028729e-01
3.625572691506341871e-01
3.568446188666707930e-01
3.800718971505168131e-01
4.384741959611069273e-01
3.589159482083238428e-01
5.531505749520962967e-01
2.683790004054059652e-01
5.396553122187035534e-01
4.082082086690719258e-01
2.665555327602668889e-01
5.998624848487839056e-01
4.287564189899210065e-01
3.299068098133246529e-01
4.089779693542551775e-01
3.744583661330209146e-01
4.801303341804107894e-01
3.133880485313167430e-01
4.831485994504279291e-01
3.489195774779976778e-01
5.095109653885931955e-01
1.651013160752580478e-01
2.503186015651506224e-01
5.612097655863634849e-01
3.252317617540527173e-01
2.924601088939154381e-01
0.000000000000000000e+00
1.481029347136090801e-01
1.519732258385587675e-01
1.464944818427439677e-01
1.598858615611192802e-01
1.627118644067796494e-01
1.501481368300802699e-01
3.458128078817734319e-01
5.729166666666667407e-01
2.683982683982684136e-01
4.506802721088435382e-01
2.513416815742397503e-01
2.669029887150801139e-01
2.396694214876032847e-01
4.844407064760302695e-01
3.298505525476526090e-01
4.907248212831418210e-01
2.988505747126436463e-01
2.753440253440253560e-01
2.843406593406593297e-01
3.165740525072371914e-01
2.465753424657534110e-01
3.785166240409206795e-01
2.065567773942068031e-01
6.719224649211630318e-01
2.536585365853658014e-01
4.000000000000000222e-01
0.000000000000000000e+00
7.114170969592654992e-02
6.566716641679160027e-02
6.021251475796930014e-02
6.561085972850680403e-02
1.250000000000000000e-01
6.900351337902513316e-02
0.000000000000000000e+00
0.000000000000000000e+00
0.000000000000000000e+00
7.493857493857493390e-02
0.000000000000000000e+00
3.435897435897436458e-01
0.000000000000000000e+00
0.000000000000000000e+00
2.156980742778542015e-01
1.063829787234042562e-01
1.111111111111111049e-01
0.000000000000000000e+00
0.000000000000000000e+00
0.000000000000000000e+00
1.532258064516129059e-01
0.000000000000000000e+00
8.260869565217392185e-02
9.738372093023255072e-02
0.000000000000000000e+00
0.000000000000000000e+00
0.000000000000000000e+00
4.300229202016965235e-01
4.342308775993094505e-01
4.140434725211291633e-01
4.286681484224414418e-01
3.640439038207337608e-01
4.311040518336657357e-01
4.850936407500228142e-01
5.463721903634590760e-01
4.501463718622407129e-01
4.620195473918635165e-01
2.710179995521631025e-01
3.537082412821695443e-01
4.874593485298541196e-01
5.490974638176562284e-01
3.054879641143851132e-01
3.825331020835166518e-01
4.374446271994909541e-01
4.363414937612599132e-01
5.567468303799800733e-01
3.383303355512088939e-01
1.950380565536491695e-01
3.049015982228135968e-01
5.472524564480998333e-01
6.692885863162451043e-01
3.790692511561394862e-01
5.592297102175954882e-01
0.000000000000000000e+00
1.849197118987946087e-01
1.885564550606664280e-01
1.714319971373550466e-01
1.837563814719243294e-01
1.325279639090396477e-01
1.858507035074039582e-01
2.353158402961121332e-01
2.985225704025638582e-01
2.026317561007387191e-01
2.134620621721824152e-01
7.345075608125627153e-02
1.251095199509254241e-01
2.376166164691497495e-01
3.015080247709823191e-01
9.332289621875182462e-02
1.463315741896381583e-01
1.913578018657016155e-01
1.903938991778076628e-01
3.099670331381542687e-01
1.144674159541936298e-01
3.803984350422445759e-02
9.296498459882604481e-02
2.994852510884793984e-01
4.479472117731980174e-01
1.436934971720763843e-01
3.127378687900558840e-01
0.000000000000000000e+00
2.214270679856872037e-01
2.324932975871313312e-01
2.197802197802197766e-01
2.488262910798122451e-01
3.333333333333333148e-01
2.279825150825318669e-01
5.374860292623451219e-01
1.833217067782815790e-01
5.521100435336300238e-01
3.961038961038960693e-01
2.815782915420597110e-01
6.592989068018091370e-01
4.138694951664875776e-01
3.013559373853491596e-01
4.171805803992799655e-01
3.775622029540789959e-01
4.722918989223336417e-01
2.901389354282118416e-01
4.480970341162352488e-01
3.337918386061439202e-01
5.740589749813798104e-01
1.567332725852642883e-01
3.102040816326530615e-01
4.959331981819965485e-01
3.026770196991056538e-01
2.635548146384059653e-01
0.000000000000000000e+00
