3.558311196155882206e-01
3.563403595903068544e-01
3.304520442700222826e-01
3.409208522046427992e-01
2.929543754674644451e-01
3.454037565944737542e-01
4.037752497752805647e-01
3.818431299124405709e-02
4.860361020952744249e-01
3.595229706483209497e-01
4.093100873011354945e-01
5.344307226689506418e-01
2.416765692179073943e-01
5.507279094512267381e-01
4.831246360305842535e-01
5.421362286956550314e-01
5.181768282974555939e-01
2.726414005120577633e-01
4.256304088627595461e-01
2.575443860203451840e-01
4.924664147882669707e-01
1.678059109965037154e-01
1.669330392184480705e-01
5.577429707136176695e-01
3.867193539142899650e-01
4.370566645089772884e-01
0.000000000000000000e+00
1.059377899311489818e-01
1.082412660495670337e-01
1.024866053029262203e-01
1.056701030927835044e-01
6.101694915254236851e-02
1.056445382886092577e-01
2.578512396694215281e-01
5.913978494623656212e-02
2.857142857142856984e-01
4.123871770930594427e-01
2.775919732441471943e-01
4.925988837660761344e-01
1.768292682926829174e-01
2.618351841028638272e-01
3.735785565096310101e-01
5.382365657028052031e-01
3.939393939393939226e-01
2.197319270490001863e-01
2.041420118343195422e-01
2.037302725968436201e-01
3.389830508474576121e-01
2.988392681487310742e-01
7.832233913027678018e-02
3.605974131860801846e-01
2.260869565217391020e-01
2.844444444444444442e-01
0.000000000000000000e+00
1.038439472174411821e-01
1.094452773613193292e-01
1.086186540731995387e-01
1.040723981900452677e-01
1.250000000000000000e-01
1.055350348923121129e-01
1.468926553672316171e-01
0.000000000000000000e+00
8.508403361344539506e-02
8.036890645586297621e-02
0.000000000000000000e+00
3.073394495412844485e-01
0.000000000000000000e+00
1.967455621301775481e-01
0.000000000000000000e+00
2.439024390243902385e-01
1.856060606060606077e-01
0.000000000000000000e+00
0.000000000000000000e+00
0.000000000000000000e+00
0.000000000000000000e+00
6.327543424317617904e-02
0.000000000000000000e+00
2.042682926829268442e-01
0.000000000000000000e+00
0.000000000000000000e+00
0.000000000000000000e+00
3.689957572229586313e-01
3.670387524002540203e-01
3.463749347178198268e-01
3.344099887954520844e-01
1.617170282703108974e-01
3.610781174325410348e-01
4.173071686601991237e-01
9.516682497550489617e-02
4.842570411585491730e-01
5.462151536917628780e-01
3.656566665746684430e-01
6.192764521391542765e-01
3.398455717650056829e-01
4.090998797708798040e-01
5.314563417033412174e-01
4.151365549159711232e-01
6.332690065968707982e-01
3.692449686563987199e-01
4.598234739337229149e-01
2.879192859018863682e-01
2.898803346963944039e-01
2.703722229980208835e-01
3.908192106293382762e-01
4.661980796442186104e-01
3.300849969037713549e-01
5.201583002254854815e-01
0.000000000000000000e+00
1.361578688485446109e-01
1.347174457635349765e-01
1.199755954007739739e-01
1.118300406061744218e-01
2.615239723258052859e-02
1.303774068886279225e-01
1.741452730151918649e-01
9.056724575918379330e-03
2.345048819116327676e-01
2.983509941225160889e-01
1.337047978104982382e-01
3.835033241740582466e-01
1.154950126482836154e-01
1.673627116285482941e-01
2.824458431366985156e-01
1.723383592275010978e-01
4.010296347161875774e-01
1.363418468780649428e-01
2.114376271804771779e-01
8.289751519425216097e-02
8.403060844369361626e-02
7.310113896889153251e-02
1.527396553969390947e-01
2.173406494639572029e-01
1.089561051809627701e-01
2.705646572934663485e-01
0.000000000000000000e+00
2.546832245842980402e-01
2.415013404825737120e-01
2.205942205942205692e-01
2.097026604068857880e-01
3.333333333333333148e-01
2.261956662627001013e-01
4.104787381237893218e-01
0.000000000000000000e+00
4.315925111801713343e-01
3.738508682328906541e-01
4.263875312262409012e-01
5.057597593221841992e-01
2.250000000000000056e-01
5.469518190757128862e-01
4.955988048130500756e-01
5.007145773785217635e-01
4.135021097046412963e-01
3.196441522404061542e-01
3.558612440191387671e-01
2.764505119453924964e-01
4.357798165137615198e-01
1.382189748942482255e-01
2.159090909090909116e-01
5.490857752832203342e-01
3.487726475745178134e-01
4.672897196261682207e-01
0.000000000000000000e+00
