2.533077750307155540e-01
2.594467518505640391e-01
2.564181047399829994e-01
2.696596983549207627e-01
3.356695014635677765e-01
2.565845632908803076e-01
5.599367474603850203e-01
1.681282845783403368e-01
5.801964468172980949e-01
3.482033910033822122e-01
2.800608362559232623e-01
5.911396231969345827e-01
4.408329229277429540e-01
4.721740260292990321e-01
4.033219213374698575e-01
3.050313495095661742e-01
5.388773358609511011e-01
3.518998780738870069e-01
4.375103843377076696e-01
3.727103854178774878e-01
5.028122393698026826e-01
1.922370792729385658e-01
2.356700037315102303e-01
4.758803762536241155e-01
2.758848622031993547e-01
3.484619074109351899e-01
0.000000000000000000e+00
9.558572195908003610e-02
9.592415646461630030e-02
9.341942574529468746e-02
9.830633284241531433e-02
1.355932203389830504e-01
9.552623164710828674e-02
4.398496240601503793e-01
1.833333333333333481e-01
4.428571428571428936e-01
5.047619047619047450e-01
3.210059171597633432e-01
2.958483551149165836e-01
4.202898550724637472e-01
3.395225464190981812e-01
3.648239303294206759e-01
4.210917830167086318e-01
3.494623655913978166e-01
2.697141586030474825e-01
2.307692307692307543e-01
5.130984643179764548e-01
2.894736842105263275e-01
4.475703324808184003e-01
1.515349322988548408e-01
3.982330499966535431e-01
3.339449541284403300e-01
2.938775510204081898e-01
0.000000000000000000e+00
3.786574870912219615e-02
4.167916041979009834e-02
4.132231404958677107e-02
5.203619909502262691e-02
1.250000000000000000e-01
3.985081022075501883e-02
3.421052631578946901e-01
0.000000000000000000e+00
0.000000000000000000e+00
0.000000000000000000e+00
0.000000000000000000e+00
1.395833333333333648e-01
0.000000000000000000e+00
2.299049265341400194e-01
0.000000000000000000e+00
0.000000000000000000e+00
1.209876543209876532e-01
0.000000000000000000e+00
1.530612244897958940e-01
0.000000000000000000e+00
0.000000000000000000e+00
0.000000000000000000e+00
0.000000000000000000e+00
7.754629629629629373e-02
0.000000000000000000e+00
0.000000000000000000e+00
0.000000000000000000e+00
2.323349224006978075e-01
2.346736456265717807e-01
2.265686081733419011e-01
2.280032855068262199e-01
2.098606937016462837e-01
2.329741383622689899e-01
4.520523014109035231e-01
2.375886187679672468e-01
4.326927741739397537e-01
4.848165789411947313e-01
2.982480527756756761e-01
4.055340202309821174e-01
5.348987638508496678e-01
4.118222829967307375e-01
3.125031945384453280e-01
3.246588661248490104e-01
4.555301683548061975e-01
5.130405472354807594e-01
3.416451192557312666e-01
3.960983278790616291e-01
2.245320409483935742e-01
2.611213800529351148e-01
4.654104179385757378e-01
4.862931190394415015e-01
3.899603696039829481e-01
4.684921955258019022e-01
0.000000000000000000e+00
5.397951616693827392e-02
5.507171995166579986e-02
5.133333420960533439e-02
5.198549820190731530e-02
4.404151076093620887e-02
5.427694914564166334e-02
2.043512832108943800e-01
5.644835176807046911e-02
1.872230368223399832e-01
2.350471152162436905e-01
8.895190098448223226e-02
1.644578415647025837e-01
2.861166875691670275e-01
1.695975927726393329e-01
9.765824659673337516e-02
1.054033793534726177e-01
2.075077342813580750e-01
2.632106031076816288e-01
1.167213875112628335e-01
1.568938853485886131e-01
5.041463741245108543e-02
6.818437512074937423e-02
2.166068571257597497e-01
2.364809976251084633e-01
1.520690898616749998e-01
2.194849372685861999e-01
0.000000000000000000e+00
2.218480319932645550e-01
2.249865951742627268e-01
2.222222222222222099e-01
2.331768388106416623e-01
3.333333333333333148e-01
2.284098108482837119e-01
5.246689642662796249e-01
1.223021582733812979e-01
5.790496928221479100e-01
3.375494071146245001e-01
2.581221015183279288e-01
6.426922243764398024e-01
3.540209790209790652e-01
4.494949494949495028e-01
4.021879815593792928e-01
2.943859358155734296e-01
4.942363112391930380e-01
3.968239605483418475e-01
4.263652087966394721e-01
3.439490445859872403e-01
5.402843601895734871e-01
1.916167664670658799e-01
3.166666666666666519e-01
4.858507251503360047e-01
2.435217302591307920e-01
3.448275862068965747e-01
0.000000000000000000e+00
