3.150204527498582374e-01
3.223210949985315654e-01
3.188421404943582171e-01
3.422312626270101465e-01
4.259472890229833997e-01
3.201427121528941377e-01
6.479174888153743650e-01
1.947300416626035480e-01
6.377355484230761151e-01
3.586071223059579260e-01
1.866121731037575227e-01
6.028675005369443785e-01
4.285538763435727816e-01
3.766885638509276379e-01
3.500801205216145795e-01
3.844803522346333380e-01
5.248455861402105960e-01
3.088657822996608848e-01
5.956848146535844712e-01
3.997762447380619477e-01
5.497535111347237047e-01
1.287581917182123170e-01
2.177240282558296214e-01
3.504898834949866648e-01
3.721698255724066318e-01
3.226481403726674801e-01
0.000000000000000000e+00
1.104057815323013780e-01
1.149721309843734496e-01
1.141640335210880597e-01
1.241715758468335679e-01
1.186440677966101725e-01
1.133720842654749594e-01
5.539223781998348084e-01
2.260273972602739878e-01
2.567287784679089246e-01
3.427395649617871465e-01
2.301061007957559690e-01
4.156931396679030000e-01
3.641552511415524496e-01
2.302848575712143908e-01
3.462353404947275393e-01
5.106150590483992113e-01
4.561403508771929016e-01
2.696549789942420117e-01
2.948717948717948234e-01
5.060697182314288778e-01
2.933333333333333348e-01
4.055376403869676571e-01
1.735683238163748254e-01
2.898065725185731134e-01
3.649122807017542991e-01
2.560000000000000053e-01
0.000000000000000000e+00
1.422834193918531276e-01
1.490254872563718247e-01
1.157024793388429784e-01
1.380090497737556654e-01
1.250000000000000000e-01
1.399001692876522540e-01
2.311111111111111005e-01
0.000000000000000000e+00
2.929475587703436190e-01
0.000000000000000000e+00
0.000000000000000000e+00
3.884057971014493460e-01
0.000000000000000000e+00
1.401475237091675541e-01
1.748188405797101441e-01
1.546391752577319645e-01
9.809809809809809378e-02
0.000000000000000000e+00
8.670520231213872664e-02
0.000000000000000000e+00
1.711711711711711714e-01
0.000000000000000000e+00
0.000000000000000000e+00
1.213768115942028963e-01
0.000000000000000000e+00
0.000000000000000000e+00
0.000000000000000000e+00
3.134260763529856941e-01
3.179571303825193818e-01
3.077589044861590573e-01
3.169315780451144593e-01
3.017295671141795865e-01
3.165726331298908680e-01
5.543238666100911427e-01
2.847119631848255006e-01
3.476954763478383725e-01
4.861503971677962888e-01
2.356620020884542255e-01
4.421765759165999232e-01
5.498365916639021966e-01
3.286849653082060674e-01
3.116738446437737342e-01
3.945671083982393301e-01
5.976979757525691106e-01
4.244299103569298959e-01
4.320837125766908704e-01
4.754395655812782562e-01
2.152866186643024038e-01
2.403031509276000455e-01
4.161249393453691492e-01
4.277196480548698942e-01
4.357482113140175861e-01
4.810711290999534206e-01
0.000000000000000000e+00
9.823590533802763203e-02
1.010967367610864642e-01
9.471554329052078725e-02
1.004456251621664992e-01
9.104073167091017438e-02
1.002182320467925047e-01
3.072749490935620664e-01
8.106090198055743157e-02
1.208921442727502599e-01
2.363422086664060673e-01
5.553657922833862143e-02
1.955201242893285785e-01
3.023202775325766756e-01
1.080338064196566111e-01
9.714058543503117926e-02
1.556832030297479463e-01
3.572428702187186444e-01
1.801407488055915829e-01
1.866963346740564134e-01
2.260427805201146167e-01
4.634832817590876092e-02
5.774560434573293433e-02
1.731599651451871669e-01
1.829440973321817820e-01
1.898765036633657255e-01
2.314294312535040143e-01
0.000000000000000000e+00
2.412123763418227707e-01
2.490080428954423719e-01
2.336182336182335839e-01
2.550860719874804561e-01
3.333333333333333148e-01
2.474820626034631155e-01
6.199498467539703572e-01
1.231884057971014551e-01
6.088537211291702445e-01
3.418430884184308627e-01
1.912064190289996524e-01
6.314097593900980243e-01
3.750000000000000000e-01
3.823024054982817610e-01
3.272160062007147818e-01
3.481822836661545573e-01
5.051546391752577136e-01
3.337698996495508941e-01
5.717405547062677229e-01
3.461538461538461453e-01
5.782608695652173836e-01
1.162404919889949984e-01
2.886075949367088445e-01
3.484360969769531025e-01
2.982258870564717390e-01
2.962962962962962798e-01
0.000000000000000000e+00
