3.054393271324776782e-01
3.115137010549246521e-01
3.057555463346873226e-01
3.253774634825745693e-01
4.109377178859830448e-01
3.087306796598366931e-01
5.594159377231824326e-01
1.820227087881985950e-01
6.039296959213849014e-01
3.700790687650565292e-01
2.568104564886757313e-01
5.045949928792476946e-01
5.388184328811719270e-01
3.782425583467454167e-01
3.447470620778925743e-01
3.756079860974530504e-01
5.182418273382609630e-01
3.559120639191062363e-01
5.550642306012810723e-01
3.624087776539461903e-01
4.979907193139495036e-01
1.710793340329698209e-01
2.837638927066260530e-01
4.670435183869735551e-01
3.343358429067342374e-01
2.955033498279469595e-01
0.000000000000000000e+00
2.006933932320914271e-01
2.113192992933214109e-01
2.074002839217841399e-01
2.270802650957289837e-01
2.101694915254237184e-01
2.081090889081680384e-01
5.886792452830188482e-01
2.619047619047619180e-01
2.811791383219954810e-01
4.070660522273425452e-01
2.447552447552447663e-01
2.723687983940349389e-01
4.393939393939393923e-01
2.716180371352785450e-01
2.851290396254425041e-01
4.032857760484219733e-01
4.421768707482993110e-01
4.152590090090089725e-01
2.721893491124260378e-01
4.166513845589583376e-01
3.076923076923077094e-01
3.031853057428504639e-01
2.344766554546852122e-01
4.292120435618193564e-01
2.653061224489795533e-01
3.282051282051282048e-01
0.000000000000000000e+00
9.523809523809521893e-02
9.055472263868065419e-02
7.674144037780400440e-02
1.063348416289592868e-01
1.250000000000000000e-01
9.093051011065705902e-02
1.494252873563218231e-01
0.000000000000000000e+00
0.000000000000000000e+00
3.932946486137975373e-02
0.000000000000000000e+00
1.691919191919192267e-01
0.000000000000000000e+00
0.000000000000000000e+00
1.206249999999999961e-01
6.493506493506494281e-02
7.357357357357356686e-02
0.000000000000000000e+00
0.000000000000000000e+00
0.000000000000000000e+00
0.000000000000000000e+00
0.000000000000000000e+00
3.774834437086092842e-02
6.296992481203006475e-02
0.000000000000000000e+00
0.000000000000000000e+00
0.000000000000000000e+00
3.683864761360165496e-01
3.745335868549267699e-01
3.589782666931721766e-01
3.696246040866228433e-01
3.309804513511535040e-01
3.715977556221368161e-01
6.169803677267479136e-01
2.592366215274026775e-01
4.023810375509938031e-01
4.235218864854788934e-01
2.787278661542472724e-01
3.470118634420569226e-01
6.475033850201247221e-01
3.851788014787445591e-01
2.647560476173296262e-01
3.105466697193321468e-01
4.804065962565711168e-01
4.733782606491314660e-01
4.397485910127944542e-01
3.603699895825440147e-01
1.981120342806865497e-01
2.586374124040980438e-01
4.856332118979636014e-01
4.886107974162253731e-01
3.715981611253761918e-01
4.955423473564917747e-01
0.000000000000000000e+00
1.357085957999119297e-01
1.402754076824170304e-01
1.288653959580342567e-01
1.366223479461927126e-01
1.095480591766132550e-01
1.380848919834093136e-01
3.806647741602330326e-01
6.720362594094178577e-02
1.619104993806143034e-01
1.793707883322188668e-01
7.768922337089997909e-02
1.204172333695287117e-01
4.192606336125198618e-01
1.483627091086021088e-01
7.009576474994970441e-02
9.643923407376796264e-02
2.307904977268241120e-01
2.240869776551970838e-01
1.933788232977379506e-01
1.298665293917229124e-01
3.924837812683192040e-02
6.689331109508750428e-02
2.358396164983324605e-01
2.387405113517196420e-01
1.380851933517610597e-01
2.455622180235819130e-01
0.000000000000000000e+00
2.439486423910755264e-01
2.447184986595173917e-01
2.364672364672364413e-01
2.488262910798122451e-01
3.333333333333333148e-01
2.477910941770632425e-01
5.050067421810879864e-01
1.316394228847767855e-01
5.849029536313353761e-01
3.487845224395856869e-01
2.332802791473897464e-01
5.491215149967683118e-01
4.585493334852455138e-01
3.791306004681800901e-01
3.501826852182531313e-01
3.866209830591550434e-01
5.006459189665295462e-01
3.750626132385430078e-01
5.146418678274633507e-01
3.529962871716575967e-01
5.588235294117647189e-01
1.704896207610524794e-01
3.472170686456400590e-01
4.451244281010817705e-01
3.117816091954023205e-01
2.916164694210190422e-01
0.000000000000000000e+00
