2.901871562384797931e-01
2.931878086890314927e-01
2.860321104708001827e-01
2.972303118178150072e-01
4.277449840925792168e-01
2.911276198230175472e-01
4.029731272504479267e-01
2.482516306111222371e-01
6.008617762254920835e-01
4.087784437924349978e-01
3.484017986023767444e-01
4.260016865062880020e-01
4.317625098266407169e-01
5.253388707979494976e-01
5.306976530152256455e-01
3.013036857311889305e-01
6.034500097688876297e-01
4.492313096538262940e-01
3.558069608519756621e-01
3.103938873529684117e-01
4.254672499622618731e-01
1.847907764920656837e-01
2.324641376123307845e-01
5.303539697419855647e-01
2.610911732239925565e-01
4.105455389986932824e-01
0.000000000000000000e+00
1.529859856438302856e-01
1.524460037822235603e-01
1.492879058478728815e-01
1.565721649484535793e-01
1.932203389830508544e-01
1.523211457906987754e-01
4.076655052264808177e-01
3.055555555555555802e-01
2.952380952380952439e-01
5.313283208020049830e-01
3.509615384615384914e-01
3.916600946372238989e-01
3.866666666666666585e-01
3.484573502722322913e-01
4.608045271100193463e-01
3.754053177691309973e-01
4.561403508771929016e-01
4.252923135901858775e-01
2.095141700404858087e-01
4.947735191637630536e-01
2.608695652173912971e-01
3.596837944664031395e-01
1.949796449821172284e-01
5.016164354990093610e-01
2.736842105263157521e-01
3.657142857142857140e-01
0.000000000000000000e+00
7.630522088353412780e-02
8.155922038980509270e-02
6.965761511216056467e-02
7.013574660633484226e-02
1.250000000000000000e-01
7.475392375132522416e-02
0.000000000000000000e+00
0.000000000000000000e+00
0.000000000000000000e+00
0.000000000000000000e+00
0.000000000000000000e+00
0.000000000000000000e+00
0.000000000000000000e+00
0.000000000000000000e+00
0.000000000000000000e+00
0.000000000000000000e+00
1.175059952038369215e-01
0.000000000000000000e+00
0.000000000000000000e+00
0.000000000000000000e+00
0.000000000000000000e+00
0.000000000000000000e+00
0.000000000000000000e+00
0.000000000000000000e+00
0.000000000000000000e+00
0.000000000000000000e+00
0.000000000000000000e+00
3.370813113078691137e-01
3.365493292740063258e-01
3.227116928231726911e-01
3.238816380173782372e-01
2.786729923497484607e-01
3.354922555010672602e-01
4.227027724497310346e-01
2.847205424524171247e-01
3.793139330936521336e-01
4.836992220221493777e-01
2.968475192917314209e-01
3.919552782634032617e-01
4.935339378951402178e-01
4.636834730943072969e-01
3.378483084486857413e-01
3.157567525115047014e-01
5.690957888733998438e-01
5.030965378930563059e-01
3.685820461811253890e-01
3.449251158477334989e-01
1.700238419691510461e-01
2.461080431333294294e-01
4.142596244146394824e-01
5.200443403758246985e-01
3.490156238430963120e-01
5.356983927061379491e-01
0.000000000000000000e+00
1.136238104330325738e-01
1.132654510347835403e-01
1.041428366847978043e-01
1.048993154448200488e-01
7.765863666516295560e-02
1.125550535011933945e-01
1.786776338366890815e-01
8.106578729439863074e-02
1.438790598389755870e-01
2.339649373848325942e-01
8.811844970965485024e-02
1.536289401585418102e-01
2.435757478542840970e-01
2.150023632207991309e-01
1.141414795216382783e-01
9.970232675661161448e-02
3.238700169134373086e-01
2.531061264399794286e-01
1.358527247670652804e-01
1.189733355425723754e-01
2.890810683795084005e-02
6.056916889491674449e-02
1.716110364201581806e-01
2.704461159569267470e-01
1.218119056865857031e-01
2.869727679479396332e-01
0.000000000000000000e+00
2.146916438644495828e-01
2.157640750670241081e-01
2.091982091982091951e-01
2.143974960876369740e-01
3.888888888888888395e-01
2.154917309816625215e-01
3.758445945945945721e-01
2.179487179487179516e-01
6.005132591958939337e-01
3.868921775898519488e-01
3.636725679736432792e-01
4.443971210431330032e-01
3.869426751592356384e-01
4.985994397759103691e-01
5.303469239795953749e-01
2.959665947781397466e-01
5.632183908045976795e-01
4.542791510415644662e-01
3.331466965285554416e-01
2.941176470588235392e-01
4.755168661588683454e-01
1.807172172508914876e-01
2.999999999999999889e-01
4.934685936631462155e-01
2.479227253842958278e-01
4.072398190045248834e-01
0.000000000000000000e+00
