2.592746276789830162e-01
2.629009355192439834e-01
2.582332100865251112e-01
2.747095358718345537e-01
2.896338865587987366e-01
2.604410921243190957e-01
5.855121271714641695e-01
1.561179390764557695e-01
6.302241287105422307e-01
3.981730698887738784e-01
2.379218208400769308e-01
6.106146094103696020e-01
4.480860967918193771e-01
3.844827236642427426e-01
2.866773417718133654e-01
3.382082525680414342e-01
4.479463004604707921e-01
2.633056512583985542e-01
7.081277237925535095e-01
3.055693372087827098e-01
5.835048824514195154e-01
1.435765757603991166e-01
2.473565180042200107e-01
4.980598076640228022e-01
4.074758007802981585e-01
2.961565450922162834e-01
0.000000000000000000e+00
9.060501001025440815e-02
9.537672937195182388e-02
8.865686678573064805e-02
9.039027982326951205e-02
7.796610169491524633e-02
8.981209670075693263e-02
3.842364532019704737e-01
2.083333333333333426e-01
3.019480519480519654e-01
4.143567874911158189e-01
2.919580419580419806e-01
5.086927614547820387e-01
3.400335008375209300e-01
3.358320839580209993e-01
3.147205312672938793e-01
3.922984033275190852e-01
5.591397849462365066e-01
2.488241918388977014e-01
3.424317617866004526e-01
2.976371951219511924e-01
3.599999999999999867e-01
2.789508118717659024e-01
1.475920816332147723e-01
4.188340807174888991e-01
2.599999999999999534e-01
2.509803921568627416e-01
0.000000000000000000e+00
4.360298336201949565e-02
4.857571214392802927e-02
4.840613931523022467e-02
4.524886877828054182e-02
1.250000000000000000e-01
4.513051865665471812e-02
9.737827715355804048e-02
0.000000000000000000e+00
0.000000000000000000e+00
0.000000000000000000e+00
0.000000000000000000e+00
0.000000000000000000e+00
0.000000000000000000e+00
0.000000000000000000e+00
0.000000000000000000e+00
9.803921568627450844e-02
1.158392434988179537e-01
0.000000000000000000e+00
0.000000000000000000e+00
0.000000000000000000e+00
0.000000000000000000e+00
0.000000000000000000e+00
0.000000000000000000e+00
1.550925925925925875e-01
0.000000000000000000e+00
0.000000000000000000e+00
0.000000000000000000e+00
2.676943134464788709e-01
2.688046866347653663e-01
2.529442185179571756e-01
2.578709742219811307e-01
1.956488384117633650e-01
2.646821200113163575e-01
4.648916004040828942e-01
3.012922446793699360e-01
4.181417398559830190e-01
4.473645243425077300e-01
2.889448399212188878e-01
5.566843025958173596e-01
5.718230073897008214e-01
4.447072219913260627e-01
3.381159114936467813e-01
3.122653625996515969e-01
5.946345069954516172e-01
3.821572381051686618e-01
6.290644540920791172e-01
3.788033534757915266e-01
2.637867227691380045e-01
2.442854970750020227e-01
4.534068032320345831e-01
4.554565706302116657e-01
4.164354001520886306e-01
4.755965002905968575e-01
0.000000000000000000e+00
7.166024545158167225e-02
7.225595955681440863e-02
6.398077768166009205e-02
6.649743934619367636e-02
3.827846797187229450e-02
7.005662465368486802e-02
2.161242001262694834e-01
9.077701670393328870e-02
1.748425146097885574e-01
2.001350176401981706e-01
8.348912051709882209e-02
3.098974127565914394e-01
3.269815517802017735e-01
1.977645132912425052e-01
1.143223696051795524e-01
9.750965667949186566e-02
3.535901969097238196e-01
1.460441546361705978e-01
3.957220874021655788e-01
1.434919806045054647e-01
6.958343510928205466e-02
5.967540408118082729e-02
2.055777292170929693e-01
2.074406877302330254e-01
1.734184424998301555e-01
2.261920310886637031e-01
0.000000000000000000e+00
2.033256156598610975e-01
2.009651474530830817e-01
2.124542124542124211e-01
2.097026604068857880e-01
2.777777777777777901e-01
2.062656990725013628e-01
5.885566417481310486e-01
0.000000000000000000e+00
6.218080556212801646e-01
3.728036669213139476e-01
2.507856341189674265e-01
6.345531550543651589e-01
4.084033613445378630e-01
3.647540983606557541e-01
2.756847571530394170e-01
3.562113932738503741e-01
4.036243822075782361e-01
2.643080124869927050e-01
6.543597800471327997e-01
2.812500000000000000e-01
6.834532374100719121e-01
1.364997278170931028e-01
3.153191489361701905e-01
4.479147624892277912e-01
4.034820824881676926e-01
2.702702702702702853e-01
0.000000000000000000e+00
