3.087233485309288650e-01
3.107017952136761352e-01
3.046840673602026484e-01
3.055783252432113239e-01
2.766791323859386642e-01
3.076816218913665524e-01
1.936198476802120927e-01
1.156123392381805809e-01
6.375812979520749657e-01
4.829652192871835004e-01
3.236411035952156956e-01
2.937224420905542588e-01
3.133422753173042974e-01
6.418697381888563980e-01
8.001837153153106286e-01
3.953018975221440079e-01
3.854837205563252933e-01
6.851452776405045908e-01
2.691294455259078955e-01
2.685649054405601088e-01
2.896219731667374342e-01
1.939974712795226042e-01
2.536664403628061670e-01
3.990463676670495952e-01
1.500148116957845112e-01
5.528071705398395208e-01
0.000000000000000000e+00
1.544509009228966501e-01
1.621628346770180307e-01
1.560195997618720465e-01
1.736008836524300381e-01
1.898305084745762761e-01
1.590884304432070295e-01
3.120000000000000551e-01
2.009132420091324367e-01
3.406593406593406703e-01
7.681159420289854767e-01
3.132754342431762207e-01
2.756233154776781547e-01
2.648401826484018118e-01
7.469496021220159987e-01
6.608894702419882972e-01
6.153600816482746039e-01
2.653061224489795533e-01
5.724474474474473551e-01
2.518248175182481452e-01
4.971811761913239036e-01
2.399999999999999911e-01
3.845212943400422301e-01
3.053658484204196388e-01
4.753363228699552523e-01
1.813953488372092859e-01
5.565217391304347894e-01
0.000000000000000000e+00
9.523809523809521893e-02
1.052473763118440681e-01
9.445100354191263148e-02
9.728506787330318262e-02
1.250000000000000000e-01
9.812171616951448350e-02
0.000000000000000000e+00
0.000000000000000000e+00
0.000000000000000000e+00
0.000000000000000000e+00
0.000000000000000000e+00
0.000000000000000000e+00
0.000000000000000000e+00
0.000000000000000000e+00
3.711538461538461675e-01
0.000000000000000000e+00
9.693372898120672376e-02
0.000000000000000000e+00
0.000000000000000000e+00
0.000000000000000000e+00
0.000000000000000000e+00
0.000000000000000000e+00
0.000000000000000000e+00
0.000000000000000000e+00
0.000000000000000000e+00
0.000000000000000000e+00
0.000000000000000000e+00
3.317388447161578324e-01
3.316225176168877686e-01
3.181086399218211458e-01
3.195991898414394794e-01
2.288636538422955113e-01
3.309053953239129986e-01
3.150155192941790361e-01
2.063755052691427783e-01
4.590040689510175853e-01
6.287360195240689897e-01
3.121338415971957603e-01
3.701838037690637906e-01
3.986546095152040947e-01
6.924640259711900558e-01
5.264287688801259080e-01
4.212299386286246228e-01
4.079695389497877689e-01
6.124605309538634357e-01
3.234625250853949141e-01
3.758613068649895306e-01
1.606884499809049793e-01
2.682287551271211323e-01
5.290202320371772959e-01
4.843359768450167802e-01
2.596594908715075256e-01
6.355527285167513751e-01
0.000000000000000000e+00
1.100506610936110713e-01
1.099734941905630425e-01
1.011931067929108669e-01
1.021436421473044809e-01
5.237857205004606970e-02
1.094983806544751609e-01
9.923477739618129234e-02
4.259084917509396717e-02
2.106847353135905265e-01
3.953089822469704195e-01
9.742753507022329507e-02
1.370360485729326672e-01
1.589254976877198522e-01
4.795064272642289849e-01
2.771272487046449462e-01
1.774346611970748500e-01
1.664391447109023758e-01
3.751079019762882383e-01
1.046280051346197282e-01
1.412717219982578543e-01
2.582077795726580097e-02
7.194666507704511327e-02
2.798624059046688761e-01
2.345813384664166557e-01
6.742305119965050220e-02
4.039272707250875505e-01
0.000000000000000000e+00
2.367922542622605542e-01
2.346380697050938213e-01
2.344322344322344320e-01
2.143974960876369740e-01
2.222222222222222099e-01
2.333325116251463993e-01
1.670563644326827080e-01
4.563821317576641223e-02
6.496929164035081250e-01
4.574842747340783222e-01
3.285521885521885399e-01
3.001404026143152937e-01
2.888736263736263465e-01
6.120345849490841372e-01
7.840791048703958932e-01
3.528550241008527322e-01
3.364232885042354182e-01
6.814788361254383586e-01
2.554751981322219700e-01
2.459137691979522422e-01
3.274111172697758976e-01
1.903009205040930296e-01
3.041925950878912044e-01
3.928760334216431227e-01
1.167543763248029692e-01
5.586766541822720811e-01
0.000000000000000000e+00
