2.449819955562386464e-01
2.469599128936418586e-01
2.410057500854948798e-01
2.495578030956477622e-01
3.509044006533054150e-01
2.451351818918965364e-01
3.997795739149772598e-01
2.586843541650738487e-01
6.307215808715812555e-01
3.943575558555003080e-01
3.271006591465926983e-01
5.069240952599218808e-01
4.231611102734942897e-01
4.478668327038984320e-01
5.159044860774586461e-01
3.519093025375438222e-01
5.048271017256975579e-01
4.040698832575274624e-01
4.314648297255018750e-01
2.724447901343300393e-01
4.256726634947630705e-01
1.826322660863642644e-01
2.383018001051106227e-01
5.011599230744131495e-01
3.886758067215456691e-01
4.182490959632344518e-01
0.000000000000000000e+00
1.078910103032374584e-01
1.068104906937394211e-01
9.776984017951183270e-02
1.111008836524300381e-01
1.389830508474576287e-01
1.066401315240113057e-01
5.402597402597403287e-01
3.525641025641025883e-01
4.953007518796992970e-01
5.126488095238095344e-01
3.769230769230769718e-01
3.729677262800290549e-01
3.506044905008635082e-01
4.157921039480260150e-01
4.351851851851851749e-01
5.505165705085200978e-01
5.833333333333332593e-01
4.056352270637984536e-01
3.040865384615384359e-01
3.463414634146341764e-01
3.380281690140845008e-01
3.596837944664031395e-01
2.858010674149177865e-01
7.305077390423838635e-01
3.586206896551723533e-01
3.918367346938775864e-01
0.000000000000000000e+00
7.917383820998277755e-02
7.466266866566716176e-02
9.208972845336479973e-02
7.466063348416290824e-02
1.250000000000000000e-01
7.930625535251509262e-02
0.000000000000000000e+00
0.000000000000000000e+00
0.000000000000000000e+00
0.000000000000000000e+00
0.000000000000000000e+00
0.000000000000000000e+00
0.000000000000000000e+00
0.000000000000000000e+00
1.945564516129032195e-01
0.000000000000000000e+00
9.496124031007750765e-02
0.000000000000000000e+00
0.000000000000000000e+00
0.000000000000000000e+00
0.000000000000000000e+00
0.000000000000000000e+00
0.000000000000000000e+00
0.000000000000000000e+00
0.000000000000000000e+00
0.000000000000000000e+00
0.000000000000000000e+00
2.308447238844680283e-01
2.313188566866482831e-01
2.183186542955436460e-01
2.224700783488096634e-01
2.323835440521443974e-01
2.294009229237993497e-01
4.571534732469276219e-01
3.473354881393466709e-01
4.684741131160528038e-01
4.824292082835921480e-01
3.146553143463829416e-01
4.433839949918237378e-01
5.209818778603286793e-01
4.256092502992659954e-01
3.647297425198825493e-01
3.455514216441882280e-01
5.219911639656517055e-01
4.938849581800303645e-01
4.189932421905491755e-01
3.137150176877578356e-01
1.980788445295649791e-01
2.517270586045331493e-01
5.331856882667962427e-01
5.772002897991784787e-01
4.846555966776970314e-01
5.641759217217846567e-01
0.000000000000000000e+00
5.328928654529628550e-02
5.350841345881812705e-02
4.766303481341710446e-02
4.949293576052551935e-02
5.400211154623493076e-02
5.262478343829092575e-02
2.089892981017293372e-01
1.206419413209982305e-01
2.194679946598722398e-01
2.327379410051334807e-01
9.900796684642108880e-02
1.965893670149095329e-01
2.714221170588744236e-01
1.811432339403032388e-01
1.330277850786197869e-01
1.194057850003195503e-01
2.724747752582158955e-01
2.439223519164903653e-01
1.755553370013482051e-01
9.841711232283020805e-02
3.923522865016756955e-02
6.336651203369006446e-02
2.842869781725373413e-01
3.331601745442556717e-01
2.348910473910146013e-01
3.182944706506252719e-01
0.000000000000000000e+00
1.986950115765101776e-01
1.973190348525469262e-01
1.945461945461945397e-01
1.924882629107981247e-01
3.333333333333333148e-01
2.008750023695068387e-01
3.891096979332273609e-01
2.023809523809523836e-01
6.052510363887609879e-01
3.839160839160838945e-01
3.147525781536871792e-01
5.483928003334138657e-01
3.724137931034482429e-01
4.362745098039215730e-01
5.476666896266703111e-01
3.314652815746309544e-01
4.507227332457292568e-01
4.101914982838150703e-01
4.078335373317013568e-01
2.571428571428571175e-01
4.750000000000000333e-01
1.781437125748502881e-01
2.923076923076923239e-01
5.043985789206564263e-01
3.240564756991582973e-01
4.166666666666666297e-01
0.000000000000000000e+00
