4.566676109486828006e-01
4.709291469654947604e-01
4.683485952781411554e-01
5.053760383451469940e-01
4.882572924457740937e-01
4.651049138170722519e-01
8.046030251774037856e-01
2.158688569973662708e-01
5.859791034944836774e-01
2.973136585780374874e-01
2.083316855084638985e-01
6.813032632362698848e-01
3.383348660323307056e-01
3.192648362410077656e-01
2.170287603189527958e-01
3.231968248243525244e-01
4.005976807586547617e-01
2.677262952319106049e-01
7.187483999752636299e-01
4.175462697964972270e-01
5.327523860381819798e-01
1.706115438263000328e-01
2.686821796261588124e-01
4.880818939990214655e-01
3.382967694951492521e-01
2.243829762548078532e-01
0.000000000000000000e+00
2.799453098295815456e-01
2.892530108490096730e-01
2.778312039199523631e-01
3.141568483063328365e-01
2.033898305084745617e-01
2.852711209698294836e-01
6.594752186588921372e-01
2.928994082840237212e-01
2.113218731475992873e-01
2.913987512813344116e-01
1.616090331686662052e-01
2.715205047318611786e-01
2.706666666666666665e-01
2.811333186909729664e-01
1.813564454558801997e-01
4.044550744297290557e-01
2.321428571428571230e-01
2.202136691665487200e-01
6.595357305416476024e-01
3.003982080637132568e-01
2.230919765166340385e-01
2.816779914950287012e-01
1.401812182315600175e-01
3.150848861828176584e-01
2.815286624203821586e-01
1.691629955947136776e-01
0.000000000000000000e+00
2.604704532415375584e-01
2.797601199400299721e-01
2.561983471074379959e-01
2.692307692307692735e-01
2.500000000000000000e-01
2.613814313654820309e-01
6.576332429990965345e-01
0.000000000000000000e+00
6.846999154691463252e-02
1.640667025282409666e-02
0.000000000000000000e+00
2.375886524822695134e-01
0.000000000000000000e+00
1.698052984360038375e-01
0.000000000000000000e+00
1.035502958579881672e-01
8.333333333333331483e-02
0.000000000000000000e+00
1.376146788990825764e-01
2.662721893491124328e-02
1.743119266055045968e-01
7.544378698224853130e-02
1.443037974683544222e-01
2.005988023952095800e-01
0.000000000000000000e+00
0.000000000000000000e+00
0.000000000000000000e+00
5.863686884954324441e-01
6.033524616746834823e-01
5.793435820139444248e-01
6.166117474111746377e-01
3.832898116873097449e-01
5.959322004734646239e-01
6.746725109010048849e-01
3.137234602727321242e-01
3.249498348901678213e-01
3.524218450693564209e-01
2.092049036396614048e-01
3.865458545642219690e-01
4.539058321753012271e-01
3.478120985571147572e-01
2.621862469077660407e-01
3.155302085922194744e-01
3.729697504315415135e-01
4.047379998241701915e-01
8.284363926131638189e-01
3.539450932548712236e-01
1.772432740973140519e-01
2.313194738885072654e-01
3.944166129354208516e-01
4.573001013051366526e-01
3.370685058197978035e-01
2.833650356436365758e-01
0.000000000000000000e+00
3.438282388478535734e-01
3.640341930089003863e-01
3.356389860207479314e-01
3.802100470454622960e-01
1.469110797432933435e-01
3.551351875611456488e-01
4.551829969654665464e-01
9.842240952549652366e-02
1.055923951951473067e-01
1.242011568820894918e-01
4.376669170688002319e-02
1.494176976807846391e-01
2.060305044827526744e-01
1.209732559027040660e-01
6.874162806758005173e-02
9.955931253424954441e-02
1.391064347369664056e-01
1.638128485016700220e-01
6.863068566059121745e-01
1.252771290391994918e-01
3.141517821273559496e-02
5.350869900005580243e-02
1.555644645594496112e-01
2.091233826536882390e-01
1.136151776155910759e-01
8.029574342531943520e-02
0.000000000000000000e+00
3.340349400126289003e-01
3.384450402144771886e-01
3.312983312983312500e-01
3.661971830985915610e-01
4.444444444444444198e-01
3.369113425176685217e-01
7.440188913403198434e-01
1.717346938775510257e-01
5.747423728046809899e-01
3.070600229387026592e-01
2.047116138554494480e-01
7.647477186473610189e-01
2.363581676428923029e-01
2.873417470333770041e-01
2.254068030665347944e-01
3.175288003801814418e-01
3.848872384852533579e-01
2.806658955141378420e-01
6.504072508347018555e-01
3.699332882958960012e-01
5.996920243840486719e-01
1.687664211053115371e-01
3.240029537416173611e-01
4.698135758907556747e-01
2.828481772603839706e-01
2.185478788682874984e-01
0.000000000000000000e+00
