3.186531840502367929e-01
3.241811945901484360e-01
3.272849163336922773e-01
3.278835022442471714e-01
3.778181429639919098e-01
3.224060401940756493e-01
4.759461728621756094e-01
2.327963005150686659e-01
7.048850960410921740e-01
4.231831974096734172e-01
2.132192626086155396e-01
4.859978243031038980e-01
3.785339481022820807e-01
3.833158660025988151e-01
4.702312649234118846e-01
3.822182111901246127e-01
5.052858609278109148e-01
3.898152973373220087e-01
4.016322861342130901e-01
2.992588217979181842e-01
3.888176326434857888e-01
1.992013443573455445e-01
2.923325637345960404e-01
4.223127399266212167e-01
3.596514188260576117e-01
4.258277739936310868e-01
0.000000000000000000e+00
1.704917232286732864e-01
1.744675027371354603e-01
1.686586985391766158e-01
1.779270986745213334e-01
1.220338983050847370e-01
1.718166914244494969e-01
5.500904159132007365e-01
2.773109243697479132e-01
3.992974238875878767e-01
4.389233954451345343e-01
1.715643906655142659e-01
2.991084899190782909e-01
3.265765765765765716e-01
2.532504239683436853e-01
5.081440465605044920e-01
4.309930637793943364e-01
2.927927927927927998e-01
2.376564876564876139e-01
2.175283732660781566e-01
2.411238036430997100e-01
2.711864406779661008e-01
3.763359806165028631e-01
2.181700706884034391e-01
4.961666425575003703e-01
3.525423728813558699e-01
3.891891891891892108e-01
0.000000000000000000e+00
9.982788296041307519e-02
1.043478260869565161e-01
1.157024793388429784e-01
8.597285067873303155e-02
1.250000000000000000e-01
9.978979590257450183e-02
1.468926553672316171e-01
0.000000000000000000e+00
1.464737793851718095e-01
0.000000000000000000e+00
0.000000000000000000e+00
0.000000000000000000e+00
0.000000000000000000e+00
1.311637080867850136e-01
0.000000000000000000e+00
5.617977528089887485e-02
9.565641776476330183e-02
1.324324324324324120e-01
0.000000000000000000e+00
0.000000000000000000e+00
0.000000000000000000e+00
6.431273644388399435e-02
9.579831932773108516e-02
1.372950819672131284e-01
0.000000000000000000e+00
0.000000000000000000e+00
0.000000000000000000e+00
3.945059698949764937e-01
4.002501970854829838e-01
3.897297537714097815e-01
3.831769121166571646e-01
2.634598293973373084e-01
3.959253645764235774e-01
6.117876074329965386e-01
3.813947597920454569e-01
5.058518775116476185e-01
4.884844220074272547e-01
2.361132147019386340e-01
4.336826008872372573e-01
4.874274018106123374e-01
3.297985565454343848e-01
4.537420295470931397e-01
3.272458938921303795e-01
5.081413095462693486e-01
3.387641593940357576e-01
3.836212152298551503e-01
2.715391498183615249e-01
2.065739538230067784e-01
2.857642292112745896e-01
4.615248481316014950e-01
4.718621429496102637e-01
4.972688202700041304e-01
6.166877504821539624e-01
0.000000000000000000e+00
1.556349602827760692e-01
1.602002202669680075e-01
1.518892809747237338e-01
1.468245459792564267e-01
6.941108170607408756e-02
1.567568943149739435e-01
3.742840766085901993e-01
1.454619627968320450e-01
2.558861219820589006e-01
2.386170305439303252e-01
5.574945015688378969e-02
1.880805983123186587e-01
2.375854720358440975e-01
1.087670878994520668e-01
2.058818293775151187e-01
1.070898750692594326e-01
2.582075904673975519e-01
1.147611556899476720e-01
1.471652367744308576e-01
7.373350988407859075e-02
4.267279839806973479e-02
8.166119469671388742e-02
2.130051854428978153e-01
2.226538819489984888e-01
2.472762796127216667e-01
3.803037815947394318e-01
0.000000000000000000e+00
1.982740475689328263e-01
1.957104557640750309e-01
2.002442002442002544e-01
1.995305164319249314e-01
3.611111111111111049e-01
2.009813921141233029e-01
4.321951318490540594e-01
1.398045163464779195e-01
6.441206579814610089e-01
4.042911949252533388e-01
2.362411000880458301e-01
5.251146685966366912e-01
3.405286177513008328e-01
3.837347606303895264e-01
4.806382180546572291e-01
3.556957495854635165e-01
4.655063540926671073e-01
4.127888909332691481e-01
3.969305249710030070e-01
2.906822093569081389e-01
4.282496782496782450e-01
1.960889823224364614e-01
3.448749237339841511e-01
4.380036633676296365e-01
3.284029038112522558e-01
3.972695348444160723e-01
0.000000000000000000e+00
