4.055231805577893534e-01
4.098897967792886066e-01
3.899037300893652414e-01
4.050300515154181547e-01
4.663538904376600680e-01
4.029674483552284636e-01
1.892077530705817967e-01
3.070822910059611832e-01
5.685285439231198001e-01
4.246555724474459503e-01
3.023347127120401545e-01
3.119139975149786692e-01
3.020466224209142903e-01
7.558836185036572619e-01
8.627016631644945921e-01
3.724472041231424724e-01
4.379849016597372469e-01
8.004363461636236909e-01
2.367398646731438683e-01
3.204318056175193830e-01
2.783899572847148840e-01
1.811282795847231342e-01
1.896762503159674929e-01
2.636288141153507736e-01
1.996619935317545946e-01
5.214570503616887676e-01
0.000000000000000000e+00
1.995214610088383300e-01
2.059818851398427519e-01
1.929294316984933866e-01
2.060014727540500634e-01
1.559322033898304927e-01
2.007423972123765776e-01
3.235023041474654470e-01
5.116279069767442067e-01
2.500000000000000000e-01
4.993633817163228850e-01
3.400431344356578123e-01
2.847397476340693401e-01
2.258566978193146113e-01
5.394636015325670053e-01
4.911622426196973756e-01
5.194934004730297206e-01
4.642857142857142461e-01
6.173584298584298136e-01
2.081447963800904799e-01
3.599965031908383684e-01
1.714285714285714302e-01
4.210839785586658612e-01
1.216477828809508499e-01
3.789960943150586514e-01
2.418604651162790387e-01
3.705263157894737036e-01
0.000000000000000000e+00
5.737234652897303666e-02
5.547226386806596021e-02
4.840613931523022467e-02
5.656108597285067902e-02
1.250000000000000000e-01
5.700131192441611899e-02
0.000000000000000000e+00
0.000000000000000000e+00
0.000000000000000000e+00
0.000000000000000000e+00
0.000000000000000000e+00
0.000000000000000000e+00
0.000000000000000000e+00
2.379248658318426080e-01
5.244565217391303769e-01
0.000000000000000000e+00
7.101449275362319014e-02
9.158878504672895993e-02
0.000000000000000000e+00
0.000000000000000000e+00
0.000000000000000000e+00
0.000000000000000000e+00
0.000000000000000000e+00
0.000000000000000000e+00
0.000000000000000000e+00
0.000000000000000000e+00
0.000000000000000000e+00
3.911139127605439691e-01
3.912142407053773030e-01
3.642568237456444424e-01
3.671106092781921126e-01
2.872135193485743088e-01
3.864937437774924600e-01
2.777991523992087708e-01
4.138480733146551183e-01
3.711879466884671075e-01
4.576152404685980835e-01
2.469414948226099638e-01
3.511718760786469162e-01
3.435427627396087646e-01
5.364393219919496580e-01
3.456690519298569186e-01
3.032147696616363519e-01
4.619191814520164363e-01
6.937730957792638264e-01
2.609113851824341745e-01
3.236790403310573216e-01
1.498003541784228010e-01
2.688956361298848741e-01
3.509196735749217644e-01
4.200074452082311338e-01
2.806319708133446222e-01
5.500230520976717719e-01
0.000000000000000000e+00
1.529700927548623968e-01
1.530485821306849237e-01
1.326830336452654857e-01
1.347701994446054707e-01
8.249160569659384767e-02
1.493774139791420041e-01
7.717236907371882726e-02
1.712702277862521438e-01
1.377804917668002671e-01
2.094117083091328602e-01
6.098010186522512255e-02
1.233216865485965430e-01
1.180216298307630862e-01
2.877671461791826424e-01
1.194870934620860942e-01
9.193919654095918104e-02
2.133693301933008712e-01
4.813211084271435403e-01
6.807475091781654830e-02
1.047681211496342135e-01
2.244014611198091175e-02
7.230486312969545970e-02
1.231446173019296458e-01
1.764062540303452942e-01
7.875430304258193570e-02
3.025253578388382159e-01
0.000000000000000000e+00
3.592927804672699788e-01
3.565683646112600136e-01
3.508343508343508277e-01
3.427230046948356867e-01
4.444444444444444198e-01
3.567753881529235893e-01
1.831574153002724359e-01
2.267728771738357074e-01
5.777247265303760981e-01
4.114682864682864816e-01
3.152583589511003259e-01
3.376849201868055150e-01
2.934782608695652439e-01
7.326025902694809355e-01
8.743114505479459009e-01
3.692767616018025612e-01
4.083333333333333259e-01
7.962865374275404085e-01
2.171289831308418350e-01
3.116141315845145088e-01
3.114754098360655865e-01
1.721578272027373957e-01
2.763317972350230467e-01
2.585635006697710736e-01
1.669581030985521353e-01
5.046595085810203773e-01
0.000000000000000000e+00
