6.671947232716948228e-01
4.771075687383861119e-01
7.728085939146924765e-01
6.011436957913545154e-01
4.121974027667726359e-01
9.724168053509302245e-02
2.604792643221138793e-01
3.164284148794034301e-01
7.119903476500246686e-01
2.931135099637126040e-01
3.454532019499026441e-01
6.302847018572825810e-01
4.902291427477994956e-01
3.298288921128337270e-01
6.682947592359319566e-01
4.700504645817145111e-01
4.940228361924691169e-01
1.365091740014515997e-01
4.414539195150125606e-01
2.228004328095730679e-01
2.144756944005361821e-01
4.315580748027239566e-02
6.037330792381912642e-02
1.337568681318681285e-01
1.747262047998191237e-01
6.476913291732702693e-02
1.057143099148913079e-01
2.531664136450090807e-01
3.055401102452461881e-01
1.260531716997596308e-01
1.355775307149963416e-01
2.395636182134641134e-01
9.013742796186167139e-01
1.711889948842385267e-01
3.126169962752761711e-01
4.870156104719576273e-01
3.932481943852889072e-01
6.363984027336300198e-02
1.090129831600361587e-01
3.102228280194381793e-01
4.293136948182478818e-01
1.125180290076461948e-01
1.621963997930260526e-01
2.362195070858292278e-01
4.125192637429052622e-01
1.509370051715273331e-01
2.575569495395315101e-01
4.783420432259328225e-01
5.467424434888520368e-01
3.791157083914816761e-01
5.330528235638852808e-01
4.307830459770115028e-01
4.675652534205387845e-01
1.949261675824175699e-01
1.563638708035259839e-01
2.098071856213024056e-01
5.010092941666490773e-01
3.165318208922859866e-01
3.924512987012987453e-01
3.572185326166827934e-01
4.533473200984363682e-01
3.525390625000000000e-01
5.145362459472071492e-01
3.318563339596993789e-01
5.743560515781662712e-01
4.733701429245089076e-01
7.041904511597698590e-01
5.454888178952125299e-01
3.978628757308340091e-01
1.911517907983770748e-01
2.668040967999529278e-01
4.864311408726593178e-01
6.464161091577332874e-01
3.031549823009304090e-01
2.338780082330648713e-01
4.593342179027662953e-01
3.936152313569152295e-01
4.042563889982349057e-01
5.732577000660113997e-01
2.129393944204703015e-01
2.720415727174262388e-01
2.918471739745911453e-01
8.783576312851046342e-02
8.616002873566032394e-02
1.580003129996787603e-01
9.294487101149548347e-02
4.314061951622506497e-01
2.901222875569018922e-01
6.514706121214681733e-01
1.432927936482320530e-01
3.311173282584273236e-01
8.094296281100393786e-02
2.741131299016436595e-01
3.955443193301205751e-01
4.928645439396095451e-01
5.980148019365389978e-01
8.252565839686103466e-01
1.765300684409599197e-01
3.889838496948259117e-01
5.496291182569446043e-01
7.470660541777239816e-01
2.758165226702622985e-01
5.255634819858412410e-01
6.431823884025051896e-01
2.802317582595363898e-01
1.019581562441142369e-01
1.509687015107409602e-01
2.627772571394961787e-01
6.804043589597854602e-01
1.564396355695272800e-01
2.425195063211257329e-01
3.117163489287592681e-01
5.785389680969735826e-01
3.090601872197255018e-01
4.038902106773129552e-01
4.541068560562499523e-01
6.671947232716948228e-01
4.771075687383861119e-01
7.728085939146924765e-01
6.011436957913545154e-01
4.121974027667726359e-01
9.724168053509302245e-02
2.604792643221138793e-01
3.164284148794034301e-01
7.119903476500246686e-01
2.931135099637126040e-01
3.454532019499026441e-01
6.302847018572825810e-01
4.902291427477994956e-01
3.298288921128337270e-01
6.682947592359319566e-01
4.700504645817145111e-01
4.940228361924691169e-01
1.365091740014515997e-01
4.414539195150125606e-01
2.228004328095730679e-01
2.144756944005361821e-01
4.315580748027239566e-02
6.037330792381912642e-02
1.337568681318681285e-01
1.747262047998191237e-01
6.476913291732702693e-02
1.057143099148913079e-01
2.531664136450090807e-01
3.055401102452461881e-01
1.260531716997596308e-01
1.355775307149963416e-01
2.395636182134641134e-01
9.013742796186167139e-01
1.711889948842385267e-01
3.126169962752761711e-01
4.870156104719576273e-01
3.932481943852889072e-01
6.363984027336300198e-02
1.090129831600361587e-01
3.102228280194381793e-01
4.293136948182478818e-01
1.125180290076461948e-01
1.621963997930260526e-01
2.362195070858292278e-01
4.125192637429052622e-01
1.509370051715273331e-01
2.575569495395315101e-01
4.783420432259328225e-01
5.467424434888520368e-01
3.791157083914816761e-01
5.330528235638852808e-01
4.307830459770115028e-01
4.675652534205387845e-01
1.949261675824175699e-01
1.563638708035259839e-01
2.098071856213024056e-01
5.010092941666490773e-01
3.165318208922859866e-01
3.924512987012987453e-01
3.572185326166827934e-01
4.533473200984363682e-01
3.525390625000000000e-01
5.145362459472071492e-01
3.318563339596993789e-01
7.471614636153677269e-01
2.758971147823646164e-01
5.256700046477927879e-01
6.432881222808559674e-01
2.800104250643467019e-01
1.019761225381058539e-01
1.509902546954511315e-01
2.625168158309416633e-01
6.801909758624158364e-01
1.564745855207760883e-01
2.425648048931308698e-01
3.118002042454394718e-01
5.784061189207566622e-01
3.088204634234443802e-01
4.039761819374932394e-01
4.541757812440884723e-01
7.265807094472011007e-01
2.803892169837630122e-01
8.008297183384651685e-01
6.028107289111249711e-01
3.187629612942984303e-01
6.052509336496887660e-02
1.838124399494462102e-01
2.142787351651448402e-01
8.333673550768622151e-01
1.196977422544228398e-01
2.536468882521369372e-01
3.798512437072678605e-01
5.893539652794970163e-01
2.288379772803224022e-01
3.505155002181229440e-01
4.287881431207563043e-01
7.248732639843958880e-01
3.021733795053235805e-01
6.819064193694222009e-01
5.893721474509120428e-01
3.037427433891067841e-01
6.282569373257594625e-02
1.269819403837110783e-01
2.894428583137533817e-01
7.667701660979577838e-01
1.277895849470688239e-01
2.845350387817033866e-01
2.957320094529626853e-01
7.279157360910922803e-01
1.937693471411739976e-01
3.000881284808255556e-01
3.568306334497294841e-01
7.577124520347856551e-01
3.694320887025560607e-01
7.612553630041056785e-01
5.780259845619344361e-01
2.824172919613900379e-01
9.204331321133596422e-02
1.129615858216019286e-01
1.602325367011794288e-01
8.477693565278029419e-01
1.908956768500799095e-01
2.465064175520600975e-01
4.431753660370818526e-01
6.613279637003175448e-01
1.825398169385244462e-01
3.411482598703906022e-01
4.445950659507545977e-01
7.538319630511451930e-01
3.609898462230788918e-01
7.263776323402995061e-01
6.060819241132584523e-01
2.431062548945515656e-01
8.904951387842027777e-02
1.826379330028696235e-01
1.535194403650266270e-01
7.456683064118447835e-01
1.340081695894190239e-01
2.432947161078353182e-01
4.817049029784283842e-01
6.404758430274914982e-01
3.201414438639054727e-01
3.160039216931198602e-01
4.079196981408974576e-01
7.384441546371532938e-01
3.042657334329488261e-01
7.060470605636949282e-01
6.315788425999652178e-01
2.891363678447511076e-01
6.619976630073262647e-02
1.529615543145009249e-01
2.324732442399785048e-01
7.275374651730320830e-01
1.528783521627817277e-01
2.626362198139846615e-01
3.438121013802741266e-01
6.160601885785733645e-01
1.574306359330465699e-01
3.102072518232572573e-01
4.082647432047697977e-01
6.671947232716947118e-01
4.771075687383860564e-01
7.728085939146925876e-01
6.011436957913545154e-01
4.121974027667727469e-01
9.724168053509302245e-02
2.604792643221139348e-01
3.164284148794034301e-01
7.119903476500246686e-01
2.931135099637126595e-01
3.454532019499025886e-01
6.302847018572824700e-01
4.902291427477994956e-01
3.298288921128337270e-01
6.682947592359320677e-01
4.700504645817145666e-01
4.940228361924692280e-01
1.365091740014515997e-01
4.414539195150126161e-01
2.228004328095730679e-01
2.144756944005361821e-01
4.315580748027239566e-02
6.037330792381912642e-02
1.337568681318681285e-01
1.747262047998191237e-01
6.476913291732702693e-02
1.057143099148913218e-01
2.531664136450090807e-01
3.055401102452461326e-01
1.260531716997596030e-01
1.355775307149963693e-01
2.395636182134640579e-01
9.013742796186167139e-01
1.711889948842384712e-01
3.126169962752761711e-01
4.870156104719576273e-01
3.932481943852889072e-01
6.363984027336301585e-02
1.090129831600361726e-01
3.102228280194381793e-01
4.293136948182478818e-01
1.125180290076462086e-01
1.621963997930260526e-01
2.362195070858292834e-01
4.125192637429051512e-01
1.509370051715273331e-01
2.575569495395315101e-01
4.783420432259329336e-01
5.467424434888521478e-01
3.791157083914816206e-01
5.330528235638852808e-01
4.307830459770115028e-01
4.675652534205387845e-01
1.949261675824175699e-01
1.563638708035259839e-01
2.098071856213023501e-01
5.010092941666490773e-01
3.165318208922859866e-01
3.924512987012987453e-01
3.572185326166828490e-01
4.533473200984364238e-01
3.525390625000000000e-01
5.145362459472071492e-01
3.318563339596993234e-01
