2.608205823086228725e-01
3.986653866935475632e-01
4.501203469983082184e-01
1.954648503232878642e-01
3.775102692427025342e-01
3.237235995332395366e-01
5.066202934857124696e-01
2.994287820572287817e-01
3.993638548263044874e-01
4.163723128454342448e-01
5.004676013081479358e-01
3.908182722649951590e-01
2.351242775511024896e-01
2.612650633965467595e-01
3.768979576328704839e-01
1.582935639024572738e-01
4.699444518703265183e-01
3.135842324639355749e-01
7.395134646188274985e-01
2.683763186834695058e-01
3.883634171458542617e-01
1.680195561120660930e-01
2.203577354497458785e-01
4.714682740200678568e-01
2.986857383590051374e-01
3.340421863902065525e-01
3.267123661494790166e-01
4.656490514253056601e-01
2.489717246483809932e-01
2.865005198712390344e-01
4.008281924600071711e-01
3.703076874404200858e-01
3.743780992129161489e-01
5.102689228721968284e-01
3.598612100463211561e-01
2.732046741823386804e-01
8.351977178892469045e-01
3.426564150856722946e-01
3.823548022774392874e-01
5.193110285112323421e-01
3.768208220391935925e-01
4.607702733067093326e-01
2.354494162706332328e-01
2.139674939173273893e-01
2.997685157309915027e-01
4.357864427886440906e-01
2.943490898514548593e-01
2.090820681143067961e-01
1.710294722551693736e-01
3.238280570098820421e-01
2.558815439523704494e-01
1.784042794166332824e-01
4.187140195583201052e-01
3.306564161794076084e-01
2.981258514530281678e-01
3.323717905124999317e-01
3.184937013418842056e-01
6.963034341202783972e-01
3.892122699601224811e-01
3.301761682134095044e-01
9.735437316434858435e-02
3.707312194711133158e-01
4.745045975839914942e-01
1.975385894031674860e-01
2.638178540568038022e-01
2.628809426105970237e-01
5.881386755276087897e-01
1.802723618281687479e-01
3.564196386231686109e-01
3.194426424548362786e-01
5.062418241737701718e-01
3.296978649724902066e-01
5.005609625221262293e-01
5.044343498296477435e-01
5.029012597448390132e-01
2.056461423199267280e-01
2.336248568087235244e-01
3.030033353336309965e-01
5.376202196289808777e-01
4.149137879633837400e-01
6.377777667891552094e-01
4.236683237320721940e-01
1.888655077724462339e-01
2.948835376254565488e-01
2.924866926364739772e-01
3.867409475470088842e-01
2.465676395692007750e-01
4.198853710059181066e-01
3.260752803072206607e-01
4.852224952092611399e-01
8.509914920935605087e-01
4.343704220588033849e-01
3.210238969748723803e-01
3.098414464133149027e-01
1.280181645249146294e-01
3.907859215782913398e-01
4.302526529136245226e-01
5.212572934812548242e-01
6.046224365443958471e-01
3.369180691957143758e-01
3.188576068843448352e-01
4.620219495054931902e-01
4.413071934747181402e-01
2.805642656481081021e-01
4.780978784477183385e-01
3.471330240691651858e-01
3.978436938531823563e-01
5.199774981589379008e-01
5.013401894302778050e-01
5.524114146736485154e-01
3.923313152255909486e-01
2.883726256738728400e-01
2.388821103259214373e-01
4.639291330991263118e-01
4.356591547059865399e-01
2.569668989908733825e-01
2.608205823086228725e-01
3.986653866935475632e-01
4.501203469983082184e-01
1.954648503232878642e-01
3.775102692427025342e-01
3.237235995332395366e-01
5.066202934857124696e-01
2.994287820572287817e-01
3.993638548263044874e-01
4.163723128454342448e-01
5.004676013081479358e-01
3.908182722649951590e-01
2.351242775511024896e-01
2.612650633965467595e-01
3.768979576328704839e-01
1.582935639024572738e-01
4.699444518703265183e-01
3.135842324639355749e-01
7.395134646188274985e-01
2.683763186834695058e-01
3.883634171458542617e-01
1.680195561120660930e-01
2.203577354497458785e-01
4.714682740200678568e-01
2.986857383590051374e-01
3.340421863902065525e-01
3.267123661494790166e-01
4.656490514253056601e-01
2.489717246483809932e-01
2.865005198712390344e-01
4.008281924600071711e-01
3.703076874404200858e-01
3.743780992129161489e-01
5.102689228721968284e-01
3.598612100463211561e-01
2.732046741823386804e-01
8.351977178892469045e-01
3.426564150856722946e-01
3.823548022774392874e-01
5.193110285112323421e-01
3.768208220391935925e-01
4.607702733067093326e-01
2.354494162706332328e-01
2.139674939173273893e-01
2.997685157309915027e-01
4.357864427886440906e-01
2.943490898514548593e-01
2.090820681143067961e-01
1.710294722551693736e-01
3.238280570098820421e-01
2.558815439523704494e-01
1.784042794166332824e-01
4.187140195583201052e-01
3.306564161794076084e-01
2.981258514530281678e-01
3.323717905124999317e-01
3.184937013418842056e-01
6.963034341202783972e-01
3.892122699601224811e-01
3.301761682134095044e-01
9.735437316434858435e-02
3.707312194711133158e-01
4.745045975839914942e-01
1.975385894031674860e-01
3.188494838617272897e-01
4.620219495054931902e-01
4.413071934747181402e-01
2.805642656481081021e-01
4.780978784477183385e-01
3.471330240691651858e-01
3.978436938531823563e-01
5.199758140871248990e-01
5.013253110891451314e-01
5.524114146736485154e-01
3.923313152255909486e-01
2.883726256738728400e-01
2.388821103259214373e-01
4.639291330991263118e-01
4.356591547059865399e-01
2.569668989908733825e-01
3.462281918965716132e-01
3.691634063877186622e-01
6.953193599759370791e-01
2.263954181597442883e-01
4.771311592160126236e-01
2.917141124166021671e-01
5.210249013680722241e-01
4.740234262504887108e-01
6.636596416749361849e-01
5.322114417670176234e-01
4.563103049174750958e-01
2.456301437999122150e-01
2.125931231101471641e-01
4.404557732346243704e-01
3.092944082517985471e-01
2.820725116032201663e-01
3.196891059638024002e-01
4.008496685864369469e-01
4.590962550378546170e-01
2.524512245913788089e-01
3.509210661887974814e-01
3.128873971745135263e-01
5.778023432559021844e-01
4.703344106623994492e-01
6.670587168791111132e-01
4.628649957689989769e-01
4.595480622941654492e-01
2.512647517506514938e-01
3.019455870093289418e-01
5.414383005701423057e-01
2.122048034016997820e-01
2.047605116040678852e-01
2.889305405646078184e-01
5.982036919831359434e-01
4.758684574535148037e-01
2.964269053337952875e-01
4.666142851266328884e-01
3.947144167872547182e-01
4.615295360280367576e-01
2.782002555461302595e-01
7.617356660870694407e-01
5.285133681401510408e-01
4.846950547835242040e-01
3.959330736510813242e-01
2.924855093865067479e-01
4.658177412821748464e-01
3.414561400776924827e-01
2.432057950490510434e-01
2.782266362783338276e-01
5.484315271123902935e-01
6.504527152464849582e-01
2.727058751992941787e-01
5.370394928013761948e-01
3.862066461424576436e-01
4.664264400124332743e-01
3.657564031156271267e-01
5.925787983012835713e-01
4.687649959822646206e-01
4.663382255835839540e-01
4.134790193907056377e-01
2.622611821047365344e-01
5.317479805346980726e-01
3.635070180046968691e-01
2.319233250949901959e-01
3.060936368471517399e-01
4.023184099950123382e-01
5.575538821324862448e-01
2.801833067870261873e-01
3.987881313618570345e-01
3.205538580719351494e-01
5.011197526999167096e-01
4.274021820279624850e-01
5.408006951916398686e-01
5.062351732520337100e-01
4.804848240695456241e-01
2.890244904669840298e-01
2.735000404743205271e-01
4.467676551194971757e-01
2.375742034763425048e-01
2.119026466136916809e-01
2.608205823086228725e-01
3.986653866935475077e-01
4.501203469983082739e-01
1.954648503232878642e-01
3.775102692427025897e-01
3.237235995332395366e-01
5.066202934857125806e-01
2.994287820572287817e-01
3.993638548263045429e-01
4.163723128454341893e-01
5.004676013081479358e-01
3.908182722649951590e-01
2.351242775511024896e-01
2.612650633965468705e-01
3.768979576328704284e-01
1.582935639024573016e-01
4.699444518703265183e-01
3.135842324639355749e-01
7.395134646188274985e-01
2.683763186834694503e-01
3.883634171458542617e-01
1.680195561120660930e-01
2.203577354497458507e-01
4.714682740200678568e-01
2.986857383590051374e-01
3.340421863902064969e-01
3.267123661494790721e-01
4.656490514253055490e-01
2.489717246483809932e-01
2.865005198712389789e-01
4.008281924600072266e-01
3.703076874404201413e-01
3.743780992129161489e-01
5.102689228721968284e-01
3.598612100463212116e-01
2.732046741823386249e-01
8.351977178892469045e-01
3.426564150856723501e-01
3.823548022774392874e-01
5.193110285112323421e-01
3.768208220391935370e-01
4.607702733067092771e-01
2.354494162706331772e-01
2.139674939173273893e-01
2.997685157309914472e-01
4.357864427886440906e-01
2.943490898514548593e-01
2.090820681143068516e-01
1.710294722551693736e-01
3.238280570098819866e-01
2.558815439523704494e-01
1.784042794166332824e-01
4.187140195583201052e-01
3.306564161794076084e-01
2.981258514530281678e-01
3.323717905124998762e-01
3.184937013418842056e-01
6.963034341202785082e-01
3.892122699601224811e-01
3.301761682134095044e-01
9.735437316434859822e-02
3.707312194711133158e-01
4.745045975839915497e-01
1.975385894031674860e-01
