3.507664418956786823e-01
4.497608159062129740e-01
2.893861660699765803e-01
4.611686618014868566e-01
2.695731687042557945e-01
2.824464732854821136e-01
2.227425447597669028e-01
5.735822193118241819e-01
1.789705503198738001e-01
2.941647719196398003e-01
5.634802126980793802e-02
5.698555622150053290e-01
4.740692332661909925e-01
5.396128553029369002e-01
2.134407745937852152e-01
4.511925147097262667e-01
4.503818405522538315e-01
2.610911965899779807e-01
3.131912566539268306e-01
4.131559359620382010e-01
4.285888788556989626e-01
1.269003263023536221e-01
8.557183983849946107e-02
3.626605762570043190e-01
1.544027762855505748e-01
1.191050988452879988e-01
7.170365110361559546e-02
3.820116139867716365e-01
4.884670399341886071e-01
3.408359762767249057e-01
2.709859592545408868e-01
5.913550524599193725e-01
1.673692763497648950e-01
2.011764920389707556e-01
1.378810804148368485e-01
2.951945369526460250e-01
2.820016047987982666e-01
1.246330509473243253e-01
1.194564418766191904e-01
4.777879358228545037e-01
7.353704137084889070e-02
6.620527409636173255e-02
3.311028056000840658e-02
1.217004794196034356e-01
3.742046178049358574e-01
3.530925399349582050e-01
1.889837770096929603e-01
5.901708920512795942e-01
5.716006615898623355e-01
3.914641197710748699e-01
5.110813972361838431e-01
4.263703953870681129e-01
7.426534563977920111e-01
4.171313347461986787e-01
2.334913510942952519e-01
6.746832970782423722e-01
3.029091433787950982e-01
4.849008593787507704e-01
2.080110585079618657e-01
5.577925462436642556e-01
4.145065541156475741e-01
7.099116616256181400e-01
7.179969076648210491e-01
5.991608832599759626e-01
5.480339538819272160e-01
5.230799482502725972e-01
6.654619031442914334e-01
4.685142745205020387e-01
4.351092074318080316e-01
2.339354974952354560e-01
3.066173264903097606e-01
5.902751884281949302e-01
5.856128481906605066e-01
4.029041697693349078e-01
2.002095486211589170e-01
4.492795146551772922e-01
3.694681304144374900e-01
3.152953442581118981e-01
6.507447107541181053e-01
2.618214661246326402e-01
3.030600129577898372e-01
3.047348403588586718e-01
6.665887341096345120e-02
8.576779995853814342e-02
1.823272032910376594e-01
1.292063888953706718e-01
5.258168970761418759e-01
3.012737389946132383e-01
4.208350295843863442e-01
2.661399384306333271e-01
3.702191529631030376e-01
9.147618022219461409e-02
1.898513029705247157e-01
3.811938911627528181e-01
4.813370036949830011e-01
5.734179026487000730e-01
5.119312174962298290e-01
3.762438249709706417e-01
1.905792797710331721e-01
8.166093502894002931e-01
4.287837170267007059e-01
3.462234757014000519e-01
2.120854528025641894e-01
5.698801344381343448e-01
3.518241278592106891e-01
2.520188671911376965e-01
1.772431709440966952e-01
6.791241691899235766e-01
1.532865985402648845e-01
2.040407994511143075e-01
5.811080910438769231e-02
3.842950723286446268e-01
5.845882947970258980e-01
6.904927375458865813e-01
3.771823247630641807e-01
6.892354130126134848e-01
3.507664418956786823e-01
4.497608159062129740e-01
2.893861660699765803e-01
4.611686618014868566e-01
2.695731687042557945e-01
2.824464732854821136e-01
2.227425447597669028e-01
5.735822193118241819e-01
1.789705503198738001e-01
2.941647719196398003e-01
5.634802126980793802e-02
5.698555622150053290e-01
4.740692332661909925e-01
5.396128553029369002e-01
2.134407745937852152e-01
4.511925147097262667e-01
4.503818405522538315e-01
2.610911965899779807e-01
3.131912566539268306e-01
4.131559359620382010e-01
4.285888788556989626e-01
1.269003263023536221e-01
8.557183983849946107e-02
3.626605762570043190e-01
1.544027762855505748e-01
1.191050988452879988e-01
7.170365110361559546e-02
3.820116139867716365e-01
4.884670399341886071e-01
3.408359762767249057e-01
2.709859592545408868e-01
5.913550524599193725e-01
1.673692763497648950e-01
2.011764920389707556e-01
1.378810804148368485e-01
2.951945369526460250e-01
2.820016047987982666e-01
1.246330509473243253e-01
1.194564418766191904e-01
4.777879358228545037e-01
7.353704137084889070e-02
6.620527409636173255e-02
3.311028056000840658e-02
1.217004794196034356e-01
3.742046178049358574e-01
3.530925399349582050e-01
1.889837770096929603e-01
5.901708920512795942e-01
5.716006615898623355e-01
3.914641197710748699e-01
5.110813972361838431e-01
4.263703953870681129e-01
7.426534563977920111e-01
4.171313347461986787e-01
2.334913510942952519e-01
6.746832970782423722e-01
3.029091433787950982e-01
4.849008593787507704e-01
2.080110585079618657e-01
5.577925462436642556e-01
4.145065541156475741e-01
7.099116616256181400e-01
7.179969076648210491e-01
5.991608832599759626e-01
4.287727935933052237e-01
3.462234757014000519e-01
2.120854528025641894e-01
5.698801344381343448e-01
3.518241278592106891e-01
2.520188671911376965e-01
1.772431709440966952e-01
6.791230434553173767e-01
1.532613354439384401e-01
2.040407994511143075e-01
5.811080910438769231e-02
3.842950723286446268e-01
5.845882947970258980e-01
6.904927375458865813e-01
3.771823247630641807e-01
6.892354130126134848e-01
3.957416711844504720e-01
4.211727889848878026e-01
1.350966521147167199e-01
5.667299502195142225e-01
4.716107420367720571e-01
1.906109122678344703e-01
1.971576256830912810e-01
5.724398015126677119e-01
1.695487855371510255e-01
1.819414815497691351e-01
1.166842017640952883e-01
3.501671994408361854e-01
5.715322186420258577e-01
5.912228468381635071e-01
3.990220346499689930e-01
7.400313265677911367e-01
3.882236877713393097e-01
3.308957014985082767e-01
1.724437407369588393e-01
5.523786858393793242e-01
3.414831172284428229e-01
2.012307890432140645e-01
1.702307915634978519e-01
8.252657116451016517e-01
2.880493892713205106e-01
1.378310893242904456e-01
1.029188295839383316e-01
3.034910244927480627e-01
6.131616883274313423e-01
8.893757815846220494e-01
3.800725578272091676e-01
6.531565823303715490e-01
3.683299961474842399e-01
4.873278031123621234e-01
1.325128779316563365e-01
5.994164712665859263e-01
3.722897955747329068e-01
2.451404462641386672e-01
1.605652499904905717e-01
5.234166243315857558e-01
2.893089514164357556e-01
2.067254882649383063e-01
1.224066379549639400e-01
3.781770075473848136e-01
6.589013465074144982e-01
7.070445430971334932e-01
2.827970078657411901e-01
7.505756564706904665e-01
3.438492892046382532e-01
5.218953225522213746e-01
1.801688348878133783e-01
6.115669166146833202e-01
3.846755062638868572e-01
2.227694729393673301e-01
2.003256543600278605e-01
5.594112025294366575e-01
2.495551050699185147e-01
1.726519029370843505e-01
1.122864817377497992e-01
3.726852716080251149e-01
6.207585918986998630e-01
8.027978151624686198e-01
3.084245615433706122e-01
7.259715533723091196e-01
3.511616506885041344e-01
3.739605672140163817e-01
1.848569316314941924e-01
6.097605522685328738e-01
3.595307840412544365e-01
2.049121425688584242e-01
1.678191394182898533e-01
6.274388684316321019e-01
1.793921480819186121e-01
1.744612727301633193e-01
8.355933916575260245e-02
3.444720813077338240e-01
5.919695580468489204e-01
7.046689598784128261e-01
3.232223407538155069e-01
7.075395918516044214e-01
3.507664418956786268e-01
4.497608159062130295e-01
2.893861660699765803e-01
4.611686618014868566e-01
2.695731687042558500e-01
2.824464732854821136e-01
2.227425447597669583e-01
5.735822193118241819e-01
1.789705503198738279e-01
2.941647719196398558e-01
5.634802126980792414e-02
5.698555622150052180e-01
4.740692332661909925e-01
5.396128553029369002e-01
2.134407745937851875e-01
4.511925147097263222e-01
4.503818405522539425e-01
2.610911965899779807e-01
3.131912566539268861e-01
4.131559359620382010e-01
4.285888788556989626e-01
1.269003263023536499e-01
8.557183983849944720e-02
3.626605762570043190e-01
1.544027762855505748e-01
1.191050988452879850e-01
7.170365110361559546e-02
3.820116139867715810e-01
4.884670399341886071e-01
3.408359762767248502e-01
2.709859592545408868e-01
5.913550524599193725e-01
1.673692763497648950e-01
2.011764920389707001e-01
1.378810804148368485e-01
2.951945369526460805e-01
2.820016047987982666e-01
1.246330509473243392e-01
1.194564418766191904e-01
4.777879358228544482e-01
7.353704137084890458e-02
6.620527409636173255e-02
3.311028056000840658e-02
1.217004794196034495e-01
3.742046178049357463e-01
3.530925399349582050e-01
1.889837770096929881e-01
5.901708920512795942e-01
5.716006615898623355e-01
3.914641197710747589e-01
5.110813972361839541e-01
4.263703953870681129e-01
7.426534563977920111e-01
4.171313347461986232e-01
2.334913510942952242e-01
6.746832970782423722e-01
3.029091433787950982e-01
4.849008593787508259e-01
2.080110585079618934e-01
5.577925462436642556e-01
4.145065541156475741e-01
7.099116616256182510e-01
7.179969076648210491e-01
5.991608832599758516e-01
