5.530685461909055911e-02
2.647501704858605809e-01
4.171761795579283505e-01
1.203444899242214067e-01
2.105886784554781843e-01
4.141046580131332311e-01
4.853692377060472851e-01
3.860368268188428820e-01
2.937891836812200341e-01
3.958670649784342133e-01
4.521756458149000513e-01
4.083383391773652837e-01
9.442540451424616399e-02
5.006994147414368657e-01
3.375680145404361676e-01
9.251125732832282678e-02
3.107467571597624656e-01
3.736976932642631644e-01
5.689732786301938683e-01
2.437316131522750395e-01
4.282192532655790251e-01
3.272324687058683068e-01
3.304652264880252321e-01
4.855023439324181456e-01
4.301821761582406145e-01
2.907493632242961756e-01
4.826300904885497678e-01
5.647721235745869484e-01
1.952782609463164509e-01
5.140985478877388992e-01
4.461809956815912526e-01
2.725787439921050770e-01
4.157080679029382386e-01
5.422591785051162905e-01
4.583547137497052115e-01
3.523185302618643266e-01
5.257381749648365465e-01
3.413823812916474965e-01
3.382237697035717638e-01
5.918385721257082288e-01
5.244081201951236171e-01
4.300671431073674333e-01
3.883888838895326878e-01
4.630239126769558622e-01
2.708053424254753816e-01
5.623000061222827028e-01
4.316465015750700629e-01
2.344073802871952106e-01
7.693607489060780291e-02
2.880647031258380397e-01
1.321173277036480076e-01
1.138201277802907418e-01
5.472845027145130103e-01
5.305489531632610056e-01
5.442762861635672689e-01
3.298972950045259700e-01
3.595741608851750759e-01
5.551922325327990348e-01
5.236850656154122818e-01
2.723881292638311025e-01
5.166047150603805121e-02
4.018220108126231427e-01
3.029226900444814685e-01
4.826914522652337586e-02
5.963982399873318102e-02
1.937641698751389474e-01
4.800260704084286512e-01
1.081924116669615993e-01
2.051716365072800141e-01
5.370017853553430420e-01
5.412555250620652014e-01
3.879851971156743073e-01
4.191016498809319035e-01
5.344065281931880129e-01
4.840858482901983506e-01
1.045050994016170076e-01
3.870270361148530069e-01
2.714896188445868885e-01
3.499172265956216332e-01
6.066482759429420168e-01
5.773349515536575494e-01
5.658506019864121273e-01
3.473979954801855174e-01
4.403809297408135537e-01
4.794005507250668208e-01
3.394106292753725218e-01
1.474852652623625804e-01
6.254577125118360170e-01
3.733925826261640379e-01
5.696243457022946988e-01
5.673319124916709200e-01
4.168910172519105228e-01
5.243434137409506146e-01
2.775963247554411040e-01
6.148995727797716693e-02
5.092138470796014893e-01
2.826278342491287954e-01
5.997087730375407766e-01
7.131772510338880711e-01
2.909462314493767576e-01
1.542720063450292722e-01
4.347509492159667421e-01
3.828140192627552674e-01
2.346650617937161010e-01
3.518599610819060919e-01
4.695038513531706870e-01
4.868648565800366979e-01
5.766027238692644774e-01
6.321913753847299144e-01
4.802530295619483192e-01
5.346128352753272139e-01
4.082934935125572262e-01
1.355479492113906281e-01
6.979506573496535582e-01
4.394095263222339010e-01
1.375852850912179792e-01
5.530685461909055911e-02
2.647501704858605809e-01
4.171761795579283505e-01
1.203444899242214067e-01
2.105886784554781843e-01
4.141046580131332311e-01
4.853692377060472851e-01
3.860368268188428820e-01
2.937891836812200341e-01
3.958670649784342133e-01
4.521756458149000513e-01
4.083383391773652837e-01
9.442540451424616399e-02
5.006994147414368657e-01
3.375680145404361676e-01
9.251125732832282678e-02
3.107467571597624656e-01
3.736976932642631644e-01
5.689732786301938683e-01
2.437316131522750395e-01
4.282192532655790251e-01
3.272324687058683068e-01
3.304652264880252321e-01
4.855023439324181456e-01
4.301821761582406145e-01
2.907493632242961756e-01
4.826300904885497678e-01
5.647721235745869484e-01
1.952782609463164509e-01
5.140985478877388992e-01
4.461809956815912526e-01
2.725787439921050770e-01
4.157080679029382386e-01
5.422591785051162905e-01
4.583547137497052115e-01
3.523185302618643266e-01
5.257381749648365465e-01
3.413823812916474965e-01
3.382237697035717638e-01
5.918385721257082288e-01
5.244081201951236171e-01
4.300671431073674333e-01
3.883888838895326878e-01
4.630239126769558622e-01
2.708053424254753816e-01
5.623000061222827028e-01
4.316465015750700629e-01
2.344073802871952106e-01
7.693607489060780291e-02
2.880647031258380397e-01
1.321173277036480076e-01
1.138201277802907418e-01
5.472845027145130103e-01
5.305489531632610056e-01
5.442762861635672689e-01
3.298972950045259700e-01
3.595741608851750759e-01
5.551922325327990348e-01
5.236850656154122818e-01
2.723881292638311025e-01
5.166047150603805121e-02
4.018220108126231427e-01
3.029226900444814685e-01
4.826914522652337586e-02
1.542680762051494570e-01
4.347509492159667421e-01
3.828140192627552674e-01
2.346650617937161010e-01
3.518599610819060919e-01
4.695038513531706870e-01
4.868648565800366979e-01
5.766012384567771321e-01
6.321804012053944266e-01
4.802530295619483192e-01
5.346128352753272139e-01
4.082934935125572262e-01
1.355479492113906281e-01
6.979506573496535582e-01
4.394095263222339010e-01
1.375852850912179792e-01
1.273311228851326804e-01
4.276329160059124113e-01
6.208005497847450815e-01
1.803665432629504295e-01
4.779941738414150154e-01
3.911360022281997750e-01
6.167232571475488312e-01
4.532735393823097980e-01
6.045922646866818129e-01
5.567494176847559428e-01
5.814594098982318604e-01
4.241944454378792084e-01
1.943129933040592672e-01
4.714292835399038761e-01
4.136719933575361274e-01
1.559643425348745116e-01
1.852307421273503840e-01
3.320468191525193791e-01
3.764197274402282800e-01
1.711518590147814989e-01
3.807285785220712038e-01
4.004563950030761155e-01
6.430901496184729949e-01
4.607163250979652291e-01
5.181600606408496290e-01
5.887060412223097394e-01
5.839933270372910101e-01
2.996258434380481561e-01
1.695494747685687975e-01
5.265686182611891697e-01
3.546576617821732835e-01
1.688346315598681091e-01
1.670239119613199930e-01
5.736323358950693452e-01
3.917513640149348220e-01
1.728711951449685147e-01
3.934595253038001839e-01
4.549839159474137196e-01
6.198148373306011649e-01
3.086795630369050247e-01
7.326030173899352738e-01
6.305829807792717734e-01
5.807021729200576576e-01
5.184079733139355106e-01
1.758496358040431695e-01
5.881626036560685389e-01
3.606301265520540089e-01
1.947422347282324329e-01
1.419257111872851418e-01
4.924825097336067992e-01
5.632677077168355417e-01
1.960553551973038822e-01
4.720474039275312506e-01
4.626510117073365236e-01
6.330952386456386582e-01
3.906187594498400917e-01
5.180342177104081403e-01
5.919631212222492556e-01
5.649076247002081663e-01
4.803891904309712801e-01
1.811255812979968849e-01
5.763091098293704473e-01
4.218594855764171703e-01
1.704675180796354494e-01
1.795541937728332427e-01
3.713203487056510044e-01
4.108489939277009118e-01
1.873363834661273819e-01
3.498745660509470778e-01
3.888384033603837220e-01
6.212289604545834232e-01
4.529196788512815375e-01
4.425523247906898439e-01
6.239085873004382998e-01
6.112261519188493253e-01
3.252077083500460319e-01
1.669391744038403458e-01
4.660117242077305710e-01
3.100325188587421676e-01
1.708268691780880366e-01
5.530685461909056605e-02
2.647501704858605254e-01
4.171761795579284060e-01
1.203444899242214067e-01
2.105886784554782121e-01
4.141046580131332311e-01
4.853692377060473961e-01
3.860368268188428820e-01
2.937891836812199786e-01
3.958670649784341578e-01
4.521756458148999958e-01
4.083383391773652282e-01
9.442540451424617787e-02
5.006994147414368657e-01
3.375680145404362231e-01
9.251125732832284065e-02
3.107467571597625211e-01
3.736976932642631088e-01
5.689732786301938683e-01
2.437316131522750395e-01
4.282192532655790251e-01
3.272324687058683068e-01
3.304652264880251766e-01
4.855023439324180901e-01
4.301821761582406700e-01
2.907493632242961201e-01
4.826300904885498233e-01
5.647721235745868373e-01
1.952782609463164232e-01
5.140985478877386772e-01
4.461809956815912526e-01
2.725787439921050770e-01
4.157080679029382386e-01
5.422591785051161795e-01
4.583547137497052115e-01
3.523185302618643266e-01
5.257381749648364355e-01
3.413823812916475520e-01
3.382237697035717638e-01
5.918385721257082288e-01
5.244081201951236171e-01
4.300671431073674333e-01
3.883888838895326878e-01
4.630239126769559732e-01
2.708053424254753261e-01
5.623000061222828139e-01
4.316465015750701184e-01
2.344073802871952661e-01
7.693607489060778903e-02
2.880647031258379842e-01
1.321173277036480076e-01
1.138201277802907418e-01
5.472845027145130103e-01
5.305489531632608946e-01
5.442762861635672689e-01
3.298972950045259145e-01
3.595741608851750759e-01
5.551922325327990348e-01
5.236850656154122818e-01
2.723881292638311025e-01
5.166047150603805815e-02
4.018220108126231427e-01
3.029226900444814685e-01
4.826914522652337586e-02
