3.733547631904053921e-01
6.314019533743244761e-01
2.882162346290404464e-01
4.085955493811171957e-01
3.997983473236826346e-01
4.115738436507651032e-01
3.629139119200632813e-01
9.264693559974634951e-01
1.187467012513929165e-01
1.029304401699074056e-01
2.153720413004124312e-01
1.621488873040478618e-01
2.362643206405393159e-01
5.620705651404385161e-01
5.206476384819894720e-01
2.422626902436878504e-01
5.888294587137237190e-01
3.267420926031670558e-01
2.105088205534496326e-01
2.170081805048445500e-01
3.046053138058309462e-01
2.220477870718930991e-01
1.797682204096199554e-01
5.346245203727388873e-01
1.828157459103244564e-01
2.674259967379151726e-01
1.647624915547359348e-01
5.061505171664130165e-01
8.758843476163071795e-01
6.356950207424337806e-01
4.654808800148955705e-01
4.645243256726789283e-01
3.377292221865640376e-01
4.440178894244938279e-01
1.301408239466263217e-01
1.259975263495173303e-01
2.859495976923678850e-01
1.976354998920319406e-01
1.564615741455092912e-01
7.565212274741643927e-01
2.356089146906094056e-01
2.388733469693670730e-01
8.851114175284569008e-02
2.302209471441379329e-01
2.438511413801840999e-01
3.142936175038640312e-01
2.121620964345157234e-01
2.678192028292377125e-01
3.864988311137809163e-01
5.652323404062742362e-01
1.136270942420284924e-01
4.399898351573345301e-01
6.494099879942982767e-01
3.873300096578006224e-01
3.735329658828716592e-01
7.350600466112178211e-01
3.593346940617229146e-01
5.893909070178197096e-01
4.267988543522986400e-01
2.522648198463848801e-01
2.752035156483565448e-01
5.537182532431939030e-01
2.963600587826228927e-01
1.133889394441194159e-01
2.795029412043603112e-01
4.444883521250954650e-01
5.547128513101049485e-01
3.280217565432061444e-01
3.195830822921211789e-01
3.852555722264583982e-01
4.444575618166219932e-01
5.328515301872074339e-01
5.845076685536362282e-01
4.472739885506850643e-01
3.810879511120329188e-01
3.421431722711317791e-01
2.766212321984038991e-01
3.362127469381119838e-01
5.201369271147592288e-01
3.461161518577148266e-01
3.928887976359798362e-01
3.900053757770184371e-01
1.434356360649259310e-01
1.907453705555151868e-01
2.628461031075043364e-01
2.325648664291029288e-01
5.334257383875843361e-01
4.751508980933159543e-01
4.252628820351695982e-01
3.839609784394764636e-01
4.399587108613374209e-01
2.283900599622038230e-01
2.694082736389931676e-01
3.948845516644848841e-01
3.222153430794691409e-01
5.713334122053954633e-01
5.010757709761186618e-01
5.412295662558895826e-01
3.005134343888914428e-01
5.279709346399439340e-01
4.590130480582571559e-01
6.364159015201971137e-01
6.231924125931981306e-02
4.336727346092381086e-01
3.300876970096476848e-01
3.388553220742125394e-01
2.930500314533079353e-01
9.760405329497794380e-01
2.471215469129148246e-01
3.220502040393146692e-01
2.175458486208500242e-01
1.982349592384864967e-01
4.692719283771001337e-01
7.467955652946248746e-01
4.040707526686674878e-01
2.786040592747679456e-01
3.733547631904053921e-01
6.314019533743244761e-01
2.882162346290404464e-01
4.085955493811171957e-01
3.997983473236826346e-01
4.115738436507651032e-01
3.629139119200632813e-01
9.264693559974634951e-01
1.187467012513929165e-01
1.029304401699074056e-01
2.153720413004124312e-01
1.621488873040478618e-01
2.362643206405393159e-01
5.620705651404385161e-01
5.206476384819894720e-01
2.422626902436878504e-01
5.888294587137237190e-01
3.267420926031670558e-01
2.105088205534496326e-01
2.170081805048445500e-01
3.046053138058309462e-01
2.220477870718930991e-01
1.797682204096199554e-01
5.346245203727388873e-01
1.828157459103244564e-01
2.674259967379151726e-01
1.647624915547359348e-01
5.061505171664130165e-01
8.758843476163071795e-01
6.356950207424337806e-01
4.654808800148955705e-01
4.645243256726789283e-01
3.377292221865640376e-01
4.440178894244938279e-01
1.301408239466263217e-01
1.259975263495173303e-01
2.859495976923678850e-01
1.976354998920319406e-01
1.564615741455092912e-01
7.565212274741643927e-01
2.356089146906094056e-01
2.388733469693670730e-01
8.851114175284569008e-02
2.302209471441379329e-01
2.438511413801840999e-01
3.142936175038640312e-01
2.121620964345157234e-01
2.678192028292377125e-01
3.864988311137809163e-01
5.652323404062742362e-01
1.136270942420284924e-01
4.399898351573345301e-01
6.494099879942982767e-01
3.873300096578006224e-01
3.735329658828716592e-01
7.350600466112178211e-01
3.593346940617229146e-01
5.893909070178197096e-01
4.267988543522986400e-01
2.522648198463848801e-01
2.752035156483565448e-01
5.537182532431939030e-01
2.963600587826228927e-01
1.133889394441194159e-01
4.590013545207951573e-01
6.364159015201971137e-01
6.231924125931981306e-02
4.336727346092381086e-01
3.300876970096476848e-01
3.388553220742125394e-01
2.930500314533079353e-01
9.760404488923387634e-01
2.470990835376457029e-01
3.220502040393146692e-01
2.175458486208500242e-01
1.982349592384864967e-01
4.692719283771001337e-01
7.467955652946248746e-01
4.040707526686674878e-01
2.786040592747679456e-01
3.532373064833244647e-01
4.751602740615065712e-01
4.350543011030992280e-01
4.228738800877546722e-01
6.900712842735987618e-01
3.677443079442507257e-01
3.251792491766077875e-01
5.322551687190486547e-01
2.842576451066538556e-01
3.352604659734624848e-01
1.636419582157537245e-01
2.980778238430953353e-01
4.357450451271699943e-01
6.130990016267811038e-01
2.250903610325366566e-01
3.943693592425678296e-01
3.648233417040624982e-01
5.372798951427972813e-01
2.496019126470837013e-01
3.863272170235136915e-01
6.195217125598794228e-01
3.156577070232944870e-01
3.038922921951852651e-01
7.905244883040936088e-01
3.324351798213410758e-01
2.630749041658953513e-01
2.172806405692167264e-01
2.346119392094022094e-01
4.229758274745339941e-01
9.138557585143743944e-01
2.389103765709332805e-01
3.237075676317857087e-01
3.962466131028855032e-01
7.302485129532544361e-01
9.476070709093931121e-02
4.310545407727954803e-01
4.861100124645411635e-01
4.223487536725842317e-01
3.080916484833729485e-01
5.280565805286326908e-01
4.471186676959362227e-01
3.629738654831062283e-01
1.771836888229104123e-01
3.174845751834939334e-01
4.557103462348381928e-01
6.348598576377624259e-01
3.546214662930765038e-01
3.794258000833671818e-01
3.643147299755908342e-01
5.873063104202767004e-01
3.769030461981532354e-01
4.304400849581247468e-01
6.541742753896970797e-01
3.829644323589613264e-01
3.699723505447463645e-01
4.689427929551715502e-01
2.425733105674787726e-01
3.713709866271511784e-01
1.362908572963830722e-01
3.895635638283482249e-01
4.186640513970665278e-01
8.044730066792282752e-01
2.459036581706877111e-01
3.975809300271760383e-01
3.691880421443185512e-01
5.245748458016165072e-01
2.478579767632845821e-01
4.393829872973157302e-01
5.199691623112814298e-01
3.370834837017549490e-01
3.122607343103692146e-01
6.364654998909302641e-01
3.443618949584220656e-01
2.505724210257696538e-01
2.075843906053874699e-01
2.603906176979778331e-01
3.750459395930126894e-01
8.692764411879989606e-01
2.015922030694562439e-01
3.385954085548987802e-01
3.733547631904053921e-01
6.314019533743243651e-01
2.882162346290405575e-01
4.085955493811171957e-01
3.997983473236826901e-01
4.115738436507651032e-01
3.629139119200633923e-01
9.264693559974634951e-01
1.187467012513929165e-01
1.029304401699073779e-01
2.153720413004124035e-01
1.621488873040478618e-01
2.362643206405393159e-01
5.620705651404386272e-01
5.206476384819895831e-01
2.422626902436878782e-01
5.888294587137237190e-01
3.267420926031670558e-01
2.105088205534496604e-01
2.170081805048444945e-01
3.046053138058310017e-01
2.220477870718930713e-01
1.797682204096199554e-01
5.346245203727388873e-01
1.828157459103244564e-01
2.674259967379151726e-01
1.647624915547359348e-01
5.061505171664130165e-01
8.758843476163070685e-01
6.356950207424335586e-01
4.654808800148956260e-01
4.645243256726788728e-01
3.377292221865640376e-01
4.440178894244938279e-01
1.301408239466263217e-01
1.259975263495173581e-01
2.859495976923678850e-01
1.976354998920319961e-01
1.564615741455093190e-01
7.565212274741642817e-01
2.356089146906094056e-01
2.388733469693670730e-01
8.851114175284569008e-02
2.302209471441379884e-01
2.438511413801840444e-01
3.142936175038640312e-01
2.121620964345157512e-01
2.678192028292377680e-01
3.864988311137809718e-01
5.652323404062741252e-01
1.136270942420285202e-01
4.399898351573345301e-01
6.494099879942981657e-01
3.873300096578006224e-01
3.735329658828716592e-01
7.350600466112178211e-01
3.593346940617229146e-01
5.893909070178197096e-01
4.267988543522986400e-01
2.522648198463848801e-01
2.752035156483566003e-01
5.537182532431939030e-01
2.963600587826229482e-01
1.133889394441194159e-01
