3.983699422252106048e-01
4.827212427302087772e-01
6.221090192103305716e-01
4.262729918210990121e-01
3.928303310305345519e-01
2.167091380816850155e-01
3.523413843434251014e-01
4.169615407201521240e-01
5.717661292251869920e-01
3.925990180943646490e-01
3.351717144366465617e-01
5.237434043987800880e-01
3.284634192414704335e-01
3.957535123830675516e-01
5.207351862642525253e-01
3.633221188732765894e-01
5.180543575383237398e-01
1.959958029262609536e-01
5.352420964284607674e-01
2.034364346491907560e-01
2.941947109540958283e-01
8.188594141441639385e-02
9.231609399951555550e-02
2.203136548504222858e-01
2.641833059180081489e-01
1.096547898670808263e-01
1.731461436787768149e-01
3.124407759197188050e-01
4.767610121233725184e-01
1.710192355992756208e-01
2.354072825823398663e-01
3.118753649770957814e-01
7.135132656672303897e-01
3.730709389644337182e-01
3.488364333768011472e-01
3.880067007618016595e-01
4.732576821502789133e-01
1.058552075274814264e-01
1.594172681485322707e-01
5.025111062447500387e-01
3.997814614581002290e-01
1.999954153470363538e-01
1.679304802653109330e-01
3.125618625804796880e-01
3.197651452160809038e-01
3.540416079241479053e-01
2.652511459272207106e-01
4.368764141909396437e-01
3.429992659339977101e-01
3.555519495671483066e-01
4.002469825749448429e-01
3.808395539303091604e-01
5.087004596389677058e-01
2.397282681131031323e-01
2.603917436777786754e-01
2.866185577227945980e-01
4.754734458088279991e-01
4.134863689629681427e-01
4.743455916450743381e-01
3.792854288450356881e-01
2.871129228178380122e-01
3.493575245257414252e-01
6.680276518165747524e-01
2.875565507382532582e-01
3.947442929885123242e-01
4.520895674227907723e-01
6.597447904856406087e-01
4.033484000572588601e-01
3.994776443532700450e-01
3.156337580757572758e-01
3.466710546195045928e-01
4.759870540270691452e-01
5.970264414756951687e-01
4.795256428051492548e-01
2.754221568687973964e-01
3.556839910331607846e-01
3.625121906418364848e-01
3.283857429047258858e-01
6.672689222602806725e-01
2.761862209607087726e-01
3.994803281574004217e-01
4.213249572145156829e-01
1.106957162807465367e-01
1.391008188537981860e-01
2.558505573089812635e-01
1.444106280292427880e-01
4.582557709354017073e-01
3.421851798604582107e-01
5.289953202328703252e-01
3.644079220317518186e-01
4.433927761562478365e-01
1.533742998661737078e-01
2.823125399199175045e-01
3.354405456386549966e-01
3.103425198252381390e-01
5.983092091266175583e-01
6.381725349274960379e-01
3.038860251637905963e-01
4.680358588731283742e-01
5.133086891985016997e-01
5.189289180016618541e-01
3.895117368751846443e-01
4.769095535605096803e-01
4.987124891344772437e-01
3.457272726585461919e-01
1.716622014050670497e-01
2.273001514474880524e-01
4.304219722936147852e-01
6.517034496380074149e-01
2.629162765250309675e-01
2.924140337531794809e-01
3.407566879042586705e-01
4.387795753515005281e-01
4.199942743285416391e-01
4.646466904549249599e-01
4.031965341952046256e-01
3.983699422252106048e-01
4.827212427302087772e-01
6.221090192103305716e-01
4.262729918210990121e-01
3.928303310305345519e-01
2.167091380816850155e-01
3.523413843434251014e-01
4.169615407201521240e-01
5.717661292251869920e-01
3.925990180943646490e-01
3.351717144366465617e-01
5.237434043987800880e-01
3.284634192414704335e-01
3.957535123830675516e-01
5.207351862642525253e-01
3.633221188732765894e-01
5.180543575383237398e-01
1.959958029262609536e-01
5.352420964284607674e-01
2.034364346491907560e-01
2.941947109540958283e-01
8.188594141441639385e-02
9.231609399951555550e-02
2.203136548504222858e-01
2.641833059180081489e-01
1.096547898670808263e-01
1.731461436787768149e-01
3.124407759197188050e-01
4.767610121233725184e-01
1.710192355992756208e-01
2.354072825823398663e-01
3.118753649770957814e-01
7.135132656672303897e-01
3.730709389644337182e-01
3.488364333768011472e-01
3.880067007618016595e-01
4.732576821502789133e-01
1.058552075274814264e-01
1.594172681485322707e-01
5.025111062447500387e-01
3.997814614581002290e-01
1.999954153470363538e-01
1.679304802653109330e-01
3.125618625804796880e-01
3.197651452160809038e-01
3.540416079241479053e-01
2.652511459272207106e-01
4.368764141909396437e-01
3.429992659339977101e-01
3.555519495671483066e-01
4.002469825749448429e-01
3.808395539303091604e-01
5.087004596389677058e-01
2.397282681131031323e-01
2.603917436777786754e-01
2.866185577227945980e-01
4.754734458088279991e-01
4.134863689629681427e-01
4.743455916450743381e-01
3.792854288450356881e-01
2.871129228178380122e-01
3.493575245257414252e-01
6.680276518165747524e-01
2.875565507382532582e-01
5.189156980839091382e-01
3.895117368751846443e-01
4.769095535605096803e-01
4.987124891344772437e-01
3.457272726585461919e-01
1.716622014050670497e-01
2.273001514474880524e-01
4.304199740324954337e-01
6.516930576337156555e-01
2.629162765250309675e-01
2.924140337531794809e-01
3.407566879042586705e-01
4.387795753515005281e-01
4.199942743285416391e-01
4.646466904549249599e-01
4.031965341952046256e-01
4.924133170102891199e-01
3.989802137022795958e-01
6.900319684612066240e-01
4.722575132779300300e-01
5.289102140088342008e-01
1.162089673720126393e-01
2.846422248165542124e-01
2.886401145204635088e-01
7.043688518001326448e-01
2.712183399026100727e-01
2.985405767398910948e-01
4.232652881402139133e-01
4.343672528860283433e-01
2.794888636353023426e-01
5.027005301757344613e-01
4.076862888708390753e-01
4.953596272813000079e-01
3.931260838138638802e-01
5.373617031913680009e-01
4.685435385449421286e-01
4.267642172870984574e-01
1.157690509180060584e-01
2.498336784781157727e-01
4.469094571670907401e-01
7.466943006330701849e-01
2.199881218383611947e-01
3.477137197655589818e-01
3.167454267262548862e-01
5.002622598690162903e-01
4.623785096332765354e-01
4.250973660601953252e-01
3.200632468917800622e-01
4.886512791690982849e-01
4.804844414977045286e-01
5.792346763287077316e-01
5.223256363354440435e-01
3.434669683054347167e-01
2.031349842838599262e-01
2.491557528936313437e-01
2.011864181107803073e-01
8.434656923030333653e-01
2.616339111138926143e-01
3.459552264932443943e-01
4.636232401305695472e-01
5.422720006779482294e-01
3.504729463712271120e-01
3.685044372869236695e-01
3.926331204342143333e-01
4.901051819617860961e-01
4.492474469843785179e-01
6.808656791545266707e-01
4.975498511253649281e-01
3.757961837862387466e-01
1.830648994538000007e-01
2.784115142784520658e-01
2.520469386666072675e-01
6.451002211648102502e-01
2.446420038995816004e-01
3.140404163542407368e-01
5.364096040289413336e-01
5.255475588815370358e-01
4.437442125610044363e-01
3.815797264402116529e-01
3.580187438393325206e-01
4.894883139910095604e-01
3.950140653261744461e-01
6.192711636210616044e-01
5.042927597102557780e-01
3.806450884569885784e-01
1.357197482923165055e-01
2.440209723972333600e-01
3.725519033411832104e-01
6.409467385304267184e-01
2.415476848248256370e-01
3.488472873619994918e-01
3.953457226559516369e-01
4.853052086859512837e-01
3.658431350614296806e-01
3.590508385340343001e-01
3.421773250051709514e-01
3.983699422252106048e-01
4.827212427302087216e-01
6.221090192103307936e-01
4.262729918210990121e-01
3.928303310305345519e-01
2.167091380816850155e-01
3.523413843434251569e-01
4.169615407201521240e-01
5.717661292251871030e-01
3.925990180943647045e-01
3.351717144366465062e-01
5.237434043987800880e-01
3.284634192414704335e-01
3.957535123830676627e-01
5.207351862642524143e-01
3.633221188732765894e-01
5.180543575383238508e-01
1.959958029262609536e-01
5.352420964284607674e-01
2.034364346491908115e-01
2.941947109540958283e-01
8.188594141441639385e-02
9.231609399951555550e-02
2.203136548504222580e-01
2.641833059180082044e-01
1.096547898670808263e-01
1.731461436787768426e-01
3.124407759197187495e-01
4.767610121233724074e-01
1.710192355992755653e-01
2.354072825823399218e-01
3.118753649770957814e-01
7.135132656672303897e-01
3.730709389644337182e-01
3.488364333768011472e-01
3.880067007618016595e-01
4.732576821502789133e-01
1.058552075274814402e-01
1.594172681485322707e-01
5.025111062447499277e-01
3.997814614581002290e-01
1.999954153470363538e-01
1.679304802653109330e-01
3.125618625804796880e-01
3.197651452160808483e-01
3.540416079241478498e-01
2.652511459272207661e-01
4.368764141909397547e-01
3.429992659339977101e-01
3.555519495671482511e-01
4.002469825749448984e-01
3.808395539303091604e-01
5.087004596389677058e-01
2.397282681131031323e-01
2.603917436777786754e-01
2.866185577227945980e-01
4.754734458088279991e-01
4.134863689629681982e-01
4.743455916450743937e-01
3.792854288450357436e-01
2.871129228178380122e-01
3.493575245257414252e-01
6.680276518165747524e-01
2.875565507382532582e-01
