1.958735441195609550e-01
3.552546955467192902e-01
3.933452032568686696e-01
3.290721805707992331e-01
2.689618473075727767e-01
2.739556715053497182e-01
3.451477833135445650e-01
2.695839372577138460e-01
2.989769432688226813e-01
3.660167387122973404e-01
3.610508418394396957e-01
3.934411628754007628e-01
2.955375536632801614e-01
4.730185142579266255e-01
5.154403371202931350e-01
2.925425333832957220e-01
4.197437516387662049e-01
2.785826964414406803e-01
6.048393560758695831e-01
3.554362024130374720e-01
4.534069314596273492e-01
2.133943417922501973e-01
1.725947074793749980e-01
4.316488457818096203e-01
1.751618382118404482e-01
2.628712043765445983e-01
2.372175951624307666e-01
4.581126135662790810e-01
3.316895582546560695e-01
2.873396257713117796e-01
3.268111789816993684e-01
4.094759610363384317e-01
4.027269764812509423e-01
2.596997850537588470e-01
2.600288185316080303e-01
3.376271203851941016e-01
5.851941071407398276e-01
2.697279453181259390e-01
2.927168446659291212e-01
5.319418701361081636e-01
3.024773269117611019e-01
3.338235867905918197e-01
2.431840955553522809e-01
3.319193483625572094e-01
2.986446142709525686e-01
3.270142382983672880e-01
2.859574104903166991e-01
4.561370792352796300e-01
2.813413739164071226e-01
3.011936433883650177e-01
2.853740811381003661e-01
3.370184296887137054e-01
6.006629351911684234e-01
4.441377816452977689e-01
2.526005702230980088e-01
4.075923470226650580e-01
4.048855187949441103e-01
5.878591814694412720e-01
4.865653287393895687e-01
3.384697518982482944e-01
2.319350493324423002e-01
5.375120911871584806e-01
5.810012774774362398e-01
2.257586988705129472e-01
2.429769964347970046e-01
3.834017692671058408e-01
5.817290412583973058e-01
3.180079957087347808e-01
2.886171574994300659e-01
3.641738820236800067e-01
4.116732042164712446e-01
3.149432697980811824e-01
4.800555598936590007e-01
4.801854077722098046e-01
4.047945611357317008e-01
3.170957150385054768e-01
3.659255144366199142e-01
4.141558171026986646e-01
5.611003683618073223e-01
3.738860608058114376e-01
5.071272096213522707e-01
5.545955219971278050e-01
2.161548213258059903e-01
2.212017129921885761e-01
2.027093141315524649e-01
3.001334612933769241e-01
3.108698375734243458e-01
3.522030161736571241e-01
4.560362895928005145e-01
2.857801079008622236e-01
6.254080580301065728e-01
3.224165761314710110e-01
3.420671917633641979e-01
2.985094806596099160e-01
2.523221972941616098e-01
5.858459359541012823e-01
4.242858380889657499e-01
4.618670436127229051e-01
5.027934561146590875e-01
5.094777830169765487e-01
3.084197295690112028e-01
3.050871011128239441e-01
3.386679522655342556e-01
4.633341798087987073e-01
4.251766350389040161e-01
3.469707254842634425e-01
3.026250121620219224e-01
5.322549548637397487e-01
3.800160669557965387e-01
4.270429641870960302e-01
3.539565912684707327e-01
3.400904981307509289e-01
3.551717652479752796e-01
5.645666844731808132e-01
4.794116345660558998e-01
3.736369547353169951e-01
1.958735441195609550e-01
3.552546955467192902e-01
3.933452032568686696e-01
3.290721805707992331e-01
2.689618473075727767e-01
2.739556715053497182e-01
3.451477833135445650e-01
2.695839372577138460e-01
2.989769432688226813e-01
3.660167387122973404e-01
3.610508418394396957e-01
3.934411628754007628e-01
2.955375536632801614e-01
4.730185142579266255e-01
5.154403371202931350e-01
2.925425333832957220e-01
4.197437516387662049e-01
2.785826964414406803e-01
6.048393560758695831e-01
3.554362024130374720e-01
4.534069314596273492e-01
2.133943417922501973e-01
1.725947074793749980e-01
4.316488457818096203e-01
1.751618382118404482e-01
2.628712043765445983e-01
2.372175951624307666e-01
4.581126135662790810e-01
3.316895582546560695e-01
2.873396257713117796e-01
3.268111789816993684e-01
4.094759610363384317e-01
4.027269764812509423e-01
2.596997850537588470e-01
2.600288185316080303e-01
3.376271203851941016e-01
5.851941071407398276e-01
2.697279453181259390e-01
2.927168446659291212e-01
5.319418701361081636e-01
3.024773269117611019e-01
3.338235867905918197e-01
2.431840955553522809e-01
3.319193483625572094e-01
2.986446142709525686e-01
3.270142382983672880e-01
2.859574104903166991e-01
4.561370792352796300e-01
2.813413739164071226e-01
3.011936433883650177e-01
2.853740811381003661e-01
3.370184296887137054e-01
6.006629351911684234e-01
4.441377816452977689e-01
2.526005702230980088e-01
4.075923470226650580e-01
4.048855187949441103e-01
5.878591814694412720e-01
4.865653287393895687e-01
3.384697518982482944e-01
2.319350493324423002e-01
5.375120911871584806e-01
5.810012774774362398e-01
2.257586988705129472e-01
3.084118724554128499e-01
3.050871011128239441e-01
3.386679522655342556e-01
4.633341798087987073e-01
4.251766350389040161e-01
3.469707254842634425e-01
3.026250121620219224e-01
5.322533138651548423e-01
3.799975687085805354e-01
4.270429641870960302e-01
3.539565912684707327e-01
3.400904981307509289e-01
3.551717652479752796e-01
5.645666844731808132e-01
4.794116345660558998e-01
3.736369547353169951e-01
2.813022201882348083e-01
3.851872450518518121e-01
5.616196510002999798e-01
3.449373380765077268e-01
4.130570840609876782e-01
2.673826671577921310e-01
4.012918382398001915e-01
5.107341865848999962e-01
5.229791612428413838e-01
3.611092786656650011e-01
3.721718872290180613e-01
4.259141846818893518e-01
3.810793092855491726e-01
5.218823589761183435e-01
4.077191874553651729e-01
3.729122206153429597e-01
2.835536032594855316e-01
3.933215967700691151e-01
4.404850405198522112e-01
2.973379553441075629e-01
4.481354649975238802e-01
2.532590686424042725e-01
3.602666493667106007e-01
6.405473856209149552e-01
5.069527445764059337e-01
3.277046446472061114e-01
3.636320721922196020e-01
4.155036828203542698e-01
3.567479683362251297e-01
7.092801172113848418e-01
4.389680661883080814e-01
3.296174357975102942e-01
2.738648359405949639e-01
4.997753515202468799e-01
3.812981235972515703e-01
3.975011960807749434e-01
3.966274867064664700e-01
3.354579038121465739e-01
3.463563210537328740e-01
3.925160153712441424e-01
6.463580282713340397e-01
4.090429119989163476e-01
3.680204060372155306e-01
5.122240610282686735e-01
3.958409662860304379e-01
5.949490189414525787e-01
4.439931600861824479e-01
3.661346491914475032e-01
2.679193167213397286e-01
4.993633391688747092e-01
4.968640845592088851e-01
3.737602743538138150e-01
3.960247880724124259e-01
3.200341409058113373e-01
4.110309841357380201e-01
4.491789749943130849e-01
5.069864158736673287e-01
3.379581078105213798e-01
3.583277636409433198e-01
5.428738633355095766e-01
3.866796935044086725e-01
7.061465801429069877e-01
4.075601599263638519e-01
3.517652283667007662e-01
2.718983600214683882e-01
4.268803579009158300e-01
4.466800397099076614e-01
3.499683987585449074e-01
4.095672229848629775e-01
2.504371814192745682e-01
3.761469303840336287e-01
5.236091986843121049e-01
4.751332399801667661e-01
3.569207387610007221e-01
3.665289945222053869e-01
4.315201940702546035e-01
3.266482285690226472e-01
6.122319498927366599e-01
3.768568029876507852e-01
3.600310842672760914e-01
1.958735441195609550e-01
3.552546955467191792e-01
3.933452032568687251e-01
3.290721805707992886e-01
2.689618473075727767e-01
2.739556715053497182e-01
3.451477833135446205e-01
2.695839372577139015e-01
2.989769432688226258e-01
3.660167387122974514e-01
3.610508418394396957e-01
3.934411628754007628e-01
2.955375536632801614e-01
4.730185142579267366e-01
5.154403371202931350e-01
2.925425333832957220e-01
4.197437516387662604e-01
2.785826964414406803e-01
6.048393560758695831e-01
3.554362024130375275e-01
4.534069314596273492e-01
2.133943417922501973e-01
1.725947074793749980e-01
4.316488457818096203e-01
1.751618382118404760e-01
2.628712043765445983e-01
2.372175951624307666e-01
4.581126135662790255e-01
3.316895582546560695e-01
2.873396257713116686e-01
3.268111789816993684e-01
4.094759610363384317e-01
4.027269764812509423e-01
2.596997850537588470e-01
2.600288185316080858e-01
3.376271203851941571e-01
5.851941071407398276e-01
2.697279453181259945e-01
2.927168446659291212e-01
5.319418701361080526e-01
3.024773269117609908e-01
3.338235867905918197e-01
2.431840955553522809e-01
3.319193483625572649e-01
2.986446142709525131e-01
3.270142382983672324e-01
2.859574104903167546e-01
4.561370792352796300e-01
2.813413739164071226e-01
3.011936433883650177e-01
2.853740811381003661e-01
3.370184296887137609e-01
6.006629351911684234e-01
4.441377816452977134e-01
2.526005702230980088e-01
4.075923470226650580e-01
4.048855187949441103e-01
5.878591814694412720e-01
4.865653287393896242e-01
3.384697518982482944e-01
2.319350493324423279e-01
5.375120911871584806e-01
5.810012774774362398e-01
2.257586988705129194e-01
