1.950388557213241780e-01
3.552546955467192902e-01
3.933452032568686696e-01
3.290721805707992331e-01
2.689618473075727767e-01
2.739556715053497182e-01
3.451477833135445650e-01
2.706688837100598155e-01
2.989769432688226813e-01
3.660167387122973404e-01
3.610508418394396957e-01
3.934411628754007628e-01
2.965619472634994924e-01
4.721431231560675457e-01
5.154403371202931350e-01
2.925425333832957220e-01
4.203222815764757203e-01
2.785826964414406803e-01
6.048393560758695831e-01
3.554362024130374720e-01
4.541098879425104484e-01
2.133943417922501973e-01
1.725947074793749980e-01
4.316488457818096203e-01
1.751618382118404482e-01
2.628712043765445983e-01
2.372175951624307666e-01
4.572402780837664382e-01
3.299238055471211961e-01
2.873396257713117796e-01
3.280084621993117899e-01
4.094759610363384317e-01
4.034416866840814242e-01
2.596997850537588470e-01
2.600288185316080303e-01
3.376271203851941016e-01
5.851941071407398276e-01
2.701629903912197150e-01
2.927168446659291212e-01
5.311686988132358067e-01
3.024773269117611019e-01
3.338235867905918197e-01
2.431840955553522809e-01
3.319193483625572094e-01
2.986446142709525686e-01
3.270142382983672880e-01
2.853502822302523834e-01
4.561370792352796300e-01
2.802836536281596569e-01
3.020569412511421303e-01
2.853740811381003661e-01
3.374917701798495484e-01
6.006629351911684234e-01
4.441377816452977689e-01
2.520379854341824322e-01
4.075923470226650580e-01
4.055004525131519211e-01
5.878591814694412720e-01
4.865653287393895687e-01
3.384697518982482944e-01
2.319350493324423002e-01
5.375120911871584806e-01
5.810012774774362398e-01
2.257586988705129472e-01
2.424990089008269567e-01
3.834017692671058408e-01
5.817290412583973058e-01
3.180079957087347808e-01
2.886171574994300659e-01
3.641738820236800067e-01
4.112596718729081280e-01
3.155383368230899044e-01
4.800555598936590007e-01
4.797282049461077391e-01
4.047945611357317008e-01
3.178337190300613568e-01
3.655402830382437074e-01
4.141558171026986646e-01
5.614615253797757832e-01
3.732869055748062603e-01
5.080311195707963856e-01
5.551392635020975241e-01
2.161548213258059903e-01
2.212017129921885761e-01
2.024493694914940023e-01
3.001334612933769241e-01
3.098422672670376743e-01
3.522030161736571241e-01
4.564941283639880609e-01
2.857801079008622236e-01
6.254080580301065728e-01
3.226717273647399797e-01
3.420671917633641979e-01
2.989190822515524482e-01
2.518679646748274714e-01
5.864436440834501774e-01
4.241965649883579492e-01
4.619431392356108113e-01
5.027934561146590875e-01
5.094777830169765487e-01
3.079842643643707634e-01
3.054180841768118770e-01
3.386679522655342556e-01
4.635451163966715638e-01
4.254728150643115603e-01
3.471531577586306483e-01
3.024765271019079771e-01
5.322549548637397487e-01
3.803481412832230846e-01
4.270429641870960302e-01
3.539565912684707327e-01
3.397722314550550293e-01
3.551717652479752796e-01
5.642818536338520818e-01
4.796712661776271758e-01
3.736369547353169951e-01
1.950388557213241780e-01
3.552546955467192902e-01
3.933452032568686696e-01
3.290721805707992331e-01
2.689618473075727767e-01
2.739556715053497182e-01
3.451477833135445650e-01
2.706688837100598155e-01
2.989769432688226813e-01
3.660167387122973404e-01
3.610508418394396957e-01
3.934411628754007628e-01
2.965619472634994924e-01
4.721431231560675457e-01
5.154403371202931350e-01
2.925425333832957220e-01
4.203222815764757203e-01
2.785826964414406803e-01
6.048393560758695831e-01
3.554362024130374720e-01
4.541098879425104484e-01
2.133943417922501973e-01
1.725947074793749980e-01
4.316488457818096203e-01
1.751618382118404482e-01
2.628712043765445983e-01
2.372175951624307666e-01
4.572402780837664382e-01
3.299238055471211961e-01
2.873396257713117796e-01
3.280084621993117899e-01
4.094759610363384317e-01
4.034416866840814242e-01
2.596997850537588470e-01
2.600288185316080303e-01
3.376271203851941016e-01
5.851941071407398276e-01
2.701629903912197150e-01
2.927168446659291212e-01
5.311686988132358067e-01
3.024773269117611019e-01
3.338235867905918197e-01
2.431840955553522809e-01
3.319193483625572094e-01
2.986446142709525686e-01
3.270142382983672880e-01
2.853502822302523834e-01
4.561370792352796300e-01
2.802836536281596569e-01
3.020569412511421303e-01
2.853740811381003661e-01
3.374917701798495484e-01
6.006629351911684234e-01
4.441377816452977689e-01
2.520379854341824322e-01
4.075923470226650580e-01
4.055004525131519211e-01
5.878591814694412720e-01
4.865653287393895687e-01
3.384697518982482944e-01
2.319350493324423002e-01
5.375120911871584806e-01
5.810012774774362398e-01
2.257586988705129472e-01
3.079764183444193559e-01
3.054180841768118770e-01
3.386679522655342556e-01
4.635451163966715638e-01
4.254728150643115603e-01
3.471531577586306483e-01
3.024765271019079771e-01
5.322533138651548423e-01
3.803296529439945117e-01
4.270429641870960302e-01
3.539565912684707327e-01
3.397722314550550293e-01
3.551717652479752796e-01
5.642818536338520818e-01
4.796712661776271758e-01
3.736369547353169951e-01
2.811470221771888989e-01
3.848701922036761869e-01
5.616196510002999798e-01
3.451257059840852626e-01
4.130570840609876782e-01
2.673826671577921310e-01
4.016913293866022361e-01
5.104680584169318802e-01
5.233744934864142939e-01
3.612976042450223302e-01
3.719521013981698654e-01
4.256064813712417960e-01
3.808864585327624286e-01
5.222349965673203087e-01
4.073264127517113309e-01
3.730765261547481781e-01
2.837205921103618245e-01
3.929960179913037366e-01
4.401205950162013214e-01
2.973379553441075629e-01
4.477725204251113977e-01
2.533890542252936195e-01
3.602666493667106007e-01
6.409722222222222765e-01
5.060709252060977548e-01
3.277046446472061114e-01
3.638043923911971067e-01
4.158315200559269953e-01
3.569716713270922881e-01
7.097685562965373451e-01
4.389680661883080814e-01
3.292974429357451993e-01
2.738648359405949639e-01
4.997753515202468799e-01
3.808823024328258366e-01
3.975011960807749434e-01
3.966274867064664700e-01
3.352903507615625500e-01
3.467520538701856503e-01
3.925160153712441424e-01
6.463580282713340397e-01
4.095244909856322613e-01
3.678170961407976058e-01
5.118246604827274560e-01
3.956450053473311024e-01
5.949490189414525787e-01
4.439931600861824479e-01
3.663035681293019263e-01
2.679193167213397286e-01
4.990130728527220616e-01
4.964836316710052322e-01
3.739467742605788181e-01
3.963593459249026840e-01
3.200341409058113373e-01
4.112765673113303322e-01
4.488711519060450406e-01
5.062040177070432634e-01
3.381574725769984635e-01
3.583277636409433198e-01
5.432196154937841692e-01
3.866796935044086725e-01
7.065632620869948255e-01
4.075601599263638519e-01
3.515991865547161144e-01
2.720602206345540397e-01
4.265166369568126337e-01
4.466800397099076614e-01
3.497595560286377303e-01
4.099170711219496943e-01
2.505668483284316239e-01
3.757178243185601563e-01
5.239163523247034604e-01
4.742217358327381893e-01
3.571371250014621079e-01
3.667145517830849855e-01
4.315201940702546035e-01
3.264417303999868070e-01
6.122319498927366599e-01
3.772124841996006284e-01
3.600310842672760914e-01
1.950388557213241780e-01
3.552546955467191792e-01
3.933452032568687251e-01
3.290721805707992886e-01
2.689618473075727767e-01
2.739556715053497182e-01
3.451477833135446205e-01
2.706688837100598710e-01
2.989769432688226258e-01
3.660167387122974514e-01
3.610508418394396957e-01
3.934411628754007628e-01
2.965619472634994924e-01
4.721431231560676567e-01
5.154403371202931350e-01
2.925425333832957220e-01
4.203222815764757203e-01
2.785826964414406803e-01
6.048393560758695831e-01
3.554362024130375275e-01
4.541098879425105039e-01
2.133943417922501973e-01
1.725947074793749980e-01
4.316488457818096203e-01
1.751618382118404760e-01
2.628712043765445983e-01
2.372175951624307666e-01
4.572402780837664382e-01
3.299238055471211406e-01
2.873396257713116686e-01
3.280084621993118454e-01
4.094759610363384317e-01
4.034416866840814242e-01
2.596997850537588470e-01
2.600288185316080858e-01
3.376271203851941571e-01
5.851941071407398276e-01
2.701629903912197150e-01
2.927168446659291212e-01
5.311686988132358067e-01
3.024773269117609908e-01
3.338235867905918197e-01
2.431840955553522809e-01
3.319193483625572649e-01
2.986446142709525131e-01
3.270142382983672324e-01
2.853502822302523834e-01
4.561370792352796300e-01
2.802836536281596569e-01
3.020569412511420748e-01
2.853740811381003661e-01
3.374917701798495484e-01
6.006629351911684234e-01
4.441377816452977134e-01
2.520379854341824322e-01
4.075923470226650580e-01
4.055004525131519211e-01
5.878591814694412720e-01
4.865653287393896242e-01
3.384697518982482944e-01
2.319350493324423279e-01
5.375120911871584806e-01
5.810012774774362398e-01
2.257586988705129194e-01
