6.606362419724099988e-01
3.200993838671197800e-01
5.090758785763392913e-01
5.881071933956197872e-01
1.703953525934723823e-01
1.202670975752350990e-01
5.062073446846348385e-02
4.852015017125347329e-01
1.726515867030107287e-01
2.879366581575970030e-01
6.353483046310216820e-02
4.746600801798672165e-01
5.324316789189169619e-01
5.275654310494083399e-01
1.749513105945858793e-01
6.452164642896890401e-01
3.518731989271676186e-01
2.188935376483073236e-01
1.206526665189771863e-01
4.811761445156922945e-01
2.920075078239865451e-01
7.474364112069951938e-02
2.480611655474573157e-02
3.100773442383437661e-01
5.839804022047885568e-02
6.442747487597760836e-02
2.475928698026686262e-02
1.268899258099780436e-01
5.447611241531172821e-01
2.500027631069571266e-01
6.920061584892764350e-02
7.792744840287473274e-01
1.906253733538197936e-01
5.725230787372685703e-03
9.785360437528459188e-02
2.318111990189875571e-01
2.902332684658218698e-01
1.043949697832348422e-01
6.047434679042811706e-02
4.957939403361952824e-01
6.340532946648144708e-03
8.024995026267400799e-02
2.659060705436851885e-02
3.555653896123961433e-02
2.465725744917607876e-01
1.058949598768049449e-01
1.658891953587613155e-01
4.253737053994297024e-01
8.739845634304925781e-01
2.415717962523777906e-01
3.975058416800196781e-01
5.588547072870860832e-01
7.032010394551947430e-01
2.856803958338040017e-01
1.208191984831183813e-01
7.097971608431661306e-01
2.444343379212556844e-01
4.589781532578041112e-01
1.509475815975895308e-01
4.147331728170369769e-01
6.304504643339002845e-01
7.760787337234434924e-01
7.139396168723575187e-01
9.897782671782355823e-01
9.518138751313396373e-01
3.428699411704226319e-01
9.844730650691584373e-01
6.361231071056814290e-01
2.728286906949489721e-01
7.623092256600066952e-02
8.867914449547523170e-02
4.832005964707250523e-01
6.066251018156496588e-01
4.096287729066043215e-01
1.754870643960990684e-01
5.461640771747754419e-01
3.256825618331338212e-01
3.378528170389012431e-01
5.871605631684024829e-01
1.995514719162756190e-01
4.382256354635340190e-02
1.518354199222289591e-01
3.647403458514701657e-02
2.437373665970303527e-02
7.683901206286128382e-02
6.775824846242810284e-02
4.963256387130333680e-01
2.187395891554270999e-01
4.800875722723664252e-01
2.560806452581276815e-02
3.586563357539470642e-01
8.726055596481577248e-02
7.396819192509551666e-02
2.427555220947338332e-01
7.346355291185067138e-01
4.924935775810758698e-01
6.309633933456679777e-01
2.461485604503581559e-01
5.121845838545291407e-02
9.819374985752074014e-01
6.534463136325288080e-01
1.233164525250411425e-01
1.838185458429940633e-01
6.894203558513689600e-01
2.414751723559379615e-01
1.565751157239962110e-01
6.788747409982609504e-02
6.555459343121021742e-01
2.090369968685484858e-02
1.749025307985395128e-01
2.247922911728637840e-02
1.567044829155740393e-01
7.025543934448302830e-01
5.879786998731065806e-01
2.671697142018131799e-01
9.755744643804993288e-01
6.606362419724099988e-01
3.200993838671197800e-01
5.090758785763392913e-01
5.881071933956197872e-01
1.703953525934723823e-01
1.202670975752350990e-01
5.062073446846348385e-02
4.852015017125347329e-01
1.726515867030107287e-01
2.879366581575970030e-01
6.353483046310216820e-02
4.746600801798672165e-01
5.324316789189169619e-01
5.275654310494083399e-01
1.749513105945858793e-01
6.452164642896890401e-01
3.518731989271676186e-01
2.188935376483073236e-01
1.206526665189771863e-01
4.811761445156922945e-01
2.920075078239865451e-01
7.474364112069951938e-02
2.480611655474573157e-02
3.100773442383437661e-01
5.839804022047885568e-02
6.442747487597760836e-02
2.475928698026686262e-02
1.268899258099780436e-01
5.447611241531172821e-01
2.500027631069571266e-01
6.920061584892764350e-02
7.792744840287473274e-01
1.906253733538197936e-01
5.725230787372685703e-03
9.785360437528459188e-02
2.318111990189875571e-01
2.902332684658218698e-01
1.043949697832348422e-01
6.047434679042811706e-02
4.957939403361952824e-01
6.340532946648144708e-03
8.024995026267400799e-02
2.659060705436851885e-02
3.555653896123961433e-02
2.465725744917607876e-01
1.058949598768049449e-01
1.658891953587613155e-01
4.253737053994297024e-01
8.739845634304925781e-01
2.415717962523777906e-01
3.975058416800196781e-01
5.588547072870860832e-01
7.032010394551947430e-01
2.856803958338040017e-01
1.208191984831183813e-01
7.097971608431661306e-01
2.444343379212556844e-01
4.589781532578041112e-01
1.509475815975895308e-01
4.147331728170369769e-01
6.304504643339002845e-01
7.760787337234434924e-01
7.139396168723575187e-01
9.897782671782355823e-01
6.534296668313536172e-01
1.233164525250411425e-01
1.838185458429940633e-01
6.894203558513689600e-01
2.414751723559379615e-01
1.565751157239962110e-01
6.788747409982609504e-02
6.555447258575388680e-01
2.087448672754055323e-02
1.749025307985395128e-01
2.247922911728637840e-02
1.567044829155740393e-01
7.025543934448302830e-01
5.879786998731065806e-01
2.671697142018131799e-01
9.755744643804993288e-01
5.619705701184956048e-01
2.930254944510335968e-01
1.560406489873507607e-01
6.827713621156168422e-01
2.749872000889532209e-01
1.200629020546948034e-01
3.093251293312224148e-02
5.920091594791536682e-01
8.604477956828338048e-02
7.213355557243641969e-02
5.995769685897579804e-02
2.274878871096751576e-01
7.605047525092470950e-01
4.936068994405838906e-01
2.363646746707545043e-01
9.928031228668732222e-01
5.071564372667115572e-01
3.065390740551488524e-01
9.041391809168713989e-02
7.358908406217925524e-01
2.974054651984615605e-01
9.756332287689171989e-02
5.702138271135129277e-02
7.078668252629358726e-01
6.664676062917263000e-02
5.397685988751170505e-02
3.739293871684552795e-02
2.477828202346226694e-01
8.916270262830208182e-01
6.751575286550407506e-01
2.399465608937398908e-01
8.697252197066976942e-01
4.588166445212444322e-01
4.707811049602624864e-01
2.755639765963391330e-02
8.096038719636646785e-01
2.874161276517588903e-01
1.224321584167507027e-01
8.803387534237083756e-02
4.180383797056751449e-01
1.947369664939294642e-01
5.282385084001642306e-02
1.963144332872304720e-02
3.478475953951154498e-01
9.074117857780515939e-01
5.915000727256978230e-01
1.783001104413702298e-01
9.503039137606696940e-01
4.741599466077367486e-01
4.275831203447759132e-01
1.193343502350888152e-01
7.884826317154930431e-01
2.819842597052219513e-01
1.360052428176475037e-01
6.603081898415462392e-02
4.582735710134100970e-01
1.522870578037248679e-01
4.238110326976114728e-02
3.574189225387969238e-02
3.199744968312028259e-01
8.303296205332663105e-01
6.946412046556658115e-01
1.876848283822778463e-01
9.522095419110815362e-01
5.038897111805089590e-01
2.489070036228889782e-01
7.278884327829671097e-02
8.170741172173572320e-01
2.295087959456337257e-01
1.122069614288618011e-01
6.675584646935370237e-02
5.807065940704674301e-01
1.117388902863869493e-01
5.100955991352491836e-02
1.625204345681956208e-02
2.087850226859475078e-01
7.796786302514837619e-01
6.698769208748205362e-01
1.951508853088284035e-01
9.378435923898622573e-01
6.606362419724099988e-01
3.200993838671197800e-01
5.090758785763394023e-01
5.881071933956197872e-01
1.703953525934724100e-01
1.202670975752350990e-01
5.062073446846349078e-02
4.852015017125348439e-01
1.726515867030107565e-01
2.879366581575970585e-01
6.353483046310215432e-02
4.746600801798671609e-01
5.324316789189169619e-01
5.275654310494083399e-01
1.749513105945859071e-01
6.452164642896890401e-01
3.518731989271676741e-01
2.188935376483073236e-01
1.206526665189771863e-01
4.811761445156922945e-01
2.920075078239865451e-01
7.474364112069951938e-02
2.480611655474573157e-02
3.100773442383437106e-01
5.839804022047885568e-02
6.442747487597759448e-02
2.475928698026686609e-02
1.268899258099780158e-01
5.447611241531171711e-01
2.500027631069571266e-01
6.920061584892764350e-02
7.792744840287473274e-01
1.906253733538197936e-01
5.725230787372671826e-03
9.785360437528459188e-02
2.318111990189875848e-01
2.902332684658219253e-01
1.043949697832348561e-01
6.047434679042811706e-02
4.957939403361952269e-01
6.340532946648144708e-03
8.024995026267400799e-02
2.659060705436852232e-02
3.555653896123962820e-02
2.465725744917607321e-01
1.058949598768049449e-01
1.658891953587613155e-01
4.253737053994298134e-01
8.739845634304926891e-01
2.415717962523777351e-01
3.975058416800197891e-01
5.588547072870860832e-01
7.032010394551948540e-01
2.856803958338040017e-01
1.208191984831183813e-01
7.097971608431661306e-01
2.444343379212556844e-01
4.589781532578041667e-01
1.509475815975895308e-01
4.147331728170370324e-01
6.304504643339003955e-01
7.760787337234434924e-01
7.139396168723575187e-01
9.897782671782354713e-01
