1.627597891983136313e-01
4.533487366308858180e-01
4.074888960390457560e-01
2.246632304370321520e-01
3.427589665653357764e-01
4.680715126759367184e-01
3.358656897583943701e-01
4.725630683764096007e-01
4.770473894770825285e-01
3.266024821964275682e-01
2.707903867452379765e-01
5.051894278936649441e-01
1.579327308700069488e-01
7.091318473543694045e-01
5.144616171056796139e-01
1.875737482844054560e-01
4.200530397883162070e-01
4.175351453335667262e-01
7.397017195849499016e-01
4.732605181024249208e-01
6.286895213946939176e-01
2.155305778570216213e-01
1.496353183056459701e-01
4.127090224357750636e-01
3.014293612634860731e-01
7.924270152122572797e-02
1.996571505316840356e-01
3.858168483697653750e-01
1.760468392413106486e-01
4.188291600128439818e-01
4.600289199379495320e-01
3.802822326171618195e-01
6.186150132978893712e-01
4.303617585828024561e-01
3.624257701812118593e-01
4.451206314563430633e-01
4.765910437470636807e-01
1.686247940071264884e-01
8.380388995840412636e-02
4.178964643420681746e-01
4.438707210058329133e-01
1.867411650046202909e-01
1.911351060463077622e-01
3.711176135214616645e-01
2.291352148582878057e-01
4.423134612749088368e-01
3.576439637349854150e-01
4.224229493080696729e-01
7.636977724790296185e-02
2.654361422798348635e-01
1.297534947564926711e-01
1.558753696249570442e-01
9.195020169678235211e-01
5.571970941202533112e-01
3.650627992549593803e-01
5.386341563571648283e-01
5.076128007074554027e-01
4.613690185286282164e-01
5.637565738897220013e-01
3.680920464558353755e-01
5.583058313502328035e-02
6.998890433666649091e-01
4.645988263244374972e-01
1.414546696884539934e-01
1.751667802883246916e-01
4.249567205563395400e-01
5.664814514015932279e-01
2.103406421935892778e-01
3.581982381806871896e-01
5.117138643083580796e-01
3.721704391990408589e-01
4.950618025525198029e-01
7.105923609255261342e-01
3.879201612123051590e-01
3.450069736632462858e-01
1.568634929469523431e-01
5.350972380566896280e-01
4.820108455031635319e-01
5.013757090886914458e-01
5.746304001906192838e-01
6.825769114162184570e-01
7.540978884439040186e-01
1.912835380225489379e-01
1.884222854375174616e-01
3.249420400012769106e-01
8.819145131306274643e-02
1.349980146682367432e-01
5.020435727524308334e-01
7.031815313397713485e-01
4.431880148247526185e-01
4.763005881888138227e-01
1.829651437924148805e-01
4.916343735906670842e-01
2.448808026491877121e-01
6.363054912289083098e-02
8.803615907775745875e-01
4.466552860152327997e-01
5.036543395934276468e-01
4.865992131114913466e-01
4.524203143775285541e-01
2.788142623910677687e-01
4.819709148654039432e-01
3.904753990186951018e-01
4.052085523068092443e-01
5.900407631951519738e-01
3.775387900899997429e-01
2.478471912309460068e-01
5.908243969234084902e-01
6.707320229233895148e-01
2.362405932657695162e-01
3.213056014032114605e-01
3.808801730584130962e-01
1.480575173319589877e-01
8.066335877817677469e-01
5.244969580639287088e-01
2.792493930995209039e-01
1.627597891983136313e-01
4.533487366308858180e-01
4.074888960390457560e-01
2.246632304370321520e-01
3.427589665653357764e-01
4.680715126759367184e-01
3.358656897583943701e-01
4.725630683764096007e-01
4.770473894770825285e-01
3.266024821964275682e-01
2.707903867452379765e-01
5.051894278936649441e-01
1.579327308700069488e-01
7.091318473543694045e-01
5.144616171056796139e-01
1.875737482844054560e-01
4.200530397883162070e-01
4.175351453335667262e-01
7.397017195849499016e-01
4.732605181024249208e-01
6.286895213946939176e-01
2.155305778570216213e-01
1.496353183056459701e-01
4.127090224357750636e-01
3.014293612634860731e-01
7.924270152122572797e-02
1.996571505316840356e-01
3.858168483697653750e-01
1.760468392413106486e-01
4.188291600128439818e-01
4.600289199379495320e-01
3.802822326171618195e-01
6.186150132978893712e-01
4.303617585828024561e-01
3.624257701812118593e-01
4.451206314563430633e-01
4.765910437470636807e-01
1.686247940071264884e-01
8.380388995840412636e-02
4.178964643420681746e-01
4.438707210058329133e-01
1.867411650046202909e-01
1.911351060463077622e-01
3.711176135214616645e-01
2.291352148582878057e-01
4.423134612749088368e-01
3.576439637349854150e-01
4.224229493080696729e-01
7.636977724790296185e-02
2.654361422798348635e-01
1.297534947564926711e-01
1.558753696249570442e-01
9.195020169678235211e-01
5.571970941202533112e-01
3.650627992549593803e-01
5.386341563571648283e-01
5.076128007074554027e-01
4.613690185286282164e-01
5.637565738897220013e-01
3.680920464558353755e-01
5.583058313502328035e-02
6.998890433666649091e-01
4.645988263244374972e-01
1.414546696884539934e-01
2.788071594883594351e-01
4.819709148654039432e-01
3.904753990186951018e-01
4.052085523068092443e-01
5.900407631951519738e-01
3.775387900899997429e-01
2.478471912309460068e-01
5.908229614050795053e-01
6.707221986680893533e-01
2.362405932657695162e-01
3.213056014032114605e-01
3.808801730584130962e-01
1.480575173319589877e-01
8.066335877817677469e-01
5.244969580639287088e-01
2.792493930995209039e-01
2.770665286179570530e-01
5.743625038927726578e-01
5.170195796971766011e-01
3.056390292178459700e-01
5.466078743103637283e-01
2.580947824266635049e-01
4.512550355853657269e-01
5.145955318338364393e-01
6.304175423893746411e-01
3.280048522416036394e-01
3.070645569705913736e-01
4.355391108376409637e-01
3.158815882899075334e-01
5.877115154274226150e-01
4.020389555534975567e-01
2.962817569292024444e-01
3.210599045882331914e-01
4.615829746159880176e-01
3.877595256422104453e-01
2.896944665224999715e-01
5.390997202903604624e-01
2.912824642777239181e-01
3.808976481064645925e-01
6.034688615429861791e-01
4.557620355625684461e-01
3.827425957334185669e-01
3.493521060370089470e-01
3.395010953742210735e-01
3.326021727362947766e-01
6.042036950750951929e-01
4.235957060995129142e-01
2.860420208119778818e-01
3.004210184143613072e-01
5.909154504520083284e-01
3.792429880013336030e-01
3.684440397567816938e-01
4.934708306442017745e-01
3.454472638334940005e-01
4.092773230553071184e-01
3.523279486618561274e-01
6.297411715151349787e-01
4.616950103027104846e-01
3.234112951153858551e-01
4.609136332630814348e-01
3.611232121206180978e-01
6.069570059713653709e-01
3.602139928110604239e-01
3.286214028197562143e-01
2.856992083400795579e-01
6.032306123184891788e-01
5.046931917043759874e-01
3.408696029781673187e-01
4.948103503927780422e-01
3.503092053188856525e-01
4.427663937504172642e-01
4.309124991915988523e-01
5.113474428599560362e-01
3.849084236946491711e-01
3.222560608302341700e-01
4.633079674286100236e-01
3.541652750036394237e-01
6.366099836159637704e-01
3.615363987067479190e-01
3.244879222912324668e-01
3.152840262226981327e-01
4.492277471252370535e-01
4.507900555972509382e-01
3.319713765087962676e-01
4.341316555856395420e-01
3.032210905717693250e-01
4.019498037950358094e-01
5.088204284442627845e-01
4.694876781893958517e-01
4.014160822795511674e-01
3.444483626733355619e-01
3.414356435434142134e-01
3.111488404097306759e-01
5.582637567406372181e-01
3.123894264035680379e-01
3.176306440585874302e-01
1.627597891983136313e-01
4.533487366308858735e-01
4.074888960390458115e-01
2.246632304370321520e-01
3.427589665653357764e-01
4.680715126759367184e-01
3.358656897583944256e-01
4.725630683764096007e-01
4.770473894770825840e-01
3.266024821964275127e-01
2.707903867452379210e-01
5.051894278936649441e-01
1.579327308700069488e-01
7.091318473543694045e-01
5.144616171056795029e-01
1.875737482844054838e-01
4.200530397883162070e-01
4.175351453335667262e-01
7.397017195849500126e-01
4.732605181024249208e-01
6.286895213946938066e-01
2.155305778570216213e-01
1.496353183056459701e-01
4.127090224357750081e-01
3.014293612634860731e-01
7.924270152122571409e-02
1.996571505316840356e-01
3.858168483697652640e-01
1.760468392413105931e-01
4.188291600128438708e-01
4.600289199379495875e-01
3.802822326171618195e-01
6.186150132978893712e-01
4.303617585828024006e-01
3.624257701812119148e-01
4.451206314563430633e-01
4.765910437470636807e-01
1.686247940071265439e-01
8.380388995840411248e-02
4.178964643420681191e-01
4.438707210058329133e-01
1.867411650046202909e-01
1.911351060463077345e-01
3.711176135214617200e-01
2.291352148582878057e-01
4.423134612749088368e-01
3.576439637349854705e-01
4.224229493080697839e-01
7.636977724790296185e-02
2.654361422798348080e-01
1.297534947564926988e-01
1.558753696249570442e-01
9.195020169678235211e-01
5.571970941202532002e-01
3.650627992549593803e-01
5.386341563571648283e-01
5.076128007074554027e-01
4.613690185286282164e-01
5.637565738897218903e-01
3.680920464558354310e-01
5.583058313502328729e-02
6.998890433666649091e-01
4.645988263244375527e-01
1.414546696884539656e-01
