8.573976769774602769e-01
3.962894746509351140e-01
6.729190603850021546e-01
8.186489761389058595e-01
2.943743292657034494e-01
5.050968052281964993e-02
1.474544077265748168e-02
4.623586927345415543e-01
7.040439534392066712e-01
2.009676989132400116e-01
2.173548856042457622e-01
6.271005686156043701e-01
7.685847423121373589e-01
2.751280872837886804e-01
5.109002967168239095e-01
6.226872379531513957e-01
4.516698825560883090e-01
1.080042109984415410e-01
3.143543068499380366e-01
1.929339703219313251e-01
2.135260385100805625e-01
3.856155921448423812e-02
3.929183470920045301e-03
2.041884816753926635e-01
1.745564791798079329e-02
6.233017400859832725e-03
4.235507134505512965e-03
2.135919974131483129e-02
4.256596582334641887e-01
1.506483719346798644e-01
1.680940111255692093e-01
3.872437998082932653e-01
8.059810324597102005e-01
4.170164651019266783e-02
2.401865012415258793e-01
3.499181876392292168e-01
2.427053615052986446e-01
3.168188308597637282e-02
4.452155307082737885e-03
3.074588329502836448e-01
3.065418968371481090e-01
4.262007745702783151e-02
8.314223587270455629e-02
9.600424195049772624e-02
3.391094321358606445e-01
8.713059749067120219e-02
1.221695244345208931e-01
3.853329700040588612e-01
7.817004487810875757e-01
2.832729084732806824e-01
6.445844613416631397e-01
6.558508566053153910e-01
5.037107056501074487e-01
2.498130142109199481e-01
2.857110224010956517e-02
4.059818761501240436e-01
4.172020932312607844e-01
2.565427548926110246e-01
3.095645305119490431e-01
3.171486621178464249e-01
5.899041120708075070e-01
5.248691099476439081e-01
4.788841162691677145e-01
6.215733950647150952e-01
8.511445592118772607e-01
3.668550819618291992e-01
7.611774524975902789e-01
7.332777787052278118e-01
2.915829125092331831e-01
7.128360035742259404e-02
1.843499226853310968e-02
5.645103164761748893e-01
7.844446896195277352e-01
2.434796883672394885e-01
2.020673600328007358e-01
7.099954468731080048e-01
2.863029738494933252e-01
3.179903136171204903e-01
5.284663544793185563e-01
5.266164927870997658e-02
2.260256506405181609e-01
2.224761703178035066e-01
4.601260807895098115e-02
1.156188886740537169e-03
1.143056245945906803e-02
5.835210155313111727e-03
5.624401384927811831e-01
2.555921064220560424e-01
7.058830783758585081e-01
3.625134416753048039e-02
1.986997527373365047e-01
2.410774439905465777e-02
2.324739030450714283e-01
3.113501760729383006e-01
6.718268331799538418e-01
5.386236846973155856e-01
9.044461037286521954e-01
1.108284711698995784e-01
1.677414416791140894e-01
7.559409315608998092e-01
8.809258341098318290e-01
1.314183307248382726e-01
4.443820656794815749e-01
7.922211179577731688e-01
1.861044217467054951e-01
8.877661254567945082e-02
8.121633471369706786e-03
4.100646709437327786e-01
4.655480654928614848e-01
6.083347145679240953e-02
1.189290913805674671e-01
1.482666123547565773e-01
7.752737707409979029e-01
3.513969725662979826e-01
3.014347891984890393e-01
6.768675512811963557e-01
8.573976769774602769e-01
3.962894746509351140e-01
6.729190603850021546e-01
8.186489761389058595e-01
2.943743292657034494e-01
5.050968052281964993e-02
1.474544077265748168e-02
4.623586927345415543e-01
7.040439534392066712e-01
2.009676989132400116e-01
2.173548856042457622e-01
6.271005686156043701e-01
7.685847423121373589e-01
2.751280872837886804e-01
5.109002967168239095e-01
6.226872379531513957e-01
4.516698825560883090e-01
1.080042109984415410e-01
3.143543068499380366e-01
1.929339703219313251e-01
2.135260385100805625e-01
3.856155921448423812e-02
3.929183470920045301e-03
2.041884816753926635e-01
1.745564791798079329e-02
6.233017400859832725e-03
4.235507134505512965e-03
2.135919974131483129e-02
4.256596582334641887e-01
1.506483719346798644e-01
1.680940111255692093e-01
3.872437998082932653e-01
8.059810324597102005e-01
4.170164651019266783e-02
2.401865012415258793e-01
3.499181876392292168e-01
2.427053615052986446e-01
3.168188308597637282e-02
4.452155307082737885e-03
3.074588329502836448e-01
3.065418968371481090e-01
4.262007745702783151e-02
8.314223587270455629e-02
9.600424195049772624e-02
3.391094321358606445e-01
8.713059749067120219e-02
1.221695244345208931e-01
3.853329700040588612e-01
7.817004487810875757e-01
2.832729084732806824e-01
6.445844613416631397e-01
6.558508566053153910e-01
5.037107056501074487e-01
2.498130142109199481e-01
2.857110224010956517e-02
4.059818761501240436e-01
4.172020932312607844e-01
2.565427548926110246e-01
3.095645305119490431e-01
3.171486621178464249e-01
5.899041120708075070e-01
5.248691099476439081e-01
4.788841162691677145e-01
6.215733950647150952e-01
8.809033921786363353e-01
1.314183307248382726e-01
4.443820656794815749e-01
7.922211179577731688e-01
1.861044217467054951e-01
8.877661254567945082e-02
8.121633471369706786e-03
4.100626012627169859e-01
4.655321192344463177e-01
6.083347145679240953e-02
1.189290913805674671e-01
1.482666123547565773e-01
7.752737707409979029e-01
3.513969725662979826e-01
3.014347891984890393e-01
6.768675512811963557e-01
8.879412197090015280e-01
1.670670612132678090e-01
4.663363486066320340e-01
7.954203380647120181e-01
2.121961054679027403e-01
3.380033056459047502e-02
9.192514459130810001e-02
2.257953925008570617e-01
6.087531955657913274e-01
3.024205019543060174e-02
9.121790165541653062e-02
2.188972493375400674e-01
7.220560445370680647e-01
2.775435272926570773e-01
2.387819061410597632e-01
7.145851967330792975e-01
8.777884365094122954e-01
1.461459365161407731e-01
3.684796365978501576e-01
8.498746148546688639e-01
2.031390955022877032e-01
4.384621832384755225e-02
5.372509882892537170e-02
2.450852372363344633e-01
4.950658777842844582e-01
5.015994201279939946e-02
1.565620403822167162e-01
1.064803525860153477e-01
9.207128585090378348e-01
2.583940173482264235e-01
1.449171437231167037e-01
6.216385060911819860e-01
8.490548651620264398e-01
2.563981126771505137e-01
4.324537522633018494e-01
8.546598249148156246e-01
2.110921435448819827e-01
5.144486330578035976e-02
3.913878976466783621e-02
1.538689473808247943e-01
5.736225637741462213e-01
9.291441752479948080e-02
7.399680391757958164e-02
2.902909047946068410e-01
8.981857403424519104e-01
2.164875583697060679e-01
2.483089695338998593e-01
6.604270025972823754e-01
8.246609913241605971e-01
3.049562672137476338e-01
4.449017459750906345e-01
8.565661457764476294e-01
2.216862519466409887e-01
4.624225405715592929e-02
6.153302481975279903e-02
1.411828654113478909e-01
5.301895903627993345e-01
2.788432241316919635e-02
8.051088709931594756e-02
3.500261014829413320e-01
8.465134346353310191e-01
3.584409683557404080e-01
2.376634931806338447e-01
6.333874328470415760e-01
8.504851980692755831e-01
1.677169518472478860e-01
4.193108761843244991e-01
8.889404080428748856e-01
1.702880571610699278e-01
5.045155170725497407e-02
5.404872637283789083e-02
2.518865675643600088e-01
4.195923566927842741e-01
5.943392744986071563e-02
1.294189337479492163e-01
1.675777422367186742e-01
8.651541848212130903e-01
1.867342545423234523e-01
1.461495915850957727e-01
6.565797429537557628e-01
8.573976769774601658e-01
3.962894746509350585e-01
6.729190603850022656e-01
8.186489761389058595e-01
2.943743292657035049e-01
5.050968052281964993e-02
1.474544077265748168e-02
4.623586927345416653e-01
7.040439534392066712e-01
2.009676989132399838e-01
2.173548856042457345e-01
6.271005686156042591e-01
7.685847423121373589e-01
2.751280872837887914e-01
5.109002967168239095e-01
6.226872379531513957e-01
4.516698825560884201e-01
1.080042109984415272e-01
3.143543068499380366e-01
1.929339703219313251e-01
2.135260385100805625e-01
3.856155921448423812e-02
3.929183470920044434e-03
2.041884816753926357e-01
1.745564791798079329e-02
6.233017400859831858e-03
4.235507134505513832e-03
2.135919974131483476e-02
4.256596582334641332e-01
1.506483719346798367e-01
1.680940111255692648e-01
3.872437998082932098e-01
8.059810324597103115e-01
4.170164651019266783e-02
2.401865012415258793e-01
3.499181876392292168e-01
2.427053615052987001e-01
3.168188308597637975e-02
4.452155307082737885e-03
3.074588329502835893e-01
3.065418968371480535e-01
4.262007745702783151e-02
8.314223587270454241e-02
9.600424195049774012e-02
3.391094321358605335e-01
8.713059749067122994e-02
1.221695244345209069e-01
3.853329700040589723e-01
7.817004487810875757e-01
2.832729084732806268e-01
6.445844613416632507e-01
6.558508566053155020e-01
5.037107056501074487e-01
2.498130142109199481e-01
2.857110224010956517e-02
4.059818761501240436e-01
4.172020932312607844e-01
2.565427548926110246e-01
3.095645305119490431e-01
3.171486621178464249e-01
5.899041120708076180e-01
5.248691099476439081e-01
4.788841162691678255e-01
6.215733950647150952e-01
