9.665775040401992230e-03
2.309828226553468367e-01
2.385311338691692984e-01
3.718370561027456445e-02
1.746518909382240303e-01
4.813036123935255928e-01
5.190882448529832160e-01
2.425937935027896453e-01
1.623822745434571058e-01
5.274490445607742384e-01
4.721120749788275117e-01
2.658650843900742800e-01
3.657628904772268486e-02
2.950203064824574728e-01
2.676873025416705021e-01
3.014204476437687061e-02
1.649176316636415396e-01
4.499117341429226258e-01
7.942065131417771484e-01
2.317683426769388544e-01
6.017043073449437340e-01
4.542664622563090115e-01
3.518166573999073621e-01
6.590897623492607549e-01
3.998185192621399597e-01
3.433999966033470796e-01
5.104421526442208812e-01
6.462199929302460122e-01
1.451878644047378264e-01
4.837942288765493259e-01
5.861811663796312466e-01
3.276356616142495626e-01
3.198991897987217281e-01
5.430455589076818024e-01
3.704203459239998608e-01
1.908236331733898505e-01
5.657799827805880533e-01
5.079847620969776267e-01
4.080182774361132414e-01
7.819303681367221204e-01
3.974601757948733050e-01
6.040737399447857481e-01
5.047235522789849105e-01
4.981566890254620628e-01
1.768816127066925314e-01
6.626547537512066377e-01
4.523023132967721738e-01
1.844535207760752971e-01
2.072725234447012760e-02
1.774635974451819753e-01
1.399963972176507809e-01
5.207263667222849363e-02
4.343253996548915863e-01
5.747262727685554795e-01
5.184685497899393924e-01
2.514251382171432403e-01
2.858926950320367921e-01
6.794826513278503510e-01
6.336566707927524522e-01
2.595921946505542754e-01
2.551121030510010088e-02
3.644766385791412544e-01
2.968508204008831197e-01
9.287534515850778827e-03
1.091653280937644570e-02
1.426221069675325248e-01
4.007634451713852353e-01
3.417648832918319252e-02
1.723730148719459787e-01
6.019848228860360528e-01
5.988680016796754657e-01
2.216072666423811732e-01
2.623609497556984027e-01
7.296952742482307741e-01
5.896267800285599492e-01
4.462994641529738349e-02
1.984609024611143635e-01
2.339404625505421553e-01
2.557554760691069795e-01
6.983361006555657280e-01
8.080784379974781384e-01
7.911071504293856194e-01
4.710476626356899232e-01
4.674238627003909352e-01
4.505783130914634560e-01
4.052739266619893033e-01
1.226539831823331983e-01
5.469789244576475085e-01
2.869837067470409897e-01
6.225885862795779158e-01
6.723078932870985014e-01
6.094301270233609680e-01
4.740380134252706323e-01
1.755797636705805354e-01
2.240350682764541065e-02
3.686296064709905784e-01
1.554273694482566914e-01
7.019550514502117533e-01
7.842015783870674994e-01
2.313705941039915781e-01
5.898451185336298086e-02
4.172476916381130940e-01
3.496236820889567776e-01
1.103393750744816049e-01
3.889417634590676132e-01
6.093116957347537443e-01
5.199141660980447499e-01
6.453580793743626254e-01
4.535102923200799441e-01
6.405185213064055194e-01
6.235527813946888376e-01
3.999281499204102031e-01
6.003767880486042541e-02
6.375389816782798258e-01
4.863155403477847361e-01
9.983870234506425634e-02
9.665775040401992230e-03
2.309828226553468367e-01
2.385311338691692984e-01
3.718370561027456445e-02
1.746518909382240303e-01
4.813036123935255928e-01
5.190882448529832160e-01
2.425937935027896453e-01
1.623822745434571058e-01
5.274490445607742384e-01
4.721120749788275117e-01
2.658650843900742800e-01
3.657628904772268486e-02
2.950203064824574728e-01
2.676873025416705021e-01
3.014204476437687061e-02
1.649176316636415396e-01
4.499117341429226258e-01
7.942065131417771484e-01
2.317683426769388544e-01
6.017043073449437340e-01
4.542664622563090115e-01
3.518166573999073621e-01
6.590897623492607549e-01
3.998185192621399597e-01
3.433999966033470796e-01
5.104421526442208812e-01
6.462199929302460122e-01
1.451878644047378264e-01
4.837942288765493259e-01
5.861811663796312466e-01
3.276356616142495626e-01
3.198991897987217281e-01
5.430455589076818024e-01
3.704203459239998608e-01
1.908236331733898505e-01
5.657799827805880533e-01
5.079847620969776267e-01
4.080182774361132414e-01
7.819303681367221204e-01
3.974601757948733050e-01
6.040737399447857481e-01
5.047235522789849105e-01
4.981566890254620628e-01
1.768816127066925314e-01
6.626547537512066377e-01
4.523023132967721738e-01
1.844535207760752971e-01
2.072725234447012760e-02
1.774635974451819753e-01
1.399963972176507809e-01
5.207263667222849363e-02
4.343253996548915863e-01
5.747262727685554795e-01
5.184685497899393924e-01
2.514251382171432403e-01
2.858926950320367921e-01
6.794826513278503510e-01
6.336566707927524522e-01
2.595921946505542754e-01
2.551121030510010088e-02
3.644766385791412544e-01
2.968508204008831197e-01
9.287534515850778827e-03
5.898300919978491375e-02
4.172476916381130940e-01
3.496236820889567776e-01
1.103393750744816049e-01
3.889417634590676132e-01
6.093116957347537443e-01
5.199141660980447499e-01
6.453568351775594847e-01
4.534939868947699959e-01
6.405185213064055194e-01
6.235527813946888376e-01
3.999281499204102031e-01
6.003767880486042541e-02
6.375389816782798258e-01
4.863155403477847361e-01
9.983870234506425634e-02
4.735095218231299974e-02
4.239586298578683077e-01
5.124108234766673320e-01
6.148825087414401536e-02
4.286713815705202602e-01
4.624371903946893347e-01
7.414545032283514914e-01
5.586022837724249346e-01
4.559167480088858193e-01
7.223555256678820813e-01
6.388366030139862595e-01
4.164437881664917462e-01
1.157640468750788659e-01
4.804599860081578688e-01
4.613374629374087377e-01
9.050111290783298401e-02
1.094563407132032318e-01
2.552157312339686235e-01
2.277234436130098350e-01
1.062250315334447304e-01
2.624323751982843289e-01
5.018457935959554916e-01
8.496731690005135951e-01
4.395191046244670829e-01
3.633135862424062834e-01
7.573280416221269684e-01
6.676346658869994899e-01
2.347850960606353010e-01
1.036013136359109632e-01
5.255594305999055083e-01
2.379596710342308796e-01
1.552290682238299246e-01
5.641519359035294945e-02
4.837219764874979289e-01
2.720220714845094090e-01
1.310615407202201377e-01
3.556687857955784238e-01
5.833585096361616484e-01
7.620436722397327944e-01
3.019804420354059715e-01
6.572005519901152892e-01
7.666222898334562608e-01
6.535437136072391739e-01
5.175370375102101850e-01
9.033123787506357194e-02
6.858358256051408919e-01
3.452654143712882706e-01
1.234196999770825337e-01
6.149079294025912301e-02
4.065787155176904810e-01
5.182472742793753362e-01
9.211760131378608774e-02
4.112501373617326039e-01
5.865050657872581397e-01
7.666737887621701830e-01
4.610701261406611740e-01
3.607413243795341007e-01
7.657738661648400003e-01
6.365806402236747763e-01
4.442130858760985346e-01
1.150168578187350937e-01
5.604465553992989957e-01
4.028092541076697675e-01
1.329822404192861351e-01
9.991695817893395115e-02
2.479347099253207398e-01
2.795858023587176611e-01
1.269625075514080603e-01
2.555724922034776081e-01
5.098560975275882035e-01
7.929763659498234585e-01
4.166552383983505581e-01
2.763567327002489638e-01
8.080353248730046678e-01
6.919001822833644733e-01
2.570486321574738109e-01
1.051195468316391268e-01
4.221494172576595871e-01
2.424519320532669830e-01
1.594605216265831404e-01
9.665775040401990495e-03
2.309828226553468644e-01
2.385311338691693261e-01
3.718370561027457138e-02
1.746518909382240581e-01
4.813036123935255928e-01
5.190882448529832160e-01
2.425937935027896453e-01
1.623822745434571335e-01
5.274490445607743494e-01
4.721120749788274562e-01
2.658650843900742800e-01
3.657628904772269179e-02
2.950203064824574728e-01
2.676873025416705021e-01
3.014204476437687408e-02
1.649176316636415396e-01
4.499117341429226258e-01
7.942065131417772594e-01
2.317683426769388544e-01
6.017043073449437340e-01
4.542664622563090115e-01
3.518166573999073066e-01
6.590897623492607549e-01
3.998185192621399597e-01
3.433999966033470796e-01
5.104421526442209922e-01
6.462199929302459012e-01
1.451878644047377986e-01
4.837942288765492149e-01
5.861811663796314686e-01
3.276356616142495626e-01
3.198991897987217281e-01
5.430455589076816914e-01
3.704203459239998608e-01
1.908236331733898783e-01
5.657799827805880533e-01
5.079847620969777378e-01
4.080182774361132414e-01
7.819303681367221204e-01
3.974601757948732494e-01
6.040737399447857481e-01
5.047235522789847995e-01
4.981566890254620628e-01
1.768816127066925314e-01
6.626547537512067487e-01
4.523023132967721738e-01
1.844535207760753526e-01
2.072725234447013107e-02
1.774635974451819753e-01
1.399963972176508087e-01
5.207263667222850057e-02
4.343253996548915863e-01
5.747262727685554795e-01
5.184685497899392814e-01
2.514251382171431848e-01
2.858926950320367921e-01
6.794826513278503510e-01
6.336566707927524522e-01
2.595921946505542754e-01
2.551121030510010435e-02
3.644766385791412544e-01
2.968508204008831752e-01
9.287534515850778827e-03
