1.672577019490287253e-02
1.929879897169464453e-01
1.001893294608422885e-01
2.412866967856105993e-02
1.580609419470396793e-01
7.151708006009839247e-01
7.704575240203022091e-01
1.018852057229139296e-01
3.012479080726354619e-02
3.844646652109943719e-01
3.517347312338311993e-01
1.888651160735652923e-01
2.453635610958785490e-02
1.919564698381535928e-01
5.257251792322006900e-02
1.717402396134316486e-02
1.434319548637919273e-01
4.908604809906086941e-01
5.077177387148347210e-01
1.021571608699051309e-01
3.915490395371294952e-01
7.177070526336351008e-01
8.512055980556505475e-01
5.344856013274351669e-01
7.524460730268072162e-01
9.013985168596855280e-01
7.219666542743781168e-01
7.524074546586289047e-01
7.663420452204511291e-02
4.554235858190632258e-01
2.969881456021176147e-01
5.744879944678901035e-02
1.625798027431283321e-01
8.445272905669070074e-01
4.066282351970034181e-01
1.122692018267742592e-01
5.839992534349480735e-01
8.781600971530494348e-01
7.411299797747041840e-01
3.914420993092230794e-01
2.673278348978223584e-01
6.878080701372935035e-01
4.300511319768166585e-01
3.261322633879399358e-01
1.800441214769284703e-01
5.784720819406156123e-01
3.478670647101263502e-01
1.470141501937617390e-01
8.111610864265827309e-03
2.406524931933658462e-01
2.133997896884317486e-02
1.911811817490807752e-02
2.250595394123230120e-01
3.621891454811426159e-01
6.848508770476107177e-01
4.053825621517484490e-02
1.172085383639748374e-01
4.460462413199252629e-01
3.071533971516782202e-01
1.682372853234700427e-01
5.732723999228672360e-03
2.181199813373277951e-01
8.892040600234099590e-02
1.704701333903504978e-02
1.945546866263701130e-02
9.630845129850290620e-02
6.827601608436334457e-02
2.080082844089752719e-02
1.003189527400202008e-01
6.383274989257303744e-01
7.908626122531485780e-01
9.703278803112647122e-02
7.765334137631502154e-03
4.087230443572798522e-01
4.557413004969994019e-01
2.172042600016646507e-02
1.054106504649947040e-01
6.458011138526795203e-02
1.353112587593202909e-01
6.335825929151068792e-01
4.306905506487960222e-01
3.581815445190225100e-01
5.698118736217175906e-01
8.877306005938205846e-01
7.236965687982884754e-01
8.939550309716125520e-01
1.772340571110324337e-02
5.544725763482020175e-01
8.809630793225764478e-02
7.500135729132657580e-01
5.333520053747405898e-01
8.721681062332959922e-01
2.738478353338252846e-01
2.072285443223111923e-01
5.679690758499506519e-03
7.690417872810084710e-02
8.423289865837951806e-02
8.956381263445850616e-01
8.418928736153097336e-01
1.897091224744479332e-02
2.186340785569587664e-02
5.796321723060893216e-01
1.859617108308664890e-01
2.287660184144169051e-02
2.361438138980045398e-01
8.608087419598883239e-01
9.307117410289215131e-01
3.196141312655610411e-01
4.940113027046920124e-01
8.602842151342433574e-01
5.546693133198055126e-01
2.984138192546513246e-01
2.892601821644953664e-02
5.011077667106897948e-01
1.771438761869833511e-01
2.568660643011092676e-02
1.672577019490287253e-02
1.929879897169464453e-01
1.001893294608422885e-01
2.412866967856105993e-02
1.580609419470396793e-01
7.151708006009839247e-01
7.704575240203022091e-01
1.018852057229139296e-01
3.012479080726354619e-02
3.844646652109943719e-01
3.517347312338311993e-01
1.888651160735652923e-01
2.453635610958785490e-02
1.919564698381535928e-01
5.257251792322006900e-02
1.717402396134316486e-02
1.434319548637919273e-01
4.908604809906086941e-01
5.077177387148347210e-01
1.021571608699051309e-01
3.915490395371294952e-01
7.177070526336351008e-01
8.512055980556505475e-01
5.344856013274351669e-01
7.524460730268072162e-01
9.013985168596855280e-01
7.219666542743781168e-01
7.524074546586289047e-01
7.663420452204511291e-02
4.554235858190632258e-01
2.969881456021176147e-01
5.744879944678901035e-02
1.625798027431283321e-01
8.445272905669070074e-01
4.066282351970034181e-01
1.122692018267742592e-01
5.839992534349480735e-01
8.781600971530494348e-01
7.411299797747041840e-01
3.914420993092230794e-01
2.673278348978223584e-01
6.878080701372935035e-01
4.300511319768166585e-01
3.261322633879399358e-01
1.800441214769284703e-01
5.784720819406156123e-01
3.478670647101263502e-01
1.470141501937617390e-01
8.111610864265827309e-03
2.406524931933658462e-01
2.133997896884317486e-02
1.911811817490807752e-02
2.250595394123230120e-01
3.621891454811426159e-01
6.848508770476107177e-01
4.053825621517484490e-02
1.172085383639748374e-01
4.460462413199252629e-01
3.071533971516782202e-01
1.682372853234700427e-01
5.732723999228672360e-03
2.181199813373277951e-01
8.892040600234099590e-02
1.704701333903504978e-02
2.186285087680413242e-02
5.796321723060893216e-01
1.859617108308664890e-01
2.287660184144169051e-02
2.361438138980045398e-01
8.608087419598883239e-01
9.307117410289215131e-01
3.196117442552455223e-01
4.939962056940886970e-01
8.602842151342433574e-01
5.546693133198055126e-01
2.984138192546513246e-01
2.892601821644953664e-02
5.011077667106897948e-01
1.771438761869833511e-01
2.568660643011092676e-02
1.493384977326657481e-02
4.040818368154155960e-01
4.092715094187316383e-01
1.008901706123763176e-02
5.611615703100640840e-01
7.753620214159739898e-01
9.282820074788444842e-01
3.702355639281586508e-01
3.107767477076625040e-01
9.728046849406885022e-01
7.580288050543086964e-01
1.382981432972800739e-01
7.438072165207990083e-03
2.341436538676034962e-01
2.160765652368802359e-01
1.422483589466017051e-02
5.699424165689592758e-02
2.125371559941749422e-01
2.616762736996906535e-01
1.756414160516636680e-02
3.492859304722960578e-01
7.622568899113316698e-01
9.938421152567293859e-01
2.888902190462158126e-01
2.388643894967323877e-01
1.000000000000000000e+00
7.282780403935031899e-01
3.101383504144067382e-02
5.302395477063209794e-03
2.906023246050281061e-01
2.671442264994117188e-02
6.862012997196201280e-03
1.685510532903002068e-02
5.612459324340191014e-01
2.238667562097893526e-01
5.146780020295185776e-03
3.472965839157068912e-01
9.052975748413628621e-01
9.447347136104260468e-01
2.183577435028647429e-01
6.145555595791941661e-01
9.776167105852926476e-01
7.815402984033711364e-01
1.980876216303185666e-01
7.899365896478299787e-03
5.068488635105321549e-01
7.904615186008334682e-02
1.616673363418973108e-02
1.438577345772681926e-02
4.585820865932369039e-01
4.338240126710095068e-01
1.183734615069480245e-02
4.904793431722788699e-01
9.041497670635560979e-01
9.700469489271437151e-01
3.209907972549357891e-01
2.965253824410789552e-01
9.552446148733636511e-01
7.415175894442377347e-01
1.929225484951437863e-01
2.905999374361464826e-03
3.574976641759503582e-01
2.130244030584590442e-01
1.053090639207313051e-02
5.702952308063122255e-02
3.060694266764248939e-01
2.184607465394027281e-01
1.168392010538246706e-02
2.888385822296210548e-01
7.628827839406405742e-01
1.000000000000000000e+00
2.731896394996538024e-01
2.061107454578725573e-01
1.000000000000000000e+00
7.608054863934938794e-01
7.288740368850882279e-02
7.541935771508190278e-03
2.261204248737289091e-01
3.089748301935113517e-02
1.906326862363676156e-02
1.672577019490287253e-02
1.929879897169464176e-01
1.001893294608423024e-01
2.412866967856106340e-02
1.580609419470397070e-01
7.151708006009839247e-01
7.704575240203024311e-01
1.018852057229139296e-01
3.012479080726357394e-02
3.844646652109944274e-01
3.517347312338312548e-01
1.888651160735652923e-01
2.453635610958785490e-02
1.919564698381536483e-01
5.257251792322009676e-02
1.717402396134316833e-02
1.434319548637919550e-01
4.908604809906086386e-01
5.077177387148347210e-01
1.021571608699051309e-01
3.915490395371294952e-01
7.177070526336351008e-01
8.512055980556505475e-01
5.344856013274350559e-01
7.524460730268073272e-01
9.013985168596854169e-01
7.219666542743782278e-01
7.524074546586287937e-01
7.663420452204509903e-02
4.554235858190630593e-01
2.969881456021176147e-01
5.744879944678901035e-02
1.625798027431283321e-01
8.445272905669068964e-01
4.066282351970034181e-01
1.122692018267742453e-01
5.839992534349480735e-01
8.781600971530496569e-01
7.411299797747041840e-01
3.914420993092230239e-01
2.673278348978223584e-01
6.878080701372935035e-01
4.300511319768166030e-01
3.261322633879399358e-01
1.800441214769284426e-01
5.784720819406157233e-01
3.478670647101263502e-01
1.470141501937617667e-01
8.111610864265830778e-03
2.406524931933657907e-01
2.133997896884317139e-02
1.911811817490807752e-02
2.250595394123230120e-01
3.621891454811426159e-01
6.848508770476108287e-01
4.053825621517483102e-02
1.172085383639748374e-01
4.460462413199252629e-01
3.071533971516782757e-01
1.682372853234700427e-01
5.732723999228674094e-03
2.181199813373278229e-01
8.892040600234098202e-02
1.704701333903504631e-02
