4.178060610341607223e-02
3.974763537429590876e-01
5.847109543736279669e-01
4.667764170469097806e-02
2.724397896669088492e-01
5.827615513378943124e-01
6.573417338933162934e-01
3.296288167037085826e-01
4.292862543210518855e-01
3.864312132976981395e-01
5.482024638691996854e-01
3.922074154110891664e-01
7.973709697505629301e-02
4.396881359921901433e-01
2.178710447744481582e-01
6.927026432158792102e-02
4.250032586712488847e-01
4.226155860361334171e-01
5.074753219708713070e-01
2.769411306668652650e-01
5.549171895744736682e-01
3.457811473182539341e-01
3.692499874187500919e-01
4.521854338710092347e-01
5.978180947069371420e-01
2.978378178580350921e-01
5.006988610109487370e-01
5.323347431953994180e-01
2.358078666112130295e-01
5.604615929624859882e-01
3.244002908573742072e-01
1.710880590072849927e-01
5.038514556479903872e-01
6.922649300934927696e-01
5.712882339689658862e-01
2.700897685824471539e-01
4.324689895097262315e-01
3.476220879786520168e-01
3.017229580218111495e-01
4.862522624814194505e-01
5.578996337263963934e-01
4.231325588014648309e-01
3.379409668611292883e-01
4.282726623141187572e-01
1.981394581220292384e-01
6.434139778144093436e-01
2.718372231085783852e-01
2.421335178945618893e-01
4.132923090179187880e-02
3.218054589697739165e-01
6.008313904958426793e-02
9.227312149795803553e-02
6.298005910969963761e-01
5.371382264413059326e-01
6.146194342993835935e-01
3.043517218311259653e-01
2.329679244601223775e-01
3.017294932413095987e-01
4.075330756043885061e-01
1.721649174031613105e-01
2.215375922341430298e-02
4.577638213578245630e-01
1.353198160410885309e-01
4.867988903645305981e-02
5.213195901253229320e-02
2.819108216675935141e-01
5.111500319996478137e-01
6.032050543537568338e-02
1.801998832862390654e-01
6.208115707084040924e-01
6.227916233240847754e-01
3.471169782128546433e-01
5.025624580385406048e-01
4.660262487430872347e-01
5.185504839854240267e-01
8.625223516796221013e-02
3.102518491562852310e-01
2.382944890807956184e-01
3.349707955321413744e-01
4.947035929506710117e-01
4.512512420838911131e-01
5.676697683691990237e-01
3.318003270224760826e-01
4.738170037424419001e-01
6.051938883708122274e-01
3.246454807759054928e-01
1.315889726442192320e-01
7.307703112645012045e-01
4.673570437199949801e-01
6.973936714326498532e-01
3.460216669561335667e-01
4.167714470563023132e-01
5.481319544201774807e-01
2.552769878507870072e-01
2.933168259028446148e-02
4.365339998356076445e-01
3.441155119788124606e-01
6.479474569537816420e-01
6.856971084878780154e-01
1.972321682324731928e-01
1.840121984889658557e-01
5.977959025018411143e-01
4.582176428591988593e-01
1.729515782316017880e-01
4.248446559043406179e-01
5.199711352979956569e-01
5.428483998185602566e-01
4.965391017405089702e-01
7.610473510437876232e-01
4.195861223615776070e-01
5.137344763332605257e-01
3.296635176424950742e-01
1.036426463448594931e-01
7.500193663898229168e-01
2.214448661119356454e-01
1.055754790164873114e-01
4.178060610341607223e-02
3.974763537429590876e-01
5.847109543736279669e-01
4.667764170469097806e-02
2.724397896669088492e-01
5.827615513378943124e-01
6.573417338933162934e-01
3.296288167037085826e-01
4.292862543210518855e-01
3.864312132976981395e-01
5.482024638691996854e-01
3.922074154110891664e-01
7.973709697505629301e-02
4.396881359921901433e-01
2.178710447744481582e-01
6.927026432158792102e-02
4.250032586712488847e-01
4.226155860361334171e-01
5.074753219708713070e-01
2.769411306668652650e-01
5.549171895744736682e-01
3.457811473182539341e-01
3.692499874187500919e-01
4.521854338710092347e-01
5.978180947069371420e-01
2.978378178580350921e-01
5.006988610109487370e-01
5.323347431953994180e-01
2.358078666112130295e-01
5.604615929624859882e-01
3.244002908573742072e-01
1.710880590072849927e-01
5.038514556479903872e-01
6.922649300934927696e-01
5.712882339689658862e-01
2.700897685824471539e-01
4.324689895097262315e-01
3.476220879786520168e-01
3.017229580218111495e-01
4.862522624814194505e-01
5.578996337263963934e-01
4.231325588014648309e-01
3.379409668611292883e-01
4.282726623141187572e-01
1.981394581220292384e-01
6.434139778144093436e-01
2.718372231085783852e-01
2.421335178945618893e-01
4.132923090179187880e-02
3.218054589697739165e-01
6.008313904958426793e-02
9.227312149795803553e-02
6.298005910969963761e-01
5.371382264413059326e-01
6.146194342993835935e-01
3.043517218311259653e-01
2.329679244601223775e-01
3.017294932413095987e-01
4.075330756043885061e-01
1.721649174031613105e-01
2.215375922341430298e-02
4.577638213578245630e-01
1.353198160410885309e-01
4.867988903645305981e-02
1.840075107060246129e-01
5.977959025018411143e-01
4.582176428591988593e-01
1.729515782316017880e-01
4.248446559043406179e-01
5.199711352979956569e-01
5.428483998185602566e-01
4.965373354393366467e-01
7.610402214958467138e-01
4.195861223615776070e-01
5.137344763332605257e-01
3.296635176424950742e-01
1.036426463448594931e-01
7.500193663898229168e-01
2.214448661119356454e-01
1.055754790164873114e-01
1.592107006203003494e-01
5.264232465908509351e-01
8.117532055585248152e-01
1.246055641877706760e-01
7.818654451616386947e-01
4.228853340365663627e-01
5.891302625468801679e-01
3.971299425059698351e-01
5.903424940817126876e-01
6.133377561065392891e-01
5.268676396309082133e-01
3.311337075687538212e-01
1.435563309850730329e-01
4.079044853110839197e-01
2.692959391680136427e-01
1.188045876750651181e-01
2.745554245623931244e-01
3.557322957784304074e-01
3.978675201028292752e-01
1.757219546824607959e-01
4.480740384800009357e-01
4.803818506899261154e-01
6.617061739100973394e-01
3.540284130814529417e-01
4.572194755677403410e-01
6.595652437255752343e-01
5.672714432836667431e-01
1.723875143046632030e-01
1.932017408021556304e-01
3.350285974078186513e-01
2.149714402924921552e-01
1.017453262322344926e-01
1.677009971202664262e-01
7.926894535178797829e-01
4.125277023804279075e-01
1.844866715189937834e-01
5.756527313583368333e-01
4.869622278663732762e-01
6.596418312765051084e-01
2.081266829283549002e-01
8.131510297635545781e-01
6.315663879284203475e-01
5.417046989067727525e-01
4.003063214180085927e-01
1.593754083287740597e-01
5.340462736961086865e-01
2.511152573681054156e-01
1.153553423275675976e-01
1.617942360824101700e-01
6.679862571293015971e-01
6.645149762355235801e-01
1.583808266297923040e-01
6.680763619580118995e-01
4.987399263778670711e-01
6.282679161766803189e-01
3.438357740256153261e-01
5.248393169320139107e-01
6.370526832686390639e-01
5.225362113842652034e-01
3.727796609696854002e-01
1.732562419458784642e-01
4.455373693221476583e-01
3.144687731196460501e-01
1.088501302076187310e-01
2.726337026453884427e-01
3.725512793854993676e-01
4.532404128778081409e-01
1.900357327625968040e-01
3.538362937750780257e-01
4.876252292787104370e-01
6.678406656131951058e-01
3.434882157605538278e-01
4.366750650684457780e-01
6.774143721362401172e-01
5.688272157051130762e-01
2.175386109188060524e-01
1.904215248008927219e-01
3.022205415881525359e-01
1.781179880956370587e-01
1.029399596376693454e-01
4.178060610341607223e-02
3.974763537429590321e-01
5.847109543736280779e-01
4.667764170469097806e-02
2.724397896669088492e-01
5.827615513378943124e-01
6.573417338933164045e-01
3.296288167037086381e-01
4.292862543210518300e-01
3.864312132976981395e-01
5.482024638691996854e-01
3.922074154110891109e-01
7.973709697505629301e-02
4.396881359921901433e-01
2.178710447744481860e-01
6.927026432158793490e-02
4.250032586712489402e-01
4.226155860361334171e-01
5.074753219708713070e-01
2.769411306668652650e-01
5.549171895744737792e-01
3.457811473182538786e-01
3.692499874187500919e-01
4.521854338710091792e-01
5.978180947069371420e-01
2.978378178580350921e-01
5.006988610109487370e-01
5.323347431953994180e-01
2.358078666112129740e-01
5.604615929624858772e-01
3.244002908573742627e-01
1.710880590072849927e-01
5.038514556479903872e-01
6.922649300934927696e-01
5.712882339689659972e-01
2.700897685824471539e-01
4.324689895097262871e-01
3.476220879786520723e-01
3.017229580218111495e-01
4.862522624814194505e-01
5.578996337263963934e-01
4.231325588014648309e-01
3.379409668611292328e-01
4.282726623141187572e-01
1.981394581220292106e-01
6.434139778144093436e-01
2.718372231085784407e-01
2.421335178945619448e-01
4.132923090179188574e-02
3.218054589697738610e-01
6.008313904958427487e-02
9.227312149795803553e-02
6.298005910969963761e-01
5.371382264413058216e-01
6.146194342993835935e-01
3.043517218311259098e-01
2.329679244601223775e-01
3.017294932413095987e-01
4.075330756043885061e-01
1.721649174031613383e-01
2.215375922341430645e-02
4.577638213578245630e-01
1.353198160410885587e-01
4.867988903645305981e-02
