1.075362841488802790e-01
2.906284193216563949e-01
5.070323822406355152e-01
2.218509840325012528e-01
2.641144165677488109e-01
4.098115703035974944e-01
4.853785085161848589e-01
3.741656121671979029e-01
3.495587128705356372e-01
3.905582065599746966e-01
4.934821997994089382e-01
4.134172118052658051e-01
1.561087828043929981e-01
1.909717070726799915e-01
4.099141040507450207e-01
2.276962635323464823e-01
3.299450525769935250e-01
3.223429201626883955e-01
4.907966262417027825e-01
1.774774907464183871e-01
4.046690213537116887e-01
2.301406310407234090e-01
2.460725414866795357e-01
4.101249396665637703e-01
3.474970411421178240e-01
2.150597752535788054e-01
3.707295664168928084e-01
4.990755913145457079e-01
4.025173795553491640e-01
3.777610471896957200e-01
4.023599764321205696e-01
2.937532149439561757e-01
4.627847340521040742e-01
5.113635622454562046e-01
4.565318819805886386e-01
2.576205157880611107e-01
4.300310836284202964e-01
2.500461807046657770e-01
2.724325127957393788e-01
6.250440589988921491e-01
4.797758566798580038e-01
3.708448206981950213e-01
3.136092279845311692e-01
5.280423189869083433e-01
3.539242994636959128e-01
4.096420764444048124e-01
3.596104306754032143e-01
4.451111083544418423e-01
2.330389605491584304e-01
4.179615973380823579e-01
2.240383601604366559e-01
2.179033349895185545e-01
3.764911567426736383e-01
4.205198114092646988e-01
3.778385742970664096e-01
3.708260760062107586e-01
3.779486085819851460e-01
4.698380662533354624e-01
5.729656675131075128e-01
3.062973855042139260e-01
1.714059110242015238e-01
5.345680917226481865e-01
4.170250840127867620e-01
1.325800315759249337e-01
1.384006781995825441e-01
3.361350938469149230e-01
5.622449673858160857e-01
2.311834515486208552e-01
2.639143526836604803e-01
5.762332045892415433e-01
5.101171797643149208e-01
3.846005451053431945e-01
4.912208287857769973e-01
5.506981296239550350e-01
4.656373886031950904e-01
1.882242310726482126e-01
1.932289252748954356e-01
2.647888463757578359e-01
4.206358760786438333e-01
4.875124243800178503e-01
5.008483787973122547e-01
5.884423626109062111e-01
2.599465246835417909e-01
3.325390780136517344e-01
3.564822448805734512e-01
2.625134055270223477e-01
3.184693095080304293e-01
5.413702696542501691e-01
4.925354053884437588e-01
4.721634215094281939e-01
4.527458735443522508e-01
3.310486931780823872e-01
4.342769387611640219e-01
3.830689567974793208e-01
1.969783423467594552e-01
4.227963644071441318e-01
3.698049320661165873e-01
4.880412464843727482e-01
6.427873893995987853e-01
4.016599857403037599e-01
2.387485816574072828e-01
4.556898635111001350e-01
4.171572726664265485e-01
2.773450536048389092e-01
2.803830271346748892e-01
3.710278062974876612e-01
3.861992916744864668e-01
5.740452361332450959e-01
5.897323215597332080e-01
3.973289360081312949e-01
4.891842315342612713e-01
4.293558920891807351e-01
2.973127796388781441e-01
5.398088801494347333e-01
4.525226357349375061e-01
2.720406870428490054e-01
1.075362841488802790e-01
2.906284193216563949e-01
5.070323822406355152e-01
2.218509840325012528e-01
2.641144165677488109e-01
4.098115703035974944e-01
4.853785085161848589e-01
3.741656121671979029e-01
3.495587128705356372e-01
3.905582065599746966e-01
4.934821997994089382e-01
4.134172118052658051e-01
1.561087828043929981e-01
1.909717070726799915e-01
4.099141040507450207e-01
2.276962635323464823e-01
3.299450525769935250e-01
3.223429201626883955e-01
4.907966262417027825e-01
1.774774907464183871e-01
4.046690213537116887e-01
2.301406310407234090e-01
2.460725414866795357e-01
4.101249396665637703e-01
3.474970411421178240e-01
2.150597752535788054e-01
3.707295664168928084e-01
4.990755913145457079e-01
4.025173795553491640e-01
3.777610471896957200e-01
4.023599764321205696e-01
2.937532149439561757e-01
4.627847340521040742e-01
5.113635622454562046e-01
4.565318819805886386e-01
2.576205157880611107e-01
4.300310836284202964e-01
2.500461807046657770e-01
2.724325127957393788e-01
6.250440589988921491e-01
4.797758566798580038e-01
3.708448206981950213e-01
3.136092279845311692e-01
5.280423189869083433e-01
3.539242994636959128e-01
4.096420764444048124e-01
3.596104306754032143e-01
4.451111083544418423e-01
2.330389605491584304e-01
4.179615973380823579e-01
2.240383601604366559e-01
2.179033349895185545e-01
3.764911567426736383e-01
4.205198114092646988e-01
3.778385742970664096e-01
3.708260760062107586e-01
3.779486085819851460e-01
4.698380662533354624e-01
5.729656675131075128e-01
3.062973855042139260e-01
1.714059110242015238e-01
5.345680917226481865e-01
4.170250840127867620e-01
1.325800315759249337e-01
2.387424994436326831e-01
4.556898635111001350e-01
4.171572726664265485e-01
2.773450536048389092e-01
2.803830271346748892e-01
3.710278062974876612e-01
3.861992916744864668e-01
5.740437417482762150e-01
5.897200805442228688e-01
3.973289360081312949e-01
4.891842315342612713e-01
4.293558920891807351e-01
2.973127796388781441e-01
5.398088801494347333e-01
4.525226357349375061e-01
2.720406870428490054e-01
1.997014598431657295e-01
3.222650704166404867e-01
7.285619816751964795e-01
2.893177177694095659e-01
5.002822685390446722e-01
2.852247818414830327e-01
4.921885332438807881e-01
3.915726203228478419e-01
6.048259641935663788e-01
4.501574867918190503e-01
4.904643513560717483e-01
4.998090515879265450e-01
2.814773026656910426e-01
5.065570899332690891e-01
4.293411954307375655e-01
2.598576678354160285e-01
2.582360559859578908e-01
3.514101945479812250e-01
4.382399720125142450e-01
2.329303870379849928e-01
3.890850033859032386e-01
2.657179162590380117e-01
5.195363731604557556e-01
5.073142506725747403e-01
5.903456935101083491e-01
4.355853964070225404e-01
4.753233357969107731e-01
4.508274315869592042e-01
2.483423804629363851e-01
6.423785716588362726e-01
4.772589594637168808e-01
2.237497167307324619e-01
2.205004714992899739e-01
5.250610308149684657e-01
3.919227509905025553e-01
3.246649418458894543e-01
3.702829072983788161e-01
3.324481536372053680e-01
4.843241716094403571e-01
3.155317893955871256e-01
8.014814902101540239e-01
5.086198228181402214e-01
5.037506440372543359e-01
5.116972482354869012e-01
2.833832679782278818e-01
5.482300816028311541e-01
4.655636971557373660e-01
2.702905004374844267e-01
2.101335982977623473e-01
4.668224071746365778e-01
6.169471035791345148e-01
2.859021248007129201e-01
4.232368276370113702e-01
3.458714208837873616e-01
5.167203848444051895e-01
3.490622691315118931e-01
5.361050273349327044e-01
4.552095248982425124e-01
4.872558568843180504e-01
5.868532544332234480e-01
3.077591774154838089e-01
5.773638867535069163e-01
4.228069455808706190e-01
2.650390718410423063e-01
2.605861056026657074e-01
3.283757109938070240e-01
5.116140898167570450e-01
2.626110780497750152e-01
3.483599990255361045e-01
2.750202008524003650e-01
4.968703365688829088e-01
4.517418455186771875e-01
4.948823065765241003e-01
4.984975933267820625e-01
4.939934243818397963e-01
4.583069761746736970e-01
2.421787111047436214e-01
5.128482550748236779e-01
3.975255579124318261e-01
2.564432352961758532e-01
1.075362841488802651e-01
2.906284193216563949e-01
5.070323822406356262e-01
2.218509840325012805e-01
2.641144165677488109e-01
4.098115703035974944e-01
4.853785085161849144e-01
3.741656121671980140e-01
3.495587128705356372e-01
3.905582065599747521e-01
4.934821997994088827e-01
4.134172118052658051e-01
1.561087828043929981e-01
1.909717070726800470e-01
4.099141040507450762e-01
2.276962635323464823e-01
3.299450525769935805e-01
3.223429201626883955e-01
4.907966262417027825e-01
1.774774907464183871e-01
4.046690213537116887e-01
2.301406310407234368e-01
2.460725414866795357e-01
4.101249396665637703e-01
3.474970411421178240e-01
2.150597752535787777e-01
3.707295664168928084e-01
4.990755913145455969e-01
4.025173795553491085e-01
3.777610471896956090e-01
4.023599764321206251e-01
2.937532149439561757e-01
4.627847340521040742e-01
5.113635622454562046e-01
4.565318819805886941e-01
2.576205157880611107e-01
4.300310836284202964e-01
2.500461807046657770e-01
2.724325127957393788e-01
6.250440589988921491e-01
4.797758566798580038e-01
3.708448206981950213e-01
3.136092279845311137e-01
5.280423189869084544e-01
3.539242994636958017e-01
4.096420764444048679e-01
3.596104306754032143e-01
4.451111083544419533e-01
2.330389605491584304e-01
4.179615973380823024e-01
2.240383601604366559e-01
2.179033349895185545e-01
3.764911567426736383e-01
4.205198114092646988e-01
3.778385742970664096e-01
3.708260760062107031e-01
3.779486085819851460e-01
4.698380662533355179e-01
5.729656675131075128e-01
3.062973855042139260e-01
1.714059110242015516e-01
5.345680917226481865e-01
4.170250840127867620e-01
1.325800315759249337e-01
