2.704824509574370664e-02
2.705367387214455688e-01
2.319534238987699393e-01
4.798658964176777397e-02
1.701411692606238923e-01
5.143651070304608997e-01
5.621779669837172477e-01
2.437728877131555283e-01
2.323663777078545656e-01
4.470632801350545305e-01
4.062699530614127252e-01
3.264084984009207879e-01
3.648990805710698032e-02
4.714646542920257755e-01
2.272128045749473857e-01
4.014031880708894551e-02
2.097216594239956211e-01
4.044446695275589754e-01
6.753947917108528154e-01
1.966309725640553174e-01
5.274050345230774095e-01
4.263558899287504533e-01
4.470463102321443616e-01
5.375490565619388539e-01
5.473372824545249538e-01
3.770934839427863006e-01
5.314005103790304663e-01
6.987289178313177418e-01
1.280375570543980102e-01
6.142117191939068244e-01
4.149177188223708290e-01
2.596142379345085516e-01
3.138952399289856032e-01
5.838642714133022160e-01
4.299656852454291633e-01
3.473471668294747516e-01
4.619910786678907422e-01
4.397198157267224183e-01
3.871204492785390583e-01
6.477901717012550797e-01
3.812069242801390256e-01
4.805231822348634552e-01
3.220160536565725429e-01
4.844267202207431788e-01
2.332985115999350323e-01
7.026736899616755627e-01
4.054969883623676941e-01
2.666973849104296579e-01
1.981720078705999366e-02
2.289668453535171899e-01
1.578992487534933153e-01
3.512677930784724456e-02
4.772545596094794895e-01
6.591927008270326294e-01
6.546342432281194723e-01
3.248989882155570719e-01
2.872544989979401997e-01
5.018727132504839927e-01
4.619510553081871418e-01
2.895894735540247567e-01
2.111009456991947558e-02
3.953418438615551311e-01
2.795288045367598784e-01
3.122176440118392543e-02
3.357981743737882552e-02
2.167280750730358752e-01
3.371375601530315347e-01
4.483969765427966991e-02
1.893055127042463648e-01
6.139521197186788015e-01
6.480426725581713843e-01
2.595229428010649153e-01
3.690964212282827894e-01
5.997401326349305339e-01
4.872972923062567907e-01
3.578147196878202901e-02
3.711433430849733206e-01
1.958443847967630547e-01
2.748086973995915727e-01
6.096079961659990332e-01
6.128166665127746660e-01
5.914510879107209851e-01
3.654582642217015231e-01
5.382058681736443528e-01
5.955898418164199404e-01
4.136648425123796713e-01
1.224860913906598292e-01
6.668975535345935679e-01
3.038279837496516977e-01
6.667481736006786175e-01
4.932843419030412679e-01
5.020621866355098328e-01
5.130279333845438883e-01
2.297734797241789972e-01
1.949685405869416854e-02
3.961634976651514095e-01
1.888681878675950165e-01
7.041246470171435012e-01
7.269158692082704487e-01
2.488928642952598635e-01
7.782643607849717982e-02
4.489760822416697938e-01
3.404905354734308887e-01
1.488590496038226241e-01
3.323104094323238167e-01
5.986150688816985754e-01
5.951614540513373575e-01
5.769279450068781623e-01
5.846570886639077536e-01
5.447223392979618772e-01
5.009342706921564581e-01
4.472544968562886525e-01
6.893121459534455597e-02
7.784444680466970912e-01
3.741161393260825085e-01
1.122667158999149095e-01
2.704824509574370664e-02
2.705367387214455688e-01
2.319534238987699393e-01
4.798658964176777397e-02
1.701411692606238923e-01
5.143651070304608997e-01
5.621779669837172477e-01
2.437728877131555283e-01
2.323663777078545656e-01
4.470632801350545305e-01
4.062699530614127252e-01
3.264084984009207879e-01
3.648990805710698032e-02
4.714646542920257755e-01
2.272128045749473857e-01
4.014031880708894551e-02
2.097216594239956211e-01
4.044446695275589754e-01
6.753947917108528154e-01
1.966309725640553174e-01
5.274050345230774095e-01
4.263558899287504533e-01
4.470463102321443616e-01
5.375490565619388539e-01
5.473372824545249538e-01
3.770934839427863006e-01
5.314005103790304663e-01
6.987289178313177418e-01
1.280375570543980102e-01
6.142117191939068244e-01
4.149177188223708290e-01
2.596142379345085516e-01
3.138952399289856032e-01
5.838642714133022160e-01
4.299656852454291633e-01
3.473471668294747516e-01
4.619910786678907422e-01
4.397198157267224183e-01
3.871204492785390583e-01
6.477901717012550797e-01
3.812069242801390256e-01
4.805231822348634552e-01
3.220160536565725429e-01
4.844267202207431788e-01
2.332985115999350323e-01
7.026736899616755627e-01
4.054969883623676941e-01
2.666973849104296579e-01
1.981720078705999366e-02
2.289668453535171899e-01
1.578992487534933153e-01
3.512677930784724456e-02
4.772545596094794895e-01
6.591927008270326294e-01
6.546342432281194723e-01
3.248989882155570719e-01
2.872544989979401997e-01
5.018727132504839927e-01
4.619510553081871418e-01
2.895894735540247567e-01
2.111009456991947558e-02
3.953418438615551311e-01
2.795288045367598784e-01
3.122176440118392543e-02
7.782445341950816609e-02
4.489760822416697938e-01
3.404905354734308887e-01
1.488590496038226241e-01
3.323104094323238167e-01
5.986150688816985754e-01
5.951614540513373575e-01
5.769264607353701280e-01
5.846446962204205899e-01
5.447223392979618772e-01
5.009342706921564581e-01
4.472544968562886525e-01
6.893121459534455597e-02
7.784444680466970912e-01
3.741161393260825085e-01
1.122667158999149095e-01
7.125610171630172851e-02
4.829530041306084320e-01
4.795236716678124567e-01
8.302927864180402462e-02
5.327972322087801693e-01
4.882353202104214862e-01
7.147079656204708975e-01
4.873178456224103727e-01
4.243025796378739889e-01
6.626964424122050445e-01
5.601291701473286588e-01
4.653131567700927729e-01
1.221797478064555881e-01
4.790965220432775729e-01
4.514992943103194323e-01
1.214880615571430483e-01
9.867548492483010913e-02
2.922495392159118466e-01
2.630072075155187039e-01
1.515537861846896484e-01
3.892212018258148776e-01
5.110724101935956165e-01
7.426689069490555184e-01
4.802913344198048717e-01
3.240813915471770779e-01
7.354706122093784826e-01
5.992896179352361630e-01
2.329445386337919977e-01
1.437867833863650802e-01
4.995560413189817917e-01
3.180441780951951403e-01
1.353559547193268209e-01
8.239112213718925715e-02
5.880946627584034969e-01
2.563985540694193599e-01
1.262145900597523851e-01
4.060853140720436794e-01
5.779294945438510078e-01
7.226818756354975726e-01
3.332045205776548169e-01
6.096633441417940169e-01
7.356194202533758997e-01
5.869394195553523375e-01
5.084330801798411237e-01
1.239872744176947900e-01
6.525178004160856471e-01
3.345897694863538274e-01
1.468799063411356243e-01
7.896882815898582930e-02
5.038776978004031459e-01
4.655070779402696313e-01
1.154650463572595848e-01
4.765814843798152345e-01
5.965676986082737443e-01
7.046810877024373143e-01
4.687634716897370324e-01
3.750170016866670730e-01
6.886806970573990938e-01
5.861558496075890412e-01
4.499466432013368156e-01
1.217059559673086128e-01
5.925186080671438482e-01
4.213838559733410483e-01
1.374688875562004031e-01
1.132618351092888609e-01
3.284114231010051288e-01
2.642833322178046451e-01
1.489484458549330814e-01
3.048856756239918808e-01
5.042299357040072039e-01
7.707020273671274513e-01
4.272692078764430135e-01
2.957739213902789155e-01
7.594429774579243286e-01
6.039144073091486931e-01
2.798950930278049642e-01
1.276896947185610365e-01
4.550144205400535324e-01
2.474619241824048688e-01
1.582211163670916299e-01
2.704824509574370664e-02
2.705367387214456243e-01
2.319534238987699670e-01
4.798658964176777397e-02
1.701411692606239201e-01
5.143651070304608997e-01
5.621779669837173588e-01
2.437728877131555283e-01
2.323663777078545933e-01
4.470632801350544749e-01
4.062699530614126697e-01
3.264084984009207879e-01
3.648990805710698726e-02
4.714646542920257755e-01
2.272128045749474134e-01
4.014031880708894551e-02
2.097216594239956766e-01
4.044446695275589754e-01
6.753947917108529264e-01
1.966309725640553174e-01
5.274050345230774095e-01
4.263558899287504533e-01
4.470463102321443061e-01
5.375490565619387429e-01
5.473372824545249538e-01
3.770934839427862451e-01
5.314005103790304663e-01
6.987289178313177418e-01
1.280375570543979824e-01
6.142117191939066023e-01
4.149177188223708845e-01
2.596142379345085516e-01
3.138952399289855477e-01
5.838642714133021050e-01
4.299656852454291633e-01
3.473471668294747516e-01
4.619910786678907422e-01
4.397198157267225294e-01
3.871204492785390583e-01
6.477901717012549687e-01
3.812069242801390256e-01
4.805231822348635107e-01
3.220160536565724874e-01
4.844267202207431788e-01
2.332985115999349768e-01
7.026736899616756737e-01
4.054969883623677496e-01
2.666973849104297134e-01
1.981720078705999713e-02
2.289668453535171344e-01
1.578992487534933431e-01
3.512677930784724456e-02
4.772545596094794895e-01
6.591927008270326294e-01
6.546342432281194723e-01
3.248989882155570164e-01
2.872544989979402552e-01
5.018727132504839927e-01
4.619510553081871973e-01
2.895894735540247567e-01
2.111009456991947558e-02
3.953418438615551866e-01
2.795288045367599339e-01
3.122176440118392543e-02
