1.671529445920863499e-02
2.531182328174940155e-01
6.299019066741635975e-02
3.586304179529960223e-02
1.332937875141466111e-01
9.026871886984091375e-01
5.495129732672717759e-01
1.151932565578879242e-01
2.263513817182566390e-02
1.300374505204868469e-01
2.927042140276029381e-01
2.121034560743436659e-01
3.077143645335192468e-02
3.714184494429367822e-01
1.067195839637194166e-01
5.074357340131718103e-02
1.706060206473321017e-01
5.369736642566218521e-01
3.465946911324477298e-01
1.762859620063639832e-01
5.435046008141136697e-01
6.818798330962898557e-01
1.000000000000000000e+00
4.505892223046006340e-01
6.625080036562910335e-01
7.286129391060355287e-01
7.581765053391181786e-01
7.831524749857861067e-01
1.556235511286120921e-01
4.934631334411829773e-01
2.875576387678814849e-01
9.175904340295429340e-03
1.489731795978656015e-01
7.139700063106859673e-01
2.970361659209909688e-01
2.357372046316545400e-01
4.210723005193922064e-01
9.999999999999998890e-01
4.402206891663410504e-01
4.947945360858152508e-01
2.213454667345703952e-01
7.912520408491999779e-01
1.444406366657619289e-01
4.499918060340618586e-01
1.151279172988452781e-01
4.310731439369063223e-01
6.279986464071256602e-01
1.852590483790916287e-01
2.094604537827343335e-02
1.887704964560111831e-01
4.625986394926855788e-02
3.585541291086224297e-02
2.701232188613483798e-01
3.486459593397588375e-01
7.288744644469951073e-01
4.607628630091946398e-02
1.646311586458805154e-01
5.196826384962807133e-01
5.214103023444733864e-01
1.832245957890980548e-01
8.938262467962901706e-03
2.408409587544386721e-01
9.555756405925031061e-02
2.298446439391536172e-02
2.288975152289789844e-02
1.570337367956760044e-01
0.000000000000000000e+00
4.493718754790097109e-02
9.357053895397918208e-02
8.363154798049037275e-01
6.809266150883940272e-01
1.186368592329370419e-01
6.181131513785076415e-03
3.095801607237798625e-01
3.776630767334134831e-01
3.341364644023004510e-02
2.593510271018210633e-01
1.312634491479208465e-01
1.556915780723867326e-01
9.531773156305012318e-01
3.341164441712046185e-01
6.531409094632332213e-01
4.087823542179777614e-01
1.000000000000000000e+00
6.939864536354573010e-01
6.408073777808974691e-01
7.734953845805681016e-02
5.027276944672621761e-01
9.461091013720313025e-02
5.986184886853402887e-01
4.792586798089577549e-01
1.000000000000000000e+00
2.385952488664309645e-01
1.483721205228359930e-01
1.302377449646037813e-02
1.505118484459345152e-01
7.741056098889903536e-02
8.942387099224021751e-01
7.811314182786315286e-01
8.479237337420603149e-02
2.942994402485700489e-02
5.520578492991519148e-01
7.651302561961220716e-02
9.997625387086236937e-02
2.458218831218511591e-01
9.410689198265419497e-01
8.510742157877086989e-01
3.334395125932404502e-01
4.318918590065738417e-01
7.667865438734058348e-01
5.166679623162330204e-01
3.761662703070504654e-01
3.445373301941888344e-02
5.336967006026249738e-01
3.109242276550868156e-01
3.576848190519520826e-02
1.671529445920863499e-02
2.531182328174940155e-01
6.299019066741635975e-02
3.586304179529960223e-02
1.332937875141466111e-01
9.026871886984091375e-01
5.495129732672717759e-01
1.151932565578879242e-01
2.263513817182566390e-02
1.300374505204868469e-01
2.927042140276029381e-01
2.121034560743436659e-01
3.077143645335192468e-02
3.714184494429367822e-01
1.067195839637194166e-01
5.074357340131718103e-02
1.706060206473321017e-01
5.369736642566218521e-01
3.465946911324477298e-01
1.762859620063639832e-01
5.435046008141136697e-01
6.818798330962898557e-01
1.000000000000000000e+00
4.505892223046006340e-01
6.625080036562910335e-01
7.286129391060355287e-01
7.581765053391181786e-01
7.831524749857861067e-01
1.556235511286120921e-01
4.934631334411829773e-01
2.875576387678814849e-01
9.175904340295429340e-03
1.489731795978656015e-01
7.139700063106859673e-01
2.970361659209909688e-01
2.357372046316545400e-01
4.210723005193922064e-01
9.999999999999998890e-01
4.402206891663410504e-01
4.947945360858152508e-01
2.213454667345703952e-01
7.912520408491999779e-01
1.444406366657619289e-01
4.499918060340618586e-01
1.151279172988452781e-01
4.310731439369063223e-01
6.279986464071256602e-01
1.852590483790916287e-01
2.094604537827343335e-02
1.887704964560111831e-01
4.625986394926855788e-02
3.585541291086224297e-02
2.701232188613483798e-01
3.486459593397588375e-01
7.288744644469951073e-01
4.607628630091946398e-02
1.646311586458805154e-01
5.196826384962807133e-01
5.214103023444733864e-01
1.832245957890980548e-01
8.938262467962901706e-03
2.408409587544386721e-01
9.555756405925031061e-02
2.298446439391536172e-02
2.942919428548812499e-02
5.520578492991519148e-01
7.651302561961220716e-02
9.997625387086236937e-02
2.458218831218511591e-01
9.410689198265419497e-01
8.510742157877086989e-01
3.334371740867657641e-01
4.318749085595099957e-01
7.667865438734058348e-01
5.166679623162330204e-01
3.761662703070504654e-01
3.445373301941888344e-02
5.336967006026249738e-01
3.109242276550868156e-01
3.576848190519520826e-02
9.457822799851051121e-03
4.601398893642263954e-01
2.580731185375870207e-01
3.851913161595295343e-02
6.233159860296386690e-01
7.137293320489247472e-01
9.800560420991047961e-01
3.572658102611878106e-01
1.699691456748918528e-01
1.000000000000000222e+00
5.470584925637744789e-01
3.046368246628032850e-01
3.742367952430912525e-02
2.502792920908117891e-01
3.891302207188892526e-01
2.844389571377169135e-02
3.850747161321435574e-02
2.226420748317791687e-01
2.293469987559589307e-01
3.549980694047363827e-02
3.696296839884956054e-01
7.437991726641197676e-01
9.047234926283793666e-01
4.893144335177217474e-01
1.738922241669240698e-01
9.379040827107578693e-01
6.973416290557600261e-01
2.826846570088398236e-02
3.356795602319545546e-02
4.784387620670723651e-01
4.536990756634684541e-02
3.461214200681601849e-02
3.131955239986759787e-02
5.818617441281731528e-01
4.483947563693246874e-02
4.616282604273129475e-02
3.126600159506481291e-01
8.884602360171878210e-01
9.614559566796736512e-01
2.497344495409250520e-01
5.524154273881477506e-01
9.094462036266948157e-01
7.013056721758234024e-01
2.780145936690326947e-01
2.648412079842094036e-02
6.281469822168972428e-01
1.145480411005752042e-01
5.216764282491866134e-02
2.710116641863800913e-02
4.731245140636393676e-01
3.265560031283791242e-01
2.752041414907242800e-02
4.606887586544123336e-01
8.631690036797495802e-01
9.834112436320920914e-01
4.019710319090180062e-01
2.172319534239945948e-01
9.511587988946182959e-01
6.424673984226522139e-01
2.292816622321083297e-01
2.964791741574009099e-02
4.435360648892934798e-01
2.517326909655627221e-01
5.592958325313981960e-02
3.545642294110640247e-02
3.002554577231788535e-01
2.520174882595292987e-01
1.066161547839991619e-02
2.898491904737933722e-01
7.830018690364735079e-01
8.663845187100380763e-01
4.088374015315729415e-01
2.145683856359206221e-01
8.714926282342509989e-01
7.168541446657570315e-01
1.399385473012514924e-01
1.516897162256689024e-02
4.128583464802897951e-01
8.568727085524652232e-02
3.715047502592029594e-02
1.671529445920863499e-02
2.531182328174940155e-01
6.299019066741637363e-02
3.586304179529960223e-02
1.332937875141466388e-01
9.026871886984091375e-01
5.495129732672717759e-01
1.151932565578879242e-01
2.263513817182566390e-02
1.300374505204868469e-01
2.927042140276029381e-01
2.121034560743436381e-01
3.077143645335192468e-02
3.714184494429367822e-01
1.067195839637194443e-01
5.074357340131718797e-02
1.706060206473321017e-01
5.369736642566218521e-01
3.465946911324477298e-01
1.762859620063639832e-01
5.435046008141137808e-01
6.818798330962897447e-01
1.000000000000000000e+00
4.505892223046005785e-01
6.625080036562910335e-01
7.286129391060355287e-01
7.581765053391181786e-01
7.831524749857861067e-01
1.556235511286120365e-01
4.934631334411828663e-01
2.875576387678814849e-01
9.175904340295429340e-03
1.489731795978656015e-01
7.139700063106859673e-01
2.970361659209909688e-01
2.357372046316545677e-01
4.210723005193922619e-01
1.000000000000000000e+00
4.402206891663410504e-01
4.947945360858151953e-01
2.213454667345703952e-01
7.912520408491999779e-01
1.444406366657619012e-01
4.499918060340618586e-01
1.151279172988452226e-01
4.310731439369063778e-01
6.279986464071257712e-01
1.852590483790916842e-01
2.094604537827342988e-02
1.887704964560111831e-01
4.625986394926856482e-02
3.585541291086224297e-02
2.701232188613484908e-01
3.486459593397588375e-01
7.288744644469951073e-01
4.607628630091945010e-02
1.646311586458805154e-01
5.196826384962808243e-01
5.214103023444733864e-01
1.832245957890980548e-01
8.938262467962903440e-03
2.408409587544386998e-01
9.555756405925031061e-02
2.298446439391536172e-02
