1.938263084768883371e-02
2.348713171305105984e-01
2.105129798358065796e-01
4.034758326112963811e-02
1.491499893847001990e-01
5.015192537629670211e-01
5.835034772702084593e-01
2.501641427118070915e-01
1.725783956834148203e-01
4.044876399172541714e-01
4.539081053174954250e-01
3.455974076709080189e-01
2.587909031873016769e-02
3.610081003812979361e-01
2.287582969380185516e-01
4.199122069674044583e-02
1.740788394797283811e-01
4.059414767775200716e-01
6.911160591104297257e-01
1.963026578962892010e-01
4.988573604372854575e-01
4.673856462584807248e-01
4.551718342767142045e-01
5.509403537262481665e-01
5.492469475086014796e-01
3.778715525335480940e-01
6.218755513439060412e-01
6.817765087159907145e-01
9.318886721096775183e-02
5.572675333336013503e-01
4.342883983429483563e-01
2.295414817020338116e-01
2.960695310455905283e-01
6.368324174637380874e-01
4.167288079751478858e-01
2.807104283112284993e-01
4.967078548176144248e-01
4.709251381848748030e-01
4.271550133294980123e-01
5.622993126851683066e-01
4.253098138745756707e-01
5.476701277767491716e-01
3.919164253342951043e-01
5.671148853654933708e-01
2.298171560299104854e-01
7.682741666313231965e-01
4.141201497111712815e-01
2.665868161205560138e-01
1.534723444154635283e-02
1.953970829303550150e-01
1.325784290452588499e-01
2.681473977017015398e-02
4.678573496551523547e-01
6.148781171196413542e-01
6.688483362994444015e-01
2.813372728711560078e-01
2.502625238568076393e-01
5.102012003821513320e-01
5.051928818089808093e-01
2.763169673416452365e-01
9.992923526884031973e-03
4.167158667894168000e-01
2.430985624890143193e-01
2.547152318997173565e-02
2.585826526251639237e-02
1.942180066581234432e-01
2.958356267861886324e-01
4.223098943071941502e-02
1.662854962704944650e-01
6.591934005565229793e-01
6.520240933477048362e-01
2.748405923084662472e-01
2.920128429298885497e-01
5.223688789034226510e-01
5.207028588308870720e-01
2.636535974689790604e-02
2.820757518986354295e-01
1.963312209653701179e-01
2.338057348199982510e-01
6.195182771386876786e-01
6.361692373402635381e-01
6.051767365154686606e-01
4.215269451977516901e-01
5.871168944604395756e-01
6.032202694861552583e-01
4.347207917026035817e-01
8.832762260209464644e-02
6.232550622394171791e-01
3.067369410596173518e-01
7.312053567202780879e-01
5.202762336468855775e-01
5.569567820385328272e-01
5.138063625804608625e-01
2.120096597349532264e-01
1.122227562318946562e-02
3.544703151207103109e-01
1.587540951506086206e-01
7.086233150059125796e-01
7.791987795592949517e-01
2.247903497567035891e-01
6.003689686600713338e-02
4.446984230138804617e-01
3.241850322350902092e-01
1.192606629843354082e-01
3.203315319327310062e-01
6.124482799929510390e-01
6.205381021550852028e-01
5.326678367230981426e-01
5.575379369137312136e-01
5.631714196250701132e-01
5.854300615048805279e-01
4.760386051596562917e-01
4.930342869896456315e-02
7.497501669250770107e-01
3.731761747982018096e-01
1.025803013219380999e-01
1.938263084768883371e-02
2.348713171305105984e-01
2.105129798358065796e-01
4.034758326112963811e-02
1.491499893847001990e-01
5.015192537629670211e-01
5.835034772702084593e-01
2.501641427118070915e-01
1.725783956834148203e-01
4.044876399172541714e-01
4.539081053174954250e-01
3.455974076709080189e-01
2.587909031873016769e-02
3.610081003812979361e-01
2.287582969380185516e-01
4.199122069674044583e-02
1.740788394797283811e-01
4.059414767775200716e-01
6.911160591104297257e-01
1.963026578962892010e-01
4.988573604372854575e-01
4.673856462584807248e-01
4.551718342767142045e-01
5.509403537262481665e-01
5.492469475086014796e-01
3.778715525335480940e-01
6.218755513439060412e-01
6.817765087159907145e-01
9.318886721096775183e-02
5.572675333336013503e-01
4.342883983429483563e-01
2.295414817020338116e-01
2.960695310455905283e-01
6.368324174637380874e-01
4.167288079751478858e-01
2.807104283112284993e-01
4.967078548176144248e-01
4.709251381848748030e-01
4.271550133294980123e-01
5.622993126851683066e-01
4.253098138745756707e-01
5.476701277767491716e-01
3.919164253342951043e-01
5.671148853654933708e-01
2.298171560299104854e-01
7.682741666313231965e-01
4.141201497111712815e-01
2.665868161205560138e-01
1.534723444154635283e-02
1.953970829303550150e-01
1.325784290452588499e-01
2.681473977017015398e-02
4.678573496551523547e-01
6.148781171196413542e-01
6.688483362994444015e-01
2.813372728711560078e-01
2.502625238568076393e-01
5.102012003821513320e-01
5.051928818089808093e-01
2.763169673416452365e-01
9.992923526884031973e-03
4.167158667894168000e-01
2.430985624890143193e-01
2.547152318997173565e-02
6.003536740250806081e-02
4.446984230138804617e-01
3.241850322350902092e-01
1.192606629843354082e-01
3.203315319327310062e-01
6.124482799929510390e-01
6.205381021550852028e-01
5.326661971730344280e-01
5.575247353254475513e-01
5.631714196250701132e-01
5.854300615048805279e-01
4.760386051596562917e-01
4.930342869896456315e-02
7.497501669250770107e-01
3.731761747982018096e-01
1.025803013219380999e-01
4.586138938059242109e-02
4.040746249855164396e-01
5.043687809046233372e-01
8.554442614616343532e-02
4.793627821700719438e-01
4.874661426585956692e-01
7.661792531524017624e-01
4.723908943611163092e-01
4.520181232929956217e-01
7.318060684702407670e-01
6.071425674396735417e-01
4.326277590461585776e-01
1.017012529045848573e-01
4.599866278386035567e-01
4.562850178468057516e-01
1.021667833376651985e-01
8.557957255567322230e-02
2.815646039402162626e-01
2.435508786474118170e-01
1.170245969444615175e-01
3.401976450598492852e-01
5.090484136407946725e-01
7.823536647284637935e-01
4.926792504753326751e-01
3.070042395086366449e-01
7.703616007269394883e-01
6.776020613427620187e-01
2.208537935063437652e-01
1.247543337516801576e-01
4.710269805000419918e-01
3.024640560568947478e-01
1.216986395381492586e-01
6.861329174510576168e-02
5.555461187797939848e-01
2.623459064695767839e-01
9.056094670068272345e-02
3.568124062108091743e-01
5.701702741049082812e-01
7.837098161093039028e-01
3.184395560594909247e-01
6.000536185545979340e-01
7.963165182201055181e-01
6.399151161752130168e-01
5.306070538823741689e-01
1.095361753146372047e-01
6.285852616505878121e-01
3.223173694204278239e-01
1.312628834536324618e-01
6.128456345058340415e-02
4.607302537307750856e-01
4.787418166357674809e-01
8.952248280902182220e-02
4.472105659170629299e-01
5.810457733544101000e-01
7.606013204442720887e-01
4.730012585801100511e-01
3.820581008376132681e-01
7.510957603298956675e-01
6.436854403044252049e-01
4.207756715340491560e-01
9.109199986608830513e-02
5.774231003492824588e-01
4.161878168456802918e-01
1.279054295116998086e-01
9.729790548367614478e-02
2.836009723871214527e-01
2.491518158369782077e-01
1.319774192824117176e-01
2.438515086442230584e-01
5.342019069364701833e-01
7.945971925612373976e-01
3.938138606775036243e-01
2.952264634946546451e-01
7.679999988451770010e-01
7.041110886315254946e-01
2.675532619231291709e-01
1.146804495103424248e-01
4.167890286138539735e-01
2.225099512530601675e-01
1.507165468987495816e-01
1.938263084768883371e-02
2.348713171305106262e-01
2.105129798358066073e-01
4.034758326112963811e-02
1.491499893847002267e-01
5.015192537629670211e-01
5.835034772702084593e-01
2.501641427118071470e-01
1.725783956834147925e-01
4.044876399172542270e-01
4.539081053174953695e-01
3.455974076709079634e-01
2.587909031873016769e-02
3.610081003812979361e-01
2.287582969380185793e-01
4.199122069674045277e-02
1.740788394797283534e-01
4.059414767775200161e-01
6.911160591104298367e-01
1.963026578962892010e-01
4.988573604372854575e-01
4.673856462584806692e-01
4.551718342767141490e-01
5.509403537262481665e-01
5.492469475086015906e-01
3.778715525335480940e-01
6.218755513439060412e-01
6.817765087159906034e-01
9.318886721096772408e-02
5.572675333336012393e-01
4.342883983429483563e-01
2.295414817020338116e-01
2.960695310455904727e-01
6.368324174637379764e-01
4.167288079751479413e-01
2.807104283112284993e-01
4.967078548176144248e-01
4.709251381848748585e-01
4.271550133294980123e-01
5.622993126851681955e-01
4.253098138745756707e-01
5.476701277767492826e-01
3.919164253342950488e-01
5.671148853654934818e-01
2.298171560299104299e-01
7.682741666313233075e-01
4.141201497111713370e-01
2.665868161205560694e-01
1.534723444154634936e-02
1.953970829303549595e-01
1.325784290452588499e-01
2.681473977017015398e-02
4.678573496551523547e-01
6.148781171196413542e-01
6.688483362994444015e-01
2.813372728711560078e-01
2.502625238568076393e-01
5.102012003821513320e-01
5.051928818089808093e-01
2.763169673416452365e-01
9.992923526884035443e-03
4.167158667894168000e-01
2.430985624890143193e-01
2.547152318997173565e-02
