1.662779814143525853e-02
2.476193838036129524e-01
1.440220590111330745e-01
2.038400544279506121e-02
1.810227774013775659e-01
6.223277529415818243e-01
8.964558481260477274e-01
1.509454206830725953e-01
1.669998308008505128e-01
4.134928406376776056e-01
4.562697764101276143e-01
2.118304737511390312e-01
1.829584925026473199e-02
4.073958902574628116e-01
1.674085076279482609e-01
1.465305546908879895e-02
1.248376068049496523e-01
5.129509042967452803e-01
4.233109246729108710e-01
2.040088227712266167e-01
2.935921155712946651e-01
5.274219796932939630e-01
7.093141455397187212e-01
4.101845105544552617e-01
8.236571328842912099e-01
7.451637330679619087e-01
7.101731308841863211e-01
6.692519988179046475e-01
1.362142265903912297e-01
3.838800573304375630e-01
3.204770747198275038e-01
3.301052472396217435e-02
2.729276381786629457e-01
8.906591923525100096e-01
6.487581534831771135e-01
2.468500742986090568e-01
7.194026806651463435e-01
6.233915732281509747e-01
7.578792587414930892e-01
4.248915490436957487e-01
4.794343292305330850e-01
7.210667441162168512e-01
3.885161411029685041e-01
2.494212147917987954e-01
1.329537472630949457e-01
3.545260775730988412e-01
4.787785721379383963e-01
8.450621407218859849e-02
1.104721692229508265e-02
2.080518286153250074e-01
3.668780986231469365e-02
1.950910185306743011e-02
2.189020756777222132e-01
3.828388765174915442e-01
5.684771684712236484e-01
5.894838468624327699e-02
2.503164777629263704e-01
4.094422068271180160e-01
3.991890230307010845e-01
1.506370196798521854e-01
1.889287492341375479e-03
2.026794052151426051e-01
2.116716310792070288e-02
3.400057095912278719e-03
1.149203614442479565e-02
9.328244654243345035e-02
7.825213665299871058e-02
1.762686321100553205e-02
1.041074928365487151e-01
5.303763214124448400e-01
8.224474970669480856e-01
1.380780201389534279e-01
1.245360532535941256e-01
4.467871370796469566e-01
4.452768186627484304e-01
1.892639271767115189e-02
2.819308389141841342e-01
1.739188231928741890e-01
8.882769017562497371e-02
7.834419739016050821e-01
4.015618613012692517e-01
3.586235901208313370e-01
4.508300484722893020e-01
7.916605537880805343e-01
7.095552496610719739e-01
8.137763688675803131e-01
6.080789821633275638e-02
6.763917785550292994e-01
1.484338940704891807e-01
6.590589124277788091e-01
5.941422866620938992e-01
7.408728281950237582e-01
4.123517603373673124e-01
1.669227036548941445e-01
4.743325635752615975e-03
2.025240684359035925e-01
1.739168784231064913e-01
7.882784759742199610e-01
8.874905919534505916e-01
1.274544210186528970e-02
4.036478331948789577e-02
6.230121833385908747e-01
2.895383110221763090e-01
9.777772440451404368e-02
2.505351428376958456e-01
6.713407673709830270e-01
8.748671229171146591e-01
3.059136291620824233e-01
7.738933715339482156e-01
7.952208181960211952e-01
5.883538260557251709e-01
2.347803331820985107e-01
2.574624913744155696e-02
4.551147017833409025e-01
2.514201248036415093e-01
8.199325931062748096e-04
1.662779814143525853e-02
2.476193838036129524e-01
1.440220590111330745e-01
2.038400544279506121e-02
1.810227774013775659e-01
6.223277529415818243e-01
8.964558481260477274e-01
1.509454206830725953e-01
1.669998308008505128e-01
4.134928406376776056e-01
4.562697764101276143e-01
2.118304737511390312e-01
1.829584925026473199e-02
4.073958902574628116e-01
1.674085076279482609e-01
1.465305546908879895e-02
1.248376068049496523e-01
5.129509042967452803e-01
4.233109246729108710e-01
2.040088227712266167e-01
2.935921155712946651e-01
5.274219796932939630e-01
7.093141455397187212e-01
4.101845105544552617e-01
8.236571328842912099e-01
7.451637330679619087e-01
7.101731308841863211e-01
6.692519988179046475e-01
1.362142265903912297e-01
3.838800573304375630e-01
3.204770747198275038e-01
3.301052472396217435e-02
2.729276381786629457e-01
8.906591923525100096e-01
6.487581534831771135e-01
2.468500742986090568e-01
7.194026806651463435e-01
6.233915732281509747e-01
7.578792587414930892e-01
4.248915490436957487e-01
4.794343292305330850e-01
7.210667441162168512e-01
3.885161411029685041e-01
2.494212147917987954e-01
1.329537472630949457e-01
3.545260775730988412e-01
4.787785721379383963e-01
8.450621407218859849e-02
1.104721692229508265e-02
2.080518286153250074e-01
3.668780986231469365e-02
1.950910185306743011e-02
2.189020756777222132e-01
3.828388765174915442e-01
5.684771684712236484e-01
5.894838468624327699e-02
2.503164777629263704e-01
4.094422068271180160e-01
3.991890230307010845e-01
1.506370196798521854e-01
1.889287492341375479e-03
2.026794052151426051e-01
2.116716310792070288e-02
3.400057095912278719e-03
4.036375501079844663e-02
6.230121833385908747e-01
2.895383110221763090e-01
9.777772440451404368e-02
2.505351428376958456e-01
6.713407673709830270e-01
8.748671229171146591e-01
3.059111940860421708e-01
7.738866252682992108e-01
7.952208181960211952e-01
5.883538260557251709e-01
2.347803331820985107e-01
2.574624913744155696e-02
4.551147017833409025e-01
2.514201248036415093e-01
8.199325931062748096e-04
4.817588304982756142e-02
4.797100915644068597e-01
6.121893636951447615e-01
2.024255164852366284e-02
5.799747996159287933e-01
6.420384179365281607e-01
8.345815222887319473e-01
3.308491422640879032e-01
5.223335124946372199e-01
8.355502869435589286e-01
8.885733402490134658e-01
1.613405624674291161e-01
4.717428326053256515e-02
2.064183326491867421e-01
1.583833875893363441e-01
6.100823858521300935e-03
1.099312167723492661e-01
3.318684575647255497e-01
3.764583802876058649e-01
1.875491252915120755e-02
4.259086150185916742e-01
6.136575747772857747e-01
9.288521283704740394e-01
2.112634242048739841e-01
4.141631694975256295e-01
9.017855514780857007e-01
8.085427725265650345e-01
5.682781003972808831e-02
2.276630894716535902e-02
2.088375250960168295e-01
2.295464804164382144e-02
1.155213407200551823e-02
4.550478029445760575e-02
6.502099367461263713e-01
3.760303261609277969e-01
4.971748004812075183e-02
4.473944395398442020e-01
6.975288101217035353e-01
9.070386411554449690e-01
1.286347215545449174e-01
7.791284188202879379e-01
9.206986305650688429e-01
8.283499034902633840e-01
2.301754896497644198e-01
2.946589587458260662e-02
4.410062493831046759e-01
1.013993416949185433e-01
2.414558900461785673e-03
7.130742483160253109e-02
5.369411759872229073e-01
5.906822731568222018e-01
1.432917393601666756e-02
5.332724709614911074e-01
7.235461267502885097e-01
9.082567796423368645e-01
2.631449159996204767e-01
4.536588869493358711e-01
8.829837878882081936e-01
8.038385359099613492e-01
2.320255596157857481e-01
2.582424163943426720e-02
2.859318308083511062e-01
2.103696635361945733e-01
9.363409372244252404e-03
1.170740353448685156e-01
3.166877271950596651e-01
4.062397192377952271e-01
4.738154599655602928e-02
3.169533733013640275e-01
6.284829553576292138e-01
9.330887907085946287e-01
2.290980087511441110e-01
4.122269304478242136e-01
9.432893146682954644e-01
8.286433964182428058e-01
4.333430460879156287e-02
2.806059891077167245e-02
1.652090274167647421e-01
2.657784439379051733e-02
1.644309174400161722e-02
1.662779814143525506e-02
2.476193838036129802e-01
1.440220590111331023e-01
2.038400544279506468e-02
1.810227774013775937e-01
6.223277529415818243e-01
8.964558481260479494e-01
1.509454206830725953e-01
1.669998308008505405e-01
4.134928406376776611e-01
4.562697764101274478e-01
2.118304737511390035e-01
1.829584925026473199e-02
4.073958902574628116e-01
1.674085076279482887e-01
1.465305546908880069e-02
1.248376068049496662e-01
5.129509042967452803e-01
4.233109246729108710e-01
2.040088227712266167e-01
2.935921155712946651e-01
5.274219796932938520e-01
7.093141455397187212e-01
4.101845105544552061e-01
8.236571328842912099e-01
7.451637330679617977e-01
7.101731308841864321e-01
6.692519988179045365e-01
1.362142265903912020e-01
3.838800573304374519e-01
3.204770747198275593e-01
3.301052472396217435e-02
2.729276381786630012e-01
8.906591923525098986e-01
6.487581534831772245e-01
2.468500742986090291e-01
7.194026806651463435e-01
6.233915732281510858e-01
7.578792587414930892e-01
4.248915490436956932e-01
4.794343292305330850e-01
7.210667441162169622e-01
3.885161411029685041e-01
2.494212147917988509e-01
1.329537472630949180e-01
3.545260775730988412e-01
4.787785721379383963e-01
8.450621407218861236e-02
1.104721692229508612e-02
2.080518286153249519e-01
3.668780986231469365e-02
1.950910185306743358e-02
2.189020756777222132e-01
3.828388765174915442e-01
5.684771684712235373e-01
5.894838468624324923e-02
2.503164777629264259e-01
4.094422068271180160e-01
3.991890230307010845e-01
1.506370196798522132e-01
1.889287492341376346e-03
2.026794052151426051e-01
2.116716310792070982e-02
3.400057095912278286e-03
