1.489439281670669642e-02
1.375858218575333747e-01
6.106688815091528000e-02
1.809884000168063278e-02
1.051505190310791787e-01
6.957716976924858132e-01
6.704595778037780729e-01
9.671878521978136134e-02
6.214382011566368935e-02
2.909224112605892087e-01
4.561438876983576196e-01
1.789501114969354045e-01
1.360500178480274908e-02
1.893441204058904093e-01
7.871493913372595852e-02
1.758954587252523072e-02
9.844578705990489342e-02
5.767994749798425191e-01
3.932032426192323959e-01
1.395475648757676934e-01
5.170699881220204297e-01
8.220448875600658845e-01
8.571795153354202501e-01
7.259824061242804438e-01
3.225843667682428140e-01
7.267763437162345630e-01
9.015460215209778472e-01
7.251189189565985238e-01
1.322629057204454672e-01
6.350781491472475837e-01
3.111771318810700460e-01
7.117028330992797303e-02
1.128845397315504512e-01
6.599799762124510805e-01
5.342147005735530252e-01
8.577219346244226161e-02
3.540450903485827250e-01
8.302320996383215634e-01
6.129337537390597834e-01
4.388603739228875700e-01
7.649873251179931666e-01
7.501924984244731087e-01
5.193087252524890562e-01
3.544181179709637863e-01
1.215972743103910791e-01
5.276717508851758165e-01
4.401314975463760937e-01
7.828651075157784522e-02
9.827376050272181029e-03
1.902929320234573729e-01
3.967460737640365193e-02
2.185749994965339657e-02
3.648450826290573490e-01
8.111481804806875973e-01
3.363416862854700096e-01
1.009656876749966958e-01
1.633074371943045167e-01
3.051350419332109487e-01
5.243193625314047646e-01
1.221733212113691874e-01
7.264067828700605453e-03
2.001156467672321748e-01
6.168895367994364082e-02
1.325963987816045422e-02
1.621224089180879971e-02
2.031749763959969646e-02
5.236020384757306134e-02
1.816370501306432961e-02
3.389629717114045482e-02
6.443532432931027287e-01
7.215737478344246281e-01
8.809570841795022478e-02
7.628286651280236086e-02
3.778426622953303116e-01
6.173363974325181136e-01
1.789393452280756483e-02
8.817309180013160885e-02
9.770277559089710073e-02
9.321059804450573805e-02
8.050369847005771629e-01
3.778251336495330182e-01
6.351024803422897769e-01
6.682298567770400544e-01
9.783446596403038154e-01
3.234442934850229601e-01
7.286930078550335477e-01
6.014552607719719779e-02
7.507856250552288335e-01
4.419270647857376222e-02
6.184609822391340384e-01
2.993547242031582289e-01
8.780560863677048244e-01
8.296908457792466773e-01
1.525067560379987364e-01
7.291888527990686604e-03
2.070572784355361740e-01
5.306358273112798951e-02
8.918310644606727289e-01
8.568948991240090685e-01
4.093234214871677157e-02
0.000000000000000000e+00
4.985791992078404955e-01
1.966711009197980586e-01
2.411332263098431294e-02
2.275014284567843381e-01
9.770257587359338913e-01
7.758188863774794219e-01
4.353019299680472853e-01
4.474900936279879171e-01
7.415510595789114312e-01
7.459487847913603975e-01
2.752980943625111254e-01
2.262649054446196073e-02
5.528467832014569705e-01
2.202351223583223772e-01
1.522496877065509374e-02
1.489439281670669642e-02
1.375858218575333747e-01
6.106688815091528000e-02
1.809884000168063278e-02
1.051505190310791787e-01
6.957716976924858132e-01
6.704595778037780729e-01
9.671878521978136134e-02
6.214382011566368935e-02
2.909224112605892087e-01
4.561438876983576196e-01
1.789501114969354045e-01
1.360500178480274908e-02
1.893441204058904093e-01
7.871493913372595852e-02
1.758954587252523072e-02
9.844578705990489342e-02
5.767994749798425191e-01
3.932032426192323959e-01
1.395475648757676934e-01
5.170699881220204297e-01
8.220448875600658845e-01
8.571795153354202501e-01
7.259824061242804438e-01
3.225843667682428140e-01
7.267763437162345630e-01
9.015460215209778472e-01
7.251189189565985238e-01
1.322629057204454672e-01
6.350781491472475837e-01
3.111771318810700460e-01
7.117028330992797303e-02
1.128845397315504512e-01
6.599799762124510805e-01
5.342147005735530252e-01
8.577219346244226161e-02
3.540450903485827250e-01
8.302320996383215634e-01
6.129337537390597834e-01
4.388603739228875700e-01
7.649873251179931666e-01
7.501924984244731087e-01
5.193087252524890562e-01
3.544181179709637863e-01
1.215972743103910791e-01
5.276717508851758165e-01
4.401314975463760937e-01
7.828651075157784522e-02
9.827376050272181029e-03
1.902929320234573729e-01
3.967460737640365193e-02
2.185749994965339657e-02
3.648450826290573490e-01
8.111481804806875973e-01
3.363416862854700096e-01
1.009656876749966958e-01
1.633074371943045167e-01
3.051350419332109487e-01
5.243193625314047646e-01
1.221733212113691874e-01
7.264067828700605453e-03
2.001156467672321748e-01
6.168895367994364082e-02
1.325963987816045422e-02
0.000000000000000000e+00
4.985791992078404955e-01
1.966711009197980586e-01
2.411332263098431294e-02
2.275014284567843381e-01
9.770257587359338913e-01
7.758188863774794219e-01
4.352999488273736617e-01
4.474736085800816165e-01
7.415510595789114312e-01
7.459487847913603975e-01
2.752980943625111254e-01
2.262649054446196073e-02
5.528467832014569705e-01
2.202351223583223772e-01
1.522496877065509374e-02
5.360788256993279099e-03
3.310082230294780214e-01
3.972097514305144572e-01
4.900933814780711328e-03
2.674076162993238026e-01
7.988641703040063602e-01
9.811541618200624315e-01
4.483220078794247221e-01
4.070777392761525393e-01
9.187957742957608698e-01
8.085333477442498973e-01
1.291554919737372131e-01
5.080098055434124904e-02
3.464147813339601978e-01
9.509999277933212092e-02
1.539068482384250980e-02
3.520806361246256455e-02
1.998570223732727968e-01
2.005114302383401159e-01
1.514913717089738654e-02
2.523510346291564233e-01
7.822712576671684293e-01
1.000000000000000000e+00
3.039702920846554246e-01
2.370951595108816701e-01
9.628469187626698123e-01
7.671917843282751726e-01
6.759004420273295732e-02
1.688446958357772698e-02
2.959755684370735107e-01
5.673680544719961194e-02
2.418262369003791601e-02
0.000000000000000000e+00
5.577847830760875869e-01
1.367504147246527690e-01
0.000000000000000000e+00
3.479125205573638246e-01
8.743531925590638521e-01
9.682259334113545446e-01
2.225774486932704521e-01
5.151452866858131641e-01
1.000000000000000000e+00
7.984145677031520005e-01
2.874583893833388970e-01
6.948195052866312782e-03
5.268205334473698986e-01
1.313514583899758059e-01
2.151794508737142619e-02
4.908843536562512710e-03
4.076000045279976614e-01
3.729197921883356526e-01
1.487919177585350639e-02
4.266537469398183346e-01
8.903596515537294254e-01
1.000000000000000000e+00
3.525086372117773315e-01
2.531714302862316801e-01
9.756077498720029384e-01
7.622960569412995380e-01
2.129480639759869787e-01
5.037517350222411872e-03
3.896985837258903351e-01
2.429012370553303990e-01
2.171722510707080334e-02
3.180789277206719223e-02
2.680722045280558019e-01
2.044369177980777108e-01
0.000000000000000000e+00
2.447361610656499376e-01
7.728626772866844519e-01
9.814779172377855465e-01
2.992427675896418005e-01
1.917078616184167972e-01
9.799783345651607025e-01
7.870585448499627379e-01
1.242724027132508513e-01
0.000000000000000000e+00
2.565109631844537108e-01
7.825591613361426724e-02
3.180246834976861725e-02
1.489439281670669815e-02
1.375858218575333747e-01
6.106688815091532163e-02
1.809884000168063278e-02
1.051505190310792204e-01
6.957716976924858132e-01
6.704595778037781839e-01
9.671878521978136134e-02
6.214382011566368935e-02
2.909224112605892643e-01
4.561438876983575641e-01
1.789501114969354045e-01
1.360500178480275081e-02
1.893441204058904093e-01
7.871493913372595852e-02
1.758954587252523419e-02
9.844578705990490730e-02
5.767994749798425191e-01
3.932032426192324515e-01
1.395475648757676934e-01
5.170699881220203187e-01
8.220448875600657734e-01
8.571795153354202501e-01
7.259824061242804438e-01
3.225843667682428695e-01
7.267763437162344520e-01
9.015460215209778472e-01
7.251189189565984128e-01
1.322629057204454395e-01
6.350781491472473617e-01
3.111771318810701015e-01
7.117028330992797303e-02
1.128845397315504512e-01
6.599799762124510805e-01
5.342147005735531362e-01
8.577219346244224774e-02
3.540450903485827805e-01
8.302320996383217855e-01
6.129337537390597834e-01
4.388603739228874590e-01
7.649873251179930556e-01
7.501924984244731087e-01
5.193087252524890562e-01
3.544181179709637863e-01
1.215972743103910236e-01
5.276717508851758165e-01
4.401314975463761492e-01
7.828651075157785910e-02
9.827376050272181029e-03
1.902929320234573174e-01
3.967460737640365886e-02
2.185749994965339657e-02
3.648450826290573490e-01
8.111481804806875973e-01
3.363416862854700096e-01
1.009656876749966958e-01
1.633074371943045167e-01
3.051350419332110042e-01
5.243193625314047646e-01
1.221733212113692013e-01
7.264067828700605453e-03
2.001156467672321748e-01
6.168895367994364082e-02
1.325963987816045422e-02
