3.876140333209602273e-01
5.033505860414011490e-01
5.911570602923436057e-01
4.083693301467431480e-01
5.766315745086824096e-01
2.250712025158228546e-01
1.886967571532303101e-01
6.448690312559026694e-01
8.313317028209277204e-01
2.249140608774375938e-01
2.937137229589468213e-01
8.824650332804124808e-01
6.544137509605373326e-01
2.567422919226244327e-01
5.101058549278938425e-01
3.114192354044752475e-01
3.773569172209240707e-01
1.937008838198525373e-01
7.282052874716792301e-01
3.486938727925351089e-01
2.706016950026478574e-01
8.929938304123841153e-02
5.124960517552418215e-02
2.246404096694028241e-01
6.849848888999073016e-02
3.577167129317922883e-02
9.453047596015071163e-02
1.686182157311224283e-01
5.401183579751949182e-01
1.722868390457069909e-01
3.417238587095767777e-01
3.018176102067345878e-01
6.418175588858959779e-01
3.470999216837138412e-01
3.271627234331543899e-01
2.811075097908803389e-01
4.070123243046902539e-01
7.177274252081364270e-02
4.568243757870282806e-02
2.749541283658489266e-01
2.314440674353027139e-01
1.029891592319533977e-01
1.369638660078722203e-01
2.742328920703780426e-01
5.691948942873509276e-01
3.122287874088387483e-01
2.626486838486803421e-01
5.127083556742934034e-01
4.939638581721557120e-01
5.995167344227512185e-01
6.785130954747079501e-01
5.344870000424142287e-01
5.499944396409740532e-01
1.845771518939679223e-01
7.218863052938634395e-02
5.146538549632113657e-01
4.363848185084368003e-01
3.406885171237697962e-01
2.985089861018361268e-01
5.193254216072991092e-01
3.507490641154806799e-01
4.569715340010542803e-01
4.041364191005386020e-01
2.984048107927918525e-01
3.948705862665978228e-01
5.104495642382802512e-01
6.290281946439368888e-01
3.661441802067976758e-01
6.169117450827010796e-01
2.961790995834622242e-01
1.862716602106005703e-01
8.218086544658631531e-01
9.602494345513903351e-01
2.393418834714967636e-01
2.550608116826230676e-01
5.920862280819428891e-01
2.364328238316869002e-01
4.079112414257919372e-01
4.435991345763867777e-01
2.714708868533451946e-01
5.868776938995706738e-01
2.574697524239282220e-01
9.907020730321104696e-02
7.494294138612871137e-02
5.999005240025760688e-02
4.385415961102946680e-02
6.476452087892488052e-01
3.281508124351292244e-01
5.552061377162875733e-01
3.277547472614409929e-01
3.552468739133228803e-01
8.051994015547753181e-02
1.500446736268026271e-01
5.827555547774743161e-01
4.115502018366459791e-01
5.855274179880132213e-01
7.232917943556089746e-01
2.565502890436514027e-01
3.494031028848841869e-01
5.951131207681983337e-01
5.047211334568406649e-01
4.793907003176009485e-01
5.965859884245177103e-01
5.682006353111459518e-01
4.061494670275275221e-01
1.490036977801303397e-01
8.844511802782208110e-02
5.006229453940800322e-01
5.385500822132140986e-01
1.258805920745012241e-01
1.889046706982529522e-01
4.556615651625863239e-01
6.907505142013301569e-01
4.055019549978200466e-01
4.089086878621148169e-01
4.005496003575166331e-01
3.876140333209602273e-01
5.033505860414011490e-01
5.911570602923436057e-01
4.083693301467431480e-01
5.766315745086824096e-01
2.250712025158228546e-01
1.886967571532303101e-01
6.448690312559026694e-01
8.313317028209277204e-01
2.249140608774375938e-01
2.937137229589468213e-01
8.824650332804124808e-01
6.544137509605373326e-01
2.567422919226244327e-01
5.101058549278938425e-01
3.114192354044752475e-01
3.773569172209240707e-01
1.937008838198525373e-01
7.282052874716792301e-01
3.486938727925351089e-01
2.706016950026478574e-01
8.929938304123841153e-02
5.124960517552418215e-02
2.246404096694028241e-01
6.849848888999073016e-02
3.577167129317922883e-02
9.453047596015071163e-02
1.686182157311224283e-01
5.401183579751949182e-01
1.722868390457069909e-01
3.417238587095767777e-01
3.018176102067345878e-01
6.418175588858959779e-01
3.470999216837138412e-01
3.271627234331543899e-01
2.811075097908803389e-01
4.070123243046902539e-01
7.177274252081364270e-02
4.568243757870282806e-02
2.749541283658489266e-01
2.314440674353027139e-01
1.029891592319533977e-01
1.369638660078722203e-01
2.742328920703780426e-01
5.691948942873509276e-01
3.122287874088387483e-01
2.626486838486803421e-01
5.127083556742934034e-01
4.939638581721557120e-01
5.995167344227512185e-01
6.785130954747079501e-01
5.344870000424142287e-01
5.499944396409740532e-01
1.845771518939679223e-01
7.218863052938634395e-02
5.146538549632113657e-01
4.363848185084368003e-01
3.406885171237697962e-01
2.985089861018361268e-01
5.193254216072991092e-01
3.507490641154806799e-01
4.569715340010542803e-01
4.041364191005386020e-01
2.984048107927918525e-01
5.047082754879728128e-01
4.793907003176009485e-01
5.965859884245177103e-01
5.682006353111459518e-01
4.061494670275275221e-01
1.490036977801303397e-01
8.844511802782208110e-02
5.006211934203318448e-01
5.385363140908450141e-01
1.258805920745012241e-01
1.889046706982529522e-01
4.556615651625863239e-01
6.907505142013301569e-01
4.055019549978200466e-01
4.089086878621148169e-01
4.005496003575166331e-01
6.843242634274417924e-01
2.874979248826466383e-01
5.542110560591679835e-01
5.484456942342798014e-01
2.866225252921284494e-01
8.759408704485316388e-02
3.134861078838095949e-01
2.983894921522260990e-01
6.724629462380778966e-01
2.011861695246519588e-01
2.178410932511339326e-01
2.946902466346469351e-01
5.161814508087063658e-01
3.784353793651942244e-01
2.349928834350739626e-01
5.525787571036195889e-01
6.004694876716764051e-01
3.902534856598324775e-01
5.825002626847544107e-01
5.109446494948549633e-01
4.223993447164482440e-01
7.997370952716868764e-02
1.645120320343992915e-01
4.683186763155371413e-01
7.327006164285365664e-01
1.324212381885079282e-01
2.048086261060327040e-01
3.298544217658799238e-01
5.831955180868485522e-01
5.000304348415450795e-01
3.637592837297638493e-01
4.165410905386205398e-01
6.344599951258738102e-01
4.181586786358436614e-01
5.493235741732811483e-01
5.792150936310620502e-01
3.645774484346447353e-01
1.463578441063020652e-01
1.487338864235499825e-01
2.478849600185986102e-01
7.770877504771428468e-01
2.055493742403665669e-01
2.073783726961956342e-01
3.993107990502283711e-01
5.710023864865878540e-01
3.945318018287366502e-01
3.748955095385050895e-01
4.984590498771873657e-01
6.211305303697608471e-01
4.060816978027668722e-01
6.516334281621722901e-01
5.609294497642968169e-01
3.695426354833072913e-01
1.493276611137845100e-01
1.493433716417944535e-01
2.892740870044600565e-01
6.678878888368764422e-01
1.795457539338195518e-01
2.147518962817399069e-01
3.796266105998954421e-01
5.448860756281556084e-01
4.570538583340612582e-01
3.381081691618388341e-01
5.075554227870994195e-01
6.277663313088317487e-01
3.136075129341913126e-01
6.355540380846657067e-01
5.651096143847509357e-01
3.130340891705975515e-01
1.089199548253667327e-01
1.811409921838026404e-01
3.917605651061199512e-01
6.438541518666315300e-01
2.007842043972974944e-01
2.159030236378966516e-01
2.713734204715160803e-01
5.453628383909502331e-01
3.639988114616103387e-01
2.625298174997178213e-01
4.933168487264802948e-01
3.876140333209601718e-01
5.033505860414010380e-01
5.911570602923438278e-01
4.083693301467431480e-01
5.766315745086825206e-01
2.250712025158229102e-01
1.886967571532303656e-01
6.448690312559026694e-01
8.313317028209277204e-01
2.249140608774376215e-01
2.937137229589468213e-01
8.824650332804123698e-01
6.544137509605374436e-01
2.567422919226244327e-01
5.101058549278938425e-01
3.114192354044752475e-01
3.773569172209241263e-01
1.937008838198525373e-01
7.282052874716792301e-01
3.486938727925350534e-01
2.706016950026478574e-01
8.929938304123841153e-02
5.124960517552418215e-02
2.246404096694027963e-01
6.849848888999074403e-02
3.577167129317922190e-02
9.453047596015072551e-02
1.686182157311224006e-01
5.401183579751948072e-01
1.722868390457069354e-01
3.417238587095767777e-01
3.018176102067345878e-01
6.418175588858960889e-01
3.470999216837138412e-01
3.271627234331543899e-01
2.811075097908803944e-01
4.070123243046902539e-01
7.177274252081365657e-02
4.568243757870282806e-02
2.749541283658489266e-01
2.314440674353026584e-01
1.029891592319533977e-01
1.369638660078722203e-01
2.742328920703780981e-01
5.691948942873508166e-01
3.122287874088387483e-01
2.626486838486803976e-01
5.127083556742935144e-01
4.939638581721557120e-01
5.995167344227512185e-01
6.785130954747079501e-01
5.344870000424142287e-01
5.499944396409740532e-01
1.845771518939678946e-01
7.218863052938634395e-02
5.146538549632111437e-01
4.363848185084368003e-01
3.406885171237697962e-01
2.985089861018361268e-01
5.193254216072991092e-01
3.507490641154807354e-01
4.569715340010542803e-01
4.041364191005386020e-01
2.984048107927918525e-01
