1.115445263649645913e-01
3.882171915618812807e-01
4.716458113759033899e-01
1.852810069704970697e-01
3.233772722535937505e-01
3.622915227693517259e-01
4.214955909634583442e-01
4.315958808766628962e-01
4.405820395843534354e-01
4.676442450599473388e-01
5.193874511870018029e-01
4.150628666795199706e-01
1.495895457612614055e-01
4.652081186691867654e-01
4.480204495287432032e-01
1.569125147765129680e-01
4.264062990611479642e-01
3.449149201335949821e-01
7.045544510103740610e-01
2.561628921928463809e-01
4.406112380771203263e-01
2.232119437563081232e-01
1.473268039258740503e-01
5.553370816372081853e-01
3.449505176416373664e-01
1.938284364750364752e-01
2.206603709926067691e-01
3.593725491522953286e-01
4.257936038722650030e-01
4.072473941410106879e-01
4.828947972056999993e-01
3.548916971096613415e-01
3.988389949852230720e-01
4.918763442047250356e-01
4.412832487512479696e-01
4.080484887070904287e-01
5.459683149426286519e-01
2.880062106445002157e-01
2.312460513249721683e-01
6.658735320339109753e-01
3.752163172577716033e-01
3.795710137975487064e-01
2.459685539156964140e-01
3.780124652499126658e-01
2.151224017089656271e-01
4.002627170364888021e-01
3.209375133037258299e-01
3.424778752745538668e-01
1.897917866531506903e-01
2.919321789708833603e-01
3.030504506347906912e-01
1.641721546785568364e-01
6.740767951362106603e-01
3.790175582173945235e-01
3.344149319369246198e-01
3.872155073048105245e-01
4.465275482603674462e-01
5.600791054098618327e-01
5.423834033684491462e-01
2.882913826803031321e-01
1.349002338883281971e-01
4.317398724053269632e-01
4.419297045377095778e-01
1.088723822802388358e-01
1.269593116913226294e-01
3.361306044344725685e-01
5.900783476662507798e-01
1.746671012780304788e-01
2.919546381041778771e-01
4.495385148539790543e-01
4.078902031997311273e-01
4.171126885970241616e-01
5.719187599898001295e-01
6.233969945107495914e-01
5.589831289852640328e-01
1.571683210050171253e-01
4.052455137764349180e-01
3.270851909409645542e-01
4.936729899214379325e-01
4.704649716930970893e-01
6.803263905054424132e-01
5.909195055442288957e-01
2.226137199405008593e-01
1.971050551890795310e-01
3.350010057317994727e-01
2.292388426618463537e-01
3.753216832010246584e-01
5.488711268038011237e-01
3.826416833916158611e-01
4.561710035731503798e-01
5.830823122973184391e-01
3.580675019965718353e-01
3.479441938915068810e-01
2.500610152393412111e-01
1.575381071396163846e-01
6.711440355249866929e-01
4.080750758889775676e-01
5.129879139360113971e-01
5.899213480748434213e-01
3.830598717793882169e-01
2.401846280731939343e-01
4.532652752905526605e-01
4.885074033273530958e-01
3.104234834606480753e-01
4.522818325711636112e-01
3.636464968012377286e-01
3.079986995921333293e-01
6.685493440084792072e-01
6.214135878802617974e-01
4.314947660267219320e-01
4.040693349655162248e-01
3.072867756341527978e-01
2.428712294845579156e-01
5.956521128973480961e-01
4.911366545479554646e-01
2.311940519138888928e-01
1.115445263649645913e-01
3.882171915618812807e-01
4.716458113759033899e-01
1.852810069704970697e-01
3.233772722535937505e-01
3.622915227693517259e-01
4.214955909634583442e-01
4.315958808766628962e-01
4.405820395843534354e-01
4.676442450599473388e-01
5.193874511870018029e-01
4.150628666795199706e-01
1.495895457612614055e-01
4.652081186691867654e-01
4.480204495287432032e-01
1.569125147765129680e-01
4.264062990611479642e-01
3.449149201335949821e-01
7.045544510103740610e-01
2.561628921928463809e-01
4.406112380771203263e-01
2.232119437563081232e-01
1.473268039258740503e-01
5.553370816372081853e-01
3.449505176416373664e-01
1.938284364750364752e-01
2.206603709926067691e-01
3.593725491522953286e-01
4.257936038722650030e-01
4.072473941410106879e-01
4.828947972056999993e-01
3.548916971096613415e-01
3.988389949852230720e-01
4.918763442047250356e-01
4.412832487512479696e-01
4.080484887070904287e-01
5.459683149426286519e-01
2.880062106445002157e-01
2.312460513249721683e-01
6.658735320339109753e-01
3.752163172577716033e-01
3.795710137975487064e-01
2.459685539156964140e-01
3.780124652499126658e-01
2.151224017089656271e-01
4.002627170364888021e-01
3.209375133037258299e-01
3.424778752745538668e-01
1.897917866531506903e-01
2.919321789708833603e-01
3.030504506347906912e-01
1.641721546785568364e-01
6.740767951362106603e-01
3.790175582173945235e-01
3.344149319369246198e-01
3.872155073048105245e-01
4.465275482603674462e-01
5.600791054098618327e-01
5.423834033684491462e-01
2.882913826803031321e-01
1.349002338883281971e-01
4.317398724053269632e-01
4.419297045377095778e-01
1.088723822802388358e-01
2.401785092755736040e-01
4.532652752905526605e-01
4.885074033273530958e-01
3.104234834606480753e-01
4.522818325711636112e-01
3.636464968012377286e-01
3.079986995921333293e-01
6.685481811740183744e-01
6.214022921277901901e-01
4.314947660267219320e-01
4.040693349655162248e-01
3.072867756341527978e-01
2.428712294845579156e-01
5.956521128973480961e-01
4.911366545479554646e-01
2.311940519138888928e-01
2.335301065325504077e-01
4.768415864008289096e-01
7.029859006950742728e-01
2.490522693951089939e-01
5.930047337062269719e-01
2.870574015262706835e-01
4.575654890754854431e-01
4.581364816214966162e-01
4.981278450722016471e-01
4.630059046489797825e-01
4.221622795163716968e-01
4.880115675137066678e-01
3.281169754260913063e-01
4.221026657699322726e-01
4.277800838502505698e-01
2.263829856548769115e-01
2.672331441321919021e-01
4.047852114302026849e-01
4.795726418539016378e-01
2.523928563927847479e-01
4.586844616354937010e-01
3.060024702423319587e-01
4.461048713641816432e-01
5.751546704548624600e-01
5.351752535027869406e-01
4.469885570568207234e-01
4.637900231607379187e-01
3.153404634547979923e-01
3.172852270501849148e-01
5.447295741471017694e-01
3.662099495120102466e-01
2.157683073456833633e-01
2.760507137430062707e-01
6.479135438808968361e-01
4.381303147635275952e-01
2.557992290534469859e-01
4.335128615355601789e-01
3.542041491198436032e-01
4.667504103043865205e-01
3.421956074555594363e-01
7.312820533973555248e-01
5.131875007417763257e-01
4.352314687738340626e-01
4.869477891598839037e-01
2.943692116848697915e-01
4.918250196002663110e-01
3.904532340154537873e-01
2.903675147961752301e-01
2.444554576392628520e-01
5.191033128515094575e-01
5.539410403878917144e-01
3.289921949765327591e-01
4.771123643090077748e-01
3.725322905966718112e-01
5.228202538124457899e-01
3.425587420869858346e-01
5.251972762054517574e-01
4.651432337272106698e-01
4.211058149552501240e-01
5.070952885130042276e-01
3.234808099647624169e-01
5.634769959875154388e-01
3.995501383998713019e-01
2.343369180441506328e-01
2.760329274378319209e-01
4.204086560286039997e-01
5.229130822101967224e-01
2.739676112496765015e-01
4.246737848890612121e-01
3.069747419324936888e-01
4.531398640484929352e-01
4.722192672352306109e-01
5.553977313535755078e-01
4.463085918380892969e-01
4.584289753330774708e-01
3.659774312616918546e-01
2.385271802489336845e-01
5.430664437075483075e-01
3.328688543260808208e-01
2.436700567414731289e-01
1.115445263649645774e-01
3.882171915618812252e-01
4.716458113759034454e-01
1.852810069704970974e-01
3.233772722535938060e-01
3.622915227693517259e-01
4.214955909634583997e-01
4.315958808766630073e-01
4.405820395843533799e-01
4.676442450599473943e-01
5.193874511870018029e-01
4.150628666795199151e-01
1.495895457612614055e-01
4.652081186691868764e-01
4.480204495287432587e-01
1.569125147765129680e-01
4.264062990611479642e-01
3.449149201335950377e-01
7.045544510103741720e-01
2.561628921928463254e-01
4.406112380771203818e-01
2.232119437563081510e-01
1.473268039258740225e-01
5.553370816372080743e-01
3.449505176416373664e-01
1.938284364750364475e-01
2.206603709926067969e-01
3.593725491522952731e-01
4.257936038722649474e-01
4.072473941410106324e-01
4.828947972057000548e-01
3.548916971096613415e-01
3.988389949852230720e-01
4.918763442047249246e-01
4.412832487512479696e-01
4.080484887070903177e-01
5.459683149426286519e-01
2.880062106445002712e-01
2.312460513249721683e-01
6.658735320339108643e-01
3.752163172577715478e-01
3.795710137975487064e-01
2.459685539156964140e-01
3.780124652499127214e-01
2.151224017089655438e-01
4.002627170364888021e-01
3.209375133037258299e-01
3.424778752745539223e-01
1.897917866531506903e-01
2.919321789708833048e-01
3.030504506347906912e-01
1.641721546785568642e-01
6.740767951362106603e-01
3.790175582173945235e-01
3.344149319369246198e-01
3.872155073048104690e-01
4.465275482603674462e-01
5.600791054098618327e-01
5.423834033684491462e-01
2.882913826803031321e-01
1.349002338883282248e-01
4.317398724053269632e-01
4.419297045377095778e-01
1.088723822802388358e-01
