3.687417517182289828e-01
4.893885254914078775e-01
3.672864986832543588e-01
6.340820221061452822e-01
2.976641773638931676e-01
2.645248890505681461e-01
2.775732022192243797e-01
5.073666033395319852e-01
3.276385521446630311e-01
2.716121760314680333e-01
1.376103452219841206e-01
5.543879677935472650e-01
5.694029388648413903e-01
5.387963035910271481e-01
4.126937801296466368e-01
5.323350939791593461e-01
4.440716845135904700e-01
2.398601150832356532e-01
4.271084130257493672e-01
5.008433213202004852e-01
4.074913316312052669e-01
8.993674520017028162e-02
7.698611054229667627e-02
2.605001228434973837e-01
1.673432924052909165e-01
8.717937818813212281e-02
1.009795232501699835e-01
2.792531080414394906e-01
3.814549216571239687e-01
2.159976161453351085e-01
2.497861691023575414e-01
4.567810234914151390e-01
5.082259311687966630e-01
1.699908207987450848e-01
1.757030482331905508e-01
3.151217994479256768e-01
3.445258838307907467e-01
9.582939516873684171e-02
8.578064493394185752e-02
3.991032170777141785e-01
1.982084342731017523e-01
9.615604759441880034e-02
5.614101900951885132e-02
1.526944063512227778e-01
3.629220643306088623e-01
2.037494889057892000e-01
1.671339051285196664e-01
4.449870041501735041e-01
6.192356371239992052e-01
4.386705650419046587e-01
4.630295971976329805e-01
4.591561660788981980e-01
8.789551543552210910e-01
3.433377305883732467e-01
1.851755018457880153e-01
4.622759389506954641e-01
3.817249008535743005e-01
3.839684985514500992e-01
2.776901188924271735e-01
3.363967982548551894e-01
4.591505970952277083e-01
7.393882693448546872e-01
4.623352827356203565e-01
4.694421801427476892e-01
4.831658874030581585e-01
4.611386347367522620e-01
6.042038002017522391e-01
5.955801916441526567e-01
3.066254094030955724e-01
2.426384536418041415e-01
2.888036354319027943e-01
5.444360622015853579e-01
5.418234632171783360e-01
3.421697460814857594e-01
1.890591800209350248e-01
5.121062289940107037e-01
3.812078473151673252e-01
4.534098824707503139e-01
5.152046001364751771e-01
2.203954546843140128e-01
3.503008618941391705e-01
3.461152169532755174e-01
5.906577531268600301e-02
9.445171555053269441e-02
1.672041854420787399e-01
9.372043257113900350e-02
4.372043509437544273e-01
2.512535394106510389e-01
6.589451439918065923e-01
1.702487542798222786e-01
3.441839663020087592e-01
9.090519735627472508e-02
2.217254653068116421e-01
3.976404858104261586e-01
5.273137401402868685e-01
7.332443444862770665e-01
6.493813484791859381e-01
3.208597586835483240e-01
2.147056600451727748e-01
7.204665907926339763e-01
5.189238460824483479e-01
3.569414688312006478e-01
2.827603488331745796e-01
7.007075988863000759e-01
4.184618604432273070e-01
2.057340418328423848e-01
1.603306721791426248e-01
5.030787350412595504e-01
3.294220120209777058e-01
1.709750108310937877e-01
1.182476207660910911e-01
2.513200406011706911e-01
6.190791634328859372e-01
5.959523530498778143e-01
3.216092524310587009e-01
5.944193194769258337e-01
3.687417517182289828e-01
4.893885254914078775e-01
3.672864986832543588e-01
6.340820221061452822e-01
2.976641773638931676e-01
2.645248890505681461e-01
2.775732022192243797e-01
5.073666033395319852e-01
3.276385521446630311e-01
2.716121760314680333e-01
1.376103452219841206e-01
5.543879677935472650e-01
5.694029388648413903e-01
5.387963035910271481e-01
4.126937801296466368e-01
5.323350939791593461e-01
4.440716845135904700e-01
2.398601150832356532e-01
4.271084130257493672e-01
5.008433213202004852e-01
4.074913316312052669e-01
8.993674520017028162e-02
7.698611054229667627e-02
2.605001228434973837e-01
1.673432924052909165e-01
8.717937818813212281e-02
1.009795232501699835e-01
2.792531080414394906e-01
3.814549216571239687e-01
2.159976161453351085e-01
2.497861691023575414e-01
4.567810234914151390e-01
5.082259311687966630e-01
1.699908207987450848e-01
1.757030482331905508e-01
3.151217994479256768e-01
3.445258838307907467e-01
9.582939516873684171e-02
8.578064493394185752e-02
3.991032170777141785e-01
1.982084342731017523e-01
9.615604759441880034e-02
5.614101900951885132e-02
1.526944063512227778e-01
3.629220643306088623e-01
2.037494889057892000e-01
1.671339051285196664e-01
4.449870041501735041e-01
6.192356371239992052e-01
4.386705650419046587e-01
4.630295971976329805e-01
4.591561660788981980e-01
8.789551543552210910e-01
3.433377305883732467e-01
1.851755018457880153e-01
4.622759389506954641e-01
3.817249008535743005e-01
3.839684985514500992e-01
2.776901188924271735e-01
3.363967982548551894e-01
4.591505970952277083e-01
7.393882693448546872e-01
4.623352827356203565e-01
4.694421801427476892e-01
5.189928978124477288e-01
3.566340219536259792e-01
2.827572200411591075e-01
7.009717973177411743e-01
4.184874927449346860e-01
2.056946076184947014e-01
1.602425856029885687e-01
5.026299308588317860e-01
3.294959796067359892e-01
1.710000174103338821e-01
1.182133813382108684e-01
2.512338477089134936e-01
6.190668906944158945e-01
5.963306137745119084e-01
3.212675299984467103e-01
5.946159224944121968e-01
4.737700988245346911e-01
4.207518636740528728e-01
3.447147113801626861e-01
6.656309560137000370e-01
4.190105013439101023e-01
1.308646329737471747e-01
2.253620337199700174e-01
4.773496875981735887e-01
4.474248708778718608e-01
1.386337743773492504e-01
1.145920982876934419e-01
2.849141783854671761e-01
6.621099702742945237e-01
5.492145460622334108e-01
2.435607415015005328e-01
5.727759038891596655e-01
5.365329087433007293e-01
3.684942655875421136e-01
2.656080718597311763e-01
6.081468840050923141e-01
3.933426090214519055e-01
1.604016665421832410e-01
1.668389352713915419e-01
5.952734119629823351e-01
3.077641287452406171e-01
1.555927014479638326e-01
1.503338341038532033e-01
2.531114839802342531e-01
7.166834925021181579e-01
5.897661469472422757e-01
2.685850368598052818e-01
5.496464206622203585e-01
4.998113459343998533e-01
4.961384297511931551e-01
2.726034633689354836e-01
6.709523919531247271e-01
4.492402371823698837e-01
1.694812741578983761e-01
1.570716339489406366e-01
3.712650010460645245e-01
4.560202884469767293e-01
2.094829037295989349e-01
1.076358870785522198e-01
3.407320500896013904e-01
6.737026075829637417e-01
5.853887499881720302e-01
2.846609913773450740e-01
6.093441403722134053e-01
4.987512859470386584e-01
5.342858079158221418e-01
3.215292590639999282e-01
6.421842527229540964e-01
3.953242924562173077e-01
1.699843218940054745e-01
2.154483987415992119e-01
4.057631801314675601e-01
4.103936006843680318e-01
1.356849307537097427e-01
1.064086400090003548e-01
3.913335054560264092e-01
6.453526732366988705e-01
6.960665509448793475e-01
2.554329362415386218e-01
5.967618594779962038e-01
5.195971258124988390e-01
3.781986480301591236e-01
2.802189237925196696e-01
6.650862019169564432e-01
3.778161675300678035e-01
1.606328589599250733e-01
1.720280092537870842e-01
4.871620968371939697e-01
3.058006723283605011e-01
1.648052624486595064e-01
1.202547094631864349e-01
2.790510842662064506e-01
6.266377794683197777e-01
5.516513826918600927e-01
2.565273638863766470e-01
5.905240161213031191e-01
3.687417517182289273e-01
4.893885254914079330e-01
3.672864986832544698e-01
6.340820221061452822e-01
2.976641773638931676e-01
2.645248890505681461e-01
2.775732022192244353e-01
5.073666033395320962e-01
3.276385521446629756e-01
2.716121760314680333e-01
1.376103452219840928e-01
5.543879677935471539e-01
5.694029388648413903e-01
5.387963035910271481e-01
4.126937801296465813e-01
5.323350939791593461e-01
4.440716845135905810e-01
2.398601150832356532e-01
4.271084130257494227e-01
5.008433213202003742e-01
4.074913316312052669e-01
8.993674520017028162e-02
7.698611054229667627e-02
2.605001228434973282e-01
1.673432924052909165e-01
8.717937818813212281e-02
1.009795232501699835e-01
2.792531080414394351e-01
3.814549216571239687e-01
2.159976161453350529e-01
2.497861691023575970e-01
4.567810234914151390e-01
5.082259311687966630e-01
1.699908207987450293e-01
1.757030482331905508e-01
3.151217994479257323e-01
3.445258838307907467e-01
9.582939516873685559e-02
8.578064493394185752e-02
3.991032170777141230e-01
1.982084342731017523e-01
9.615604759441880034e-02
5.614101900951885826e-02
1.526944063512228333e-01
3.629220643306088068e-01
2.037494889057892278e-01
1.671339051285196664e-01
4.449870041501736151e-01
6.192356371239992052e-01
4.386705650419046587e-01
4.630295971976330360e-01
4.591561660788981980e-01
8.789551543552210910e-01
3.433377305883732467e-01
1.851755018457880153e-01
4.622759389506953531e-01
3.817249008535743005e-01
3.839684985514500437e-01
2.776901188924271735e-01
3.363967982548552449e-01
4.591505970952278193e-01
7.393882693448547982e-01
4.623352827356204120e-01
4.694421801427476892e-01
