1.510708084824139152e-01
4.607930540203211134e-01
5.826683833950901947e-01
1.581420388522603582e-01
4.757218066855491978e-01
4.375948627443551064e-01
3.754896432335317891e-01
5.712624676603447194e-01
5.663344797934504182e-01
4.389924817155514414e-01
4.939438536483586328e-01
7.074515047873755069e-01
2.584595473528543685e-01
3.302622987374284058e-01
3.954895950257467652e-01
1.498739462583420501e-01
3.932814408883108515e-01
3.949760614637714551e-01
6.846296389817763117e-01
3.131393813896678480e-01
4.148757439776240008e-01
1.849032565376549087e-01
8.763603849658120615e-02
5.167242817100096142e-01
1.571349117128678363e-01
6.398431908476448493e-02
1.067653664772687527e-01
3.997966040849293967e-01
4.655732494962500634e-01
3.368625462498170409e-01
4.177543792622910312e-01
4.366452285905748076e-01
4.206498690171941446e-01
3.675067442044253618e-01
4.206791040834068074e-01
3.018309153451267934e-01
4.905281409202538190e-01
1.959918832421211343e-01
6.606173235001716604e-02
4.152472199981432355e-01
2.943857092636326112e-01
1.667148988138555388e-01
1.963254952084902416e-01
3.953754679274421591e-01
5.880715887811233111e-01
4.255961092562602355e-01
3.302508416919360257e-01
5.433031911434991201e-01
3.078659534512507290e-01
6.220843250240550848e-01
5.893102582365009612e-01
2.239531043231952068e-01
6.305582492757281221e-01
2.756374697383260353e-01
1.582677295135052897e-01
5.471417875289419364e-01
4.426177676171578756e-01
4.300594268067106651e-01
3.623465792828305387e-01
5.667247645598678663e-01
2.538947634658235697e-01
4.037628256229587875e-01
5.271240059909408915e-01
1.468721726134229189e-01
1.716120534906229178e-01
5.019766001207719430e-01
7.398425721835046875e-01
1.578731910379697345e-01
5.803155490925324678e-01
5.081647849393160499e-01
4.011271883284384110e-01
6.737033902526956552e-01
7.841940401227045498e-01
4.571458396064843055e-01
5.239933414584774241e-01
2.405260912980135835e-01
2.813690502296479767e-01
3.370906137075707631e-01
5.168476978109476372e-01
5.264915005798840308e-01
6.200853751256545365e-01
4.219289848343531490e-01
1.780592073401745246e-01
1.040314289603327530e-01
1.490902758021530328e-01
7.038329291876059546e-02
5.553715868332377292e-01
4.920293906565487707e-01
3.778592862818583864e-01
3.986884909304022617e-01
4.648238253754096716e-01
1.881021180003441817e-01
2.401048362137385705e-01
6.034196253542478683e-01
2.762660044718331931e-01
6.407736945398179174e-01
5.078071147650624617e-01
4.222634250780680221e-01
4.767116603425954890e-01
4.965132081232291328e-01
2.893265974664602780e-01
5.824374270135490583e-01
5.963534053544147229e-01
3.065079688742335939e-01
4.760508096026545566e-01
3.054611531217646392e-01
1.703488481838724977e-01
6.607270996974293764e-01
5.088954728785086701e-01
2.426953191907372243e-01
2.829099445406376701e-01
5.559300073604174219e-01
4.626241219688221329e-01
5.184303874764737419e-01
4.832063634126133045e-01
3.033833863866428615e-01
1.510708084824139152e-01
4.607930540203211134e-01
5.826683833950901947e-01
1.581420388522603582e-01
4.757218066855491978e-01
4.375948627443551064e-01
3.754896432335317891e-01
5.712624676603447194e-01
5.663344797934504182e-01
4.389924817155514414e-01
4.939438536483586328e-01
7.074515047873755069e-01
2.584595473528543685e-01
3.302622987374284058e-01
3.954895950257467652e-01
1.498739462583420501e-01
3.932814408883108515e-01
3.949760614637714551e-01
6.846296389817763117e-01
3.131393813896678480e-01
4.148757439776240008e-01
1.849032565376549087e-01
8.763603849658120615e-02
5.167242817100096142e-01
1.571349117128678363e-01
6.398431908476448493e-02
1.067653664772687527e-01
3.997966040849293967e-01
4.655732494962500634e-01
3.368625462498170409e-01
4.177543792622910312e-01
4.366452285905748076e-01
4.206498690171941446e-01
3.675067442044253618e-01
4.206791040834068074e-01
3.018309153451267934e-01
4.905281409202538190e-01
1.959918832421211343e-01
6.606173235001716604e-02
4.152472199981432355e-01
2.943857092636326112e-01
1.667148988138555388e-01
1.963254952084902416e-01
3.953754679274421591e-01
5.880715887811233111e-01
4.255961092562602355e-01
3.302508416919360257e-01
5.433031911434991201e-01
3.078659534512507290e-01
6.220843250240550848e-01
5.893102582365009612e-01
2.239531043231952068e-01
6.305582492757281221e-01
2.756374697383260353e-01
1.582677295135052897e-01
5.471417875289419364e-01
4.426177676171578756e-01
4.300594268067106651e-01
3.623465792828305387e-01
5.667247645598678663e-01
2.538947634658235697e-01
4.037628256229587875e-01
5.271240059909408915e-01
1.468721726134229189e-01
2.893192267578921784e-01
5.824374270135490583e-01
5.963534053544147229e-01
3.065079688742335939e-01
4.760508096026545566e-01
3.054611531217646392e-01
1.703488481838724977e-01
6.607259094200441663e-01
5.088808199617678163e-01
2.426953191907372243e-01
2.829099445406376701e-01
5.559300073604174219e-01
4.626241219688221329e-01
5.184303874764737419e-01
4.832063634126133045e-01
3.033833863866428615e-01
3.512298295715270413e-01
4.768696471600901154e-01
7.060640351022846595e-01
3.152526930069056710e-01
4.179102513042453615e-01
2.172862986204774083e-01
3.526356153841145868e-01
5.182038493099598853e-01
6.317630214947232981e-01
3.120570878992186548e-01
3.119156746832105198e-01
4.218242239594350851e-01
4.191331215041797509e-01
4.398125998603376052e-01
3.647480369905419240e-01
3.729859546644637702e-01
3.878874952288542399e-01
4.090586412033952457e-01
4.436208126330434820e-01
3.480610090606051088e-01
4.364327565904601025e-01
2.420552981726364905e-01
3.026245044210038593e-01
5.816376716556086457e-01
5.690989681004352541e-01
2.769133568922023114e-01
3.590211442079158655e-01
3.678306553066140183e-01
4.021719979583828763e-01
5.910489185321962102e-01
4.422397213088846701e-01
3.115204841485290643e-01
3.704416240654879733e-01
4.626346825529989992e-01
4.650959317003382498e-01
4.435265602511939687e-01
4.245218007841063401e-01
2.931673328693495950e-01
3.495024351082987035e-01
2.795203565879456065e-01
6.695462067961691632e-01
4.014666596118639519e-01
3.317306796671252167e-01
4.645751804991201661e-01
4.334146885191683118e-01
5.400894620728329265e-01
3.451659867705820228e-01
3.853034321179237276e-01
3.521065853809483004e-01
5.513456925950244170e-01
4.892894675462545195e-01
4.262842003129129753e-01
4.347105650399693544e-01
2.731144764965081628e-01
4.021130382299202832e-01
3.528151487900119121e-01
5.762219330924880367e-01
3.254847561382019361e-01
3.395809928389932897e-01
4.425853572294735638e-01
4.094105807538913622e-01
5.721666395505733416e-01
3.666750915019062473e-01
3.815036226382851892e-01
3.676244699644516389e-01
3.671396207884765062e-01
5.382468694637186912e-01
4.123459887615094077e-01
3.849057500231534701e-01
2.412585330272472572e-01
3.345465027489613052e-01
4.670021169743606149e-01
5.343259086063331109e-01
3.398457424310948327e-01
3.330993528807720261e-01
3.784149629300149198e-01
3.854509919580030308e-01
5.220370133538536628e-01
3.379366450148572065e-01
3.411841775349455652e-01
1.510708084824139152e-01
4.607930540203210579e-01
5.826683833950903058e-01
1.581420388522603859e-01
4.757218066855493088e-01
4.375948627443551064e-01
3.754896432335318446e-01
5.712624676603448304e-01
5.663344797934504182e-01
4.389924817155514969e-01
4.939438536483585773e-01
7.074515047873753959e-01
2.584595473528543685e-01
3.302622987374284058e-01
3.954895950257468207e-01
1.498739462583420778e-01
3.932814408883108515e-01
3.949760614637713996e-01
6.846296389817763117e-01
3.131393813896678480e-01
4.148757439776240008e-01
1.849032565376549087e-01
8.763603849658120615e-02
5.167242817100095031e-01
1.571349117128678641e-01
6.398431908476448493e-02
1.067653664772687666e-01
3.997966040849293412e-01
4.655732494962499524e-01
3.368625462498169298e-01
4.177543792622910868e-01
4.366452285905748076e-01
4.206498690171942556e-01
3.675067442044253618e-01
4.206791040834068074e-01
3.018309153451268489e-01
4.905281409202538190e-01
1.959918832421211621e-01
6.606173235001716604e-02
4.152472199981432355e-01
2.943857092636325556e-01
1.667148988138555665e-01
1.963254952084902416e-01
3.953754679274422146e-01
5.880715887811232001e-01
4.255961092562602910e-01
3.302508416919360812e-01
5.433031911434991201e-01
3.078659534512507290e-01
6.220843250240549738e-01
5.893102582365010722e-01
2.239531043231952345e-01
6.305582492757281221e-01
2.756374697383260353e-01
1.582677295135052620e-01
5.471417875289417143e-01
4.426177676171579867e-01
4.300594268067106651e-01
3.623465792828305387e-01
5.667247645598678663e-01
2.538947634658235697e-01
4.037628256229588430e-01
5.271240059909408915e-01
1.468721726134229189e-01
