1.960143320600662431e-01
5.681117054846487324e-01
7.406696278659770094e-01
2.979404665055777057e-01
3.567425647400804256e-01
2.693374176473102843e-01
2.896909471909072109e-01
7.165257047376538679e-01
5.202889926199649739e-01
2.764801232096971706e-01
3.226127840517269973e-01
5.686506789272545159e-01
2.229202086721865650e-01
4.177638142643476105e-01
6.343321739941182313e-01
2.585157283533696115e-01
4.547070983389874810e-01
2.488170332996454404e-01
3.963563114168036083e-01
2.107390205137824046e-01
2.339977691379566682e-01
7.892372636994873791e-02
6.630373347339714452e-02
4.250347911602619932e-01
1.578067635429693527e-01
6.349524722288189815e-02
7.857133162365796675e-02
5.279440490299924793e-01
5.723961921484912452e-01
4.107882336923924238e-01
4.511041216272612675e-01
4.414181944188963480e-01
6.254293389087267618e-01
3.533383505398366431e-01
3.361584310103070683e-01
3.468590460448225943e-01
2.531720573030452615e-01
6.916600739175099433e-02
8.352298870687745180e-02
6.614809759576965043e-01
2.826873211788213380e-01
1.270072772425500929e-01
7.329941125973604699e-02
4.814714063176041003e-01
4.663034222285685204e-01
3.617876686885043713e-01
4.084205507796819234e-01
5.007922961024289243e-01
4.639777945824654082e-01
3.863498648613142850e-01
2.294312259704513746e-01
3.870900087039218507e-01
7.168245814475939781e-01
3.358395338912289474e-01
2.834225586629615656e-01
5.207264703316580867e-01
6.102903933899566091e-01
5.100994692756836146e-01
5.539481430376352877e-01
3.776036144526241367e-01
2.888783043715933974e-01
5.524288868684243958e-01
4.810289059715174287e-01
1.199511251466050810e-01
1.817505246036258404e-01
5.440724880948011322e-01
8.562833683176154231e-01
2.843965817192786183e-01
3.739795502803118232e-01
4.577226561522093617e-01
4.135248773305802983e-01
6.679345557062574823e-01
7.300655809302440957e-01
5.003889744019400787e-01
3.801248013474203269e-01
3.082414309109020589e-01
3.472149670209261352e-01
3.823867196270852586e-01
5.314664100627217724e-01
4.668932253748252492e-01
4.852160285696700548e-01
4.406790847702406477e-01
6.194182584222612808e-02
7.681603001941468556e-02
2.072924767829762982e-01
7.909606631057794490e-02
4.202852274984753000e-01
4.792153358685420916e-01
6.086974095893951109e-01
3.572378979416581113e-01
3.684828196773545228e-01
9.208018724156158408e-02
2.678261312009687090e-01
4.273454025913378529e-01
3.633052915379935133e-01
8.564190356244449909e-01
5.435333243044695450e-01
3.560107758431011460e-01
4.392242684782378115e-01
5.743749173372048045e-01
4.126235425499054088e-01
4.573824373929035736e-01
4.233653182406718063e-01
4.291759539177640304e-01
2.903786550048694792e-01
1.901369748027025575e-01
1.836613400642926608e-01
7.505750637354361432e-01
5.732577919558468071e-01
2.023172203174362083e-01
2.423287921615840945e-01
5.045805644071548191e-01
4.589919479159542681e-01
6.185623721142953224e-01
5.830398802185952079e-01
3.231849143030491867e-01
1.960143320600662431e-01
5.681117054846487324e-01
7.406696278659770094e-01
2.979404665055777057e-01
3.567425647400804256e-01
2.693374176473102843e-01
2.896909471909072109e-01
7.165257047376538679e-01
5.202889926199649739e-01
2.764801232096971706e-01
3.226127840517269973e-01
5.686506789272545159e-01
2.229202086721865650e-01
4.177638142643476105e-01
6.343321739941182313e-01
2.585157283533696115e-01
4.547070983389874810e-01
2.488170332996454404e-01
3.963563114168036083e-01
2.107390205137824046e-01
2.339977691379566682e-01
7.892372636994873791e-02
6.630373347339714452e-02
4.250347911602619932e-01
1.578067635429693527e-01
6.349524722288189815e-02
7.857133162365796675e-02
5.279440490299924793e-01
5.723961921484912452e-01
4.107882336923924238e-01
4.511041216272612675e-01
4.414181944188963480e-01
6.254293389087267618e-01
3.533383505398366431e-01
3.361584310103070683e-01
3.468590460448225943e-01
2.531720573030452615e-01
6.916600739175099433e-02
8.352298870687745180e-02
6.614809759576965043e-01
2.826873211788213380e-01
1.270072772425500929e-01
7.329941125973604699e-02
4.814714063176041003e-01
4.663034222285685204e-01
3.617876686885043713e-01
4.084205507796819234e-01
5.007922961024289243e-01
4.639777945824654082e-01
3.863498648613142850e-01
2.294312259704513746e-01
3.870900087039218507e-01
7.168245814475939781e-01
3.358395338912289474e-01
2.834225586629615656e-01
5.207264703316580867e-01
6.102903933899566091e-01
5.100994692756836146e-01
5.539481430376352877e-01
3.776036144526241367e-01
2.888783043715933974e-01
5.524288868684243958e-01
4.810289059715174287e-01
1.199511251466050810e-01
4.126130308032940341e-01
4.573824373929035736e-01
4.233653182406718063e-01
4.291759539177640304e-01
2.903786550048694792e-01
1.901369748027025575e-01
1.836613400642926608e-01
7.505741886733234836e-01
5.732450593954672158e-01
2.023172203174362083e-01
2.423287921615840945e-01
5.045805644071548191e-01
4.589919479159542681e-01
6.185623721142953224e-01
5.830398802185952079e-01
3.231849143030491867e-01
3.279794683614336015e-01
4.137446344887518168e-01
7.704353657917755172e-01
4.266090484123123416e-01
4.067645074683253203e-01
1.670878192409666063e-01
2.701317081589428293e-01
4.881795218919443013e-01
5.660159052839072169e-01
2.227970095830256736e-01
2.681472449243677003e-01
5.602333981749452185e-01
5.626186427632428044e-01
4.819504824497551354e-01
3.901376754665867308e-01
3.619589761117517623e-01
3.769016896661859795e-01
4.646485200591743969e-01
4.430828153409873127e-01
4.071241755641683557e-01
4.340304851162832822e-01
1.424618012220310037e-01
2.584611005230161851e-01
6.250470852600404914e-01
5.594243416732644913e-01
2.413022234232660157e-01
3.367822717120587672e-01
3.451234822073186437e-01
5.125813872028293083e-01
5.393394530157454847e-01
4.177636284232272290e-01
3.965446319666737773e-01
3.968900807196234504e-01
4.355269014615402723e-01
3.746828693824028056e-01
5.467640354495569843e-01
3.899823113224311633e-01
2.217377945152888552e-01
2.629210895937771353e-01
3.099012488995082082e-01
7.385346185297584354e-01
3.674017429779912747e-01
2.639042688109807244e-01
4.315714122993655755e-01
4.679342793551138913e-01
4.492725278471663697e-01
5.357130034001567065e-01
4.390887913608377824e-01
4.034833707319583906e-01
4.679022315618522332e-01
5.167346134794612578e-01
4.721652262503648889e-01
4.303491790978724585e-01
2.040855561777308591e-01
3.290919011189447074e-01
3.091425013842362124e-01
4.776869338706049017e-01
2.710212061874635037e-01
2.627135219044338110e-01
6.271027611134780688e-01
4.764918848250184746e-01
5.980531005168128189e-01
4.470549040864019164e-01
4.184072820624341604e-01
4.065138046481571177e-01
3.955922868297223616e-01
4.529166666367708816e-01
4.708208212814385396e-01
3.291082502338564253e-01
1.417481588252762215e-01
4.019738792074644684e-01
3.871512045191888851e-01
4.855729237732965275e-01
3.242107521581293339e-01
2.796537904090844462e-01
4.069419118888841225e-01
4.735008250398868856e-01
4.756491656164271720e-01
2.598529035790236863e-01
4.702157593076723430e-01
1.960143320600662153e-01
5.681117054846487324e-01
7.406696278659771204e-01
2.979404665055777612e-01
3.567425647400804811e-01
2.693374176473102843e-01
2.896909471909072664e-01
7.165257047376539790e-01
5.202889926199648629e-01
2.764801232096971706e-01
3.226127840517269973e-01
5.686506789272545159e-01
2.229202086721865650e-01
4.177638142643477215e-01
6.343321739941181203e-01
2.585157283533696115e-01
4.547070983389875920e-01
2.488170332996454681e-01
3.963563114168036638e-01
2.107390205137824046e-01
2.339977691379566682e-01
7.892372636994873791e-02
6.630373347339713064e-02
4.250347911602619377e-01
1.578067635429693527e-01
6.349524722288188427e-02
7.857133162365796675e-02
5.279440490299923683e-01
5.723961921484911342e-01
4.107882336923923128e-01
4.511041216272613230e-01
4.414181944188963480e-01
6.254293389087266508e-01
3.533383505398366431e-01
3.361584310103071238e-01
3.468590460448225388e-01
2.531720573030452615e-01
6.916600739175099433e-02
8.352298870687745180e-02
6.614809759576963932e-01
2.826873211788213380e-01
1.270072772425500929e-01
7.329941125973606086e-02
4.814714063176042114e-01
4.663034222285684094e-01
3.617876686885043158e-01
4.084205507796819234e-01
5.007922961024289243e-01
4.639777945824654082e-01
3.863498648613142850e-01
2.294312259704513746e-01
3.870900087039219062e-01
7.168245814475938671e-01
3.358395338912288919e-01
2.834225586629615656e-01
5.207264703316578647e-01
6.102903933899567201e-01
5.100994692756837257e-01
5.539481430376352877e-01
3.776036144526241367e-01
2.888783043715934529e-01
5.524288868684245069e-01
4.810289059715174842e-01
1.199511251466050810e-01
