1.500758070287123158e-01
2.528216603428495857e-01
6.094991966887896018e-01
2.348128712118730810e-01
2.269203248627990610e-01
1.323844893420182134e-01
2.631667490082506000e-01
3.424830023268947143e-01
6.696384429788053705e-01
5.073194805025587062e-01
1.000000000000000000e+00
5.377673178355120154e-01
4.336994869771507166e-01
1.698449128787977436e-01
5.603188170964998882e-01
2.528785504800932227e-01
2.940398714707986305e-01
1.594337803763453132e-01
5.491818775008052711e-01
2.553663888058465559e-01
2.603430159836852553e-01
1.863433010255271804e-01
5.384864572339685684e-02
3.646527431027853372e-01
1.780165401056226504e-01
3.645678910814744572e-02
1.343446013767312097e-01
2.198394562311063449e-01
4.938902356758860801e-01
3.206708618543410161e-01
2.990171420808053204e-01
3.189002509538509944e-01
4.704893482649395997e-01
2.557266218776287903e-01
8.756485916567998684e-01
4.288438977630574245e-01
5.156809087062587116e-01
1.477498256032666046e-01
9.801484926358487726e-02
7.033927585288808348e-01
7.417855864334973459e-01
3.057854860256042917e-01
5.117300017687680391e-01
4.001824320282273417e-01
3.346118100846259269e-01
1.584856773712310651e-01
3.237504434243528295e-01
5.564192932534326452e-01
3.287273575639264034e-01
3.323548429385440039e-01
6.495581953706123235e-01
3.775213032268968649e-01
4.052777538096371535e-01
2.758885885317125530e-01
1.530247577302391304e-01
2.792551611972857173e-01
5.136517812369763014e-01
4.693081992526173529e-01
4.863740975588631832e-01
3.799010973307719863e-01
2.716645358645441988e-01
3.568558916877586085e-01
5.998527382335661073e-01
1.483231367526896272e-01
1.718829806710161223e-01
3.789509513704509280e-01
6.568700626528645170e-01
2.512669133329510918e-01
2.878125471112059630e-01
3.190375394400237763e-01
2.525198881488955327e-01
4.437701287722661259e-01
6.654527441088343709e-01
6.705740617313789009e-01
7.184326980756654546e-01
4.045029398668036902e-01
2.878918500539187075e-01
3.758234786829579566e-01
4.923313333241083889e-01
2.997110957451667446e-01
4.552429746228016105e-01
4.051009483195185945e-01
3.362010835999765801e-01
9.584453782466956229e-02
1.582885650258340493e-01
7.118940816597234267e-02
6.048726837607124596e-01
7.929655584356848363e-01
3.783422585914867353e-01
1.953270147706293036e-01
5.057663363175246563e-01
2.355973276564500285e-01
5.072897901344076699e-01
3.322653680711118440e-01
2.953826685554122866e-01
5.722737519351319690e-01
5.198189974591556073e-01
2.799167631776653398e-01
6.770746962418991988e-01
4.647228646945757435e-01
2.797500990971043544e-01
2.086872066884001842e-01
7.859703057354532341e-01
4.357403319412337939e-01
2.418360591151226258e-01
2.137717711812396615e-01
1.440089664802308711e-01
5.404941321186996772e-01
8.074166444215589156e-01
3.125480751734203699e-01
5.663185327465108942e-01
3.488022492590407420e-01
4.822211186348139278e-01
3.458635147989093106e-01
5.034496083402011379e-01
3.152184331932980643e-01
1.500758070287123158e-01
2.528216603428495857e-01
6.094991966887896018e-01
2.348128712118730810e-01
2.269203248627990610e-01
1.323844893420182134e-01
2.631667490082506000e-01
3.424830023268947143e-01
6.696384429788053705e-01
5.073194805025587062e-01
1.000000000000000000e+00
5.377673178355120154e-01
4.336994869771507166e-01
1.698449128787977436e-01
5.603188170964998882e-01
2.528785504800932227e-01
2.940398714707986305e-01
1.594337803763453132e-01
5.491818775008052711e-01
2.553663888058465559e-01
2.603430159836852553e-01
1.863433010255271804e-01
5.384864572339685684e-02
3.646527431027853372e-01
1.780165401056226504e-01
3.645678910814744572e-02
1.343446013767312097e-01
2.198394562311063449e-01
4.938902356758860801e-01
3.206708618543410161e-01
2.990171420808053204e-01
3.189002509538509944e-01
4.704893482649395997e-01
2.557266218776287903e-01
8.756485916567998684e-01
4.288438977630574245e-01
5.156809087062587116e-01
1.477498256032666046e-01
9.801484926358487726e-02
7.033927585288808348e-01
7.417855864334973459e-01
3.057854860256042917e-01
5.117300017687680391e-01
4.001824320282273417e-01
3.346118100846259269e-01
1.584856773712310651e-01
3.237504434243528295e-01
5.564192932534326452e-01
3.287273575639264034e-01
3.323548429385440039e-01
6.495581953706123235e-01
3.775213032268968649e-01
4.052777538096371535e-01
2.758885885317125530e-01
1.530247577302391304e-01
2.792551611972857173e-01
5.136517812369763014e-01
4.693081992526173529e-01
4.863740975588631832e-01
3.799010973307719863e-01
2.716645358645441988e-01
3.568558916877586085e-01
5.998527382335661073e-01
1.483231367526896272e-01
2.797429723535888035e-01
2.086872066884001842e-01
7.859703057354532341e-01
4.357403319412337939e-01
2.418360591151226258e-01
2.137717711812396615e-01
1.440089664802308711e-01
5.404925200257726381e-01
8.074108983782646298e-01
3.125480751734203699e-01
5.663185327465108942e-01
3.488022492590407420e-01
4.822211186348139278e-01
3.458635147989093106e-01
5.034496083402011379e-01
3.152184331932980643e-01
3.688197073180412011e-01
2.359481346043488803e-01
1.000000000000000000e+00
3.260136094487453562e-01
2.957462128452945094e-01
1.441949546968046558e-01
2.728941382069602906e-01
3.332578222131760692e-01
7.766730309325035053e-01
2.569048565133948969e-01
6.238928968681628495e-01
6.051492306837026325e-01
4.132640785218673618e-01
3.142639914031664095e-01
5.012352765852444714e-01
3.218323605689598077e-01
3.932335443653940388e-01
3.139245875384629181e-01
6.743496762859402249e-01
3.000959910327805069e-01
2.460088766337030775e-01
1.173005202704488353e-01
3.336938556950531654e-01
3.576109883487343932e-01
8.024309652318515340e-01
2.554893084161697914e-01
5.700603164038423598e-01
5.111219106231821296e-01
4.241981499638042274e-01
3.392499304234991575e-01
4.794916320058968395e-01
3.079970904513431584e-01
3.334048685595797923e-01
3.385761277916073952e-01
6.630322243637021273e-01
4.853303781376011594e-01
2.854857034373700642e-01
1.641705656923850565e-01
3.009766393638655391e-01
1.512636587444603498e-01
9.679011996003371587e-01
3.927422691873216909e-01
5.395363726363198165e-01
6.148776718282309428e-01
4.481647099758813146e-01
2.511221344985866133e-01
6.102394851856329794e-01
2.972337960384091593e-01
3.630953409317163039e-01
2.974284465931593124e-01
7.987378590172999893e-01
4.218235364076829419e-01
2.847524164224313759e-01
1.646854334988933077e-01
3.221450311028738467e-01
2.176669222960000982e-01
7.647863602821787232e-01
3.167973097666200166e-01
5.323370040297094041e-01
6.681675104460794712e-01
4.160065603922306066e-01
3.890952845665745508e-01
5.733211016194406096e-01
2.914379309128468098e-01
3.642134635375969820e-01
2.261076390221883337e-01
8.124378429517234990e-01
3.928631111399533138e-01
2.913816566109583284e-01
1.212012517853128246e-01
2.979011368372944113e-01
3.106300961616664247e-01
8.053281720296584512e-01
3.309410086855536504e-01
5.471828673167818957e-01
5.192498917101919798e-01
3.503964224281325146e-01
3.003920241653161294e-01
5.038738266037378066e-01
3.185124719607511645e-01
1.500758070287122881e-01
2.528216603428496412e-01
6.094991966887897128e-01
2.348128712118730810e-01
2.269203248627990332e-01
1.323844893420182134e-01
2.631667490082506555e-01
3.424830023268947143e-01
6.696384429788052595e-01
5.073194805025587062e-01
1.000000000000000000e+00
5.377673178355120154e-01
4.336994869771507166e-01
1.698449128787977991e-01
5.603188170964998882e-01
2.528785504800932227e-01
2.940398714707986860e-01
1.594337803763452854e-01
5.491818775008052711e-01
2.553663888058465559e-01
2.603430159836852553e-01
1.863433010255271804e-01
5.384864572339684990e-02
3.646527431027852817e-01
1.780165401056226782e-01
3.645678910814743878e-02
1.343446013767312375e-01
2.198394562311063172e-01
4.938902356758859691e-01
3.206708618543409051e-01
2.990171420808053759e-01
3.189002509538509389e-01
4.704893482649395997e-01
2.557266218776287348e-01
8.756485916567999794e-01
4.288438977630573135e-01
5.156809087062588226e-01
1.477498256032666324e-01
9.801484926358487726e-02
7.033927585288807238e-01
7.417855864334973459e-01
3.057854860256042917e-01
5.117300017687680391e-01
4.001824320282274527e-01
3.346118100846258714e-01
1.584856773712310651e-01
3.237504434243528295e-01
5.564192932534326452e-01
3.287273575639264589e-01
3.323548429385439484e-01
6.495581953706124345e-01
3.775213032268968649e-01
4.052777538096371535e-01
2.758885885317125530e-01
1.530247577302391304e-01
2.792551611972856618e-01
5.136517812369764124e-01
4.693081992526174084e-01
4.863740975588631832e-01
3.799010973307719863e-01
2.716645358645441988e-01
3.568558916877586640e-01
5.998527382335662184e-01
1.483231367526896272e-01
