4.482679177175957208e-01
5.003759609629283567e-01
6.078395200646330432e-01
5.058221304204798541e-01
4.202100793014014180e-01
3.115262443381870416e-01
3.677902772416892230e-01
5.304203966228472344e-01
5.369001342928101383e-01
1.777566084482681830e-01
3.635662316257368687e-01
6.215356606484282453e-01
4.590681679714571084e-01
3.682220201390923320e-01
5.763711933427083656e-01
4.215414707557484375e-01
4.834018020809577321e-01
2.522811419435355695e-01
3.425241038947099970e-01
2.689585575204436196e-01
3.010614710483354162e-01
1.449345335963351800e-01
9.002908669864714830e-02
2.588914901464008933e-01
2.647256310081120834e-01
8.830363487246635501e-02
1.613151059680960064e-01
2.613374635998405582e-01
5.241576439194199910e-01
1.598624788665479468e-01
1.265934804216499177e-01
2.627101738206447656e-01
6.921811991334239078e-01
4.098951501579051748e-01
3.368332615711939204e-01
3.898578526016681089e-01
3.048750320448832540e-01
6.957838855498525710e-02
1.147067156016113865e-01
2.697198700228867763e-01
4.276109936133134504e-01
1.206125707539101866e-01
2.141781896372994820e-01
3.483792868574262513e-01
4.271703470917548873e-01
2.840793219944546255e-01
2.763122556994659362e-01
4.024496498934514443e-01
4.874353048746786765e-01
4.663777047249650365e-01
4.665670322068941611e-01
4.557429333374619085e-01
5.440808533901475563e-01
2.505131247694947216e-01
2.343006828823186449e-01
2.244006842824468606e-01
4.833587988148503323e-01
2.759512417109777349e-01
4.102038942088330753e-01
3.362599539732248899e-01
3.600171568795931254e-01
3.856142664721068369e-01
5.176168909015429476e-01
2.420299058530060998e-01
3.969394825153095274e-01
4.425983903083665072e-01
6.069934260643439217e-01
4.733531433221349616e-01
3.893162017493064786e-01
3.984528433925116908e-01
3.311514734315161301e-01
5.984149089975243641e-01
5.250467697017656699e-01
2.065431271087379006e-01
3.120100406523787506e-01
4.573399994340761054e-01
3.515204156627351750e-01
3.907335035588450634e-01
5.682130921281011160e-01
3.397607270564997339e-01
2.103337703371288558e-01
3.735223226769408544e-01
1.663303618164527486e-01
1.319250824712034642e-01
2.440968833280110495e-01
1.092534164497517141e-01
5.221883187121389991e-01
3.272070636057953785e-01
5.396346993917527923e-01
3.487408708024421489e-01
2.499296511054651948e-01
8.883714239965437298e-02
3.051401671491576484e-01
4.446745719856547985e-01
4.140445222111207579e-01
6.275750407100697537e-01
7.168793546853600152e-01
2.803153913576174050e-01
4.045572011048190753e-01
5.214028212280577002e-01
5.714203718296898549e-01
4.851757413125197815e-01
4.219901752170307496e-01
5.911627997286081904e-01
3.124634260540058994e-01
2.030634050535552737e-01
2.069116849102327904e-01
3.605675682552559325e-01
6.523203700140252081e-01
1.317630714502377454e-01
2.922627124189813852e-01
3.492990210921840810e-01
5.723406247442097694e-01
3.967546355691394799e-01
3.825982581078072875e-01
3.832225834915126694e-01
4.482679177175957208e-01
5.003759609629283567e-01
6.078395200646330432e-01
5.058221304204798541e-01
4.202100793014014180e-01
3.115262443381870416e-01
3.677902772416892230e-01
5.304203966228472344e-01
5.369001342928101383e-01
1.777566084482681830e-01
3.635662316257368687e-01
6.215356606484282453e-01
4.590681679714571084e-01
3.682220201390923320e-01
5.763711933427083656e-01
4.215414707557484375e-01
4.834018020809577321e-01
2.522811419435355695e-01
3.425241038947099970e-01
2.689585575204436196e-01
3.010614710483354162e-01
1.449345335963351800e-01
9.002908669864714830e-02
2.588914901464008933e-01
2.647256310081120834e-01
8.830363487246635501e-02
1.613151059680960064e-01
2.613374635998405582e-01
5.241576439194199910e-01
1.598624788665479468e-01
1.265934804216499177e-01
2.627101738206447656e-01
6.921811991334239078e-01
4.098951501579051748e-01
3.368332615711939204e-01
3.898578526016681089e-01
3.048750320448832540e-01
6.957838855498525710e-02
1.147067156016113865e-01
2.697198700228867763e-01
4.276109936133134504e-01
1.206125707539101866e-01
2.141781896372994820e-01
3.483792868574262513e-01
4.271703470917548873e-01
2.840793219944546255e-01
2.763122556994659362e-01
4.024496498934514443e-01
4.874353048746786765e-01
4.663777047249650365e-01
4.665670322068941611e-01
4.557429333374619085e-01
5.440808533901475563e-01
2.505131247694947216e-01
2.343006828823186449e-01
2.244006842824468606e-01
4.833587988148503323e-01
2.759512417109777349e-01
4.102038942088330753e-01
3.362599539732248899e-01
3.600171568795931254e-01
3.856142664721068369e-01
5.176168909015429476e-01
2.420299058530060998e-01
5.714058146715593756e-01
4.851757413125197815e-01
4.219901752170307496e-01
5.911627997286081904e-01
3.124634260540058994e-01
2.030634050535552737e-01
2.069116849102327904e-01
3.605653249226401513e-01
6.523099964165743891e-01
1.317630714502377454e-01
2.922627124189813852e-01
3.492990210921840810e-01
5.723406247442097694e-01
3.967546355691394799e-01
3.825982581078072875e-01
3.832225834915126694e-01
5.585374060593072398e-01
3.414742553317803853e-01
7.302908420593019478e-01
5.736352185083101185e-01
5.307416118403029959e-01
1.374501375729737240e-01
1.950100231072989521e-01
2.886651663323936412e-01
6.831724434402534074e-01
2.166341816496684114e-01
2.933163687254378704e-01
3.327444267423470547e-01
5.318661286548800327e-01
2.891138808429357665e-01
3.897048637834880092e-01
3.821091258985897521e-01
5.977741598205723594e-01
3.914587123840336802e-01
5.549533999577980214e-01
5.135864672650007901e-01
4.225111809679074071e-01
1.093835951473888651e-01
2.043218239748928466e-01
4.291646204574155465e-01
7.460736505522929107e-01
1.825152604868147677e-01
2.936061434424360739e-01
2.613768507309150446e-01
5.634699969388947682e-01
4.246129250843705405e-01
3.451636078139945774e-01
3.318847740220475795e-01
5.727174205634701920e-01
5.078097110403867465e-01
5.905715195927163652e-01
5.739871414070494282e-01
3.820944490781777447e-01
1.648671560123542990e-01
2.181236406935287975e-01
1.872459511872962556e-01
7.973740590675250095e-01
2.567438547710526042e-01
2.418907153548903177e-01
4.564313780578416191e-01
6.109926807594596720e-01
2.983351497691937859e-01
3.618034055188714126e-01
3.743473216571654993e-01
5.836921694398387039e-01
4.579974013313254377e-01
7.053199801021940996e-01
5.363923644789809764e-01
4.050278522691263539e-01
1.636753821404140496e-01
2.248404933762618296e-01
2.332951612068216440e-01
6.685547222573222648e-01
2.138781220806283134e-01
2.394199344560300480e-01
4.740030472039989951e-01
5.546394083054779767e-01
4.177629746909440889e-01
3.394342427262675432e-01
3.785634113153568681e-01
6.002103505635471015e-01
3.859494309893832797e-01
6.803187936922311385e-01
5.215128088024669761e-01
3.881102665844428645e-01
1.178085231408803335e-01
2.083747983649040791e-01
3.639822568961227911e-01
6.435127698673069885e-01
2.033247424229898681e-01
2.773625544539995436e-01
3.567141794953269662e-01
5.205406904494390696e-01
3.783295892741920796e-01
2.697114913263564118e-01
3.661046531807170545e-01
4.482679177175956098e-01
5.003759609629282457e-01
6.078395200646331542e-01
5.058221304204798541e-01
4.202100793014014180e-01
3.115262443381870416e-01
3.677902772416893340e-01
5.304203966228473455e-01
5.369001342928102494e-01
1.777566084482681552e-01
3.635662316257368687e-01
6.215356606484281343e-01
4.590681679714571084e-01
3.682220201390923320e-01
5.763711933427084766e-01
4.215414707557484375e-01
4.834018020809577321e-01
2.522811419435356250e-01
3.425241038947099970e-01
2.689585575204436751e-01
3.010614710483354162e-01
1.449345335963352077e-01
9.002908669864714830e-02
2.588914901464008933e-01
2.647256310081120834e-01
8.830363487246635501e-02
1.613151059680960064e-01
2.613374635998405582e-01
5.241576439194199910e-01
1.598624788665478635e-01
1.265934804216499454e-01
2.627101738206447656e-01
6.921811991334239078e-01
4.098951501579051193e-01
3.368332615711938649e-01
3.898578526016680534e-01
3.048750320448833095e-01
6.957838855498527098e-02
1.147067156016113726e-01
2.697198700228867763e-01
4.276109936133134504e-01
1.206125707539101866e-01
2.141781896372994543e-01
3.483792868574263069e-01
4.271703470917547762e-01
2.840793219944546255e-01
2.763122556994659362e-01
4.024496498934514999e-01
4.874353048746786765e-01
4.663777047249650365e-01
4.665670322068942166e-01
4.557429333374619085e-01
5.440808533901475563e-01
2.505131247694947216e-01
2.343006828823186172e-01
2.244006842824468606e-01
4.833587988148503323e-01
2.759512417109777349e-01
4.102038942088330753e-01
3.362599539732248899e-01
3.600171568795931254e-01
3.856142664721068369e-01
5.176168909015430586e-01
2.420299058530060998e-01
