1.940364511074870735e-01
4.146627714533026587e-01
3.927231206699968724e-01
3.925558452176252100e-01
2.484529111588838490e-01
4.964250395489260281e-01
2.397311385100895365e-01
6.439938009032917243e-01
3.085800885642233649e-01
2.833894455595478701e-01
1.655700874986002491e-01
6.512137790576744134e-01
4.443524078171262603e-01
4.377489551479131213e-01
2.617824066416279960e-01
3.146337865744092688e-01
3.357015807388177842e-01
3.680714199652377894e-01
3.148611443372484331e-01
4.304398879289937363e-01
5.069289014976287033e-01
2.163311150736898780e-01
9.108241138782206814e-02
4.640566581447930217e-01
1.589489826463736932e-01
1.074968408921167795e-01
7.919147936358247875e-02
3.641604487829945835e-01
4.613997757930457522e-01
3.888025900961588621e-01
3.084992758812909464e-01
6.384454756404022158e-01
2.814449357809684082e-01
2.828117607413824786e-01
2.104126619970826950e-01
2.369252758030186978e-01
2.450613010577127882e-01
1.067276676979790617e-01
1.023697513267765868e-01
4.810801819224234666e-01
1.034847790255076089e-01
9.123989965465734153e-02
1.026967183876723866e-01
2.764475613190605641e-01
4.233558845681225091e-01
4.490832822012910119e-01
3.080980127714242345e-01
5.969693900267851738e-01
5.649401506755585833e-01
4.808164182589653168e-01
6.196374367173740350e-01
3.043533576131144391e-01
7.044399823349617451e-01
4.331710236592826724e-01
2.203810536174818646e-01
6.676820245430441503e-01
3.451050016857313829e-01
3.790406585819414143e-01
3.013922045679571782e-01
6.379762872480211344e-01
4.043031376733097204e-01
6.236002637840074581e-01
6.377591362972651057e-01
3.136329818599395414e-01
2.928411533980865844e-01
5.050613392444449623e-01
7.797226514135360276e-01
3.604028236634764237e-01
4.742481655611128222e-01
4.685116016562562158e-01
3.077286712763339649e-01
6.789762764147548868e-01
6.782467006325912928e-01
3.980638204199072328e-01
3.153319682543469504e-01
3.715930448078727522e-01
2.892622943265980018e-01
3.464913943453324929e-01
5.378515344563159495e-01
4.794585202750771824e-01
3.323084586947988028e-01
4.426579354948965150e-01
1.475629306511345162e-01
9.289706309779036109e-02
1.787995432166145926e-01
1.138104356929321714e-01
5.695653259744893893e-01
3.799634757566238141e-01
4.360526597002275517e-01
3.628062329309243439e-01
2.790424683063101874e-01
9.461782824731010400e-02
2.169723962472767109e-01
4.495132260018395720e-01
4.726440419219624101e-01
5.911006758130039618e-01
4.790842990324801209e-01
4.207616580906461401e-01
2.856818270075323074e-01
7.073755216287604952e-01
3.395817437882531209e-01
4.565498694193866336e-01
3.160246968918326571e-01
4.688200639280930004e-01
3.510230878108531183e-01
3.295557723710801357e-01
1.734085966867364992e-01
7.358332154054285645e-01
2.530370066175169907e-01
1.810166147881113741e-01
1.399385723117322344e-01
5.072679523377874311e-01
5.737695599834707894e-01
6.758585766717379872e-01
4.289192046875549003e-01
5.074411920661103803e-01
1.940364511074870735e-01
4.146627714533026587e-01
3.927231206699968724e-01
3.925558452176252100e-01
2.484529111588838490e-01
4.964250395489260281e-01
2.397311385100895365e-01
6.439938009032917243e-01
3.085800885642233649e-01
2.833894455595478701e-01
1.655700874986002491e-01
6.512137790576744134e-01
4.443524078171262603e-01
4.377489551479131213e-01
2.617824066416279960e-01
3.146337865744092688e-01
3.357015807388177842e-01
3.680714199652377894e-01
3.148611443372484331e-01
4.304398879289937363e-01
5.069289014976287033e-01
2.163311150736898780e-01
9.108241138782206814e-02
4.640566581447930217e-01
1.589489826463736932e-01
1.074968408921167795e-01
7.919147936358247875e-02
3.641604487829945835e-01
4.613997757930457522e-01
3.888025900961588621e-01
3.084992758812909464e-01
6.384454756404022158e-01
2.814449357809684082e-01
2.828117607413824786e-01
2.104126619970826950e-01
2.369252758030186978e-01
2.450613010577127882e-01
1.067276676979790617e-01
1.023697513267765868e-01
4.810801819224234666e-01
1.034847790255076089e-01
9.123989965465734153e-02
1.026967183876723866e-01
2.764475613190605641e-01
4.233558845681225091e-01
4.490832822012910119e-01
3.080980127714242345e-01
5.969693900267851738e-01
5.649401506755585833e-01
4.808164182589653168e-01
6.196374367173740350e-01
3.043533576131144391e-01
7.044399823349617451e-01
4.331710236592826724e-01
2.203810536174818646e-01
6.676820245430441503e-01
3.451050016857313829e-01
3.790406585819414143e-01
3.013922045679571782e-01
6.379762872480211344e-01
4.043031376733097204e-01
6.236002637840074581e-01
6.377591362972651057e-01
3.136329818599395414e-01
3.395730928101182156e-01
4.565498694193866336e-01
3.160246968918326571e-01
4.688200639280930004e-01
3.510230878108531183e-01
3.295557723710801357e-01
1.734085966867364992e-01
7.358322886242170124e-01
2.530147197397830117e-01
1.810166147881113741e-01
1.399385723117322344e-01
5.072679523377874311e-01
5.737695599834707894e-01
6.758585766717379872e-01
4.289192046875549003e-01
5.074411920661103803e-01
3.227252628870491136e-01
4.525431170833237871e-01
2.850476562137625458e-01
4.980962644243112636e-01
4.297851743501164834e-01
2.505574910204799721e-01
2.160823165776894761e-01
6.305580363284104539e-01
2.561164730379547061e-01
2.271400584839224912e-01
2.061179342119198732e-01
3.889223708724942608e-01
5.698561372993995455e-01
5.448091738623328517e-01
4.462944821272912810e-01
5.448394073826861028e-01
3.425137271860294597e-01
3.901576803470181987e-01
2.450685923631500951e-01
4.577120209086877889e-01
4.556337663887209954e-01
2.354726861995427023e-01
2.014422820675018100e-01
7.675222088602684511e-01
2.792651906523444527e-01
2.115558079395336022e-01
1.658937815292663986e-01
4.004465705780611562e-01
5.259787862779123913e-01
7.867842851842169472e-01
4.994402759689757776e-01
5.105513901512171993e-01
3.411249593521177292e-01
4.765416224574164916e-01
1.963393619245193955e-01
5.356340427655432723e-01
4.421636739046724274e-01
2.633590626107631394e-01
2.340371519902492148e-01
4.882727128831788610e-01
3.803735364376579220e-01
3.175092390803631592e-01
1.756391185088421181e-01
3.973608397079022581e-01
5.332927407587197965e-01
7.245235392020912268e-01
3.474692437957276892e-01
6.129450118339120346e-01
3.251151401592092260e-01
5.148486795896511925e-01
2.769312806913028502e-01
5.209207402008739773e-01
4.217704706435658202e-01
2.455948908669806641e-01
2.772834840439404314e-01
5.660932410519745606e-01
2.835924854073673673e-01
2.902254596297463296e-01
1.574928319580534142e-01
4.006702526778420648e-01
5.330515197177067011e-01
7.512962268233498442e-01
3.733601038137287498e-01
5.893568040086915039e-01
3.379654590916643109e-01
3.988513525301963236e-01
2.324373855802119859e-01
5.124674555367993989e-01
3.311138053884319921e-01
2.137663774283267704e-01
3.344035635860903022e-01
5.725862384644393455e-01
2.774209320452600824e-01
2.660687393091713537e-01
1.103511712633325065e-01
4.212722843265929717e-01
5.047996210151524110e-01
7.158701178223900730e-01
3.086936227951558864e-01
5.769236250729287141e-01
1.940364511074870457e-01
4.146627714533026032e-01
3.927231206699969279e-01
3.925558452176252655e-01
2.484529111588838213e-01
4.964250395489260281e-01
2.397311385100895920e-01
6.439938009032918353e-01
3.085800885642233649e-01
2.833894455595479256e-01
1.655700874986002213e-01
6.512137790576743024e-01
4.443524078171262048e-01
4.377489551479132324e-01
2.617824066416279960e-01
3.146337865744093243e-01
3.357015807388178397e-01
3.680714199652377894e-01
3.148611443372484331e-01
4.304398879289937363e-01
5.069289014976287033e-01
2.163311150736899058e-01
9.108241138782206814e-02
4.640566581447930217e-01
1.589489826463736932e-01
1.074968408921167656e-01
7.919147936358247875e-02
3.641604487829945280e-01
4.613997757930457522e-01
3.888025900961587511e-01
3.084992758812909464e-01
6.384454756404022158e-01
2.814449357809684082e-01
2.828117607413824786e-01
2.104126619970826950e-01
2.369252758030187256e-01
2.450613010577127882e-01
1.067276676979790895e-01
1.023697513267765868e-01
4.810801819224234666e-01
1.034847790255075950e-01
9.123989965465734153e-02
1.026967183876723727e-01
2.764475613190606196e-01
4.233558845681224536e-01
4.490832822012910119e-01
3.080980127714242900e-01
5.969693900267851738e-01
5.649401506755585833e-01
4.808164182589653168e-01
6.196374367173741460e-01
3.043533576131144391e-01
7.044399823349617451e-01
4.331710236592826169e-01
2.203810536174818646e-01
6.676820245430441503e-01
3.451050016857313829e-01
3.790406585819414143e-01
3.013922045679571782e-01
6.379762872480211344e-01
4.043031376733097759e-01
6.236002637840074581e-01
6.377591362972651057e-01
3.136329818599395414e-01
