1.408377228599075881e-01
3.299630279313295889e-01
2.205134768175842641e-01
2.007096730270991058e-01
2.092133034190299945e-01
3.916554593501922477e-01
6.480906036360714051e-01
2.216061887109223583e-01
1.472650343703540421e-01
2.893890210134499874e-01
1.995338194790670094e-01
3.557094839073990933e-01
1.842693994879407993e-01
4.606846199438388023e-01
3.646218166647393621e-01
1.791123675982760899e-01
1.982771762326061282e-01
3.932957241963030981e-01
5.271571402102370740e-01
3.422319432844930787e-01
5.111194684778413988e-01
3.091441910451827590e-01
4.159778900837058924e-01
3.231847025656015004e-01
4.207011541856626735e-01
4.699705211479939804e-01
5.430944614907604606e-01
8.011390813427837765e-01
1.098088065013697323e-01
1.813541789090013512e-01
3.094005505273117462e-01
3.199380700534083521e-01
3.980406031425078872e-01
4.500919011683474080e-01
1.878994908927221208e-01
3.443831210743485416e-01
4.299759909577466344e-01
4.624000216007344011e-01
4.982706263278773862e-01
3.821017295943994196e-01
2.847649277917823629e-01
4.205076425155357400e-01
2.039929988756614410e-01
3.695596749559846295e-01
3.449483567324462263e-01
5.823297496113868377e-01
2.946783926016481869e-01
4.465770745012141441e-01
1.832944433690834873e-01
3.272862244295310918e-01
1.955900934928679891e-01
1.484812276720856861e-01
4.751278067360447110e-01
4.448716256352716059e-01
5.514434026060662797e-01
2.442553387377516261e-01
3.107492767603600159e-01
5.312310851127076683e-01
3.531051484321895972e-01
3.197995982301226614e-01
1.364474106878570681e-01
5.655732294898025980e-01
3.912973393306880543e-01
1.844913907649040896e-01
1.875493898473415688e-01
3.617652214884402029e-01
3.812857370184101202e-01
1.942746697986454663e-01
2.358207701232147568e-01
4.625806672902267880e-01
7.450054791952105404e-01
2.654019761781492570e-01
2.456931552562217069e-01
3.433134689150832974e-01
2.571611056751677560e-01
1.656698119850770479e-01
3.645997448125601892e-01
3.404271796379101378e-01
3.251967328233492660e-01
4.898141352491004463e-01
4.508541319517735957e-01
4.887215491026291048e-01
2.460378067888251974e-01
5.240716531748256246e-01
4.774358671647253027e-01
5.236864977291908474e-01
1.325364978961734996e-01
2.385342448821876904e-01
4.718449024152086002e-01
5.276826259652844797e-01
4.922417705633005403e-01
4.826574995500689802e-01
3.319181945257956845e-01
3.353125729942364464e-01
1.556322777786032785e-01
4.177016563855119879e-01
2.810442537036243471e-01
6.095323551262779027e-01
6.184840261466382216e-01
3.700944151306319596e-01
1.962805618428912491e-01
4.476989352421897883e-01
1.887031535862653819e-01
3.163318017211732558e-01
3.308354556653289036e-01
4.887008769239616357e-01
6.120098505413066325e-01
3.516299740009142250e-01
4.250827037742064829e-01
5.321300850604981925e-01
3.809006211775362583e-01
4.599673469536203485e-01
2.176339699247690773e-01
6.159311807320482224e-01
3.618270373733342704e-01
2.872975742622216888e-01
1.408377228599075881e-01
3.299630279313295889e-01
2.205134768175842641e-01
2.007096730270991058e-01
2.092133034190299945e-01
3.916554593501922477e-01
6.480906036360714051e-01
2.216061887109223583e-01
1.472650343703540421e-01
2.893890210134499874e-01
1.995338194790670094e-01
3.557094839073990933e-01
1.842693994879407993e-01
4.606846199438388023e-01
3.646218166647393621e-01
1.791123675982760899e-01
1.982771762326061282e-01
3.932957241963030981e-01
5.271571402102370740e-01
3.422319432844930787e-01
5.111194684778413988e-01
3.091441910451827590e-01
4.159778900837058924e-01
3.231847025656015004e-01
4.207011541856626735e-01
4.699705211479939804e-01
5.430944614907604606e-01
8.011390813427837765e-01
1.098088065013697323e-01
1.813541789090013512e-01
3.094005505273117462e-01
3.199380700534083521e-01
3.980406031425078872e-01
4.500919011683474080e-01
1.878994908927221208e-01
3.443831210743485416e-01
4.299759909577466344e-01
4.624000216007344011e-01
4.982706263278773862e-01
3.821017295943994196e-01
2.847649277917823629e-01
4.205076425155357400e-01
2.039929988756614410e-01
3.695596749559846295e-01
3.449483567324462263e-01
5.823297496113868377e-01
2.946783926016481869e-01
4.465770745012141441e-01
1.832944433690834873e-01
3.272862244295310918e-01
1.955900934928679891e-01
1.484812276720856861e-01
4.751278067360447110e-01
4.448716256352716059e-01
5.514434026060662797e-01
2.442553387377516261e-01
3.107492767603600159e-01
5.312310851127076683e-01
3.531051484321895972e-01
3.197995982301226614e-01
1.364474106878570681e-01
5.655732294898025980e-01
3.912973393306880543e-01
1.844913907649040896e-01
1.962755615185808877e-01
4.476989352421897883e-01
1.887031535862653819e-01
3.163318017211732558e-01
3.308354556653289036e-01
4.887008769239616357e-01
6.120098505413066325e-01
3.516276993123712558e-01
4.250655501647216394e-01
5.321300850604981925e-01
3.809006211775362583e-01
4.599673469536203485e-01
2.176339699247690773e-01
6.159311807320482224e-01
3.618270373733342704e-01
2.872975742622216888e-01
1.699591224506496467e-01
3.848680368051307643e-01
4.742406435800028963e-01
2.185684875263449456e-01
4.028225996802169973e-01
3.845061061440543382e-01
6.312355976454681050e-01
5.309748444745423512e-01
4.621522948811185305e-01
5.866865301996792015e-01
4.394265944500651000e-01
3.811846312467529474e-01
2.447254039259351144e-01
5.229705232650806446e-01
3.927097743611142056e-01
2.415669135570591153e-01
1.540417673080068106e-01
3.596906998175490311e-01
3.703565499833703645e-01
1.913474040484965666e-01
3.826943720485876943e-01
4.229579592931061449e-01
5.579827686680648435e-01
6.046322995561275171e-01
4.622803715665069202e-01
5.113147681892334928e-01
4.759688049979404756e-01
3.434282421975508037e-01
2.344787416686236470e-01
6.429697904608421277e-01
3.736673169756145052e-01
2.170728368350485771e-01
1.485619186437166506e-01
5.616479190782657227e-01
3.151327164526686042e-01
2.344064530778989242e-01
4.144962953508731229e-01
4.869697390839500817e-01
5.360127589203020904e-01
3.991176603378271404e-01
6.296697552911171281e-01
5.474112978715994782e-01
4.949704474502209517e-01
5.303366273048053525e-01
2.310378524092099317e-01
7.114978129244782235e-01
3.745110055544034755e-01
2.346355764630876917e-01
1.434655441197373316e-01
4.882630336859930531e-01
4.958308518346574156e-01
2.261365148920280177e-01
4.525750409859016776e-01
4.794143059020243292e-01
5.346650785276115814e-01
5.406944626832204115e-01
4.515668276202750020e-01
5.307117417700256690e-01
4.867345172707625567e-01
4.437385249108436458e-01
2.202541168353301937e-01
7.203055633812285308e-01
4.211514845282728903e-01
2.255558034421387137e-01
1.539562685034423228e-01
3.502408438108363109e-01
4.021157990767694201e-01
2.327074344640238934e-01
3.912953475534128311e-01
3.774271814283384208e-01
5.882845633154013543e-01
5.310988969152434791e-01
3.801138511232364792e-01
6.322762253950634515e-01
4.548843716048152075e-01
3.078442503722270129e-01
1.997308146049707467e-01
5.683004975412548898e-01
3.208988161181288712e-01
2.470952125920721776e-01
1.408377228599075603e-01
3.299630279313296444e-01
2.205134768175843474e-01
2.007096730270991058e-01
2.092133034190300223e-01
3.916554593501922477e-01
6.480906036360715161e-01
2.216061887109224138e-01
1.472650343703540698e-01
2.893890210134500984e-01
1.995338194790670372e-01
3.557094839073990933e-01
1.842693994879407993e-01
4.606846199438388023e-01
3.646218166647394177e-01
1.791123675982761176e-01
1.982771762326061560e-01
3.932957241963030426e-01
5.271571402102370740e-01
3.422319432844930787e-01
5.111194684778415098e-01
3.091441910451827590e-01
4.159778900837058369e-01
3.231847025656014449e-01
4.207011541856627290e-01
4.699705211479939804e-01
5.430944614907604606e-01
8.011390813427837765e-01
1.098088065013697462e-01
1.813541789090013234e-01
3.094005505273117462e-01
3.199380700534083521e-01
3.980406031425078872e-01
4.500919011683474080e-01
1.878994908927221208e-01
3.443831210743485416e-01
4.299759909577466899e-01
4.624000216007345121e-01
4.982706263278773862e-01
3.821017295943993641e-01
2.847649277917823629e-01
4.205076425155357400e-01
2.039929988756613854e-01
3.695596749559846850e-01
3.449483567324461708e-01
5.823297496113868377e-01
2.946783926016482424e-01
4.465770745012142551e-01
1.832944433690834873e-01
3.272862244295310363e-01
1.955900934928679891e-01
1.484812276720856861e-01
4.751278067360447110e-01
4.448716256352715503e-01
5.514434026060661687e-01
2.442553387377515706e-01
3.107492767603600159e-01
5.312310851127076683e-01
3.531051484321895972e-01
3.197995982301227169e-01
1.364474106878570681e-01
5.655732294898027090e-01
3.912973393306881098e-01
1.844913907649040619e-01
