3.099317774407585602e-01
3.619891861204727057e-01
3.020850988395136216e-01
3.199217718988792147e-01
2.207077858984115570e-01
3.444771965548530934e-01
3.940232835973618841e-01
2.392087646486292241e-01
2.595475854066212062e-01
3.351474798085318785e-01
3.279305280481511486e-01
3.629614970204719793e-01
2.640568247718462769e-01
4.301293851082893527e-01
4.729660707352162374e-01
2.681663258350375223e-01
3.424170031614552356e-01
2.902408695586258247e-01
6.226453481021275715e-01
3.016752684997505152e-01
4.227148487336224725e-01
2.372598626379638365e-01
2.799314221539895287e-01
3.749315293602103472e-01
2.894477287861829118e-01
3.485082669367502439e-01
3.742144266894943949e-01
4.478812188102924141e-01
2.148577314387576098e-01
3.126903866589977321e-01
3.286104321452836263e-01
2.507935222194965230e-01
4.359417766334483524e-01
3.085685612679174850e-01
2.693776975537765517e-01
3.504898014895258540e-01
5.755533596840928245e-01
3.423254496653652668e-01
3.896730154261751067e-01
4.672057294374544756e-01
3.025311057624382460e-01
4.199128423604852056e-01
2.846436935011964486e-01
3.147078052074611665e-01
2.535030136094910125e-01
3.500579536665437419e-01
3.214569773901715943e-01
3.713101385747487049e-01
2.510575503310906731e-01
2.704056378697956564e-01
2.128849801860245583e-01
2.697117622170510098e-01
5.551138018489879533e-01
3.766487730061349737e-01
3.378913687328115034e-01
2.709917800781089792e-01
3.796360880327390164e-01
5.355733105055404675e-01
4.372340849334714896e-01
3.301187139395957981e-01
2.078864207366940275e-01
4.102065759202453976e-01
4.360969973580572923e-01
2.756608313548498113e-01
3.372072108462075835e-01
3.368789223093753837e-01
3.793413903196453663e-01
3.001822687424005598e-01
2.504585042905749237e-01
3.974887272021795925e-01
4.343662117614867091e-01
2.795207186511017294e-01
3.500247987481470702e-01
4.224607548169103111e-01
3.557297684090878764e-01
2.669957707559132420e-01
3.548611088489529442e-01
3.643905182265330112e-01
4.382388983384982728e-01
4.198264259855959413e-01
5.183713485680981892e-01
4.900050357141449986e-01
2.491677108254631290e-01
3.557879992549473069e-01
3.057194744028677857e-01
3.987315029818007117e-01
2.031485647457034471e-01
3.739927305406853808e-01
3.919747268339619506e-01
3.256351106272374341e-01
5.857354313938357704e-01
4.119103624634369853e-01
3.031949732179778922e-01
2.600915684011742557e-01
2.255699033125173059e-01
5.334939459921834715e-01
4.179192619350338700e-01
4.928695516879132432e-01
5.611620815503683968e-01
4.240919841476502028e-01
3.469604274695679003e-01
3.239410794762937473e-01
2.930538804938366271e-01
4.165710939857865669e-01
3.740280691170660976e-01
3.865042445693863127e-01
4.118670886493892569e-01
4.205609091404458599e-01
4.292419844863455958e-01
4.843728061653799766e-01
3.995404246719041486e-01
3.151692918077973471e-01
2.889840125205173638e-01
5.166110788596640635e-01
4.294860948430941350e-01
3.357455125543272745e-01
3.099317774407585602e-01
3.619891861204727057e-01
3.020850988395136216e-01
3.199217718988792147e-01
2.207077858984115570e-01
3.444771965548530934e-01
3.940232835973618841e-01
2.392087646486292241e-01
2.595475854066212062e-01
3.351474798085318785e-01
3.279305280481511486e-01
3.629614970204719793e-01
2.640568247718462769e-01
4.301293851082893527e-01
4.729660707352162374e-01
2.681663258350375223e-01
3.424170031614552356e-01
2.902408695586258247e-01
6.226453481021275715e-01
3.016752684997505152e-01
4.227148487336224725e-01
2.372598626379638365e-01
2.799314221539895287e-01
3.749315293602103472e-01
2.894477287861829118e-01
3.485082669367502439e-01
3.742144266894943949e-01
4.478812188102924141e-01
2.148577314387576098e-01
3.126903866589977321e-01
3.286104321452836263e-01
2.507935222194965230e-01
4.359417766334483524e-01
3.085685612679174850e-01
2.693776975537765517e-01
3.504898014895258540e-01
5.755533596840928245e-01
3.423254496653652668e-01
3.896730154261751067e-01
4.672057294374544756e-01
3.025311057624382460e-01
4.199128423604852056e-01
2.846436935011964486e-01
3.147078052074611665e-01
2.535030136094910125e-01
3.500579536665437419e-01
3.214569773901715943e-01
3.713101385747487049e-01
2.510575503310906731e-01
2.704056378697956564e-01
2.128849801860245583e-01
2.697117622170510098e-01
5.551138018489879533e-01
3.766487730061349737e-01
3.378913687328115034e-01
2.709917800781089792e-01
3.796360880327390164e-01
5.355733105055404675e-01
4.372340849334714896e-01
3.301187139395957981e-01
2.078864207366940275e-01
4.102065759202453976e-01
4.360969973580572923e-01
2.756608313548498113e-01
3.469515885165717073e-01
3.239410794762937473e-01
2.930538804938366271e-01
4.165710939857865669e-01
3.740280691170660976e-01
3.865042445693863127e-01
4.118670886493892569e-01
4.205588762835764660e-01
4.292249549758878069e-01
4.843728061653799766e-01
3.995404246719041486e-01
3.151692918077973471e-01
2.889840125205173638e-01
5.166110788596640635e-01
4.294860948430941350e-01
3.357455125543272745e-01
3.156252213923547156e-01
3.879205737031266588e-01
4.980210575892971003e-01
3.177782213134340839e-01
3.878235450343923696e-01
3.189449346268032892e-01
5.194930275418111476e-01
3.923297849785002955e-01
5.138947809931484478e-01
4.448431927759452509e-01
4.556219673581837770e-01
3.664313769306525304e-01
3.414718058033669457e-01
3.905666643604293053e-01
3.262650784432767903e-01
3.466269410942976470e-01
2.974701145367426580e-01
4.047832818602833949e-01
4.425761076477329747e-01
2.585631192944161105e-01
4.153024213951497234e-01
2.858860330996531030e-01
4.348224409914368538e-01
6.012942397285223617e-01
6.138606676751212632e-01
3.541324794625365646e-01
4.385577695401244869e-01
3.513363336993957087e-01
2.881614865363405498e-01
7.066446962237252771e-01
3.664895037586197724e-01
2.559770715882628278e-01
2.818381820239072577e-01
5.923236770750276436e-01
4.064084745362090967e-01
3.141365374127133570e-01
4.607197086039276912e-01
3.470840963963892079e-01
4.317000846806924308e-01
3.027371310457118714e-01
6.957867596952095335e-01
4.547258928091944541e-01
4.217999742956565767e-01
5.251858867699439326e-01
3.091588334117040815e-01
5.572410564828973456e-01
3.971226141597209991e-01
3.224839592177159986e-01
2.712303836167561100e-01
5.472688744621447832e-01
5.423290982608817146e-01
3.088409608815433360e-01
4.365632676781449617e-01
3.453175495419001373e-01
4.709133317505302951e-01
4.148170195255653225e-01
5.392875629988476138e-01
4.117970003897123421e-01
4.273902913188143415e-01
4.724684501854348184e-01
3.289656186314177111e-01
6.004089651289590268e-01
3.687891491986575732e-01
3.050365253499509044e-01
2.825623725383611395e-01
3.947121149592380807e-01
5.136396561681341177e-01
3.076890017410152112e-01
3.819378798287803023e-01
2.954855704231781899e-01
4.433490201838393707e-01
4.700491678029666276e-01
5.178918740203474202e-01
4.377814008542955659e-01
4.158030392173697187e-01
3.849461236952188004e-01
2.950720272119414789e-01
5.147240703143503016e-01
3.324525446454932309e-01
2.854237967086771244e-01
3.099317774407585602e-01
3.619891861204727057e-01
3.020850988395137326e-01
3.199217718988792147e-01
2.207077858984115848e-01
3.444771965548530934e-01
3.940232835973619396e-01
2.392087646486292796e-01
2.595475854066211507e-01
3.351474798085318785e-01
3.279305280481511486e-01
3.629614970204719238e-01
2.640568247718463324e-01
4.301293851082894637e-01
4.729660707352161819e-01
2.681663258350375223e-01
3.424170031614552911e-01
2.902408695586257692e-01
6.226453481021275715e-01
3.016752684997505152e-01
4.227148487336224725e-01
2.372598626379638642e-01
2.799314221539895287e-01
3.749315293602102916e-01
2.894477287861829118e-01
3.485082669367502439e-01
3.742144266894944504e-01
4.478812188102923586e-01
2.148577314387575543e-01
3.126903866589976211e-01
3.286104321452836818e-01
2.507935222194965230e-01
4.359417766334483524e-01
3.085685612679174294e-01
2.693776975537766072e-01
3.504898014895257985e-01
5.755533596840929356e-01
3.423254496653653223e-01
3.896730154261751067e-01
4.672057294374544201e-01
3.025311057624382460e-01
4.199128423604852056e-01
2.846436935011963931e-01
3.147078052074611665e-01
2.535030136094909570e-01
3.500579536665437974e-01
3.214569773901715943e-01
3.713101385747487604e-01
2.510575503310906731e-01
2.704056378697956009e-01
2.128849801860246138e-01
2.697117622170510098e-01
5.551138018489879533e-01
3.766487730061349737e-01
3.378913687328114479e-01
2.709917800781089237e-01
3.796360880327390164e-01
5.355733105055404675e-01
4.372340849334714896e-01
3.301187139395957981e-01
2.078864207366940275e-01
4.102065759202453976e-01
4.360969973580573478e-01
2.756608313548497557e-01
