3.379744873097619839e-01
4.738312422227964893e-01
5.176690093118955227e-01
4.186725800698855582e-01
3.867171376350837519e-01
1.875583000654870158e-01
2.557573667982215304e-01
6.423771278650260985e-01
3.755678919003193061e-01
2.938898321145386183e-01
1.964465490246417589e-01
6.682446941647534056e-01
4.944338480669704383e-01
3.672026683694710192e-01
4.592800625194471964e-01
3.424872729441053032e-01
4.345162091393763859e-01
2.504392472207422338e-01
3.133249865079791863e-01
2.832317528413374474e-01
2.554137278613843320e-01
8.559944425952199787e-02
5.050483396277955644e-02
3.436966334128741529e-01
1.157811595866659743e-01
9.896903870582830776e-02
1.119090672245441065e-01
3.183103981611634659e-01
6.063219913997045518e-01
3.131805848590055175e-01
2.462132244050486418e-01
5.756664243434399530e-01
3.537922690800873737e-01
2.195412851318429004e-01
2.378250560655956747e-01
2.364015918658411430e-01
2.900742108916525841e-01
9.644962403263872275e-02
1.060000029113596504e-01
5.344731231943131711e-01
1.282139875221439684e-01
1.427238235618326911e-01
1.036037644852818851e-01
3.104402651850163286e-01
4.919136402475244862e-01
2.924947409334308079e-01
3.065900699873956858e-01
5.783265919739889460e-01
5.898979228962617505e-01
4.965785027911973626e-01
5.627588140594947941e-01
5.261561451111835819e-01
5.735197946561635396e-01
2.788028634677859885e-01
2.078753625515965819e-01
6.094228198081104164e-01
3.622916874325014525e-01
3.832006502329949327e-01
3.548410534926936810e-01
5.420730420022704665e-01
4.532328618248150920e-01
5.920054336888709301e-01
5.404950929969867257e-01
3.264070321828422272e-01
3.826693742878971571e-01
5.311395551057609410e-01
8.141245586746663765e-01
3.882172813948688295e-01
5.037721280592812878e-01
2.959055963016799518e-01
2.950247597329161420e-01
6.885733642616049810e-01
6.860090337152200402e-01
4.362508937048861779e-01
2.666494469585997118e-01
5.109203465308088665e-01
2.578991877450563797e-01
3.477056945929838383e-01
5.494719118855801998e-01
3.679177078248891952e-01
2.844316484734171202e-01
2.923689207608408669e-01
8.051182880202567560e-02
8.286948157609930199e-02
1.489979298450282985e-01
1.108324966749151957e-01
6.227265894410436431e-01
3.527380180911844354e-01
4.612184274218192881e-01
2.448739694889269236e-01
3.097650235912711159e-01
1.166468576007189673e-01
1.427463906608475441e-01
4.931528990332429419e-01
5.113320174858896339e-01
5.278731070185262997e-01
5.808315572766236112e-01
3.168260025141325098e-01
3.075904855537470173e-01
7.071814016507447231e-01
4.610042414911964537e-01
3.997246785667541435e-01
3.600175940368941507e-01
5.342144595964328779e-01
2.821751348814233173e-01
1.712497795535299350e-01
1.584615450002772041e-01
6.857795330863026839e-01
2.738029099484692863e-01
2.014130577623844953e-01
1.763960499462348674e-01
4.656455360215127626e-01
6.740365590946765240e-01
5.523804734059486465e-01
4.220572497616157936e-01
5.053042371511832220e-01
3.379744873097619839e-01
4.738312422227964893e-01
5.176690093118955227e-01
4.186725800698855582e-01
3.867171376350837519e-01
1.875583000654870158e-01
2.557573667982215304e-01
6.423771278650260985e-01
3.755678919003193061e-01
2.938898321145386183e-01
1.964465490246417589e-01
6.682446941647534056e-01
4.944338480669704383e-01
3.672026683694710192e-01
4.592800625194471964e-01
3.424872729441053032e-01
4.345162091393763859e-01
2.504392472207422338e-01
3.133249865079791863e-01
2.832317528413374474e-01
2.554137278613843320e-01
8.559944425952199787e-02
5.050483396277955644e-02
3.436966334128741529e-01
1.157811595866659743e-01
9.896903870582830776e-02
1.119090672245441065e-01
3.183103981611634659e-01
6.063219913997045518e-01
3.131805848590055175e-01
2.462132244050486418e-01
5.756664243434399530e-01
3.537922690800873737e-01
2.195412851318429004e-01
2.378250560655956747e-01
2.364015918658411430e-01
2.900742108916525841e-01
9.644962403263872275e-02
1.060000029113596504e-01
5.344731231943131711e-01
1.282139875221439684e-01
1.427238235618326911e-01
1.036037644852818851e-01
3.104402651850163286e-01
4.919136402475244862e-01
2.924947409334308079e-01
3.065900699873956858e-01
5.783265919739889460e-01
5.898979228962617505e-01
4.965785027911973626e-01
5.627588140594947941e-01
5.261561451111835819e-01
5.735197946561635396e-01
2.788028634677859885e-01
2.078753625515965819e-01
6.094228198081104164e-01
3.622916874325014525e-01
3.832006502329949327e-01
3.548410534926936810e-01
5.420730420022704665e-01
4.532328618248150920e-01
5.920054336888709301e-01
5.404950929969867257e-01
3.264070321828422272e-01
4.609924972273007349e-01
3.997246785667541435e-01
3.600175940368941507e-01
5.342144595964328779e-01
2.821751348814233173e-01
1.712497795535299350e-01
1.584615450002772041e-01
6.857784307008325531e-01
2.737812426558454137e-01
2.014130577623844953e-01
1.763960499462348674e-01
4.656455360215127626e-01
6.740365590946765240e-01
5.523804734059486465e-01
4.220572497616157936e-01
5.053042371511832220e-01
4.647703063525037148e-01
3.298294604458563151e-01
4.737841149684871023e-01
5.260158511616405130e-01
3.850262603797309224e-01
1.606303316919454327e-01
1.864862043332524977e-01
4.882450335166146904e-01
3.650343111654618111e-01
1.910865351756849406e-01
2.181386080192159183e-01
4.165303173875478659e-01
5.823067706830858947e-01
4.669866285750773338e-01
3.912525289194135336e-01
5.932225447595782519e-01
4.299692986551154616e-01
3.111401085382446419e-01
4.189106119070473144e-01
5.335703367459341262e-01
3.784372512247530240e-01
1.320169991574449697e-01
1.822740053879683964e-01
6.527078972790212319e-01
4.811267312995846090e-01
1.861829163080397920e-01
1.992749752192559398e-01
3.013398945855219613e-01
6.092759954098723174e-01
6.845197315251804193e-01
3.502504030193384077e-01
5.408386521760301102e-01
4.596534764416513874e-01
4.640233580711172756e-01
3.145303470663337597e-01
5.655078775149154913e-01
3.082613300102909348e-01
1.988462019132001823e-01
2.090493550960602631e-01
3.555363560333036910e-01
5.559361393612801683e-01
2.127088989827408128e-01
1.926218821108263701e-01
4.582968202716812822e-01
6.111745483270881740e-01
5.228034533197687406e-01
3.437161253764544067e-01
6.344419530012901376e-01
4.634355837211614482e-01
3.870627582176682790e-01
4.348988732928130152e-01
5.626177735719617434e-01
3.220358146824542911e-01
1.981664004291965042e-01
2.163350309366793844e-01
4.025411130059412534e-01
4.152605139463065864e-01
2.131404998550412710e-01
1.851403129368326406e-01
4.475720033009622512e-01
5.795099941298185175e-01
6.149923980481273311e-01
3.455779695483162106e-01
6.172835173800178543e-01
4.456326066205700265e-01
3.751171176570857746e-01
3.368125470813859712e-01
5.743399446547521325e-01
3.648094626186331735e-01
1.456671070214503039e-01
1.925796101867667809e-01
4.879796607889836380e-01
3.777694719589501648e-01
1.904560435280804875e-01
2.086942692823681167e-01
3.581457626641649239e-01
5.380482789227373219e-01
5.302701086852230627e-01
3.512310605743674818e-01
6.018864751648295153e-01
3.379744873097619284e-01
4.738312422227965448e-01
5.176690093118956337e-01
4.186725800698856137e-01
3.867171376350837519e-01
1.875583000654870158e-01
2.557573667982215304e-01
6.423771278650262095e-01
3.755678919003193617e-01
2.938898321145386738e-01
1.964465490246417312e-01
6.682446941647532945e-01
4.944338480669703828e-01
3.672026683694710192e-01
4.592800625194471409e-01
3.424872729441053032e-01
4.345162091393764414e-01
2.504392472207422338e-01
3.133249865079791863e-01
2.832317528413374474e-01
2.554137278613843320e-01
8.559944425952199787e-02
5.050483396277955644e-02
3.436966334128740974e-01
1.157811595866659743e-01
9.896903870582830776e-02
1.119090672245441065e-01
3.183103981611634103e-01
6.063219913997044408e-01
3.131805848590054620e-01
2.462132244050486973e-01
5.756664243434399530e-01
3.537922690800873737e-01
2.195412851318429004e-01
2.378250560655957024e-01
2.364015918658412263e-01
2.900742108916526396e-01
9.644962403263872275e-02
1.060000029113596365e-01
5.344731231943131711e-01
1.282139875221439684e-01
1.427238235618327189e-01
1.036037644852818851e-01
3.104402651850163286e-01
4.919136402475243752e-01
2.924947409334308079e-01
3.065900699873957413e-01
5.783265919739890570e-01
5.898979228962617505e-01
4.965785027911972516e-01
5.627588140594949051e-01
5.261561451111835819e-01
5.735197946561635396e-01
2.788028634677859885e-01
2.078753625515965819e-01
6.094228198081101944e-01
3.622916874325014525e-01
3.832006502329949327e-01
3.548410534926937365e-01
5.420730420022704665e-01
4.532328618248152030e-01
5.920054336888710411e-01
5.404950929969868367e-01
3.264070321828422272e-01
