6.395531096067612331e-02
3.269859030505221087e-01
2.986443465022053934e-01
8.373071772593207451e-02
1.514746646579975264e-01
4.316863174165608275e-01
5.337660106197522625e-01
2.207034531088177820e-01
2.067166088324726703e-01
4.574561998232917204e-01
3.351895477947033353e-01
3.160789517745560273e-01
6.775843735979833471e-02
4.367315513851955933e-01
4.123689039289081260e-01
7.522934946376488852e-02
2.827087909183139125e-01
3.965666827082856560e-01
6.537811601379340809e-01
3.135519665383230681e-01
6.361185797621511373e-01
2.801975708129367804e-01
3.282374789189653752e-01
4.353762353860466394e-01
4.211521501761140707e-01
4.214652599840861269e-01
4.953539614989963535e-01
6.496387744956384491e-01
1.108872484383011670e-01
3.544742963442672479e-01
3.471380860480001718e-01
4.075957118340698404e-01
3.825684393051237975e-01
4.418659063906756890e-01
3.105252930433035630e-01
3.581825136894766226e-01
5.173679426181595487e-01
4.702124694373802094e-01
5.032984692954814987e-01
5.799647709393924710e-01
3.284411956011947242e-01
5.425026388867223437e-01
2.943457544969883544e-01
4.613039998843457834e-01
1.961944655152157158e-01
5.686358525157939603e-01
4.064263286164341293e-01
3.523030237184724411e-01
3.588296853729865815e-02
1.710478193433620508e-01
1.672892862701085281e-01
5.862123942382553576e-02
5.434038106019405401e-01
4.577126107927319554e-01
5.412913144681864575e-01
3.059986128388074156e-01
3.454752171275831674e-01
5.511606135875818380e-01
5.911195710187604480e-01
2.856132858667290164e-01
3.237612537876312369e-02
5.200072971216228579e-01
4.561244881981125210e-01
7.043222228593647161e-02
7.743414073313813206e-02
3.034777589432636202e-01
5.127879371799479724e-01
8.123124218131798358e-02
1.740476324580481349e-01
5.469657654588939710e-01
6.087601661204463666e-01
2.405113092612913839e-01
3.358710848455583875e-01
5.661789350378376717e-01
3.926537812958871276e-01
6.300971441816373420e-02
3.624372235491053473e-01
3.447248455502782694e-01
4.112741232252343782e-01
6.031547546197626453e-01
5.496455089354920220e-01
7.825029209669364105e-01
2.761804259016231167e-01
4.451128703075400983e-01
4.729960362309215682e-01
4.987052499331813271e-01
1.176522852948340692e-01
4.274883231512645598e-01
4.313885902455910637e-01
5.158375909879204801e-01
5.595211715705816768e-01
5.537226954706279125e-01
3.653895489680736297e-01
1.827223960292047589e-01
3.283628424830976889e-02
4.931405027279224806e-01
2.233192857406239296e-01
6.386386883296759631e-01
7.191722452220175033e-01
2.991111929500538946e-01
1.337527240850558130e-01
3.845354574679198945e-01
3.076405811236344601e-01
2.162580441535035813e-01
4.092838923853926447e-01
4.944523320848473458e-01
5.530173029435428989e-01
4.970023891123183102e-01
4.911695301364427668e-01
6.061569615873807493e-01
4.973311408285565616e-01
4.143434640767123534e-01
7.363478071311414797e-02
6.594200068354363342e-01
4.638898417348587544e-01
1.965875692599169111e-01
6.395531096067612331e-02
3.269859030505221087e-01
2.986443465022053934e-01
8.373071772593207451e-02
1.514746646579975264e-01
4.316863174165608275e-01
5.337660106197522625e-01
2.207034531088177820e-01
2.067166088324726703e-01
4.574561998232917204e-01
3.351895477947033353e-01
3.160789517745560273e-01
6.775843735979833471e-02
4.367315513851955933e-01
4.123689039289081260e-01
7.522934946376488852e-02
2.827087909183139125e-01
3.965666827082856560e-01
6.537811601379340809e-01
3.135519665383230681e-01
6.361185797621511373e-01
2.801975708129367804e-01
3.282374789189653752e-01
4.353762353860466394e-01
4.211521501761140707e-01
4.214652599840861269e-01
4.953539614989963535e-01
6.496387744956384491e-01
1.108872484383011670e-01
3.544742963442672479e-01
3.471380860480001718e-01
4.075957118340698404e-01
3.825684393051237975e-01
4.418659063906756890e-01
3.105252930433035630e-01
3.581825136894766226e-01
5.173679426181595487e-01
4.702124694373802094e-01
5.032984692954814987e-01
5.799647709393924710e-01
3.284411956011947242e-01
5.425026388867223437e-01
2.943457544969883544e-01
4.613039998843457834e-01
1.961944655152157158e-01
5.686358525157939603e-01
4.064263286164341293e-01
3.523030237184724411e-01
3.588296853729865815e-02
1.710478193433620508e-01
1.672892862701085281e-01
5.862123942382553576e-02
5.434038106019405401e-01
4.577126107927319554e-01
5.412913144681864575e-01
3.059986128388074156e-01
3.454752171275831674e-01
5.511606135875818380e-01
5.911195710187604480e-01
2.856132858667290164e-01
3.237612537876312369e-02
5.200072971216228579e-01
4.561244881981125210e-01
7.043222228593647161e-02
1.337493166819409274e-01
3.845354574679198945e-01
3.076405811236344601e-01
2.162580441535035813e-01
4.092838923853926447e-01
4.944523320848473458e-01
5.530173029435428989e-01
4.970006244365056114e-01
4.911543483368494001e-01
6.061569615873807493e-01
4.973311408285565616e-01
4.143434640767123534e-01
7.363478071311414797e-02
6.594200068354363342e-01
4.638898417348587544e-01
1.965875692599169111e-01
9.140375043846463154e-02
4.647655813181996165e-01
5.499259637014159985e-01
1.095655006257174741e-01
5.293952056861144229e-01
3.983277729632074271e-01
6.084667912058245864e-01
5.531415089364668525e-01
4.416005335591492997e-01
6.338850375490040490e-01
5.648787365749435851e-01
4.673976695957983152e-01
1.647962948316575305e-01
4.500092787210622225e-01
5.524262776035379074e-01
1.478619727907217740e-01
1.485689690793312312e-01
2.841327331103898346e-01
2.690462873754714823e-01
1.705811920044465746e-01
2.909265963306449931e-01
4.409484525545335210e-01
7.357391653050161517e-01
4.718375174765140345e-01
3.521317681284825696e-01
6.670867329750587160e-01
6.153259837047252434e-01
2.616533888923454065e-01
2.094869380645584811e-01
5.139779964136205193e-01
2.511224029108274358e-01
1.981039958158299363e-01
1.013811987177650614e-01
5.426507016487841506e-01
3.101027697730899257e-01
1.770593545922362622e-01
3.840166853166048777e-01
5.154527111024151953e-01
6.509887053482203978e-01
3.155602338367015092e-01
6.740348298169142049e-01
6.487003016762551422e-01
5.884442820816656594e-01
5.549381264356865184e-01
1.590963977483357272e-01
6.498747064556797959e-01
3.809622372119885747e-01
1.871487231269025608e-01
9.661361201480515859e-02
4.656860508003765609e-01
5.382887670630447374e-01
1.515154060628213784e-01
4.357843234074406102e-01
5.118203276739411445e-01
6.357168193846801652e-01
4.860111914405334521e-01
4.329278080948503193e-01
6.251311413283093810e-01
5.821744304456734076e-01
4.885815132678864581e-01
1.701406674083605353e-01
6.273882552398681867e-01
4.318572387388209810e-01
1.697230754270268593e-01
1.387265266809717124e-01
3.156324651813696702e-01
3.228583533121796023e-01
1.756286368361704431e-01
2.845932129711721825e-01
4.453265888210500290e-01
6.784541612854657622e-01
4.518603195992084154e-01
3.342879735033126298e-01
6.697308562133682530e-01
6.406156643940600359e-01
2.992204602447423034e-01
1.691560398811932930e-01
4.739239514747631277e-01
2.537164252122602326e-01
2.081088205695172944e-01
6.395531096067612331e-02
3.269859030505221642e-01
2.986443465022053934e-01
8.373071772593207451e-02
1.514746646579975542e-01
4.316863174165608275e-01
5.337660106197523735e-01
2.207034531088177820e-01
2.067166088324726980e-01
4.574561998232917759e-01
3.351895477947033353e-01
3.160789517745560273e-01
6.775843735979834859e-02
4.367315513851957043e-01
4.123689039289081815e-01
7.522934946376490239e-02
2.827087909183139680e-01
3.965666827082856005e-01
6.537811601379340809e-01
3.135519665383230681e-01
6.361185797621511373e-01
2.801975708129367804e-01
3.282374789189653197e-01
4.353762353860466394e-01
4.211521501761140707e-01
4.214652599840860714e-01
4.953539614989963535e-01
6.496387744956383381e-01
1.108872484383011531e-01
3.544742963442671368e-01
3.471380860480002273e-01
4.075957118340698404e-01
3.825684393051237975e-01
4.418659063906756890e-01
3.105252930433036185e-01
3.581825136894766226e-01
5.173679426181594376e-01
4.702124694373803204e-01
5.032984692954814987e-01
5.799647709393923600e-01
3.284411956011946687e-01
5.425026388867223437e-01
2.943457544969882989e-01
4.613039998843457834e-01
1.961944655152156602e-01
5.686358525157940713e-01
4.064263286164341293e-01
3.523030237184724967e-01
3.588296853729865815e-02
1.710478193433620508e-01
1.672892862701085559e-01
5.862123942382554270e-02
5.434038106019405401e-01
4.577126107927319554e-01
5.412913144681864575e-01
3.059986128388074156e-01
3.454752171275831674e-01
5.511606135875817269e-01
5.911195710187604480e-01
2.856132858667290164e-01
3.237612537876312369e-02
5.200072971216227469e-01
4.561244881981125765e-01
7.043222228593645773e-02
