4.241201204513428968e-01
5.812659806731614864e-01
5.885667513464097889e-01
4.441234723304482990e-01
3.925525703254675314e-01
2.798726608470566979e-01
3.122301101446299798e-01
6.168178417603809027e-01
4.974133134935065370e-01
2.991415678334296002e-01
1.707540705211601506e-01
5.669863211071451969e-01
3.727052743448246441e-01
4.065407384478808561e-01
3.260469281518360019e-01
3.854760231937617854e-01
5.413516911926892217e-01
2.560916459732858752e-01
3.975377523227762722e-01
2.891335419557472530e-01
3.436450641817244134e-01
1.123698310980075082e-01
7.300776186137009072e-02
2.877825755651511330e-01
1.502389880189995142e-01
7.943942448023789960e-02
9.593717119706779428e-02
3.068669959467070218e-01
4.871086906048326393e-01
2.532854811185614174e-01
2.436094547961780987e-01
5.902139607130693078e-01
5.097139429784283138e-01
2.845642612660519433e-01
1.954500766144502966e-01
2.751184622365718258e-01
3.537133452200299510e-01
1.041127421967762562e-01
7.689325686065476284e-02
4.574386688470076234e-01
1.335584983331710718e-01
1.314388078626025635e-01
9.083822006829367357e-02
2.456412652429732502e-01
3.570048107782276547e-01
3.091520315916284067e-01
2.027297138944497423e-01
5.370890072679677107e-01
5.371939329901145310e-01
4.459948687020386937e-01
4.753580998191191953e-01
3.579856422870740795e-01
6.677118115732673109e-01
2.606408069958996987e-01
1.564986743029113669e-01
6.021450563107875187e-01
3.878148295479443286e-01
3.768036911838817393e-01
3.307371344749525099e-01
4.245129641517463304e-01
4.292518271060494217e-01
5.912814325628651391e-01
6.443532939707784513e-01
3.700931091543768203e-01
4.573136194256407494e-01
5.740704497296371667e-01
8.771249237686127298e-01
4.240819968185732813e-01
4.294136354844492187e-01
3.122532537271043851e-01
3.214245508187485445e-01
6.122226559156409564e-01
7.725828610805314245e-01
3.940057341540837421e-01
2.220930575640235882e-01
3.650552863578216956e-01
2.987179745336522863e-01
2.927542305665041811e-01
6.696263841497310798e-01
2.707094763202981813e-01
3.292202208304305655e-01
3.406565986585264882e-01
8.796434041044133567e-02
8.948045969303045077e-02
1.444352289296787217e-01
8.474499909893674909e-02
5.054463049526807250e-01
2.873991920758351970e-01
5.606155202070185473e-01
2.905751709107121106e-01
3.452946148306021978e-01
1.149912679716180997e-01
1.354667839430411802e-01
3.979944974388917589e-01
4.749901357456858264e-01
6.101898674056100980e-01
6.349341092484237503e-01
3.352098298183905367e-01
2.804292872016446170e-01
6.561246376437006589e-01
5.499701976208944965e-01
4.593017227793531609e-01
3.708393474374912513e-01
4.861145981362256507e-01
3.727148710283241240e-01
2.013210840708952454e-01
1.550644166499284549e-01
6.242085946698101573e-01
3.713699353590790841e-01
1.870139134493685740e-01
1.522247172713800389e-01
3.458980948661042887e-01
5.455153488193718037e-01
5.443267277905818879e-01
3.764728859909285963e-01
5.395217315979256023e-01
4.241201204513428968e-01
5.812659806731614864e-01
5.885667513464097889e-01
4.441234723304482990e-01
3.925525703254675314e-01
2.798726608470566979e-01
3.122301101446299798e-01
6.168178417603809027e-01
4.974133134935065370e-01
2.991415678334296002e-01
1.707540705211601506e-01
5.669863211071451969e-01
3.727052743448246441e-01
4.065407384478808561e-01
3.260469281518360019e-01
3.854760231937617854e-01
5.413516911926892217e-01
2.560916459732858752e-01
3.975377523227762722e-01
2.891335419557472530e-01
3.436450641817244134e-01
1.123698310980075082e-01
7.300776186137009072e-02
2.877825755651511330e-01
1.502389880189995142e-01
7.943942448023789960e-02
9.593717119706779428e-02
3.068669959467070218e-01
4.871086906048326393e-01
2.532854811185614174e-01
2.436094547961780987e-01
5.902139607130693078e-01
5.097139429784283138e-01
2.845642612660519433e-01
1.954500766144502966e-01
2.751184622365718258e-01
3.537133452200299510e-01
1.041127421967762562e-01
7.689325686065476284e-02
4.574386688470076234e-01
1.335584983331710718e-01
1.314388078626025635e-01
9.083822006829367357e-02
2.456412652429732502e-01
3.570048107782276547e-01
3.091520315916284067e-01
2.027297138944497423e-01
5.370890072679677107e-01
5.371939329901145310e-01
4.459948687020386937e-01
4.753580998191191953e-01
3.579856422870740795e-01
6.677118115732673109e-01
2.606408069958996987e-01
1.564986743029113669e-01
6.021450563107875187e-01
3.878148295479443286e-01
3.768036911838817393e-01
3.307371344749525099e-01
4.245129641517463304e-01
4.292518271060494217e-01
5.912814325628651391e-01
6.443532939707784513e-01
3.700931091543768203e-01
5.499647522203419125e-01
4.593120630589460629e-01
3.708477041473700053e-01
4.861228463186029747e-01
3.727247375139436381e-01
2.013241707194638741e-01
1.550665807645998651e-01
6.242176326241918316e-01
3.713610611945208917e-01
1.870177426524884945e-01
1.522279434387381336e-01
3.459067585526982014e-01
5.455235715590349699e-01
5.441898885884102199e-01
3.764809332761555605e-01
5.395296190140810300e-01
5.038946137802072789e-01
4.294444606304891887e-01
4.732795777808700977e-01
5.339384773061862655e-01
4.817012087229696760e-01
1.475137494315746090e-01
2.118466176314340588e-01
4.748760575939883766e-01
4.151472947944109260e-01
2.101404881243117972e-01
1.443337654640480250e-01
3.622366419010081273e-01
5.780167670615949937e-01
4.350007998371312468e-01
3.622951621131517141e-01
5.309588572159515962e-01
5.234488005822729439e-01
3.858530717747930550e-01
3.454781889051871668e-01
5.376604766903251287e-01
4.531935152131162381e-01
1.553624255646890995e-01
2.028355488937301221e-01
5.520092478710176831e-01
4.537596591788831679e-01
1.705869822511561495e-01
1.859059106756771607e-01
2.781642187601982008e-01
5.872531737824502329e-01
6.397008036272507914e-01
3.089393323786523426e-01
4.963999860706200806e-01
5.026407945544156819e-01
4.968576094328482906e-01
3.067621743148392088e-01
6.192911553071167585e-01
4.057944007887131499e-01
2.159974843765046504e-01
1.916539724706522452e-01
3.319149351387538083e-01
5.680762999131355739e-01
2.264124059076381701e-01
1.783945648746009804e-01
3.379908058238209057e-01
6.116469216433850775e-01
5.217498325225606859e-01
3.094844545763473787e-01
5.570120914585180438e-01
4.988120876635239176e-01
4.907771152660824199e-01
4.249557166353001292e-01
5.846355935176178464e-01
4.022826064013703129e-01
2.070723628362954871e-01
2.210117054556260952e-01
3.808781474830034708e-01
4.109540935812159290e-01
2.013194448398423486e-01
1.669985436093364972e-01
4.056940239387608615e-01
6.095627577382149997e-01
5.948749199778977648e-01
2.822891398028958276e-01
5.360802504290189674e-01
4.982074837367921338e-01
4.165173647755309183e-01
4.118934990541803787e-01
5.739694565698743034e-01
4.015954534369185480e-01
1.561692223134838742e-01
1.914314842576980147e-01
5.069547639129190486e-01
4.219753095722019731e-01
2.040361183634820663e-01
1.638043925374738641e-01
2.832233401255300209e-01
5.539143992207813394e-01
5.244429948846858203e-01
2.762174132105933433e-01
5.308138078876644128e-01
4.241201204513428413e-01
5.812659806731614864e-01
5.885667513464100109e-01
4.441234723304483545e-01
3.925525703254675314e-01
2.798726608470566979e-01
3.122301101446299798e-01
6.168178417603810137e-01
4.974133134935065925e-01
2.991415678334296002e-01
1.707540705211601229e-01
5.669863211071450859e-01
3.727052743448246996e-01
4.065407384478809671e-01
3.260469281518359463e-01
3.854760231937617854e-01
5.413516911926892217e-01
2.560916459732858752e-01
3.975377523227762722e-01
2.891335419557473085e-01
3.436450641817244134e-01
1.123698310980075082e-01
7.300776186137007684e-02
2.877825755651510775e-01
1.502389880189995419e-01
7.943942448023789960e-02
9.593717119706780816e-02
3.068669959467069663e-01
4.871086906048325282e-01
2.532854811185613619e-01
2.436094547961782097e-01
5.902139607130691967e-01
5.097139429784283138e-01
2.845642612660518878e-01
1.954500766144502966e-01
2.751184622365718813e-01
3.537133452200299510e-01
1.041127421967762701e-01
7.689325686065474896e-02
4.574386688470076234e-01
1.335584983331710718e-01
1.314388078626025635e-01
9.083822006829368745e-02
2.456412652429733057e-01
3.570048107782275992e-01
3.091520315916284622e-01
2.027297138944497701e-01
5.370890072679677107e-01
5.371939329901145310e-01
4.459948687020385827e-01
4.753580998191193063e-01
3.579856422870740795e-01
6.677118115732673109e-01
2.606408069958996432e-01
1.564986743029113392e-01
6.021450563107875187e-01
3.878148295479443841e-01
3.768036911838817948e-01
3.307371344749525099e-01
4.245129641517463304e-01
4.292518271060494217e-01
5.912814325628651391e-01
6.443532939707784513e-01
3.700931091543767648e-01
