2.986897154030270785e-01
4.376497710663656004e-01
4.845743907996643007e-01
4.577659711502590767e-01
3.157175319489411991e-01
2.562801882966177502e-01
2.543597717531921321e-01
7.145427561687924811e-01
5.592781897590231033e-01
3.327227565571455603e-01
3.230625569836464983e-01
7.737224455515920862e-01
6.075153005091578073e-01
3.935014073424489833e-01
4.696277671911029961e-01
3.692625998951302724e-01
3.366635597536661861e-01
2.545307383139462920e-01
4.760559420750614112e-01
2.819686425758226589e-01
3.381491887614251346e-01
1.595863513704913472e-01
5.603719837191930425e-02
3.540146435178402329e-01
1.161138418240870163e-01
8.613917804691195723e-02
8.427362891409634349e-02
2.508303527867958294e-01
8.182225530089347609e-01
2.678859959933712620e-01
2.300341959183598017e-01
3.618023803421295814e-01
4.251625139446831847e-01
1.812867316697810982e-01
2.892782123007292538e-01
3.658133792459029032e-01
4.110815273945859771e-01
1.068698332254266886e-01
8.966833764839864107e-02
4.374090234209809247e-01
2.643610131815970488e-01
1.259997326274428786e-01
1.737370265307235373e-01
2.850583679463219444e-01
6.122341681429007698e-01
1.855411133233869914e-01
2.172582817669899413e-01
4.302515763069401644e-01
6.223666336981830138e-01
6.166602434881037764e-01
8.854664982016775543e-01
5.461557047254934627e-01
4.560033608553559770e-01
3.045041072780775848e-01
1.287118846966316121e-01
4.710414155691360905e-01
3.013709669502509514e-01
3.983509512391085194e-01
3.577567486047554257e-01
3.315947330296528106e-01
4.419665747700731173e-01
4.247030969931082089e-01
3.843604209067978950e-01
2.452954652768699062e-01
3.131750800492436593e-01
4.197621971012371334e-01
6.052568631096408858e-01
4.216053570992141508e-01
3.156223748013011754e-01
3.228173142461601142e-01
2.622481136458922335e-01
7.930838709194196756e-01
7.230013082126318658e-01
4.033136506826137668e-01
3.416610952822645153e-01
5.756259048509809739e-01
3.480461943739615593e-01
3.515071842114825262e-01
4.080160005693438396e-01
2.835869174732958964e-01
3.625640865892517106e-01
3.587797623293331739e-01
1.537142694281513622e-01
7.303390533307449473e-02
1.126052567156231449e-01
9.513095320777231745e-02
9.229185891384564799e-01
3.603617657210982927e-01
3.947872860982467591e-01
1.671450392262713303e-01
3.949102153961412398e-01
1.136441683732801466e-01
2.388242458951086444e-01
6.135907948843272175e-01
5.188353267535164015e-01
3.969096955882160382e-01
6.535859315146717030e-01
3.105854384461310680e-01
3.337165934729905414e-01
6.162875901872384432e-01
4.393806501017020194e-01
4.150422713631089500e-01
5.147943466279644165e-01
6.043989085233290037e-01
2.926480426034016036e-01
2.233379567153589429e-01
1.337520230567679491e-01
6.150527862135980461e-01
3.869469885815975396e-01
2.019461467353415030e-01
2.224565689980169680e-01
3.667120497895577924e-01
7.984912654045057678e-01
4.335500351213347203e-01
3.220692835605280524e-01
3.951353644540260279e-01
2.986897154030270785e-01
4.376497710663656004e-01
4.845743907996643007e-01
4.577659711502590767e-01
3.157175319489411991e-01
2.562801882966177502e-01
2.543597717531921321e-01
7.145427561687924811e-01
5.592781897590231033e-01
3.327227565571455603e-01
3.230625569836464983e-01
7.737224455515920862e-01
6.075153005091578073e-01
3.935014073424489833e-01
4.696277671911029961e-01
3.692625998951302724e-01
3.366635597536661861e-01
2.545307383139462920e-01
4.760559420750614112e-01
2.819686425758226589e-01
3.381491887614251346e-01
1.595863513704913472e-01
5.603719837191930425e-02
3.540146435178402329e-01
1.161138418240870163e-01
8.613917804691195723e-02
8.427362891409634349e-02
2.508303527867958294e-01
8.182225530089347609e-01
2.678859959933712620e-01
2.300341959183598017e-01
3.618023803421295814e-01
4.251625139446831847e-01
1.812867316697810982e-01
2.892782123007292538e-01
3.658133792459029032e-01
4.110815273945859771e-01
1.068698332254266886e-01
8.966833764839864107e-02
4.374090234209809247e-01
2.643610131815970488e-01
1.259997326274428786e-01
1.737370265307235373e-01
2.850583679463219444e-01
6.122341681429007698e-01
1.855411133233869914e-01
2.172582817669899413e-01
4.302515763069401644e-01
6.223666336981830138e-01
6.166602434881037764e-01
8.854664982016775543e-01
5.461557047254934627e-01
4.560033608553559770e-01
3.045041072780775848e-01
1.287118846966316121e-01
4.710414155691360905e-01
3.013709669502509514e-01
3.983509512391085194e-01
3.577567486047554257e-01
3.315947330296528106e-01
4.419665747700731173e-01
4.247030969931082089e-01
3.843604209067978950e-01
2.452954652768699062e-01
4.393694567072794488e-01
4.150422713631089500e-01
5.147943466279644165e-01
6.043989085233290037e-01
2.926480426034016036e-01
2.233379567153589429e-01
1.337520230567679491e-01
6.150514356961748197e-01
3.869286971299044642e-01
2.019461467353415030e-01
2.224565689980169680e-01
3.667120497895577924e-01
7.984912654045057678e-01
4.335500351213347203e-01
3.220692835605280524e-01
3.951353644540260279e-01
5.008159177310282928e-01
3.692698378818178306e-01
5.245538925648398632e-01
5.889661143599799198e-01
4.585278197325704519e-01
1.675345856897592633e-01
2.127425549656581094e-01
3.697523846477393517e-01
5.936968001797130468e-01
1.543908589547740295e-01
2.247946244398317250e-01
3.728119614853154795e-01
5.464226445619845274e-01
4.477930310446334161e-01
3.855400759811964395e-01
4.697937479056324972e-01
5.141713591976104780e-01
3.846714049661131285e-01
4.260713511517934537e-01
5.468772361148869221e-01
4.470470348380803927e-01
1.357859368856472182e-01
1.976299028383589618e-01
4.959220376512086803e-01
5.513729901214148299e-01
1.856301774721739739e-01
2.214350746010521342e-01
2.968283193102526085e-01
6.004494825276233128e-01
5.222758438426208238e-01
3.727579383788311995e-01
4.306403901358022424e-01
5.253694512113858961e-01
4.771143304749522196e-01
4.172985747973836368e-01
5.903968343112596662e-01
3.858488996324848652e-01
1.867176808384817810e-01
1.945819334007296009e-01
3.013386593498774690e-01
6.224246333390505148e-01
2.568408691799420329e-01
2.038004459197930163e-01
4.066324724105949695e-01
6.110204803181764621e-01
4.343621648481052477e-01
3.571684825736995417e-01
4.953624860363086135e-01
5.226029959484942422e-01
4.809200401706170136e-01
4.673334075228534057e-01
5.801863528796548097e-01
3.831290266105438769e-01
1.885731267333772831e-01
2.336981423366091826e-01
3.179164283943879954e-01
4.971708152402796177e-01
2.062151473077551700e-01
2.081587497457151326e-01
4.395563547932589410e-01
5.893498485821481170e-01
5.086583666041133434e-01
3.441537724331177328e-01
4.845833667869919315e-01
4.928246543986452011e-01
4.030288191133271081e-01
4.948185569273882978e-01
5.920792072045305554e-01
3.925029586461942777e-01
1.416622074497684014e-01
1.981106930178903602e-01
4.405872152313202172e-01
4.698204384994096872e-01
2.118684709987355697e-01
2.217970417447733822e-01
3.210169849604725401e-01
5.874741452549211429e-01
4.334102831275779555e-01
2.833382456004562844e-01
4.606521470819519015e-01
2.986897154030270229e-01
4.376497710663655449e-01
4.845743907996643562e-01
4.577659711502590767e-01
3.157175319489412546e-01
2.562801882966177502e-01
2.543597717531921876e-01
7.145427561687924811e-01
5.592781897590231033e-01
3.327227565571455603e-01
3.230625569836464983e-01
7.737224455515919752e-01
6.075153005091578073e-01
3.935014073424490944e-01
4.696277671911030516e-01
3.692625998951303279e-01
3.366635597536662416e-01
2.545307383139462365e-01
4.760559420750614668e-01
2.819686425758226589e-01
3.381491887614251346e-01
1.595863513704913472e-01
5.603719837191930425e-02
3.540146435178401774e-01
1.161138418240870163e-01
8.613917804691194335e-02
8.427362891409635737e-02
2.508303527867957738e-01
8.182225530089345389e-01
2.678859959933712065e-01
2.300341959183598572e-01
3.618023803421296369e-01
4.251625139446831847e-01
1.812867316697810982e-01
2.892782123007292538e-01
3.658133792459028477e-01
4.110815273945860326e-01
1.068698332254267025e-01
8.966833764839864107e-02
4.374090234209808692e-01
2.643610131815969932e-01
1.259997326274428786e-01
1.737370265307235373e-01
2.850583679463219444e-01
6.122341681429006588e-01
1.855411133233869914e-01
2.172582817669899413e-01
4.302515763069402754e-01
6.223666336981831249e-01
6.166602434881037764e-01
8.854664982016777763e-01
5.461557047254934627e-01
4.560033608553559770e-01
3.045041072780775293e-01
1.287118846966315844e-01
4.710414155691360905e-01
3.013709669502509514e-01
3.983509512391085750e-01
3.577567486047554257e-01
3.315947330296528661e-01
4.419665747700731728e-01
4.247030969931082089e-01
3.843604209067978950e-01
2.452954652768699340e-01
