5.540313295403729299e-01
5.895107045045586691e-01
5.742409965402257566e-01
6.061588937345478989e-01
4.451184924181575964e-01
1.522486109820424260e-01
2.363265744521640677e-01
5.847279871934004669e-01
5.955469038857028607e-01
2.014762283173642810e-01
2.488974791767353256e-01
5.970419778199629324e-01
6.221127492341430587e-01
3.211997644598905133e-01
4.300188594286823429e-01
5.186447501296432838e-01
4.843409905901042700e-01
1.721397058530222401e-01
3.335420182066357042e-01
2.593557137601309459e-01
2.505166623611470023e-01
4.930880764844261521e-02
5.216343687282001124e-02
2.325959123516761207e-01
1.279033869372903642e-01
5.758805157961842391e-02
9.764989541942806217e-02
1.723436735781213591e-01
5.518811887211877432e-01
1.564037881225889548e-01
1.515778962641474714e-01
3.803643924667231557e-01
6.046300882216700812e-01
1.731903127034117862e-01
2.309032115424599352e-01
3.740691788026533349e-01
3.046014257093799249e-01
5.934422522944998724e-02
7.292618909918564818e-02
2.829339529049444968e-01
3.105015395819177293e-01
8.154146443593157656e-02
6.733736594039155254e-02
1.953512377299392311e-01
4.384620482626371274e-01
1.060848141482299001e-01
1.641079623073845029e-01
5.187300875278308965e-01
7.073292214797360922e-01
4.887899094084379725e-01
6.384535576229186660e-01
5.363200966102904532e-01
4.329168275662197418e-01
2.679567774051404005e-01
1.076084810125779861e-01
4.019492745665237399e-01
3.111348872931221088e-01
2.967264608024834938e-01
3.027564077148244270e-01
3.955889955417927206e-01
5.312902492929091336e-01
5.256490814822613045e-01
4.998721021729394809e-01
4.867978185564247884e-01
5.993288950714287244e-01
5.682727199518913253e-01
6.850769181704441380e-01
5.747363354236333377e-01
4.456581546053973719e-01
1.994372193087440848e-01
2.148789508887234412e-01
6.131236334394420950e-01
6.996369193884567350e-01
2.292975950718459943e-01
2.348369698682682416e-01
5.775251699135027783e-01
3.212411714233137650e-01
3.210487428673366450e-01
5.596653309687192879e-01
1.540523308187611573e-01
2.242094023213813681e-01
2.454510288956291697e-01
4.367478288197623737e-02
7.703288923417062062e-02
1.094153360612255821e-01
7.028218862791202337e-02
6.325337030912338010e-01
2.527481424523607134e-01
5.774218059751007326e-01
1.209593764556182449e-01
2.631361004465118114e-01
6.154240666635008711e-02
2.452963477778213885e-01
4.612641708641999627e-01
6.063826983986554398e-01
3.923047134569091487e-01
7.771562656788038037e-01
2.145232941899446466e-01
2.411393740146570153e-01
6.924981247230337367e-01
6.694174560157342135e-01
3.865556730963264909e-01
4.066681841551534893e-01
6.664126199253237459e-01
2.684359463768826171e-01
1.323259235320129179e-01
1.171039839129152382e-01
4.437396325399239894e-01
4.378652649674575348e-01
1.116606331133344066e-01
1.558117952744760837e-01
2.719973275790488754e-01
7.408401286310635214e-01
3.758696735769098130e-01
2.966132721961701191e-01
5.923581259193192450e-01
5.540313295403729299e-01
5.895107045045586691e-01
5.742409965402257566e-01
6.061588937345478989e-01
4.451184924181575964e-01
1.522486109820424260e-01
2.363265744521640677e-01
5.847279871934004669e-01
5.955469038857028607e-01
2.014762283173642810e-01
2.488974791767353256e-01
5.970419778199629324e-01
6.221127492341430587e-01
3.211997644598905133e-01
4.300188594286823429e-01
5.186447501296432838e-01
4.843409905901042700e-01
1.721397058530222401e-01
3.335420182066357042e-01
2.593557137601309459e-01
2.505166623611470023e-01
4.930880764844261521e-02
5.216343687282001124e-02
2.325959123516761207e-01
1.279033869372903642e-01
5.758805157961842391e-02
9.764989541942806217e-02
1.723436735781213591e-01
5.518811887211877432e-01
1.564037881225889548e-01
1.515778962641474714e-01
3.803643924667231557e-01
6.046300882216700812e-01
1.731903127034117862e-01
2.309032115424599352e-01
3.740691788026533349e-01
3.046014257093799249e-01
5.934422522944998724e-02
7.292618909918564818e-02
2.829339529049444968e-01
3.105015395819177293e-01
8.154146443593157656e-02
6.733736594039155254e-02
1.953512377299392311e-01
4.384620482626371274e-01
1.060848141482299001e-01
1.641079623073845029e-01
5.187300875278308965e-01
7.073292214797360922e-01
4.887899094084379725e-01
6.384535576229186660e-01
5.363200966102904532e-01
4.329168275662197418e-01
2.679567774051404005e-01
1.076084810125779861e-01
4.019492745665237399e-01
3.111348872931221088e-01
2.967264608024834938e-01
3.027564077148244270e-01
3.955889955417927206e-01
5.312902492929091336e-01
5.256490814822613045e-01
4.998721021729394809e-01
4.867978185564247884e-01
6.694004023434416695e-01
3.865556730963264909e-01
4.066681841551534893e-01
6.664126199253237459e-01
2.684359463768826171e-01
1.323259235320129179e-01
1.171039839129152382e-01
4.437376810013983208e-01
4.378484927468512811e-01
1.116606331133344066e-01
1.558117952744760837e-01
2.719973275790488754e-01
7.408401286310635214e-01
3.758696735769098130e-01
2.966132721961701191e-01
5.923581259193192450e-01
6.854960340792073392e-01
3.070027436589489178e-01
5.107915914840250871e-01
6.689843675118231081e-01
4.018972456334188315e-01
7.550469729084138826e-02
1.549599284815342259e-01
3.043133082425473757e-01
5.789516614144288864e-01
9.544758404360373372e-02
1.321966980551172455e-01
3.131418323892479760e-01
6.192757448762574723e-01
3.873995039753431735e-01
2.990707071303750908e-01
6.105806157935348422e-01
6.993054866426312577e-01
3.566617673224024565e-01
4.060004752054400812e-01
6.298960632793461079e-01
3.755052750087867208e-01
8.085024444951351141e-02
9.460398255560389935e-02
4.221704708452317378e-01
4.558591385606323154e-01
9.345908801971426760e-02
1.808746130761513804e-01
2.720186205279845892e-01
7.548215985953757867e-01
3.684460303607159926e-01
2.860840653883468532e-01
5.384910572020920050e-01
7.113622747407637448e-01
4.288649174714822543e-01
3.966296179215962336e-01
6.703067710633078269e-01
3.639239711966275048e-01
1.031302241619936888e-01
1.097021183800256927e-01
2.201749040642898558e-01
5.478728750042585194e-01
1.781755174423949595e-01
1.299824289154037915e-01
3.690416197125168107e-01
7.051425941927970120e-01
3.130317823664266474e-01
3.178284804956578724e-01
6.298839185220789227e-01
6.858349186025428645e-01
4.082128741243266634e-01
4.733251611112187507e-01
6.837477679459014190e-01
3.353431286693771551e-01
1.102879581598919384e-01
1.460874425117117403e-01
2.297686494990811013e-01
5.054005432129629050e-01
1.139614465055245329e-01
1.259223488682957026e-01
4.057353913997501227e-01
6.841899442761500971e-01
4.608432508628434454e-01
2.756592433954880850e-01
5.960057415499042666e-01
6.812176313454200161e-01
3.068251725412568520e-01
4.590981178351416503e-01
7.104650825183629337e-01
3.225732397385138728e-01
9.505408438068005395e-02
1.125126241285931972e-01
3.471052800552521522e-01
4.829320235472890355e-01
1.105829526517022737e-01
1.574645726780388166e-01
2.550791643704868883e-01
6.684765629693983913e-01
3.599692001081316595e-01
2.345718580378858276e-01
5.892823056429186135e-01
5.540313295403728189e-01
5.895107045045586691e-01
5.742409965402258676e-01
6.061588937345480099e-01
4.451184924181577074e-01
1.522486109820424260e-01
2.363265744521640954e-01
5.847279871934004669e-01
5.955469038857028607e-01
2.014762283173643087e-01
2.488974791767352424e-01
5.970419778199629324e-01
6.221127492341430587e-01
3.211997644598905133e-01
4.300188594286823984e-01
5.186447501296432838e-01
4.843409905901043810e-01
1.721397058530222401e-01
3.335420182066357042e-01
2.593557137601309459e-01
2.505166623611470023e-01
4.930880764844261521e-02
5.216343687282000430e-02
2.325959123516761207e-01
1.279033869372903642e-01
5.758805157961841698e-02
9.764989541942807605e-02
1.723436735781213314e-01
5.518811887211877432e-01
1.564037881225888993e-01
1.515778962641474992e-01
3.803643924667231557e-01
6.046300882216700812e-01
1.731903127034117862e-01
2.309032115424599352e-01
3.740691788026533349e-01
3.046014257093799249e-01
5.934422522945000111e-02
7.292618909918564818e-02
2.829339529049444413e-01
3.105015395819177293e-01
8.154146443593157656e-02
6.733736594039155254e-02
1.953512377299392866e-01
4.384620482626370719e-01
1.060848141482299001e-01
1.641079623073845029e-01
5.187300875278308965e-01
7.073292214797362032e-01
4.887899094084379725e-01
6.384535576229187770e-01
5.363200966102904532e-01
4.329168275662198528e-01
2.679567774051403450e-01
1.076084810125779861e-01
4.019492745665237399e-01
3.111348872931221088e-01
2.967264608024835493e-01
3.027564077148244270e-01
3.955889955417927761e-01
5.312902492929092446e-01
5.256490814822613045e-01
4.998721021729394809e-01
4.867978185564247884e-01
