2.604866317715905794e-02
3.011532370574303563e-01
4.556747066713355276e-01
5.665554031101158877e-02
1.815284000094907757e-01
4.200343896360847484e-01
9.418721729619039529e-01
2.917674836076657452e-01
1.883581722606620934e-01
3.787077317416269739e-01
2.536247989825179960e-01
3.548473087010393656e-01
3.608372773235482556e-02
1.339402205658695444e-01
1.421177199079820264e-01
9.462884428109194501e-02
2.315213181388303676e-01
4.030840365372603817e-01
3.772959791489515213e-01
1.699612510946488242e-01
2.573869242353429843e-01
3.823633477135759962e-01
4.644154891715042699e-01
3.885444254037492828e-01
5.065881564797348746e-01
4.791842895136483316e-01
6.405526165256326676e-01
9.016643951077120134e-01
1.235032703278045596e-01
2.558391302680391721e-01
4.333357575472184253e-01
3.500439431569294380e-01
5.415048710203212989e-01
8.630639236512301915e-01
3.130176564154231178e-01
1.095373083460654123e-01
4.468659374550769114e-01
4.089151052509830686e-01
5.614674394252820999e-01
6.564961072193573610e-01
3.645064415337915809e-01
5.498763587934182295e-01
4.820542025989470458e-01
3.520014338024328171e-01
2.211568756794138335e-01
5.869293239272385110e-01
4.676731277335528514e-01
3.379853850147424010e-01
3.538844365420960869e-02
2.670037634527954729e-01
8.078649093662465530e-02
6.186623881806824904e-02
4.929883048408038038e-01
3.972269823960118407e-01
4.620432728481212448e-01
1.610182845061145507e-01
4.648482846026207316e-01
5.130462307810079725e-01
4.126801588088392925e-01
2.537759553762014009e-01
4.834651093376340220e-02
5.235762752938325493e-01
3.757034106491316527e-01
5.046932200694469184e-02
4.415983559437063055e-02
2.786537780473238857e-01
5.745250941186974547e-01
7.908271351736109733e-02
1.731443356122985000e-01
4.691296484537234579e-01
9.582168907374444267e-01
3.033530254067270393e-01
2.155835854017557063e-01
5.618324258691862472e-01
3.224288028002515460e-01
4.948324066220589207e-02
7.822087084680084956e-02
1.431065773684332687e-01
3.379230280825220589e-01
6.696946537744380423e-01
4.612193285935690668e-01
3.417903030030432499e-01
4.226074116812690296e-01
6.020326340583019853e-01
4.839251047124171756e-01
5.614634292456374132e-01
7.758152083721833736e-02
3.692573988939926166e-01
5.355946993104795384e-01
7.649827543411269470e-01
4.910555541866997720e-01
5.217906059091770299e-01
3.520486729993926867e-01
2.414163589986408898e-01
4.175315870346462538e-02
5.783886851215338520e-01
2.047106418343461187e-01
6.504109001260950373e-01
7.969308132910362108e-01
2.307086949764607930e-01
1.332743424687211076e-01
6.001074507702797156e-01
2.548387123858339987e-01
7.756093073161784979e-02
2.230275018822501787e-01
4.870546095288003641e-01
6.893650559991502114e-01
4.687285652747011921e-01
6.236734520882389887e-01
6.085228877413675352e-01
5.476411001762440112e-01
4.580974818562899009e-01
7.888461087423627449e-02
5.260185099929900465e-01
4.195035245479180053e-01
1.768280639911837260e-01
2.604866317715905794e-02
3.011532370574303563e-01
4.556747066713355276e-01
5.665554031101158877e-02
1.815284000094907757e-01
4.200343896360847484e-01
9.418721729619039529e-01
2.917674836076657452e-01
1.883581722606620934e-01
3.787077317416269739e-01
2.536247989825179960e-01
3.548473087010393656e-01
3.608372773235482556e-02
1.339402205658695444e-01
1.421177199079820264e-01
9.462884428109194501e-02
2.315213181388303676e-01
4.030840365372603817e-01
3.772959791489515213e-01
1.699612510946488242e-01
2.573869242353429843e-01
3.823633477135759962e-01
4.644154891715042699e-01
3.885444254037492828e-01
5.065881564797348746e-01
4.791842895136483316e-01
6.405526165256326676e-01
9.016643951077120134e-01
1.235032703278045596e-01
2.558391302680391721e-01
4.333357575472184253e-01
3.500439431569294380e-01
5.415048710203212989e-01
8.630639236512301915e-01
3.130176564154231178e-01
1.095373083460654123e-01
4.468659374550769114e-01
4.089151052509830686e-01
5.614674394252820999e-01
6.564961072193573610e-01
3.645064415337915809e-01
5.498763587934182295e-01
4.820542025989470458e-01
3.520014338024328171e-01
2.211568756794138335e-01
5.869293239272385110e-01
4.676731277335528514e-01
3.379853850147424010e-01
3.538844365420960869e-02
2.670037634527954729e-01
8.078649093662465530e-02
6.186623881806824904e-02
4.929883048408038038e-01
3.972269823960118407e-01
4.620432728481212448e-01
1.610182845061145507e-01
4.648482846026207316e-01
5.130462307810079725e-01
4.126801588088392925e-01
2.537759553762014009e-01
4.834651093376340220e-02
5.235762752938325493e-01
3.757034106491316527e-01
5.046932200694469184e-02
1.332709472525655803e-01
6.001074507702797156e-01
2.548387123858339987e-01
7.756093073161784979e-02
2.230275018822501787e-01
4.870546095288003641e-01
6.893650559991502114e-01
4.687267014053099201e-01
6.236622237625581988e-01
6.085228877413675352e-01
5.476411001762440112e-01
4.580974818562899009e-01
7.888461087423627449e-02
5.260185099929900465e-01
4.195035245479180053e-01
1.768280639911837260e-01
6.360019130466418313e-02
3.050536570551123927e-01
7.042954873338143074e-01
1.275360039384013655e-01
3.623972574426748694e-01
4.305872380862050264e-01
7.014076526751555907e-01
5.306560775381550243e-01
5.281962343530385295e-01
7.208332834034560932e-01
6.935551231732515198e-01
3.271659323428796062e-01
1.998732181705745181e-01
4.473058194234729168e-01
3.090961292650287184e-01
9.676978352337810285e-02
1.007596121510029030e-01
3.599965762631049393e-01
3.690361460347719169e-01
8.504650189305887342e-02
4.776408251754993284e-01
4.042289502118214251e-01
6.841848367901687267e-01
5.384899670414889927e-01
3.916292604253343024e-01
6.877087053331096822e-01
6.678830777012093600e-01
3.658921305286323977e-01
9.194638368841456799e-02
5.655568927314441607e-01
4.473290904810601765e-01
6.982558084749874994e-02
1.062861985333990594e-01
4.940101530159054510e-01
3.352698053682405810e-01
1.432979202344203395e-01
3.652985521671485158e-01
5.094973442024868238e-01
7.080322301503843008e-01
3.033115641600154788e-01
7.140967249084767543e-01
7.811048172523848976e-01
6.875466943964403388e-01
4.254476984270555429e-01
1.049084607322477020e-01
5.584978414359744736e-01
3.726970756240736704e-01
1.498904609494942641e-01
9.893947351977140647e-02
3.821054462985006839e-01
5.805510326688150258e-01
1.337110654609084404e-01
4.065102278194052121e-01
5.513733634355005853e-01
7.353762349845045510e-01
3.611503300334539257e-01
4.475481607378194449e-01
7.067754173629874348e-01
6.629137519801610035e-01
4.698143759792843266e-01
1.366864843144507402e-01
5.197828692177162146e-01
3.886340439446460682e-01
1.363392688707034672e-01
1.221799251478447867e-01
3.284361959997269542e-01
4.082078907336987861e-01
1.049950414292456780e-01
3.439011660131248704e-01
4.297792726058141666e-01
7.100352636714010179e-01
4.386132109581825644e-01
3.874148777103235686e-01
7.283589407539562410e-01
6.863223156343124520e-01
3.639700295460597812e-01
8.844837914665401590e-02
4.598304349305029626e-01
3.313660199043012566e-01
1.147708139431812685e-01
2.604866317715905794e-02
3.011532370574303563e-01
4.556747066713355832e-01
5.665554031101159571e-02
1.815284000094907479e-01
4.200343896360847484e-01
9.418721729619040639e-01
2.917674836076657452e-01
1.883581722606621212e-01
3.787077317416270850e-01
2.536247989825179960e-01
3.548473087010393101e-01
3.608372773235483250e-02
1.339402205658695999e-01
1.421177199079819986e-01
9.462884428109194501e-02
2.315213181388303676e-01
4.030840365372603817e-01
3.772959791489515768e-01
1.699612510946488242e-01
2.573869242353429843e-01
3.823633477135759962e-01
4.644154891715042699e-01
3.885444254037492828e-01
5.065881564797348746e-01
4.791842895136482761e-01
6.405526165256327786e-01
9.016643951077119024e-01
1.235032703278045457e-01
2.558391302680390611e-01
4.333357575472184808e-01
3.500439431569293824e-01
5.415048710203212989e-01
8.630639236512300805e-01
3.130176564154231178e-01
1.095373083460654262e-01
4.468659374550770225e-01
4.089151052509831241e-01
5.614674394252820999e-01
6.564961072193572500e-01
3.645064415337916364e-01
5.498763587934182295e-01
4.820542025989470458e-01
3.520014338024328726e-01
2.211568756794137780e-01
5.869293239272385110e-01
4.676731277335529069e-01
3.379853850147425121e-01
3.538844365420960869e-02
2.670037634527954173e-01
8.078649093662465530e-02
6.186623881806825598e-02
4.929883048408038038e-01
3.972269823960117852e-01
4.620432728481212448e-01
1.610182845061145507e-01
4.648482846026207316e-01
5.130462307810079725e-01
4.126801588088392925e-01
2.537759553762014009e-01
4.834651093376340913e-02
5.235762752938325493e-01
3.757034106491316527e-01
5.046932200694469184e-02
