6.659632337543061054e-01
4.721421840811842463e-01
7.767049276275606040e-01
6.039559830122661621e-01
4.103726923279950034e-01
9.875617664973179721e-02
2.581340040153694004e-01
3.129596310002534798e-01
7.093993608461397482e-01
2.922031901641491958e-01
3.464510571870496602e-01
6.323094547316283620e-01
4.938639331329179871e-01
3.350706380886262492e-01
6.639711239081877991e-01
4.701507391797585256e-01
4.935428233440819490e-01
1.367832987644217735e-01
4.371774726649548248e-01
2.254987206079198114e-01
2.151045327957747944e-01
4.349834147251423200e-02
6.086231466911078136e-02
1.362571282841879838e-01
1.750676687198378378e-01
6.404404291533043192e-02
1.043938636265734632e-01
2.521709990304470406e-01
3.051674795206647528e-01
1.251869793728112579e-01
1.366197941441925912e-01
2.383492225724988534e-01
8.989078435616362217e-01
1.702295636267438517e-01
3.126106550948631324e-01
4.821689009307909002e-01
3.923243416213494927e-01
6.298805889286682169e-02
1.079987391141555980e-01
3.088376196475671742e-01
4.255682741798986202e-01
1.120181169781815644e-01
1.646997488044976699e-01
2.358045892600719173e-01
4.128040243167992451e-01
1.510208844591501842e-01
2.574751724859258850e-01
4.826128669044302266e-01
5.518760176732933065e-01
3.793710343187605694e-01
5.312516726099373310e-01
4.335541713452419899e-01
4.687705798096375442e-01
1.987751047910506774e-01
1.559755793245475031e-01
2.095383933809689680e-01
4.982394928622503327e-01
3.144309741229567856e-01
3.890483895315980933e-01
3.608427912300900542e-01
4.560865530170493121e-01
3.527656975651660143e-01
5.119218169882623348e-01
3.323400315427375573e-01
5.739310987258521290e-01
4.728011533339386285e-01
7.059074395223252640e-01
5.468813253484684500e-01
3.990441746752884100e-01
1.918380389414777731e-01
2.650105743583748286e-01
4.857749822634397918e-01
6.442642037649911613e-01
3.017624682132424296e-01
2.357876397926949030e-01
4.625201501249860403e-01
3.929792221372666594e-01
4.039258920628403526e-01
5.716122762133261093e-01
2.131151531269433186e-01
2.704541946195460622e-01
2.895157215412353935e-01
8.926189381986167348e-02
8.583316273954672004e-02
1.580109292486916450e-01
9.201050281129267983e-02
4.302021253688526059e-01
2.895916343875612475e-01
6.500425529282969350e-01
1.427909767709217292e-01
3.291890388290956704e-01
8.028826153457879755e-02
2.740963311458686769e-01
3.958156602045953543e-01
4.966349752308165666e-01
5.960584960129391430e-01
8.253350902199667605e-01
1.763165978662500910e-01
3.875008299609749018e-01
5.512005370040318208e-01
7.472116084432595118e-01
2.734496266545587972e-01
5.251614567186916327e-01
6.449834693210532155e-01
2.797334470741411616e-01
1.030598128717880452e-01
1.502272997639512719e-01
2.621297389554053670e-01
6.762917620934032481e-01
1.551492250830669439e-01
2.421315487867158334e-01
3.135389306929270981e-01
5.814914002041817742e-01
3.105141830233766331e-01
4.020910657620322959e-01
4.548398313057730458e-01
6.659632337543061054e-01
4.721421840811842463e-01
7.767049276275606040e-01
6.039559830122661621e-01
4.103726923279950034e-01
9.875617664973179721e-02
2.581340040153694004e-01
3.129596310002534798e-01
7.093993608461397482e-01
2.922031901641491958e-01
3.464510571870496602e-01
6.323094547316283620e-01
4.938639331329179871e-01
3.350706380886262492e-01
6.639711239081877991e-01
4.701507391797585256e-01
4.935428233440819490e-01
1.367832987644217735e-01
4.371774726649548248e-01
2.254987206079198114e-01
2.151045327957747944e-01
4.349834147251423200e-02
6.086231466911078136e-02
1.362571282841879838e-01
1.750676687198378378e-01
6.404404291533043192e-02
1.043938636265734632e-01
2.521709990304470406e-01
3.051674795206647528e-01
1.251869793728112579e-01
1.366197941441925912e-01
2.383492225724988534e-01
8.989078435616362217e-01
1.702295636267438517e-01
3.126106550948631324e-01
4.821689009307909002e-01
3.923243416213494927e-01
6.298805889286682169e-02
1.079987391141555980e-01
3.088376196475671742e-01
4.255682741798986202e-01
1.120181169781815644e-01
1.646997488044976699e-01
2.358045892600719173e-01
4.128040243167992451e-01
1.510208844591501842e-01
2.574751724859258850e-01
4.826128669044302266e-01
5.518760176732933065e-01
3.793710343187605694e-01
5.312516726099373310e-01
4.335541713452419899e-01
4.687705798096375442e-01
1.987751047910506774e-01
1.559755793245475031e-01
2.095383933809689680e-01
4.982394928622503327e-01
3.144309741229567856e-01
3.890483895315980933e-01
3.608427912300900542e-01
4.560865530170493121e-01
3.527656975651660143e-01
5.119218169882623348e-01
3.323400315427375573e-01
7.471925729344165434e-01
2.734496266545587972e-01
5.251614567186916327e-01
6.449834693210532155e-01
2.797334470741411616e-01
1.030598128717880452e-01
1.502272997639512719e-01
2.621271502715339929e-01
6.762821037221271592e-01
1.551492250830669439e-01
2.421315487867158334e-01
3.135389306929270981e-01
5.814914002041817742e-01
3.105141830233766331e-01
4.020910657620322959e-01
4.548398313057730458e-01
7.258960346949350217e-01
2.803316609001915150e-01
8.002242391797347310e-01
6.037543576429180714e-01
3.192077882591144999e-01
6.017217499124913327e-02
1.828021822701453025e-01
2.155370512262864136e-01
8.299922331169190537e-01
1.189679625388201656e-01
2.540448768747550767e-01
3.783352866515896640e-01
5.918271462036628350e-01
2.298128181921512692e-01
3.462822900667046344e-01
4.309569379523542909e-01
7.254912781994777848e-01
2.992205893369674352e-01
6.784434949741589005e-01
5.925339851398504498e-01
3.057052969565678957e-01
6.275429208729142727e-02
1.273462343442323674e-01
2.851929530201342544e-01
7.647606271246099041e-01
1.260515004862743926e-01
2.834372585177573622e-01
2.969322155383884998e-01
7.268908405671783424e-01
2.007920827651248352e-01
2.999807667892462337e-01
3.581848522216692365e-01
7.577357380208925575e-01
3.701120543374178951e-01
7.568386095516264067e-01
5.799337655038913075e-01
2.825124684790014107e-01
9.175489082065821367e-02
1.130613292576844453e-01
1.594537819304270299e-01
8.437020947518368841e-01
1.903319062679044715e-01
2.454534283810350659e-01
4.439325937577082160e-01
6.633807820700511337e-01
1.824727420008068202e-01
3.414103480974788885e-01
4.457559140475287895e-01
7.531716663712263449e-01
3.637995170679478307e-01
7.231662220309402755e-01
6.073117122574765991e-01
2.436469076215266871e-01
8.882649816617246841e-02
1.824264355780982338e-01
1.532790067930291378e-01
7.451994349940624929e-01
1.327986605242636453e-01
2.412440196082930588e-01
4.821619081637529280e-01
6.413951315139900800e-01
3.184375446943575327e-01
3.178914027482568905e-01
4.095495620324207664e-01
7.388800173669571869e-01
3.061387049039040464e-01
7.017672788358227942e-01
6.324334362763474049e-01
2.867860247444726229e-01
6.558635842911060554e-02
1.540245770192423536e-01
2.334055870611108086e-01
7.242244031087042844e-01
1.513470538805921639e-01
2.610236478116951808e-01
3.469552507990047441e-01
6.183819749577333935e-01
1.588068250621409994e-01
3.099115866858749291e-01
4.086557800362473625e-01
6.659632337543061054e-01
4.721421840811843018e-01
7.767049276275608261e-01
6.039559830122661621e-01
4.103726923279951144e-01
9.875617664973182497e-02
2.581340040153694004e-01
3.129596310002535353e-01
7.093993608461397482e-01
2.922031901641491958e-01
3.464510571870496047e-01
6.323094547316283620e-01
4.938639331329180426e-01
3.350706380886262492e-01
6.639711239081877991e-01
4.701507391797585811e-01
4.935428233440819490e-01
1.367832987644218012e-01
4.371774726649548803e-01
2.254987206079198114e-01
2.151045327957747944e-01
4.349834147251422506e-02
6.086231466911078136e-02
1.362571282841879561e-01
1.750676687198378378e-01
6.404404291533041804e-02
1.043938636265734771e-01
2.521709990304470406e-01
3.051674795206646973e-01
1.251869793728112301e-01
1.366197941441926467e-01
2.383492225724988534e-01
8.989078435616362217e-01
1.702295636267438517e-01
3.126106550948631324e-01
4.821689009307909002e-01
3.923243416213495482e-01
6.298805889286682169e-02
1.079987391141555980e-01
3.088376196475671187e-01
4.255682741798986202e-01
1.120181169781815644e-01
1.646997488044976421e-01
2.358045892600719173e-01
4.128040243167991896e-01
1.510208844591501842e-01
2.574751724859258850e-01
4.826128669044302266e-01
5.518760176732933065e-01
3.793710343187605138e-01
5.312516726099374420e-01
4.335541713452419899e-01
4.687705798096375442e-01
1.987751047910506774e-01
1.559755793245475031e-01
2.095383933809689680e-01
4.982394928622503327e-01
3.144309741229567856e-01
3.890483895315980933e-01
3.608427912300900542e-01
4.560865530170493676e-01
3.527656975651660143e-01
5.119218169882623348e-01
3.323400315427375573e-01
