1.645162764338526096e-01
5.374276288391416356e-01
6.471750958726043557e-01
2.364861954990991055e-01
3.766693233443917932e-01
3.560224384223935612e-01
3.799548041678105226e-01
6.691555572255152295e-01
5.080847414700404574e-01
3.132151493190213354e-01
4.469803510481411002e-01
6.306667864639626808e-01
2.821561888273060870e-01
2.630029380451999188e-01
5.985310332648262621e-01
2.252337911762831990e-01
3.894100720303864671e-01
3.154650645394943553e-01
4.744582707957984979e-01
2.230385812747994745e-01
3.165330463607650135e-01
1.543102060210477244e-01
9.251358563322129025e-02
3.933012674226731842e-01
1.576368611429742606e-01
1.136654469713267862e-01
1.343531523087210522e-01
4.668311232742015648e-01
5.630757631943584807e-01
3.273917877570871604e-01
4.120749721249567510e-01
3.262875556224572038e-01
4.429558340115021808e-01
3.821552551433147205e-01
4.421035721077190006e-01
3.522101941516172507e-01
3.753212472358960494e-01
1.308697692084273556e-01
1.377840857326844137e-01
5.661979581040609277e-01
3.477068307024859806e-01
2.196256897806366792e-01
1.934928955267155859e-01
5.017985551452992521e-01
5.474136124217890975e-01
3.265340700444571698e-01
4.109301895925265291e-01
4.972626221386398648e-01
4.918589047980788109e-01
4.892376336474719145e-01
3.386023914355522635e-01
3.515247045928989178e-01
5.345439649197670784e-01
2.524172313309693272e-01
2.004390331370611011e-01
3.750543599016465945e-01
5.514873040439148832e-01
4.379416308980169092e-01
5.783858314209752161e-01
4.046091093264652661e-01
2.903420098996825072e-01
3.518432047186040856e-01
4.768271855143915161e-01
1.062424951586907890e-01
1.557699779500746062e-01
5.226511248445917523e-01
6.900515710891217402e-01
2.367803609107057283e-01
4.054273347248583681e-01
5.254291395377899132e-01
4.354213229675193420e-01
6.801286932144769981e-01
6.139127535538909664e-01
4.671835212204768495e-01
4.309836878570966756e-01
3.182079264115747486e-01
2.823587034022422837e-01
3.738296882843152869e-01
4.885408257916225017e-01
5.317235450350745740e-01
4.991119453125819616e-01
5.247569017896333010e-01
1.608488096763877051e-01
1.204739212205143822e-01
1.688550415868510512e-01
1.355513859389222975e-01
4.746984852935512977e-01
5.009090518499196287e-01
3.573442310201249139e-01
3.551799069266929898e-01
3.981227695968593272e-01
1.787430361448334171e-01
2.585452868661514136e-01
5.189437094039874854e-01
3.761153996947196876e-01
6.879724122520165519e-01
5.312079029223213400e-01
3.683392621931979027e-01
5.213386980837225737e-01
4.948430034275021483e-01
3.504008183846736291e-01
5.305739925730379447e-01
4.916657478228768641e-01
3.894470240006107642e-01
3.215518760303404111e-01
2.429398272946500792e-01
2.095387934450265166e-01
6.281759217531730499e-01
5.643241330114645571e-01
2.577637934284320309e-01
3.444073160338104178e-01
5.238917051112987888e-01
5.041628257875312435e-01
4.362744533351723408e-01
5.552898551610354616e-01
2.749989894925374823e-01
1.645162764338526096e-01
5.374276288391416356e-01
6.471750958726043557e-01
2.364861954990991055e-01
3.766693233443917932e-01
3.560224384223935612e-01
3.799548041678105226e-01
6.691555572255152295e-01
5.080847414700404574e-01
3.132151493190213354e-01
4.469803510481411002e-01
6.306667864639626808e-01
2.821561888273060870e-01
2.630029380451999188e-01
5.985310332648262621e-01
2.252337911762831990e-01
3.894100720303864671e-01
3.154650645394943553e-01
4.744582707957984979e-01
2.230385812747994745e-01
3.165330463607650135e-01
1.543102060210477244e-01
9.251358563322129025e-02
3.933012674226731842e-01
1.576368611429742606e-01
1.136654469713267862e-01
1.343531523087210522e-01
4.668311232742015648e-01
5.630757631943584807e-01
3.273917877570871604e-01
4.120749721249567510e-01
3.262875556224572038e-01
4.429558340115021808e-01
3.821552551433147205e-01
4.421035721077190006e-01
3.522101941516172507e-01
3.753212472358960494e-01
1.308697692084273556e-01
1.377840857326844137e-01
5.661979581040609277e-01
3.477068307024859806e-01
2.196256897806366792e-01
1.934928955267155859e-01
5.017985551452992521e-01
5.474136124217890975e-01
3.265340700444571698e-01
4.109301895925265291e-01
4.972626221386398648e-01
4.918589047980788109e-01
4.892376336474719145e-01
3.386023914355522635e-01
3.515247045928989178e-01
5.345439649197670784e-01
2.524172313309693272e-01
2.004390331370611011e-01
3.750543599016465945e-01
5.514873040439148832e-01
4.379416308980169092e-01
5.783858314209752161e-01
4.046091093264652661e-01
2.903420098996825072e-01
3.518432047186040856e-01
4.768271855143915161e-01
1.062424951586907890e-01
3.504135755971162780e-01
5.303043557730353630e-01
4.917024129347966621e-01
3.894725995228516813e-01
3.215856384589478312e-01
2.429532220360349215e-01
2.095494280955001176e-01
6.282128906870536600e-01
5.643569530292535941e-01
2.577813502993780426e-01
3.444286244756815663e-01
5.239323088793215177e-01
5.041910266807452246e-01
4.363015522637033738e-01
5.550841515970794671e-01
2.750149879023565669e-01
3.303205972975178928e-01
3.964087870226141175e-01
8.142672499170824363e-01
3.878970217758366812e-01
4.043308980145498555e-01
2.067683377019433333e-01
3.130223901117313856e-01
4.092284046255655894e-01
5.975910099678497511e-01
2.856891794077494051e-01
3.853898863937120778e-01
5.318660812725457543e-01
5.191782223253113004e-01
3.516803972823604463e-01
3.898867737869580186e-01
3.151917589248277030e-01
3.549732781876687726e-01
4.392108721692075668e-01
5.620897661859673988e-01
3.564311322544203575e-01
5.047988315787105273e-01
1.451116483212717134e-01
2.691715829240819979e-01
5.814426290952884324e-01
6.710348667977232839e-01
2.915879426868556168e-01
3.714275589747471074e-01
3.984600303061046067e-01
4.109472987911839681e-01
5.300809801288400847e-01
5.356561698769835012e-01
2.867419471855231494e-01
3.977976519112522147e-01
4.537865191528148712e-01
4.258939367871057424e-01
4.848981102229342754e-01
3.916524678813624871e-01
2.191733892863991229e-01
3.380822020668192707e-01
2.463762903820267969e-01
7.701071999098706433e-01
4.237043265693323790e-01
3.637107919048980786e-01
4.525138070864141993e-01
4.239582736629855519e-01
4.073216174364921449e-01
4.918360702434487197e-01
3.700470452877331895e-01
3.783123200820676102e-01
4.513712406413019074e-01
6.058829087676689262e-01
4.407822349615177493e-01
4.478225174244459539e-01
2.115154683850274941e-01
3.778716236474875534e-01
2.674225721811983036e-01
5.461333432395033549e-01
3.531825637786192296e-01
3.457023993050951094e-01
5.714301361899061238e-01
4.360397873536121516e-01
4.944202990208002579e-01
4.443709917285548761e-01
3.496380444098504681e-01
3.927182566405696962e-01
4.075506423796007027e-01
5.378777857215552016e-01
4.119877442009434176e-01
3.417102452619378838e-01
1.377448830711245631e-01
4.636057161786970582e-01
3.469434149621233865e-01
6.095430222999366210e-01
3.772366590967370925e-01
3.240481809311347439e-01
4.432235738228216815e-01
3.988909815940320236e-01
4.382037990630747726e-01
3.075162856152826585e-01
3.744496708819304853e-01
1.645162764338526096e-01
5.374276288391415246e-01
6.471750958726044667e-01
2.364861954990991333e-01
3.766693233443918487e-01
3.560224384223935612e-01
3.799548041678105781e-01
6.691555572255153406e-01
5.080847414700404574e-01
3.132151493190213909e-01
4.469803510481410447e-01
6.306667864639625698e-01
2.821561888273060870e-01
2.630029380451999188e-01
5.985310332648261511e-01
2.252337911762831990e-01
3.894100720303865226e-01
3.154650645394943553e-01
4.744582707957984979e-01
2.230385812747994745e-01
3.165330463607650691e-01
1.543102060210477244e-01
9.251358563322129025e-02
3.933012674226731842e-01
1.576368611429742606e-01
1.136654469713267723e-01
1.343531523087210799e-01
4.668311232742014538e-01
5.630757631943583696e-01
3.273917877570870494e-01
4.120749721249567510e-01
3.262875556224572038e-01
4.429558340115021808e-01
3.821552551433146094e-01
4.421035721077190006e-01
3.522101941516172507e-01
3.753212472358961049e-01
1.308697692084273556e-01
1.377840857326844137e-01
5.661979581040608167e-01
3.477068307024859251e-01
2.196256897806366515e-01
1.934928955267155581e-01
5.017985551452993631e-01
5.474136124217890975e-01
3.265340700444572253e-01
4.109301895925265291e-01
4.972626221386399759e-01
4.918589047980788664e-01
4.892376336474719145e-01
3.386023914355523190e-01
3.515247045928989178e-01
5.345439649197670784e-01
2.524172313309693272e-01
2.004390331370611289e-01
3.750543599016465390e-01
5.514873040439148832e-01
4.379416308980169648e-01
5.783858314209752161e-01
4.046091093264652661e-01
2.903420098996825627e-01
3.518432047186040856e-01
4.768271855143915161e-01
1.062424951586907751e-01
