3.984534895072946309e-02
4.064431691203768127e-01
4.775026323481340040e-01
7.917488479760226294e-02
2.492415417669841537e-01
6.321980830416640273e-01
5.263473718406025403e-01
2.687817340867210691e-01
1.808240733486561891e-01
2.806269194428731573e-01
5.538936252264773374e-01
3.838114696636151790e-01
5.412864413505300010e-02
4.039726485540761081e-01
2.540007885989187253e-01
5.567958932104662140e-02
4.619425429959554963e-01
4.130328290151014659e-01
4.317496799419172637e-01
2.524429789358205722e-01
5.304302811342150870e-01
4.764339933491323342e-01
4.348133711084510855e-01
5.828190761444911328e-01
4.571812291688494567e-01
4.421591834985497682e-01
4.899228008737317452e-01
5.160655655581282142e-01
2.147256639549054713e-01
3.077627993238914450e-01
5.355618158919897009e-01
1.478282831711364986e-01
3.937992349458295238e-01
5.970557505348346172e-01
4.200895893726244168e-01
2.426678300405999966e-01
6.306806953502748225e-01
4.498704283142300753e-01
4.292757594070579774e-01
5.039949479455460013e-01
5.201117644356558767e-01
5.881947049587549214e-01
5.240435297582505259e-01
3.862195465755995372e-01
1.526613360564408328e-01
4.843742823679912379e-01
4.587207584220455159e-01
2.124661174326886726e-01
5.163345764810827604e-02
2.574117427140302783e-01
7.055120802023948090e-02
5.422981917081945435e-02
3.898954555405690359e-01
5.450437656536445408e-01
4.661830258545185401e-01
1.347918790507304232e-01
3.055940072731107571e-01
4.738632048856283863e-01
5.791364771457209182e-01
2.394528344811372722e-01
2.538331561764013006e-02
3.824750187198223683e-01
1.267149602222679972e-01
2.688704294735950670e-02
3.839650118775045362e-02
2.698004548723368368e-01
4.147903507730938411e-01
6.825803953756724718e-02
2.093459087507949234e-01
6.248244531358515541e-01
5.412588371992866909e-01
3.085754887388345025e-01
1.906457547384100559e-01
4.098740493019971676e-01
5.928724136606040584e-01
5.418122614288860966e-02
2.778850853562597201e-01
2.399259242065132358e-01
3.536014452185543000e-01
6.701676031617480600e-01
5.686289937839883457e-01
6.908294232626650544e-01
4.921353145217802760e-01
5.103643711540902794e-01
4.583424667089096016e-01
4.723534260628682868e-01
1.250578960564285302e-01
4.739449249232748906e-01
3.463887448388403012e-01
5.600123677527881760e-01
5.803465286979732074e-01
5.666928815958841570e-01
5.301346363117418470e-01
2.007369598461355431e-01
3.560291092891064435e-02
3.606525112056171989e-01
2.669080405604520867e-01
6.793277219347243490e-01
7.637830617636205410e-01
1.645762846570370530e-01
1.727455622679424929e-01
5.298687326358451077e-01
3.266399665384087658e-01
1.547506828946366153e-01
4.010866380485298421e-01
6.212432786845679678e-01
5.481151281834756306e-01
4.670922490760747170e-01
5.675719900496942749e-01
5.706913940952103026e-01
6.265923324498104963e-01
3.346785019155907315e-01
7.730702818365188522e-02
5.418319913808213872e-01
4.001943629897193877e-01
7.859702055768530427e-02
3.984534895072946309e-02
4.064431691203768127e-01
4.775026323481340040e-01
7.917488479760226294e-02
2.492415417669841537e-01
6.321980830416640273e-01
5.263473718406025403e-01
2.687817340867210691e-01
1.808240733486561891e-01
2.806269194428731573e-01
5.538936252264773374e-01
3.838114696636151790e-01
5.412864413505300010e-02
4.039726485540761081e-01
2.540007885989187253e-01
5.567958932104662140e-02
4.619425429959554963e-01
4.130328290151014659e-01
4.317496799419172637e-01
2.524429789358205722e-01
5.304302811342150870e-01
4.764339933491323342e-01
4.348133711084510855e-01
5.828190761444911328e-01
4.571812291688494567e-01
4.421591834985497682e-01
4.899228008737317452e-01
5.160655655581282142e-01
2.147256639549054713e-01
3.077627993238914450e-01
5.355618158919897009e-01
1.478282831711364986e-01
3.937992349458295238e-01
5.970557505348346172e-01
4.200895893726244168e-01
2.426678300405999966e-01
6.306806953502748225e-01
4.498704283142300753e-01
4.292757594070579774e-01
5.039949479455460013e-01
5.201117644356558767e-01
5.881947049587549214e-01
5.240435297582505259e-01
3.862195465755995372e-01
1.526613360564408328e-01
4.843742823679912379e-01
4.587207584220455159e-01
2.124661174326886726e-01
5.163345764810827604e-02
2.574117427140302783e-01
7.055120802023948090e-02
5.422981917081945435e-02
3.898954555405690359e-01
5.450437656536445408e-01
4.661830258545185401e-01
1.347918790507304232e-01
3.055940072731107571e-01
4.738632048856283863e-01
5.791364771457209182e-01
2.394528344811372722e-01
2.538331561764013006e-02
3.824750187198223683e-01
1.267149602222679972e-01
2.688704294735950670e-02
1.727411615069787132e-01
5.298687326358451077e-01
3.266399665384087658e-01
1.547506828946366153e-01
4.010866380485298421e-01
6.212432786845679678e-01
5.481151281834756306e-01
4.670903794659650998e-01
5.675590878440002207e-01
5.706913940952103026e-01
6.265923324498104963e-01
3.346785019155907315e-01
7.730702818365188522e-02
5.418319913808213872e-01
4.001943629897193877e-01
7.859702055768530427e-02
9.076952632160653622e-02
4.913169222603019359e-01
6.948218032410247158e-01
1.195058742376551159e-01
6.669419588369551732e-01
4.583714649143393327e-01
6.717548849182731763e-01
4.161326284150173582e-01
5.791052951482290601e-01
6.630535341778746039e-01
6.786591622323524531e-01
2.962367323905369387e-01
1.243982139143829518e-01
4.204386972936283717e-01
2.678796388199727874e-01
7.067368482512832728e-02
1.746717241538985610e-01
3.758110103271045666e-01
3.846916221503189903e-01
1.173996195285850475e-01
4.099077712332260814e-01
4.617463577978846434e-01
7.872985795723088653e-01
3.926551848791572930e-01
4.726195099592072069e-01
7.390624911037180222e-01
6.298200865694238981e-01
1.844977222374601378e-01
1.494509994637419625e-01
3.920328524016497562e-01
1.788941915419328677e-01
7.025396725700795708e-02
1.278073777566208213e-01
6.632657986530191563e-01
3.934522196496134105e-01
1.387497534134251587e-01
4.689343928300109821e-01
5.480223571019287032e-01
7.064876483478188529e-01
2.531796076441533705e-01
8.108133594670702271e-01
7.554136023423778656e-01
6.414793617284074712e-01
3.261206092774758813e-01
1.053596777787898647e-01
4.849527396577430483e-01
2.925766909688315986e-01
1.000273300478342758e-01
1.282688593795405230e-01
5.415143438781853114e-01
6.560934523203798552e-01
1.073491306439453979e-01
5.847344229006672389e-01
5.437352252215417181e-01
7.142222424902446853e-01
3.558419051783471843e-01
4.887811423326720028e-01
7.258083045314481785e-01
6.129742327681229064e-01
3.700893336128849853e-01
1.123480664227103215e-01
4.684907862777461518e-01
3.195468591389331037e-01
8.913053240147723877e-02
1.909468078363298627e-01
3.393914338924834961e-01
4.247315325122086316e-01
1.470900608214390781e-01
3.372453061320099255e-01
4.603978655069047576e-01
8.096732315660524204e-01
3.468757542217600354e-01
4.007353652589362714e-01
8.284364426441468421e-01
6.224278433143970446e-01
1.829662755364334648e-01
1.424934280441792211e-01
3.093715333722162897e-01
1.518568912487071598e-01
9.078698332004493665e-02
3.984534895072946309e-02
4.064431691203768127e-01
4.775026323481341706e-01
7.917488479760226294e-02
2.492415417669841815e-01
6.321980830416640273e-01
5.263473718406026514e-01
2.687817340867210691e-01
1.808240733486561613e-01
2.806269194428732128e-01
5.538936252264774485e-01
3.838114696636151235e-01
5.412864413505300010e-02
4.039726485540761081e-01
2.540007885989187808e-01
5.567958932104662140e-02
4.619425429959556073e-01
4.130328290151014659e-01
4.317496799419173192e-01
2.524429789358205722e-01
5.304302811342150870e-01
4.764339933491323342e-01
4.348133711084510855e-01
5.828190761444911328e-01
4.571812291688494567e-01
4.421591834985497127e-01
4.899228008737318008e-01
5.160655655581281032e-01
2.147256639549054436e-01
3.077627993238913340e-01
5.355618158919898120e-01
1.478282831711364986e-01
3.937992349458295238e-01
5.970557505348346172e-01
4.200895893726244168e-01
2.426678300406000244e-01
6.306806953502748225e-01
4.498704283142301308e-01
4.292757594070579774e-01
5.039949479455458903e-01
5.201117644356557657e-01
5.881947049587549214e-01
5.240435297582505259e-01
3.862195465755995927e-01
1.526613360564407773e-01
4.843742823679913490e-01
4.587207584220455714e-01
2.124661174326886726e-01
5.163345764810828298e-02
2.574117427140302228e-01
7.055120802023949478e-02
5.422981917081945435e-02
3.898954555405690359e-01
5.450437656536445408e-01
4.661830258545185401e-01
1.347918790507304232e-01
3.055940072731108126e-01
4.738632048856284418e-01
5.791364771457209182e-01
2.394528344811373000e-01
2.538331561764013353e-02
3.824750187198223683e-01
1.267149602222679972e-01
2.688704294735950323e-02
