3.705469928524657841e-01
4.443099170062136949e-01
4.345243517535647970e-01
4.083184517196056795e-01
2.884324552158298305e-01
3.563786401434201889e-01
3.065239153605404665e-01
3.087068778245832257e-01
3.773600648981795813e-01
2.403226552781476122e-01
2.102487828778498713e-01
4.113076772854836194e-01
4.630083459505698329e-01
5.431633217090904298e-01
3.970812367150831079e-01
3.397352843737152517e-01
3.533637184250485452e-01
2.937960260252559519e-01
4.036518049669025610e-01
3.228305272227336986e-01
3.574656875973387660e-01
2.449444602520878533e-01
2.049294545703341519e-01
3.066019165506487232e-01
2.380777872107844029e-01
1.610023035217391929e-01
2.782392659116544320e-01
3.698751737501160264e-01
2.194328214490356699e-01
2.897178558061782039e-01
2.301172735240454015e-01
4.233933798365592249e-01
6.289298617571391636e-01
1.650302032551528297e-01
2.532033853360570186e-01
4.098216785491139991e-01
3.035370077137374278e-01
1.128557642379174886e-01
1.812122760680841549e-01
3.683560759840165955e-01
3.623361751896026495e-01
1.345522269202689691e-01
2.410290880621547005e-01
3.408603564433048683e-01
3.765821764327472176e-01
2.202649181200378448e-01
2.633278409814684418e-01
5.026069199794336306e-01
3.634526495051975670e-01
3.900233889174438695e-01
2.481244820266076956e-01
4.101828537027038535e-01
6.537519521383146071e-01
4.785196328773992924e-01
2.978456461436462255e-01
4.626358002220042898e-01
3.848457734774944350e-01
3.389594646671767464e-01
3.397099721057044164e-01
3.800023406389795855e-01
2.609801500860802204e-01
7.436935168506458860e-01
4.625943702883525965e-01
3.833038424974132274e-01
4.342893329423219151e-01
4.672511029276086858e-01
6.230598982821669019e-01
3.817732003878788194e-01
3.294325182239247196e-01
4.218522553212626369e-01
3.480780411138421626e-01
3.473994289801633495e-01
5.795962068125747324e-01
3.042792442090199168e-01
2.539944863689958532e-01
4.355542370762308657e-01
4.406276966679406604e-01
3.434043399563081467e-01
4.587119951295666187e-01
3.657867463847467304e-01
3.224285410292866416e-01
3.587771227313020228e-01
2.313704072044820426e-01
2.616253665040417231e-01
2.586283175141844692e-01
1.848184144667734119e-01
2.251259511948296155e-01
3.489858640235517506e-01
7.391533133372969466e-01
1.760699606392209238e-01
2.896662651332417848e-01
1.218157066519687803e-01
3.976147869877012520e-01
3.817643764210799651e-01
3.041876908190221940e-01
5.987808421272997617e-01
5.371409111883240772e-01
3.898266986220403352e-01
3.852139465607608004e-01
5.915528695858187636e-01
4.513815189706958941e-01
3.441615414267804041e-01
2.754431359046594086e-01
5.475720577990301763e-01
3.108285168377864505e-01
3.195465513941385671e-01
2.804822751570483774e-01
4.539568901330706119e-01
4.769194492721561818e-01
2.046257193556434983e-01
2.888512696809981128e-01
3.369700211041065097e-01
4.342580082809087139e-01
6.369421158939440053e-01
3.498002751589853188e-01
4.822059281200331005e-01
3.705469928524657841e-01
4.443099170062136949e-01
4.345243517535647970e-01
4.083184517196056795e-01
2.884324552158298305e-01
3.563786401434201889e-01
3.065239153605404665e-01
3.087068778245832257e-01
3.773600648981795813e-01
2.403226552781476122e-01
2.102487828778498713e-01
4.113076772854836194e-01
4.630083459505698329e-01
5.431633217090904298e-01
3.970812367150831079e-01
3.397352843737152517e-01
3.533637184250485452e-01
2.937960260252559519e-01
4.036518049669025610e-01
3.228305272227336986e-01
3.574656875973387660e-01
2.449444602520878533e-01
2.049294545703341519e-01
3.066019165506487232e-01
2.380777872107844029e-01
1.610023035217391929e-01
2.782392659116544320e-01
3.698751737501160264e-01
2.194328214490356699e-01
2.897178558061782039e-01
2.301172735240454015e-01
4.233933798365592249e-01
6.289298617571391636e-01
1.650302032551528297e-01
2.532033853360570186e-01
4.098216785491139991e-01
3.035370077137374278e-01
1.128557642379174886e-01
1.812122760680841549e-01
3.683560759840165955e-01
3.623361751896026495e-01
1.345522269202689691e-01
2.410290880621547005e-01
3.408603564433048683e-01
3.765821764327472176e-01
2.202649181200378448e-01
2.633278409814684418e-01
5.026069199794336306e-01
3.634526495051975670e-01
3.900233889174438695e-01
2.481244820266076956e-01
4.101828537027038535e-01
6.537519521383146071e-01
4.785196328773992924e-01
2.978456461436462255e-01
4.626358002220042898e-01
3.848457734774944350e-01
3.389594646671767464e-01
3.397099721057044164e-01
3.800023406389795855e-01
2.609801500860802204e-01
7.436935168506458860e-01
4.625943702883525965e-01
3.833038424974132274e-01
4.513700198494311477e-01
3.441615414267804041e-01
2.754431359046594086e-01
5.475720577990301763e-01
3.108285168377864505e-01
3.195465513941385671e-01
2.804822751570483774e-01
4.539549744399384856e-01
4.769038422978048586e-01
2.046257193556434983e-01
2.888512696809981128e-01
3.369700211041065097e-01
4.342580082809087139e-01
6.369421158939440053e-01
3.498002751589853188e-01
4.822059281200331005e-01
4.510921260988981496e-01
4.269620439791949607e-01
4.317347142024078877e-01
4.122529602068598087e-01
3.184327278544116235e-01
2.390010304711190636e-01
3.536723081044879091e-01
4.349772715451821203e-01
5.875763299398671924e-01
1.643811856352332679e-01
3.025272533479068660e-01
4.175138293482723029e-01
4.292931895684513610e-01
5.729525295574204868e-01
2.695705073827604492e-01
5.148457393873029364e-01
3.961393170281605203e-01
4.066307524804698148e-01
3.910159083819036430e-01
4.336704051923273573e-01
4.071608793340146804e-01
2.235818556361133802e-01
2.558342749417965578e-01
5.853496304992109600e-01
5.138142774550820135e-01
2.009916730424146647e-01
2.823073115780888598e-01
3.608808081865854667e-01
5.105821978127398353e-01
6.323649953931519407e-01
3.786287790270097542e-01
4.129231884024278099e-01
3.864392889278542298e-01
5.096048310478116239e-01
3.798989972855046915e-01
5.044200540815892975e-01
4.094447542485283864e-01
2.602133531047832182e-01
2.501582136514278187e-01
3.767913269554923339e-01
6.011349756798148869e-01
2.963162533924201258e-01
2.642304879351189406e-01
4.574556247823867716e-01
5.203094007770983076e-01
5.728971086452816497e-01
3.722518624712014002e-01
4.597368556300249764e-01
3.836542822135139974e-01
5.074740497178955589e-01
4.848635947924742617e-01
4.762476706407164362e-01
4.106700791194253797e-01
2.539524611860871639e-01
2.884624540651058999e-01
4.216891857863673265e-01
4.528314086199280997e-01
2.688100048166981448e-01
2.560052185725094076e-01
4.699914147756992788e-01
5.105826487834371763e-01
6.142099687642741390e-01
3.505842794508182703e-01
4.611699869370836091e-01
3.761064349116751693e-01
4.211648470636767394e-01
4.176186383545134051e-01
4.971491993321723868e-01
3.966050481401053873e-01
2.032885905368437829e-01
2.945950719198663359e-01
4.723983174370239291e-01
4.413505534872549374e-01
2.800358184217717761e-01
2.479814569449026451e-01
3.734852915576736820e-01
4.776617867984261911e-01
5.202700247646747655e-01
3.271659921239407076e-01
4.496938089447282128e-01
3.705469928524657841e-01
4.443099170062136394e-01
4.345243517535648525e-01
4.083184517196056795e-01
2.884324552158299415e-01
3.563786401434201334e-01
3.065239153605405775e-01
3.087068778245832812e-01
3.773600648981795258e-01
2.403226552781476399e-01
2.102487828778498435e-01
4.113076772854835639e-01
4.630083459505697774e-01
5.431633217090905408e-01
3.970812367150831634e-01
3.397352843737152517e-01
3.533637184250485452e-01
2.937960260252559519e-01
4.036518049669025610e-01
3.228305272227337541e-01
3.574656875973387660e-01
2.449444602520878533e-01
2.049294545703341519e-01
3.066019165506487232e-01
2.380777872107844029e-01
1.610023035217391929e-01
2.782392659116544320e-01
3.698751737501160264e-01
2.194328214490356144e-01
2.897178558061781484e-01
2.301172735240454570e-01
4.233933798365592249e-01
6.289298617571391636e-01
1.650302032551527742e-01
2.532033853360570186e-01
4.098216785491139991e-01
3.035370077137374278e-01
1.128557642379175024e-01
1.812122760680841549e-01
3.683560759840165399e-01
3.623361751896025940e-01
1.345522269202689691e-01
2.410290880621546450e-01
3.408603564433049238e-01
3.765821764327471621e-01
2.202649181200378448e-01
2.633278409814684418e-01
5.026069199794336306e-01
3.634526495051975670e-01
3.900233889174437585e-01
2.481244820266076956e-01
4.101828537027038535e-01
6.537519521383147181e-01
4.785196328773992369e-01
2.978456461436461700e-01
4.626358002220041787e-01
3.848457734774944350e-01
3.389594646671768019e-01
3.397099721057044164e-01
3.800023406389796410e-01
2.609801500860802204e-01
7.436935168506458860e-01
4.625943702883526520e-01
3.833038424974132274e-01
