2.835106946532846006e-01
2.158068002733398993e-01
4.870028699549757145e-01
4.513034765107598045e-01
6.438907906744055776e-01
9.081802594428617370e-02
1.086882569172046703e-01
4.525952838105060660e-01
3.867397156984260786e-01
8.725792037211507757e-03
3.820630844069078380e-01
6.061754509665668866e-01
6.825095832313839983e-01
6.757576583811210069e-01
2.523819449065231035e-01
4.478597449908924832e-01
3.581006754685181481e-01
2.007926648121640956e-01
5.742707672796448781e-01
3.201511007778446438e-01
2.754998814217531344e-01
8.301007777626166761e-02
2.921927626223123561e-02
3.670960187353630166e-01
0.000000000000000000e+00
8.997679181229158163e-02
1.154898970644300249e-01
1.930531196902579016e-01
3.840434023639224814e-01
2.551069198624019152e-01
3.220613012987121326e-01
6.309513369494049728e-01
3.563176795400774810e-01
4.060468037025431465e-01
1.368588759019028767e-01
4.513355397148991477e-01
2.686562951211010630e-01
1.364008941877794256e-01
6.621668692378382404e-02
3.636218393998332798e-01
3.120380356962085822e-01
1.467947257987139154e-01
1.960195870270991236e-01
3.712315433059839576e-01
4.540077962768757636e-01
3.442938284809473615e-01
2.379432692184640374e-01
2.971182311872430648e-01
4.921441603802900744e-01
5.407145739840627519e-01
2.764996574397158291e-01
6.678349349915205790e-01
3.571915831424647969e-01
3.059133489461358102e-01
1.763887767279514185e-01
7.923817476071848276e-01
5.647569445382759623e-01
5.134070402846613312e-01
4.632212050244837731e-01
3.202858086187591602e-01
3.712310703897436781e-01
3.747438524590164244e-01
9.223501139330284593e-01
3.233073417499647273e-01
3.496844484514482487e-01
2.004910178923258735e-01
8.402401537576631441e-01
4.619815990292673868e-01
5.297769845484658902e-01
2.741855266177833927e-01
1.527672136498911815e-01
5.462743563706013994e-01
8.287574232374463890e-01
1.556013817529762200e-01
3.811245104186432586e-01
6.748829739310966414e-01
5.241837829863288389e-01
2.784561986357797503e-01
6.983267138243681726e-01
2.537247425614518326e-01
4.865697412322009807e-01
3.976525590032725654e-01
1.252936524566331811e-01
7.104394441568948060e-02
7.001609815679039894e-02
8.523702948988001737e-02
3.364727624819418006e-01
2.484842279876717241e-01
3.171957440359675084e-01
3.780630236226903418e-01
3.802595295463647718e-01
1.422965366719967928e-01
2.680936607175967712e-01
4.941001162448447892e-01
4.224769918531064983e-01
5.925885245853841354e-01
5.710298636381769821e-01
2.871407779559099760e-01
3.407476158997408966e-01
7.211455325041522535e-01
3.861426991612619819e-01
3.589872531262247590e-01
3.053050252717577351e-01
6.941510018846674956e-01
3.297321675874679281e-01
1.702210858883116407e-01
9.771927300993690779e-02
6.494463410414560434e-01
4.114796001630033895e-01
1.535978265628549777e-01
2.872906126916777159e-01
3.202382074516639254e-01
6.429949167057676940e-01
5.533866371724148747e-01
5.056599126463281468e-01
5.053687205325788634e-01
2.835106946532846006e-01
2.158068002733398993e-01
4.870028699549757145e-01
4.513034765107598045e-01
6.438907906744055776e-01
9.081802594428617370e-02
1.086882569172046703e-01
4.525952838105060660e-01
3.867397156984260786e-01
8.725792037211507757e-03
3.820630844069078380e-01
6.061754509665668866e-01
6.825095832313839983e-01
6.757576583811210069e-01
2.523819449065231035e-01
4.478597449908924832e-01
3.581006754685181481e-01
2.007926648121640956e-01
5.742707672796448781e-01
3.201511007778446438e-01
2.754998814217531344e-01
8.301007777626166761e-02
2.921927626223123561e-02
3.670960187353630166e-01
0.000000000000000000e+00
8.997679181229158163e-02
1.154898970644300249e-01
1.930531196902579016e-01
3.840434023639224814e-01
2.551069198624019152e-01
3.220613012987121326e-01
6.309513369494049728e-01
3.563176795400774810e-01
4.060468037025431465e-01
1.368588759019028767e-01
4.513355397148991477e-01
2.686562951211010630e-01
1.364008941877794256e-01
6.621668692378382404e-02
3.636218393998332798e-01
3.120380356962085822e-01
1.467947257987139154e-01
1.960195870270991236e-01
3.712315433059839576e-01
4.540077962768757636e-01
3.442938284809473615e-01
2.379432692184640374e-01
2.971182311872430648e-01
4.921441603802900744e-01
5.407145739840627519e-01
2.764996574397158291e-01
6.678349349915205790e-01
3.571915831424647969e-01
3.059133489461358102e-01
1.763887767279514185e-01
7.923817476071848276e-01
5.647569445382759623e-01
5.134070402846613312e-01
4.632212050244837731e-01
3.202858086187591602e-01
3.712310703897436781e-01
3.747438524590164244e-01
9.223501139330284593e-01
3.233073417499647273e-01
3.861328620245238485e-01
3.589872531262247590e-01
3.053050252717577351e-01
6.941510018846674956e-01
3.297321675874679281e-01
1.702210858883116407e-01
9.771927300993690779e-02
6.494451111875768623e-01
4.114620406823981669e-01
1.535978265628549777e-01
2.872906126916777159e-01
3.202382074516639254e-01
6.429949167057676940e-01
5.533866371724148747e-01
5.056599126463281468e-01
5.053687205325788634e-01
5.532571578761638076e-01
1.687765864244033520e-01
3.775418528298191689e-01
5.469576729555571948e-01
1.508094464767849030e-01
1.298615110623755620e-01
2.658737537120208216e-01
4.985620949679950287e-01
4.335271400639179040e-01
2.690991121051203860e-01
1.716718126569452552e-01
3.683364637561269417e-01
5.277379597341527173e-01
4.411680945816726096e-01
5.279195149001479903e-01
6.281925250992141940e-01
4.568774007886586830e-01
1.634115014135108512e-01
5.095223938018085263e-01
5.346879544694012054e-01
2.724434623716361914e-01
1.759080380327230353e-01
1.948725333229277545e-01
4.613064681724845517e-01
5.622194608403650040e-01
9.784443873469174380e-02
2.479135740550700018e-01
3.373868686718379251e-01
5.705749544731262279e-01
7.773837705976279766e-01
2.342875396881586303e-01
6.188883545550571963e-01
4.644323601677620705e-01
1.990903304498676807e-01
2.537419868128064637e-01
7.070480840078418039e-01
2.753439848135333379e-01
2.435943581342365771e-01
7.197790412042182062e-02
4.155300529933698694e-01
4.282701165632638585e-01
1.632260709267722709e-01
4.539912089035652021e-01
2.195185225386576677e-01
6.520949730626675045e-01
6.416808286801003458e-01
3.061442475526809370e-01
6.110306142480960157e-01
5.504674771865860627e-01
2.618690550441311049e-01
3.862550555937170338e-01
5.386373434748927824e-01
2.293556538718169446e-01
2.286093632214330484e-01
2.098127889819358383e-01
3.409083918921505529e-01
3.354637662524297959e-01
2.180428726734663092e-01
2.247917847455463414e-01
4.757002785566804004e-01
5.219178420948139552e-01
5.437531690304282517e-01
4.467266889338832314e-01
6.926470142456889745e-01
4.794183805986118596e-01
5.601725707711702196e-02
2.163741355305504044e-01
7.627080830145872570e-01
2.530181327325882745e-01
1.286003853901644678e-01
3.679110196501163554e-01
2.820188989873931296e-01
4.157197423705166761e-01
2.364870423369204722e-01
1.747429137716330905e-01
3.325556992659149391e-01
4.841969452629110160e-01
7.436675153960174978e-01
3.525492256164451943e-01
6.137628687279240713e-01
2.835106946532846006e-01
2.158068002733398716e-01
4.870028699549757700e-01
4.513034765107598600e-01
6.438907906744056886e-01
9.081802594428620146e-02
1.086882569172046842e-01
4.525952838105060660e-01
3.867397156984260231e-01
8.725792037211493879e-03
3.820630844069078380e-01
6.061754509665668866e-01
6.825095832313839983e-01
6.757576583811211179e-01
2.523819449065231590e-01
4.478597449908925388e-01
3.581006754685182036e-01
2.007926648121640956e-01
5.742707672796448781e-01
3.201511007778446993e-01
2.754998814217531344e-01
8.301007777626166761e-02
2.921927626223123214e-02
3.670960187353630166e-01
0.000000000000000000e+00
8.997679181229156775e-02
1.154898970644300388e-01
1.930531196902578739e-01
3.840434023639224814e-01
2.551069198624018042e-01
3.220613012987121326e-01
6.309513369494048618e-01
3.563176795400774810e-01
4.060468037025430910e-01
1.368588759019028767e-01
4.513355397148990367e-01
2.686562951211010630e-01
1.364008941877794534e-01
6.621668692378382404e-02
3.636218393998332798e-01
3.120380356962085266e-01
1.467947257987139154e-01
1.960195870270990959e-01
3.712315433059840131e-01
4.540077962768756525e-01
3.442938284809473615e-01
2.379432692184640652e-01
2.971182311872431203e-01
4.921441603802900744e-01
5.407145739840626408e-01
2.764996574397158846e-01
6.678349349915205790e-01
3.571915831424649079e-01
3.059133489461357547e-01
1.763887767279514185e-01
7.923817476071848276e-01
5.647569445382759623e-01
5.134070402846613312e-01
4.632212050244837731e-01
3.202858086187592157e-01
3.712310703897437336e-01
3.747438524590164244e-01
9.223501139330285703e-01
3.233073417499646718e-01
