1.773363251554541942e-01
4.545084917640134226e-01
2.875362640147438031e-01
1.739668558486382743e-01
2.383636157966920743e-01
4.640788904962988015e-01
6.153303482870446928e-01
2.947136284296957842e-01
2.056584886710123294e-01
2.610652477269181926e-01
2.607967478743191680e-01
3.407936672860799043e-01
1.387069182581527338e-01
4.151233845862383198e-01
4.014407431327199349e-01
1.540350727996229740e-01
2.417938042963160838e-01
3.304559192619364039e-01
6.429827011690538718e-01
2.807428319540364869e-01
4.844903996275523039e-01
2.021764090929826230e-01
4.051655156114500334e-01
3.608718035161891380e-01
4.501358526235270108e-01
4.781966485665725686e-01
5.005581187687775380e-01
6.785396078462700986e-01
1.756077912558311194e-01
2.032136723471285045e-01
4.403268734604874890e-01
2.348344971660769054e-01
5.271560238756232142e-01
5.412146587794298691e-01
1.680214641149724297e-01
3.249320085954132686e-01
5.207399263924684663e-01
4.030605751361882039e-01
5.106183552290916028e-01
4.461132945202406774e-01
3.793589696171914549e-01
4.848902672060206864e-01
2.422819749209966511e-01
3.946731133101640254e-01
2.621345068759423635e-01
5.308051501455816057e-01
3.558624201257921671e-01
3.410589271182877247e-01
1.550146778952878890e-01
3.018662459471740944e-01
1.026634914515374142e-01
1.561885575055378117e-01
3.929736889736024086e-01
4.637059849930978972e-01
4.958315120925240183e-01
2.275622340733140514e-01
2.907119753159768116e-01
5.013729115539400372e-01
5.526883742274245614e-01
2.654254878581202015e-01
1.186874919426779001e-01
4.978055139203367840e-01
2.471881362194297826e-01
1.244467425862329640e-01
1.736593454746810650e-01
3.769979716158590732e-01
3.551695081956431355e-01
1.676972354647682795e-01
2.192966606766078852e-01
5.243919556469496257e-01
6.684252974928928115e-01
2.963178540961095009e-01
2.774882112197550876e-01
3.633251192358303294e-01
3.112759336533638677e-01
1.477923580103779611e-01
3.327397588791204397e-01
3.209228425339178958e-01
2.781830306446547718e-01
4.914038809549707842e-01
6.140047889878502696e-01
6.333936142287761584e-01
2.099122119802788733e-01
4.966231499607360877e-01
4.681208535045887076e-01
5.347199902617236766e-01
1.198943543008215151e-01
2.382386347936171489e-01
5.091275915061665991e-01
5.525485646466361533e-01
5.295642901638613065e-01
4.829416867964939630e-01
3.992358178283166303e-01
2.795711447463108401e-01
1.333354686922834931e-01
3.480667599492885400e-01
3.198562984649771512e-01
5.974033652837474895e-01
6.649281694480189131e-01
3.014355849615922289e-01
2.447023552839452110e-01
5.005964564063665190e-01
2.169458142016420510e-01
2.814726519463418009e-01
3.393886420471806664e-01
4.484533708996815693e-01
5.907370177690333124e-01
4.044460961272460242e-01
5.041338704385291969e-01
5.479017491940147977e-01
4.513709063541970767e-01
3.955014190808832653e-01
1.825169757825437777e-01
5.642366413081641996e-01
4.020849698337825573e-01
2.082030204838299092e-01
1.773363251554541942e-01
4.545084917640134226e-01
2.875362640147438031e-01
1.739668558486382743e-01
2.383636157966920743e-01
4.640788904962988015e-01
6.153303482870446928e-01
2.947136284296957842e-01
2.056584886710123294e-01
2.610652477269181926e-01
2.607967478743191680e-01
3.407936672860799043e-01
1.387069182581527338e-01
4.151233845862383198e-01
4.014407431327199349e-01
1.540350727996229740e-01
2.417938042963160838e-01
3.304559192619364039e-01
6.429827011690538718e-01
2.807428319540364869e-01
4.844903996275523039e-01
2.021764090929826230e-01
4.051655156114500334e-01
3.608718035161891380e-01
4.501358526235270108e-01
4.781966485665725686e-01
5.005581187687775380e-01
6.785396078462700986e-01
1.756077912558311194e-01
2.032136723471285045e-01
4.403268734604874890e-01
2.348344971660769054e-01
5.271560238756232142e-01
5.412146587794298691e-01
1.680214641149724297e-01
3.249320085954132686e-01
5.207399263924684663e-01
4.030605751361882039e-01
5.106183552290916028e-01
4.461132945202406774e-01
3.793589696171914549e-01
4.848902672060206864e-01
2.422819749209966511e-01
3.946731133101640254e-01
2.621345068759423635e-01
5.308051501455816057e-01
3.558624201257921671e-01
3.410589271182877247e-01
1.550146778952878890e-01
3.018662459471740944e-01
1.026634914515374142e-01
1.561885575055378117e-01
3.929736889736024086e-01
4.637059849930978972e-01
4.958315120925240183e-01
2.275622340733140514e-01
2.907119753159768116e-01
5.013729115539400372e-01
5.526883742274245614e-01
2.654254878581202015e-01
1.186874919426779001e-01
4.978055139203367840e-01
2.471881362194297826e-01
1.244467425862329640e-01
2.446961213954519376e-01
5.005964564063665190e-01
2.169458142016420510e-01
2.814726519463418009e-01
3.393886420471806664e-01
4.484533708996815693e-01
5.907370177690333124e-01
4.044440067344804435e-01
5.041190754514952577e-01
5.479017491940147977e-01
4.513709063541970767e-01
3.955014190808832653e-01
1.825169757825437777e-01
5.642366413081641996e-01
4.020849698337825573e-01
2.082030204838299092e-01
1.959976559365389503e-01
4.381016232748501937e-01
5.446324440325998051e-01
2.045798308485498040e-01
4.707330087796442464e-01
3.456630003642898741e-01
6.802481982359228629e-01
4.421735676316725372e-01
5.834232890191116683e-01
5.979264515209194997e-01
4.758813855028635742e-01
3.664820021567041231e-01
2.033248398710375549e-01
4.732463736736911564e-01
3.536562427781894113e-01
1.914914798100116888e-01
2.136991657558088564e-01
3.666589982877256904e-01
4.198710978941250782e-01
1.753435948594390947e-01
4.236307540293398066e-01
3.989230128934619923e-01
5.677889671710122377e-01
5.488550021526638067e-01
5.001601776946822397e-01
5.220737160368612573e-01
5.723832556489703016e-01
2.741111889494347031e-01
2.073599721309417054e-01
6.202900643291230365e-01
2.657061068680072191e-01
1.631971200237203878e-01
1.781063813986871192e-01
6.023521859959882763e-01
4.183479272650483249e-01
2.139336822411144756e-01
4.431515533416246488e-01
4.775371811004703315e-01
5.400620825904747235e-01
3.340135947506812641e-01
7.666712986706453181e-01
5.761289538220881745e-01
5.411323183655933899e-01
4.524366423956349692e-01
1.972301302317824856e-01
5.827829729162468109e-01
3.707432760769677205e-01
1.927555989958875116e-01
1.708901872078659734e-01
5.138200925055282919e-01
6.057367656071510620e-01
2.077508548895014573e-01
5.062668366869960135e-01
4.522462061012861301e-01
5.782622908377036408e-01
4.385113006105755828e-01
5.286009340756143704e-01
5.858149020214555858e-01
4.948737286723104978e-01
4.332439316600957824e-01
2.018797693099633195e-01
5.775210413871327830e-01
4.126272498617601370e-01
1.759189374432009179e-01
2.074297708189956901e-01
3.794389724913114215e-01
4.824108104476717562e-01
1.989729170325897634e-01
3.940534971657296270e-01
3.821740735948254142e-01
5.968725488370832943e-01
4.561789924924443684e-01
4.393880692156110213e-01
6.321789431589138752e-01
5.276404252167316011e-01
2.944016102147578029e-01
1.927911035962790731e-01
4.489723098382823463e-01
2.734958257795132575e-01
1.932400774900649432e-01
1.773363251554541942e-01
4.545084917640133670e-01
2.875362640147438587e-01
1.739668558486382743e-01
2.383636157966921021e-01
4.640788904962988015e-01
6.153303482870448038e-01
2.947136284296957842e-01
2.056584886710123572e-01
2.610652477269181926e-01
2.607967478743191680e-01
3.407936672860799043e-01
1.387069182581527338e-01
4.151233845862384308e-01
4.014407431327199904e-01
1.540350727996229740e-01
2.417938042963160838e-01
3.304559192619364039e-01
6.429827011690539829e-01
2.807428319540364869e-01
4.844903996275523594e-01
2.021764090929826507e-01
4.051655156114500334e-01
3.608718035161890825e-01
4.501358526235270108e-01
4.781966485665725131e-01
5.005581187687776490e-01
6.785396078462699876e-01
1.756077912558310916e-01
2.032136723471284490e-01
4.403268734604875445e-01
2.348344971660769054e-01
5.271560238756232142e-01
5.412146587794297581e-01
1.680214641149724575e-01
3.249320085954132686e-01
5.207399263924683552e-01
4.030605751361882594e-01
5.106183552290916028e-01
4.461132945202405664e-01
3.793589696171914549e-01
4.848902672060206864e-01
2.422819749209965956e-01
3.946731133101640254e-01
2.621345068759423080e-01
5.308051501455816057e-01
3.558624201257921671e-01
3.410589271182877802e-01
1.550146778952879167e-01
3.018662459471740389e-01
1.026634914515374142e-01
1.561885575055378117e-01
3.929736889736024086e-01
4.637059849930978417e-01
4.958315120925240183e-01
2.275622340733140514e-01
2.907119753159768671e-01
5.013729115539400372e-01
5.526883742274245614e-01
2.654254878581202015e-01
1.186874919426779279e-01
4.978055139203367840e-01
2.471881362194297826e-01
1.244467425862329502e-01
