7.892697332155237389e-01
7.472997205586914271e-01
9.566951064632691626e-01
4.666224383670318221e-01
4.567284963414086629e-01
2.091267197512866050e-01
4.048415758626304761e-01
2.736845323774357852e-01
7.379682557508970842e-01
6.692090313898084730e-01
3.030776918205221326e-01
4.119023817425128131e-01
4.327543983815709816e-01
2.521936032194033173e-01
3.542940331444014435e-01
4.135488328522318735e-01
6.059307439762683378e-01
2.130717111515338380e-01
2.423301560473523075e-01
1.389956923701503033e-01
2.677287521224266942e-01
6.413306737591467632e-02
7.506744518382864328e-02
2.232480067142257607e-01
2.930911790414096885e-01
1.926333329457064758e-01
9.961864593489766495e-02
1.954138064326436663e-01
5.563042758769137786e-01
8.590161681432832708e-02
1.568503324894036238e-02
2.880337937463668951e-01
7.654377283867572768e-01
1.503877813265173113e-01
3.464314906177269338e-01
4.634950023938617658e-01
3.753694056022919279e-01
1.517253756810465481e-01
2.847623195950216846e-01
4.535528043725231551e-01
2.185263621040222093e-01
1.345921657134357130e-01
9.002512410870527892e-02
1.137174427002346500e-01
1.846249564091485829e-01
2.549374515004804859e-02
1.683294542550336503e-01
3.973694779869166860e-01
7.154975214415737472e-01
3.083694590077593056e-01
7.144079033796100209e-01
3.198016602273768272e-01
2.953480674815772700e-01
1.025118398177567308e-01
7.634788314024859579e-02
9.872367500306078458e-02
3.733580666994765762e-01
2.210276751845421106e-01
1.772640818152587117e-01
1.917992255684152492e-01
5.796104586913083390e-01
1.584662190516155922e-01
3.754620973489128932e-01
4.839212686464050561e-01
7.323723427301152000e-01
5.949451190881089868e-01
8.769000717668695710e-01
4.502976633233185533e-01
3.177675376321306144e-01
1.826083800734485951e-01
3.207800634796030836e-01
3.285565999455314357e-01
5.844603383792633666e-01
6.248061634015922294e-01
2.594334834213479768e-01
3.740513624232980616e-01
3.451696499557437292e-01
2.181189986993245788e-01
5.715301774228108700e-01
1.965129809632074898e-01
7.097452084431958574e-02
1.548476701693959623e-01
6.265135605943922270e-02
9.257188672679561581e-02
1.868998347502467960e-01
2.561149506396566133e-01
6.767386305304942118e-01
2.888226918283972044e-01
4.342945633112151871e-01
6.581522842165413167e-02
2.584845056585954870e-01
1.446342576642114242e-01
9.502757674704809254e-02
2.417738239036955061e-01
6.375120996449604727e-01
3.687928108375823633e-01
8.881662228708029350e-01
2.396716302867416548e-01
3.277231137884898393e-01
4.685925515177823963e-01
8.575310642969667940e-01
3.977261723558656592e-01
5.981979942246445914e-01
4.958126046129582298e-01
2.639435461439373354e-01
1.509201261085203194e-01
2.265383309647659993e-01
2.954252767207985464e-01
6.148918055049865661e-01
3.053763181566188090e-01
1.411960677678211207e-01
8.979982462789359854e-02
6.200837621838958258e-01
1.414045872214899358e-01
1.715567839460118704e-01
5.084233862717056907e-01
7.892697332155237389e-01
7.472997205586914271e-01
9.566951064632691626e-01
4.666224383670318221e-01
4.567284963414086629e-01
2.091267197512866050e-01
4.048415758626304761e-01
2.736845323774357852e-01
7.379682557508970842e-01
6.692090313898084730e-01
3.030776918205221326e-01
4.119023817425128131e-01
4.327543983815709816e-01
2.521936032194033173e-01
3.542940331444014435e-01
4.135488328522318735e-01
6.059307439762683378e-01
2.130717111515338380e-01
2.423301560473523075e-01
1.389956923701503033e-01
2.677287521224266942e-01
6.413306737591467632e-02
7.506744518382864328e-02
2.232480067142257607e-01
2.930911790414096885e-01
1.926333329457064758e-01
9.961864593489766495e-02
1.954138064326436663e-01
5.563042758769137786e-01
8.590161681432832708e-02
1.568503324894036238e-02
2.880337937463668951e-01
7.654377283867572768e-01
1.503877813265173113e-01
3.464314906177269338e-01
4.634950023938617658e-01
3.753694056022919279e-01
1.517253756810465481e-01
2.847623195950216846e-01
4.535528043725231551e-01
2.185263621040222093e-01
1.345921657134357130e-01
9.002512410870527892e-02
1.137174427002346500e-01
1.846249564091485829e-01
2.549374515004804859e-02
1.683294542550336503e-01
3.973694779869166860e-01
7.154975214415737472e-01
3.083694590077593056e-01
7.144079033796100209e-01
3.198016602273768272e-01
2.953480674815772700e-01
1.025118398177567308e-01
7.634788314024859579e-02
9.872367500306078458e-02
3.733580666994765762e-01
2.210276751845421106e-01
1.772640818152587117e-01
1.917992255684152492e-01
5.796104586913083390e-01
1.584662190516155922e-01
3.754620973489128932e-01
4.839212686464050561e-01
8.575092183567095683e-01
3.977261723558656592e-01
5.981979942246445914e-01
4.958126046129582298e-01
2.639435461439373354e-01
1.509201261085203194e-01
2.265383309647659993e-01
2.954228048482776536e-01
6.148803151643391640e-01
3.053763181566188090e-01
1.411960677678211207e-01
8.979982462789359854e-02
6.200837621838958258e-01
1.414045872214899358e-01
1.715567839460118704e-01
5.084233862717056907e-01
7.931115484340162114e-01
5.760366705866999393e-01
8.251916507241927601e-01
4.675873669877000371e-01
6.322932134629555279e-01
1.289345723961008439e-01
1.003098467397273985e-01
2.174454019664349702e-01
5.235068188633306141e-01
1.323160433374807599e-01
2.965192196674523162e-01
3.440134308350992765e-01
6.381224579623638871e-01
1.677178267738477224e-02
1.643604732645590483e-01
4.163353170562422711e-01
8.170655260847937695e-01
5.770034007312718760e-01
7.020430681085940705e-01
4.408507758376855046e-01
4.847637060729916847e-01
6.549121457296548654e-02
1.650562101020495165e-01
3.488430871356630325e-01
6.996824218088377734e-01
1.407891678634103361e-01
1.740000700904484610e-01
3.259632691795629200e-01
6.844273617473716209e-01
1.473092222915441951e-01
2.060279435433370887e-01
2.951554424640949748e-01
8.157073859380593595e-01
7.035480643801103051e-01
5.472891699502553386e-01
5.742776099589902428e-01
4.757002450210368605e-01
1.451627372297837615e-01
1.353886518500304892e-01
9.825281815672931574e-02
6.736064066758503666e-01
1.354260324175498020e-01
2.303825847209388100e-01
4.803728770321040731e-01
6.933474190008106497e-01
1.307364073778201630e-01
2.917084670837042926e-01
3.138671625346347027e-01
7.957043788889934799e-01
5.542887057791372474e-01
6.776674901059127620e-01
6.097321809957113592e-01
4.793479465942656614e-01
1.224966978530492717e-01
1.701400681773294066e-01
1.463524391500715671e-01
6.694068423588135364e-01
1.706960889859655273e-01
1.794878826563969798e-01
3.781811481195432867e-01
6.273322303372269593e-01
2.749217208042908367e-01
2.727228163250157156e-01
3.085014980030723053e-01
7.876085987015710721e-01
5.027153906557315644e-01
6.548223612836908680e-01
6.262498080035172610e-01
4.758829803418090365e-01
1.016238540559907255e-01
1.624954804511902773e-01
2.273272197321458687e-01
7.128632525944419429e-01
1.165352753184823592e-01
2.135015590570314981e-01
2.794424297720515260e-01
5.952921669418794748e-01
2.352448710405073418e-01
2.049453752669117002e-01
2.924770391301953487e-01
7.892697332155237389e-01
7.472997205586913161e-01
9.566951064632693846e-01
4.666224383670318221e-01
4.567284963414086629e-01
2.091267197512866050e-01
4.048415758626305316e-01
2.736845323774358962e-01
7.379682557508971952e-01
6.692090313898084730e-01
3.030776918205221326e-01
4.119023817425127576e-01
4.327543983815709816e-01
2.521936032194034283e-01
3.542940331444014990e-01
4.135488328522319290e-01
6.059307439762684488e-01
2.130717111515338102e-01
2.423301560473523353e-01
1.389956923701503033e-01
2.677287521224266942e-01
6.413306737591466244e-02
7.506744518382864328e-02
2.232480067142257329e-01
2.930911790414096885e-01
1.926333329457064758e-01
9.961864593489766495e-02
1.954138064326436386e-01
5.563042758769136675e-01
8.590161681432829932e-02
1.568503324894036238e-02
2.880337937463668951e-01
7.654377283867572768e-01
1.503877813265172558e-01
3.464314906177269893e-01
4.634950023938617658e-01
3.753694056022919834e-01
1.517253756810465481e-01
2.847623195950216846e-01
4.535528043725230996e-01
2.185263621040221538e-01
1.345921657134357130e-01
9.002512410870527892e-02
1.137174427002346638e-01
1.846249564091485273e-01
2.549374515004804859e-02
1.683294542550336781e-01
3.973694779869167415e-01
7.154975214415738582e-01
3.083694590077591946e-01
7.144079033796101319e-01
3.198016602273768272e-01
2.953480674815772700e-01
1.025118398177567308e-01
7.634788314024859579e-02
9.872367500306075683e-02
3.733580666994765762e-01
2.210276751845421384e-01
1.772640818152587394e-01
1.917992255684152492e-01
5.796104586913084500e-01
1.584662190516155922e-01
3.754620973489129487e-01
4.839212686464050006e-01
