3.500073001639389947e-01
3.312390859322350556e-01
6.034286773956272221e-01
3.714369260068655643e-01
2.054982415071227586e-01
9.056555001106339486e-02
2.705880351401419581e-01
4.123399116915736906e-01
6.185689757644974307e-01
3.332303384062884621e-01
3.900682315114998855e-01
5.188574787488439144e-01
2.620290348302338201e-01
3.809542788782989131e-01
5.834325213063521476e-01
3.577902831575271447e-01
4.060525952220838120e-01
1.557562920643360271e-01
4.710673896036494113e-01
1.505202793310583820e-01
2.240241087956584554e-01
1.199014234575776910e-01
8.440981890619572714e-02
4.124095593071694932e-01
1.880321816707875293e-01
9.626984083402388703e-02
1.194484413692767644e-01
4.122445215356554948e-01
3.686582876279438925e-01
3.612241751641679932e-01
2.479055948610911775e-01
4.976110794181811681e-01
6.214268882444163866e-01
1.445689901925408805e-01
4.404100302543187961e-01
4.789550489582089510e-01
4.621645515490922507e-01
1.313467939646409122e-01
1.842046313722800199e-01
3.696011505059476066e-01
4.610904281982997066e-01
1.766943750569917315e-01
5.940622742238064330e-02
2.397072021164478040e-01
2.991986441919003981e-01
2.280989615261481696e-01
3.156856633840757764e-01
5.424585575541220894e-01
3.273471045375363486e-01
3.661069800766175164e-01
3.992537207507269592e-01
3.652112991958307298e-01
4.879153545519323565e-01
4.189557427882356633e-01
1.934436880493779765e-01
6.135244893045979087e-01
4.022956784544366449e-01
4.943836266016733982e-01
4.570711025435866826e-01
3.940898833520009581e-01
3.773762451580778832e-01
6.357980705985529779e-01
5.287736386124622934e-01
4.358588430063983776e-01
4.529786518951043339e-01
4.199441133605973930e-01
8.074344797021242304e-01
3.742190942963042888e-01
2.827919342586221463e-01
1.891965083057026153e-01
3.479120656615416474e-01
4.704445513072150198e-01
8.723336738535800716e-01
3.635362364780365674e-01
4.102100318847514138e-01
3.156542259879813184e-01
4.112198076934469038e-01
3.251875574301739125e-01
5.256694475102442476e-01
2.883116919486399254e-01
3.732868032844453010e-01
3.527429627607624463e-01
7.616759825433032371e-02
1.081077333303921278e-01
1.825381002019993149e-01
1.495656641993878266e-01
3.948015594100346970e-01
5.203097162921915819e-01
6.620196692690493157e-01
1.685315468116764248e-01
4.885702870034693834e-01
1.556266596067607810e-01
4.222225269070329912e-01
3.296005854041965666e-01
3.552185335765661867e-01
5.144910388705676851e-01
5.378939289946971236e-01
3.119146901575718944e-01
4.263565723513814687e-01
6.446112898116727052e-01
4.423389936817063717e-01
2.047925579235331806e-01
4.899348330453991984e-01
4.810912305175885639e-01
2.232487286943105609e-01
2.075308839784901493e-01
1.986129526087998254e-01
5.859097860986800521e-01
6.067303875210505737e-01
2.499622392070411370e-01
2.417307365120826557e-01
3.516452109530749381e-01
4.277861871512482761e-01
5.727859459840496381e-01
4.580866709275180360e-01
5.406602895706128509e-01
3.500073001639389947e-01
3.312390859322350556e-01
6.034286773956272221e-01
3.714369260068655643e-01
2.054982415071227586e-01
9.056555001106339486e-02
2.705880351401419581e-01
4.123399116915736906e-01
6.185689757644974307e-01
3.332303384062884621e-01
3.900682315114998855e-01
5.188574787488439144e-01
2.620290348302338201e-01
3.809542788782989131e-01
5.834325213063521476e-01
3.577902831575271447e-01
4.060525952220838120e-01
1.557562920643360271e-01
4.710673896036494113e-01
1.505202793310583820e-01
2.240241087956584554e-01
1.199014234575776910e-01
8.440981890619572714e-02
4.124095593071694932e-01
1.880321816707875293e-01
9.626984083402388703e-02
1.194484413692767644e-01
4.122445215356554948e-01
3.686582876279438925e-01
3.612241751641679932e-01
2.479055948610911775e-01
4.976110794181811681e-01
6.214268882444163866e-01
1.445689901925408805e-01
4.404100302543187961e-01
4.789550489582089510e-01
4.621645515490922507e-01
1.313467939646409122e-01
1.842046313722800199e-01
3.696011505059476066e-01
4.610904281982997066e-01
1.766943750569917315e-01
5.940622742238064330e-02
2.397072021164478040e-01
2.991986441919003981e-01
2.280989615261481696e-01
3.156856633840757764e-01
5.424585575541220894e-01
3.273471045375363486e-01
3.661069800766175164e-01
3.992537207507269592e-01
3.652112991958307298e-01
4.879153545519323565e-01
4.189557427882356633e-01
1.934436880493779765e-01
6.135244893045979087e-01
4.022956784544366449e-01
4.943836266016733982e-01
4.570711025435866826e-01
3.940898833520009581e-01
3.773762451580778832e-01
6.357980705985529779e-01
5.287736386124622934e-01
4.358588430063983776e-01
4.423277249223206420e-01
2.047925579235331806e-01
4.899348330453991984e-01
4.810912305175885639e-01
2.232487286943105609e-01
2.075308839784901493e-01
1.986129526087998254e-01
5.859083333383311443e-01
6.067186536709838762e-01
2.499622392070411370e-01
2.417307365120826557e-01
3.516452109530749381e-01
4.277861871512482761e-01
5.727859459840496381e-01
4.580866709275180360e-01
5.406602895706128509e-01
4.122257446939681103e-01
2.522182974298026736e-01
6.908048494635374848e-01
4.444451942108239018e-01
3.041133975783675836e-01
1.579455018050480997e-01
2.469902878374037047e-01
4.515093787492531763e-01
6.699309429613039546e-01
1.859929157284144208e-01
3.206156054778673270e-01
4.257910628792292984e-01
4.454287556809128357e-01
5.475075376737797983e-01
3.672550397349505502e-01
5.679747771439901394e-01
3.928379186602870554e-01
3.401922807931145321e-01
3.678069345549303537e-01
4.923525593343427431e-01
4.003222931686589714e-01
1.399313092339914411e-01
2.295595489951214319e-01
4.846491228070174406e-01
4.896180322179781719e-01
2.407310605906681222e-01
2.777485919702703532e-01
4.651494557704361488e-01
5.330612466644342184e-01
4.563457930632783821e-01
6.467414029695104372e-01
4.465074598543967710e-01
3.751018052585570195e-01
3.757390113755036953e-01
3.238738501311542173e-01
6.143141241979900302e-01
3.782686676742874066e-01
1.494189261914588562e-01
2.721375384146484389e-01
2.640862580808309712e-01
6.881452345614130772e-01
3.168629475284945318e-01
2.357566824423243390e-01
5.654798616931546729e-01
5.135466513875718286e-01
5.378290175248625626e-01
5.579201662298274300e-01
4.814799770020168346e-01
3.388520779795163862e-01
4.918497501395822646e-01
5.020024522199844075e-01
5.275081296993238134e-01
3.636829233958717711e-01
1.694150738570249226e-01
2.700599913131725427e-01
3.338196050458764330e-01
5.030510801193842640e-01
2.010408771399211647e-01
2.961320887684563141e-01
6.197924159909068420e-01
5.698630591674289647e-01
5.656263995241503917e-01
4.347555762199262208e-01
4.877164608680974456e-01
3.586017306168607366e-01
3.074249656209464554e-01
5.026472779226128784e-01
5.434532825158925329e-01
3.512319462225158007e-01
1.535660127684929099e-01
2.630844031973418318e-01
3.637249107435805429e-01
4.974701921749490330e-01
2.457665886460081439e-01
2.527827600754981585e-01
5.323169716981097643e-01
5.042283613865921055e-01
4.512285052288972920e-01
4.509326253215327762e-01
4.965250543741034361e-01
3.500073001639389392e-01
3.312390859322350556e-01
6.034286773956274441e-01
3.714369260068656198e-01
2.054982415071227864e-01
9.056555001106339486e-02
2.705880351401420136e-01
4.123399116915736906e-01
6.185689757644973197e-01
3.332303384062884621e-01
3.900682315114998300e-01
5.188574787488438034e-01
2.620290348302338201e-01
3.809542788782990241e-01
5.834325213063520366e-01
3.577902831575271447e-01
4.060525952220839230e-01
1.557562920643359994e-01
4.710673896036494113e-01
1.505202793310583820e-01
2.240241087956584554e-01
1.199014234575777049e-01
8.440981890619572714e-02
4.124095593071694377e-01
1.880321816707875571e-01
9.626984083402387316e-02
1.194484413692767782e-01
4.122445215356553838e-01
3.686582876279438925e-01
3.612241751641678822e-01
2.479055948610912330e-01
4.976110794181810570e-01
6.214268882444162756e-01
1.445689901925408527e-01
4.404100302543188517e-01
4.789550489582089510e-01
4.621645515490923617e-01
1.313467939646409399e-01
1.842046313722800199e-01
3.696011505059475510e-01
4.610904281982997066e-01
1.766943750569917593e-01
5.940622742238063636e-02
2.397072021164478040e-01
2.991986441919003425e-01
2.280989615261481696e-01
3.156856633840757764e-01
5.424585575541220894e-01
3.273471045375364041e-01
3.661069800766174054e-01
3.992537207507270147e-01
3.652112991958307298e-01
4.879153545519323565e-01
4.189557427882356633e-01
1.934436880493779765e-01
6.135244893045976866e-01
4.022956784544366449e-01
4.943836266016733982e-01
4.570711025435866826e-01
3.940898833520010136e-01
3.773762451580779387e-01
6.357980705985529779e-01
5.287736386124622934e-01
4.358588430063983221e-01
