3.169980615439654814e-01
6.416531206090035910e-01
4.393663159608081625e-01
3.928685819223001752e-01
4.744297569679113424e-01
2.821268453428451006e-01
3.565819596357585053e-01
4.786246020769232556e-01
3.848757160795563959e-01
2.175957528566405119e-01
2.372378612901179240e-01
5.264965231867914097e-01
4.533152694362038160e-01
5.131885315269268943e-01
5.531392507779172574e-01
3.104298142040904929e-01
4.573665804445239402e-01
2.615991122779217637e-01
3.569739798909433159e-01
3.947519102082735487e-01
2.758835016304020393e-01
1.505592406842859166e-01
9.330345244182093600e-02
3.407243439699075283e-01
1.618063448191818798e-01
8.964237563584429025e-02
1.750495457712514524e-01
3.949109192143993030e-01
4.673561294628569285e-01
2.830785167009049474e-01
2.511418830938489943e-01
3.970107641131230269e-01
4.949001616270447546e-01
2.952017000427232252e-01
2.275843075572461516e-01
3.095523064789106882e-01
2.437031389682164928e-01
8.885372597355008228e-02
1.217918395934705772e-01
3.839446639404406336e-01
1.821939351334028179e-01
1.424991569497644772e-01
1.414651249760877916e-01
3.573767572247265600e-01
4.537528861282044690e-01
3.087618703316853952e-01
3.306667830495947369e-01
6.066877211175230045e-01
4.902953097335274735e-01
4.070752304643612818e-01
4.612281574944019358e-01
4.720024116089366895e-01
7.396897389558949598e-01
3.063393184316599571e-01
2.084015437758395817e-01
4.907944778389167761e-01
4.934743452053085289e-01
3.016531759490676534e-01
3.234441316417969725e-01
5.713716855982037268e-01
3.626821177954016595e-01
5.265207035544154923e-01
5.100507351023398916e-01
2.885186165299236660e-01
3.487038121402533108e-01
6.537196524980000145e-01
6.036370571193476753e-01
3.582275408934998406e-01
5.825378101486199389e-01
3.857396614267536994e-01
3.881559144606202549e-01
5.115025087974163220e-01
6.059387131363883627e-01
2.991820806362902041e-01
2.873837045196129258e-01
4.630272250456886063e-01
3.665571140490966329e-01
4.534573734303379844e-01
5.480655171742170317e-01
4.021190281110083031e-01
3.123862391226329138e-01
2.822034289162995702e-01
1.329482385798779476e-01
1.406497676661794538e-01
1.748545103088734731e-01
1.136624611010525893e-01
4.862067199437827281e-01
3.274520751715481182e-01
5.077138073201103996e-01
2.964214311067381313e-01
2.283674425162001420e-01
1.120694746844886902e-01
1.908389812214197900e-01
4.305589401588905130e-01
4.167961241305535025e-01
7.568354853942307336e-01
5.927439920255905825e-01
3.407552815651504474e-01
3.474734948424402781e-01
6.291024757603695949e-01
4.573987342088995378e-01
4.784410055053707755e-01
3.107043076861970565e-01
5.567262657575822171e-01
3.635210202313976513e-01
2.191894079419600683e-01
2.015979348951626449e-01
5.318367470814363562e-01
4.054790619237921834e-01
1.577323966167590297e-01
2.153456647465253893e-01
4.803914583366243884e-01
5.649891417430058516e-01
5.647789955678227392e-01
4.503313719416879857e-01
4.352217638646913578e-01
3.169980615439654814e-01
6.416531206090035910e-01
4.393663159608081625e-01
3.928685819223001752e-01
4.744297569679113424e-01
2.821268453428451006e-01
3.565819596357585053e-01
4.786246020769232556e-01
3.848757160795563959e-01
2.175957528566405119e-01
2.372378612901179240e-01
5.264965231867914097e-01
4.533152694362038160e-01
5.131885315269268943e-01
5.531392507779172574e-01
3.104298142040904929e-01
4.573665804445239402e-01
2.615991122779217637e-01
3.569739798909433159e-01
3.947519102082735487e-01
2.758835016304020393e-01
1.505592406842859166e-01
9.330345244182093600e-02
3.407243439699075283e-01
1.618063448191818798e-01
8.964237563584429025e-02
1.750495457712514524e-01
3.949109192143993030e-01
4.673561294628569285e-01
2.830785167009049474e-01
2.511418830938489943e-01
3.970107641131230269e-01
4.949001616270447546e-01
2.952017000427232252e-01
2.275843075572461516e-01
3.095523064789106882e-01
2.437031389682164928e-01
8.885372597355008228e-02
1.217918395934705772e-01
3.839446639404406336e-01
1.821939351334028179e-01
1.424991569497644772e-01
1.414651249760877916e-01
3.573767572247265600e-01
4.537528861282044690e-01
3.087618703316853952e-01
3.306667830495947369e-01
6.066877211175230045e-01
4.902953097335274735e-01
4.070752304643612818e-01
4.612281574944019358e-01
4.720024116089366895e-01
7.396897389558949598e-01
3.063393184316599571e-01
2.084015437758395817e-01
4.907944778389167761e-01
4.934743452053085289e-01
3.016531759490676534e-01
3.234441316417969725e-01
5.713716855982037268e-01
3.626821177954016595e-01
5.265207035544154923e-01
5.100507351023398916e-01
2.885186165299236660e-01
4.573870817967161662e-01
4.784410055053707755e-01
3.107043076861970565e-01
5.567262657575822171e-01
3.635210202313976513e-01
2.191894079419600683e-01
2.015979348951626449e-01
5.318351046156454265e-01
4.054613234071928196e-01
1.577323966167590297e-01
2.153456647465253893e-01
4.803914583366243884e-01
5.649891417430058516e-01
5.647789955678227392e-01
4.503313719416879857e-01
4.352217638646913578e-01
4.629153178048314166e-01
4.587767164629985017e-01
5.473467172245132240e-01
4.431366846892733080e-01
3.888123377847521600e-01
1.716951691729907692e-01
2.474533875128418769e-01
4.699698515611938077e-01
4.303023606483140640e-01
2.105736919066461543e-01
2.464067485181323791e-01
4.222416539365811960e-01
5.759085212058409065e-01
3.739332142067863796e-01
3.132538384952002763e-01
5.321722648628449681e-01
4.520972110789702736e-01
3.736780597141459714e-01
4.791568256878600551e-01
4.633124278836957544e-01
3.800596262404415393e-01
1.678590034115493568e-01
2.059570726430833276e-01
6.222417809653437715e-01
5.267609964949198087e-01
1.759738198796885755e-01
2.337152896827937865e-01
3.541327651355996031e-01
5.840813605838240941e-01
6.349694110767113431e-01
3.261733513210789415e-01
4.451776094854029697e-01
4.503714128630586511e-01
4.708127694744416170e-01
4.095635133693236174e-01
5.553411082516770403e-01
3.541406526857507342e-01
2.015365075072844958e-01
2.333493778999325419e-01
3.656424501213596523e-01
6.274874451785420471e-01
2.756047644873436675e-01
2.185602133808379754e-01
3.995044490885331090e-01
5.851828141421502316e-01
5.317454770369476336e-01
3.230438311099533277e-01
5.171903187222881559e-01
4.640553360558924423e-01
4.636011849667847629e-01
4.820218803874085078e-01
5.235484458591743717e-01
4.030263307319626453e-01
1.826954605357748174e-01
2.489171840050567464e-01
4.134616335232875195e-01
4.862363972297020220e-01
2.388563666258669282e-01
1.936239271269049045e-01
4.688978900923590487e-01
5.211284338556015916e-01
6.419642094785114050e-01
3.847872114870262150e-01
4.931053390206537324e-01
4.459948184837411178e-01
3.682192673078276135e-01
4.708918737400064058e-01
5.420030449937081052e-01
4.032274779671214948e-01
1.605828201262211041e-01
2.151938712754483674e-01
4.836379907125609168e-01
4.559678857201611146e-01
2.404935323690347015e-01
2.223978706246781956e-01
3.359103516374394860e-01
5.055550570097987473e-01
5.269583552962506801e-01
3.245129650467449833e-01
4.950239158906291070e-01
3.169980615439654259e-01
6.416531206090034800e-01
4.393663159608082180e-01
3.928685819223002307e-01
4.744297569679114535e-01
2.821268453428451006e-01
3.565819596357586163e-01
4.786246020769232556e-01
3.848757160795562848e-01
2.175957528566405397e-01
2.372378612901178963e-01
5.264965231867914097e-01
4.533152694362038715e-01
5.131885315269270054e-01
5.531392507779173684e-01
3.104298142040904374e-01
4.573665804445240513e-01
2.615991122779217637e-01
3.569739798909433715e-01
3.947519102082735487e-01
2.758835016304020393e-01
1.505592406842859443e-01
9.330345244182092213e-02
3.407243439699074172e-01
1.618063448191818798e-01
8.964237563584427637e-02
1.750495457712514524e-01
3.949109192143991920e-01
4.673561294628568175e-01
2.830785167009048919e-01
2.511418830938490498e-01
3.970107641131230269e-01
4.949001616270448656e-01
2.952017000427231697e-01
2.275843075572461793e-01
3.095523064789107437e-01
2.437031389682164928e-01
8.885372597355009616e-02
1.217918395934705772e-01
3.839446639404406336e-01
1.821939351334027624e-01
1.424991569497645050e-01
1.414651249760877916e-01
3.573767572247266155e-01
4.537528861282043580e-01
3.087618703316853952e-01
3.306667830495947924e-01
6.066877211175230045e-01
4.902953097335274735e-01
4.070752304643612818e-01
4.612281574944019913e-01
4.720024116089366895e-01
7.396897389558948488e-01
3.063393184316599016e-01
2.084015437758395539e-01
4.907944778389166651e-01
4.934743452053086399e-01
3.016531759490675979e-01
3.234441316417969725e-01
5.713716855982038378e-01
3.626821177954016595e-01
5.265207035544156033e-01
5.100507351023398916e-01
2.885186165299236105e-01
