7.355244297315859103e-02
4.097424339029116513e-01
3.154135348600727307e-01
1.991277051644726459e-01
2.756624724459958986e-01
5.677257378167359647e-01
4.757946026652383198e-01
4.989749653073305424e-01
3.406628842902670318e-01
5.378261552568848192e-01
2.952248467112075225e-01
7.647908000138140538e-01
2.648774992012645213e-01
3.853020339282101636e-01
2.702002398265107574e-01
1.602351178298310197e-01
2.865560941466550049e-01
5.449753797217399276e-01
7.987586942155258107e-01
4.788275526293888640e-01
7.175588497077982630e-01
1.926028107370922338e-01
1.125729993794644529e-01
4.639055642435554461e-01
2.352459450897952942e-01
1.443465645304253531e-01
2.369262547186006818e-01
4.735507248915533096e-01
2.073344886513340535e-01
3.797893580703914362e-01
2.285316095584890850e-01
6.017744577574513087e-01
3.556733346045278799e-01
3.506420956358592966e-01
3.562554100167864002e-01
1.864807283426805906e-01
5.060563401636258840e-01
2.358924206500254417e-01
1.715694634404169583e-01
3.752210024821363565e-01
2.460743659737545386e-01
1.553922477001570268e-01
1.145030023465386237e-01
3.588950838057259896e-01
3.806317100195625303e-01
5.638890920769175086e-01
3.491162990750735218e-01
6.254824057731986908e-01
2.615606892456913690e-01
4.464476569679585727e-01
5.713643001195888305e-01
1.333521202875331824e-01
9.074246208014039583e-01
4.081766490584530227e-01
3.121039370293545723e-01
5.001541058301888221e-01
3.249800890262410369e-01
4.186664382889345726e-01
2.667156281140037888e-01
5.276214418797249284e-01
2.716031039658535762e-01
6.517082429501084295e-01
5.384537473114343609e-01
1.281421138405449689e-01
1.163682790996211081e-01
5.190273266077223280e-01
6.929916161502920335e-01
1.830871291803655154e-01
4.191272940983025164e-01
5.665948612990736599e-01
4.926161680780042906e-01
6.693520325570287977e-01
5.794572037920194818e-01
4.957303615203279556e-01
3.863026217360610581e-01
1.965220155364220678e-01
2.355541376417667476e-01
3.782219492491014634e-01
4.560545529414020693e-01
6.854434863757120633e-01
5.405919755316571651e-01
5.768668015436053675e-01
1.412025030646856250e-01
1.828337511963094852e-01
2.636404728280875576e-01
1.703863409047162158e-01
3.952546622560221268e-01
4.741071709756466968e-01
5.024449689331264013e-01
4.614666328051417188e-01
4.671624119905712913e-01
2.053330644705973762e-01
2.876719336321302278e-01
4.106714679135445301e-01
2.665031664367321640e-01
6.954709980997022534e-01
4.082771838507751050e-01
5.253430688176772279e-01
4.434770559305729609e-01
5.061496204247486475e-01
1.962010555050226202e-01
5.627178916382729046e-01
4.962264958523624481e-01
2.987452928038282773e-01
6.045374449393239313e-01
3.865259556098372684e-01
2.782706159682862834e-01
5.854205136522070418e-01
3.742082044812219954e-01
3.013135542407334166e-01
2.278788833935808111e-01
5.677528396631634777e-01
3.563736247108785227e-01
7.069137826685020221e-01
3.772060040301685180e-01
3.529338119812385210e-01
7.355244297315859103e-02
4.097424339029116513e-01
3.154135348600727307e-01
1.991277051644726459e-01
2.756624724459958986e-01
5.677257378167359647e-01
4.757946026652383198e-01
4.989749653073305424e-01
3.406628842902670318e-01
5.378261552568848192e-01
2.952248467112075225e-01
7.647908000138140538e-01
2.648774992012645213e-01
3.853020339282101636e-01
2.702002398265107574e-01
1.602351178298310197e-01
2.865560941466550049e-01
5.449753797217399276e-01
7.987586942155258107e-01
4.788275526293888640e-01
7.175588497077982630e-01
1.926028107370922338e-01
1.125729993794644529e-01
4.639055642435554461e-01
2.352459450897952942e-01
1.443465645304253531e-01
2.369262547186006818e-01
4.735507248915533096e-01
2.073344886513340535e-01
3.797893580703914362e-01
2.285316095584890850e-01
6.017744577574513087e-01
3.556733346045278799e-01
3.506420956358592966e-01
3.562554100167864002e-01
1.864807283426805906e-01
5.060563401636258840e-01
2.358924206500254417e-01
1.715694634404169583e-01
3.752210024821363565e-01
2.460743659737545386e-01
1.553922477001570268e-01
1.145030023465386237e-01
3.588950838057259896e-01
3.806317100195625303e-01
5.638890920769175086e-01
3.491162990750735218e-01
6.254824057731986908e-01
2.615606892456913690e-01
4.464476569679585727e-01
5.713643001195888305e-01
1.333521202875331824e-01
9.074246208014039583e-01
4.081766490584530227e-01
3.121039370293545723e-01
5.001541058301888221e-01
3.249800890262410369e-01
4.186664382889345726e-01
2.667156281140037888e-01
5.276214418797249284e-01
2.716031039658535762e-01
6.517082429501084295e-01
5.384537473114343609e-01
1.281421138405449689e-01
1.961960572061673957e-01
5.627178916382729046e-01
4.962264958523624481e-01
2.987452928038282773e-01
6.045374449393239313e-01
3.865259556098372684e-01
2.782706159682862834e-01
5.854190591753345441e-01
3.741895329468123976e-01
3.013135542407334166e-01
2.278788833935808111e-01
5.677528396631634777e-01
3.563736247108785227e-01
7.069137826685020221e-01
3.772060040301685180e-01
3.529338119812385210e-01
2.144295987964366379e-01
5.718509138494440869e-01
4.422158080850602802e-01
3.364305975682901351e-01
4.648343042600434072e-01
3.002694145101497680e-01
3.838017014889677503e-01
6.655260922543653201e-01
4.721382939735551121e-01
3.526226048926366929e-01
3.165826587975123507e-01
3.670017369369816818e-01
4.284913307337751553e-01
5.510580541406381316e-01
4.137703807830043212e-01
3.103423702857639466e-01
2.437729164516905522e-01
4.231495649545096716e-01
4.346890746269423400e-01
2.938015397904869541e-01
5.063787995702042632e-01
3.148712021293650909e-01
3.526034904177803853e-01
7.406159351746752773e-01
4.737328772879154659e-01
3.635414425905015290e-01
2.654784086162038648e-01
3.681343652954250367e-01
3.508824302101957171e-01
7.572031434105727099e-01
4.395413104698717710e-01
3.121638410342872927e-01
2.782145000345835339e-01
4.967475778757827198e-01
2.606133833276744749e-01
4.153930719857821252e-01
5.265320463337939128e-01
3.790610662674453457e-01
3.810229559883216433e-01
3.901323540298867742e-01
5.089183245478670070e-01
4.709441607238875060e-01
3.065902213437851076e-01
4.167556037184121376e-01
3.411850413706113416e-01
7.223256851234545195e-01
3.797962734127539597e-01
3.864229112344217398e-01
2.697512552376961636e-01
5.483620033947387284e-01
3.752688347594065887e-01
3.715224777654973498e-01
4.866226798233325712e-01
3.545983239705141066e-01
4.352509875314279908e-01
5.277366027229477563e-01
3.624677465750866245e-01
4.455369762623579977e-01
2.779156036017509379e-01
4.136925871407099997e-01
3.686998814391461154e-01
6.832820479424421833e-01
4.136293920825495629e-01
3.674731908955546356e-01
2.743056661035419008e-01
4.453720474069189361e-01
3.457687832589246835e-01
3.475330908604116198e-01
3.590675154425387317e-01
2.868087886892059513e-01
5.299044924395109879e-01
5.181764099531791512e-01
4.423933133504075466e-01
4.569093259403266827e-01
2.157054437873999753e-01
3.589850894842057660e-01
3.309862684686356582e-01
6.302654906296216719e-01
2.735376556597767239e-01
3.925632810431617381e-01
7.355244297315857716e-02
4.097424339029116513e-01
3.154135348600728417e-01
1.991277051644726459e-01
2.756624724459959541e-01
5.677257378167358537e-01
4.757946026652384308e-01
4.989749653073306535e-01
3.406628842902670318e-01
5.378261552568847081e-01
2.952248467112075225e-01
7.647908000138139428e-01
2.648774992012645213e-01
3.853020339282101636e-01
2.702002398265107574e-01
1.602351178298310475e-01
2.865560941466550604e-01
5.449753797217400386e-01
7.987586942155259218e-01
4.788275526293888640e-01
7.175588497077982630e-01
1.926028107370922338e-01
1.125729993794644390e-01
4.639055642435553906e-01
2.352459450897953219e-01
1.443465645304253531e-01
2.369262547186007095e-01
4.735507248915533096e-01
2.073344886513340257e-01
3.797893580703913807e-01
2.285316095584891960e-01
6.017744577574513087e-01
3.556733346045278243e-01
3.506420956358592411e-01
3.562554100167864002e-01
1.864807283426805629e-01
5.060563401636257730e-01
2.358924206500254694e-01
1.715694634404169583e-01
3.752210024821363565e-01
2.460743659737545386e-01
1.553922477001570268e-01
1.145030023465386237e-01
3.588950838057259896e-01
3.806317100195624747e-01
5.638890920769175086e-01
3.491162990750735773e-01
6.254824057731986908e-01
2.615606892456914245e-01
4.464476569679584617e-01
5.713643001195889415e-01
1.333521202875331824e-01
9.074246208014039583e-01
4.081766490584529672e-01
3.121039370293545723e-01
5.001541058301888221e-01
3.249800890262410924e-01
4.186664382889346281e-01
2.667156281140037888e-01
5.276214418797249284e-01
2.716031039658536317e-01
6.517082429501084295e-01
5.384537473114344719e-01
1.281421138405449411e-01
