1.569644583091572565e-01
2.763822686543961904e-01
2.324502848865649951e-01
2.876320667676454668e-01
1.228733369584058405e-01
1.626095002421021340e-01
2.198982833041654983e-01
4.053272796466076411e-01
7.176367340697109576e-02
1.568224401255224332e-01
1.855318676407045064e-01
3.234113922066522706e-01
1.847988662415925853e-01
3.289946843824080869e-01
5.371828938505504025e-01
3.573251522831354388e-01
2.573822167742014222e-01
1.680446242982954475e-01
3.150670540885980309e-01
1.838128897000844697e-01
2.397902586506056866e-01
1.424168784211493066e-01
1.687311730924112574e-01
6.042090305509958403e-01
1.011164743033472063e-01
1.681747661976039365e-01
2.029738406990703181e-01
4.285537404217376611e-01
4.379481410552816256e-01
2.605181633700434096e-01
5.946373364403020334e-01
5.931024584186561643e-01
3.441738129957506720e-01
9.468005522166830779e-02
1.489439366963770384e-01
4.037352253302263771e-01
2.423240815335211962e-01
2.511404561824729931e-01
1.523971769022773037e-01
7.709373337712809304e-01
1.308367968898699329e-01
2.794915187476113561e-01
2.508520083154328617e-01
6.110099102236580260e-01
2.217626483888017752e-01
3.565735599043533544e-01
3.942896663516526901e-01
9.120274934378322929e-01
2.410187582870674250e-01
3.790934318940489267e-01
1.670743561718283365e-01
3.632948746000863594e-01
4.683395845676884273e-01
5.171619668275473369e-01
2.546459822493388203e-01
5.564623926894232131e-01
5.997148917493752007e-01
7.358159210528064653e-01
6.978108497573427549e-01
6.299155639238432913e-01
2.868245919814745304e-01
7.661421711541760438e-01
1.000000000000000000e+00
4.239054016107695055e-01
3.355058522247008623e-01
6.065748495562326426e-01
6.265073318364362542e-01
3.341177421924068636e-01
3.840481157100568144e-01
4.740524582258919817e-01
3.270778621650650142e-01
3.462866981050560233e-01
4.179461485475275406e-01
4.897442478562597512e-01
4.026627112534032493e-01
2.775656089368671586e-01
3.426835283763668416e-01
3.242191575522447300e-01
6.754215224324914280e-01
3.773799855734104591e-01
5.484477221842376515e-01
5.642886864558124271e-01
1.833319293689552043e-01
2.021875134007922459e-01
1.624474513101356599e-01
1.740583703553248707e-01
3.078658112952865622e-01
2.600271517922304043e-01
5.717887821440402751e-01
2.073878149111360591e-01
5.070603913742844915e-01
2.819059465905684458e-01
2.817149595903747916e-01
2.949181085125246460e-01
2.663826871975611410e-01
6.944282127157928031e-01
2.390226357300753723e-01
3.901146243872284369e-01
4.901703855764339979e-01
7.942925843588546364e-01
2.253304994936434491e-01
1.699313700953712369e-01
9.849299628921254213e-02
4.239213004685550845e-01
1.106190250232640948e-01
3.054702609410998027e-01
2.269208513898547663e-01
7.904999665545414667e-01
2.507567044054594407e-01
3.373602659808845328e-01
3.615701235992043738e-01
5.599684581866459787e-01
3.431007283103212901e-01
6.116905598037862823e-01
8.030753820441673962e-01
6.230320277400043238e-01
1.569644583091572565e-01
2.763822686543961904e-01
2.324502848865649951e-01
2.876320667676454668e-01
1.228733369584058405e-01
1.626095002421021340e-01
2.198982833041654983e-01
4.053272796466076411e-01
7.176367340697109576e-02
1.568224401255224332e-01
1.855318676407045064e-01
3.234113922066522706e-01
1.847988662415925853e-01
3.289946843824080869e-01
5.371828938505504025e-01
3.573251522831354388e-01
2.573822167742014222e-01
1.680446242982954475e-01
3.150670540885980309e-01
1.838128897000844697e-01
2.397902586506056866e-01
1.424168784211493066e-01
1.687311730924112574e-01
6.042090305509958403e-01
1.011164743033472063e-01
1.681747661976039365e-01
2.029738406990703181e-01
4.285537404217376611e-01
4.379481410552816256e-01
2.605181633700434096e-01
5.946373364403020334e-01
5.931024584186561643e-01
3.441738129957506720e-01
9.468005522166830779e-02
1.489439366963770384e-01
4.037352253302263771e-01
2.423240815335211962e-01
2.511404561824729931e-01
1.523971769022773037e-01
7.709373337712809304e-01
1.308367968898699329e-01
2.794915187476113561e-01
2.508520083154328617e-01
6.110099102236580260e-01
2.217626483888017752e-01
3.565735599043533544e-01
3.942896663516526901e-01
9.120274934378322929e-01
2.410187582870674250e-01
3.790934318940489267e-01
1.670743561718283365e-01
3.632948746000863594e-01
4.683395845676884273e-01
5.171619668275473369e-01
2.546459822493388203e-01
5.564623926894232131e-01
5.997148917493752007e-01
7.358159210528064653e-01
6.978108497573427549e-01
6.299155639238432913e-01
2.868245919814745304e-01
7.661421711541760438e-01
1.000000000000000000e+00
4.239054016107695055e-01
2.253247591107757075e-01
1.699313700953712369e-01
9.849299628921254213e-02
4.239213004685550845e-01
1.106190250232640948e-01
3.054702609410998027e-01
2.269208513898547663e-01
7.904992315617030973e-01
2.507343494911332127e-01
3.373602659808845328e-01
3.615701235992043738e-01
5.599684581866459787e-01
3.431007283103212901e-01
6.116905598037862823e-01
8.030753820441673962e-01
6.230320277400043238e-01
1.426771529155385354e-01
1.628012879663383594e-01
3.144000883947484781e-01
3.692701687677242828e-01
1.712510167588026655e-01
1.731873626113358267e-01
4.035565577302283602e-01
5.799843323401656647e-01
2.012518016078025385e-01
2.964349610109542899e-01
2.996565093288943715e-01
8.438745413758609315e-01
4.280525733764571350e-01
7.684641492668533580e-01
7.204975864426911292e-01
6.042283836859094759e-01
1.460813923193668151e-01
2.052252984018899107e-01
2.823150668143998288e-01
2.503705973801128026e-01
2.191809395417612105e-01
1.832699702904126982e-01
3.296357855130305770e-01
7.950793310463122321e-01
2.293203105132534114e-01
3.121377648032749863e-01
3.436293326628877542e-01
6.403066799719325797e-01
3.566808190679544577e-01
8.317895204782347340e-01
6.731136052932644720e-01
7.046463254220697303e-01
1.562207520307714037e-01
2.193541024779561699e-01
1.614090526514241342e-01
3.833953078290675553e-01
1.668932156517903276e-01
2.624276545652481918e-01
2.771923200319793557e-01
5.640325174715818957e-01
3.479046544800938889e-01
4.177366561065904427e-01
3.342032630244450853e-01
8.017092886543490948e-01
4.145908544966709908e-01
6.705138696101831108e-01
7.344032730012357568e-01
6.945110648253234320e-01
1.266111909518837231e-01
2.702297890089253030e-01
2.253455380857079526e-01
4.080292802145092934e-01
1.736317610239702103e-01
2.498070982325991674e-01
4.237187178073503757e-01
4.794012021416352298e-01
2.522494940558167587e-01
2.765320033883690298e-01
3.396585347047323955e-01
8.625564987194466182e-01
4.096397569185653564e-01
8.925641334141531935e-01
6.244963544268047340e-01
6.752590091113418458e-01
1.406314305804494957e-01
2.096971329168106912e-01
1.883730498517790508e-01
3.373828914417291713e-01
2.463521699278786170e-01
2.131425794967547471e-01
3.002295103184017822e-01
5.747838837987917504e-01
1.820903661926128736e-01
3.135445256213817422e-01
3.821043404556768164e-01
6.627630580817185368e-01
2.935611407009193208e-01
6.744509250279340229e-01
6.393823770311142241e-01
7.693578694550587960e-01
1.569644583091572565e-01
2.763822686543962459e-01
2.324502848865650229e-01
2.876320667676454668e-01
1.228733369584058543e-01
1.626095002421021340e-01
2.198982833041655538e-01
4.053272796466077521e-01
7.176367340697112351e-02
1.568224401255224609e-01
1.855318676407044787e-01
3.234113922066522706e-01
1.847988662415925853e-01
3.289946843824080869e-01
5.371828938505502915e-01
3.573251522831354943e-01
2.573822167742014777e-01
1.680446242982954197e-01
3.150670540885980864e-01
1.838128897000844142e-01
2.397902586506056866e-01
1.424168784211493344e-01
1.687311730924112296e-01
6.042090305509958403e-01
1.011164743033472063e-01
1.681747661976039088e-01
2.029738406990703459e-01
4.285537404217376056e-01
4.379481410552815701e-01
2.605181633700433541e-01
5.946373364403021444e-01
5.931024584186561643e-01
3.441738129957506165e-01
9.468005522166830779e-02
1.489439366963770384e-01
4.037352253302263216e-01
2.423240815335211962e-01
2.511404561824729931e-01
1.523971769022773037e-01
7.709373337712808194e-01
1.308367968898699607e-01
2.794915187476113561e-01
2.508520083154328062e-01
6.110099102236581370e-01
2.217626483888017197e-01
3.565735599043534099e-01
3.942896663516527456e-01
9.120274934378322929e-01
2.410187582870674250e-01
3.790934318940488712e-01
1.670743561718283643e-01
3.632948746000863594e-01
4.683395845676884273e-01
5.171619668275473369e-01
2.546459822493388203e-01
5.564623926894232131e-01
5.997148917493752007e-01
7.358159210528064653e-01
6.978108497573427549e-01
6.299155639238432913e-01
2.868245919814745859e-01
7.661421711541760438e-01
1.000000000000000222e+00
4.239054016107694500e-01
