3.800657942125908462e-01
4.534682272637514666e-01
4.281039818931288710e-01
4.744681785984838363e-01
1.428012436677121855e-01
3.568535331791060083e-01
3.190081738076999684e-01
2.187808198606603916e-01
4.555615033573412465e-02
3.562862740971715625e-01
2.414480333339660278e-01
2.824351146413069391e-01
2.979827829029059183e-01
2.135734720174508883e-01
4.746441122084881226e-01
4.500462807866492665e-01
4.555793108108262546e-01
1.706973086188769140e-01
3.838817847427796748e-01
1.796796659553815401e-01
3.332948649213517966e-01
2.592027916036783175e-01
3.085868811764111430e-01
3.320794448432639601e-01
1.819618183295229341e-01
3.471506586076381073e-01
4.946759222468933292e-01
3.903483658779847154e-01
3.557502902740523054e-01
2.635288945199011634e-02
2.074957895730576152e-01
3.176807589389999409e-01
5.437534021566408082e-01
1.732901506922085999e-01
3.392830293895020971e-02
2.668968740244855864e-01
5.529197686277924628e-01
3.434103852596314677e-01
5.239481312530100965e-01
5.033127218010958748e-01
2.519743097679019717e-01
5.543677001620577194e-01
3.407618338755701859e-01
3.505798226861668865e-01
3.372365109685590001e-01
9.166091629667857954e-02
2.722995670520177991e-01
4.057478916766512067e-01
4.135195226166885063e-01
2.923445077010836668e-01
2.564730409075900441e-01
3.930493848553109903e-01
3.659627689134991035e-01
2.820674802584350327e-01
1.427419527852728243e-01
2.710705591949150173e-02
3.999194088503527089e-01
5.581603105969121792e-01
5.233735778459397414e-01
2.303911853488105899e-01
3.294741986180804716e-01
4.148492462311557105e-01
6.653404850521085212e-01
3.305237204734692846e-01
4.091584179612236527e-01
4.150534905387606721e-01
5.268808794212214153e-01
4.742037616697555857e-01
1.314081176795147410e-01
4.284201720233971611e-01
3.648187567132649689e-01
2.187465087718534207e-01
9.545712932832989273e-03
4.571269767590120936e-01
2.849789679181446433e-01
3.473901566774533767e-01
2.088074754484958717e-01
2.944244501594045493e-01
6.268846170736476209e-01
2.594736661240922837e-01
2.943738793980738566e-01
4.921680224455807773e-01
2.885030084240597925e-01
4.322698667821525675e-01
1.557329373663230154e-01
4.670977793997922456e-01
3.090310547286790888e-01
3.917865253314937318e-02
4.641503583048978143e-01
1.134679477937078629e-01
5.861777250360840075e-01
4.858201271959176060e-01
2.184972905081775107e-01
3.146664178532300737e-01
3.648423126594354526e-01
4.377236494027342828e-01
4.639222395265076293e-01
4.214420583352076477e-01
5.511866438482432295e-01
4.717724428280546944e-01
4.784032580835269055e-01
2.507426800570700665e-01
1.694170230741753880e-01
4.794443592494404549e-01
2.365933797859913756e-01
3.753141936890643793e-01
4.037783354493075239e-01
3.119966697571653347e-01
2.415237634395357991e-01
5.490969354712074146e-01
4.707361261827960330e-01
2.361549136376173696e-01
4.244706997387523439e-01
2.331501450536605791e-01
4.412203219891092654e-01
4.526298211229674018e-01
3.800657942125908462e-01
4.534682272637514666e-01
4.281039818931288710e-01
4.744681785984838363e-01
1.428012436677121855e-01
3.568535331791060083e-01
3.190081738076999684e-01
2.187808198606603916e-01
4.555615033573412465e-02
3.562862740971715625e-01
2.414480333339660278e-01
2.824351146413069391e-01
2.979827829029059183e-01
2.135734720174508883e-01
4.746441122084881226e-01
4.500462807866492665e-01
4.555793108108262546e-01
1.706973086188769140e-01
3.838817847427796748e-01
1.796796659553815401e-01
3.332948649213517966e-01
2.592027916036783175e-01
3.085868811764111430e-01
3.320794448432639601e-01
1.819618183295229341e-01
3.471506586076381073e-01
4.946759222468933292e-01
3.903483658779847154e-01
3.557502902740523054e-01
2.635288945199011634e-02
2.074957895730576152e-01
3.176807589389999409e-01
5.437534021566408082e-01
1.732901506922085999e-01
3.392830293895020971e-02
2.668968740244855864e-01
5.529197686277924628e-01
3.434103852596314677e-01
5.239481312530100965e-01
5.033127218010958748e-01
2.519743097679019717e-01
5.543677001620577194e-01
3.407618338755701859e-01
3.505798226861668865e-01
3.372365109685590001e-01
9.166091629667857954e-02
2.722995670520177991e-01
4.057478916766512067e-01
4.135195226166885063e-01
2.923445077010836668e-01
2.564730409075900441e-01
3.930493848553109903e-01
3.659627689134991035e-01
2.820674802584350327e-01
1.427419527852728243e-01
2.710705591949150173e-02
3.999194088503527089e-01
5.581603105969121792e-01
5.233735778459397414e-01
2.303911853488105899e-01
3.294741986180804716e-01
4.148492462311557105e-01
6.653404850521085212e-01
3.305237204734692846e-01
4.783910705728581236e-01
2.507426800570700665e-01
1.694170230741753880e-01
4.794443592494404549e-01
2.365933797859913756e-01
3.753141936890643793e-01
4.037783354493075239e-01
3.119942560223688544e-01
2.415011330451278249e-01
5.490969354712074146e-01
4.707361261827960330e-01
2.361549136376173696e-01
4.244706997387523439e-01
2.331501450536605791e-01
4.412203219891092654e-01
4.526298211229674018e-01
3.003043319078491646e-01
3.622911647501090848e-01
4.864156901269567901e-01
4.542124703947771347e-01
3.869952743353236024e-01
2.263589486404571638e-01
4.848419653967735998e-01
3.439480885971219482e-01
5.790693237677183580e-01
4.052813114391859428e-01
4.416203515601196394e-01
3.682540478616113111e-01
4.288315461203699441e-01
3.689240494645368296e-01
3.881416645983539748e-01
3.433058485952777961e-01
3.025188775018345932e-01
4.146694770379895645e-01
5.385514061212042236e-01
2.969410491649073780e-01
3.429684083367323666e-01
1.995002054233762090e-01
3.818480591151527381e-01
6.695339721254354171e-01
7.366617862929931704e-01
2.664963436277172915e-01
4.361335443414409152e-01
3.678892125329085716e-01
3.794382928085642259e-01
7.624591026137109706e-01
3.165859477970284219e-01
2.760541814494938406e-01
3.101879780974712841e-01
4.795923729653885914e-01
5.294080884862191194e-01
3.815544243056422924e-01
4.039144462273666636e-01
2.827515166459295681e-01
3.284171184310157865e-01
3.447134068549237984e-01
6.831758568774871643e-01
4.451626591104581032e-01
4.227272531280358847e-01
5.110349324188474540e-01
4.170966679611320949e-01
4.725100380545356749e-01
4.318971102663425321e-01
3.369730691980061810e-01
3.037522701237747591e-01
4.774542069139860456e-01
6.322826722178997993e-01
3.608169408566099801e-01
4.389023609817857552e-01
2.991767861978450460e-01
3.891892555924502117e-01
3.103663575650705275e-01
5.538809144307552668e-01
3.336303612693873877e-01
3.953267178173090479e-01
6.176944728258211281e-01
3.812932563951328957e-01
5.739687119755774170e-01
4.207871947764714182e-01
3.336611517115498637e-01
3.031830301207345535e-01
4.026036363862117717e-01
6.130101419741090796e-01
3.365593686242484006e-01
4.278374270546379532e-01
2.232991600229949358e-01
3.391095064058999298e-01
4.595058160525279933e-01
6.129187811822841558e-01
3.492268526888074320e-01
4.117339442938041660e-01
4.301421314903872140e-01
3.053950539363746719e-01
5.185430525314020933e-01
3.917285970249155813e-01
3.367308146190674534e-01
3.800657942125907907e-01
4.534682272637514111e-01
4.281039818931289265e-01
4.744681785984838918e-01
1.428012436677122132e-01
3.568535331791060083e-01
3.190081738076999684e-01
2.187808198606603916e-01
4.555615033573415240e-02
3.562862740971716180e-01
2.414480333339660001e-01
2.824351146413069391e-01
2.979827829029059183e-01
2.135734720174508883e-01
4.746441122084881781e-01
4.500462807866493220e-01
4.555793108108262546e-01
1.706973086188769140e-01
3.838817847427796748e-01
1.796796659553815401e-01
3.332948649213517966e-01
2.592027916036782620e-01
3.085868811764111430e-01
3.320794448432639046e-01
1.819618183295229341e-01
3.471506586076380518e-01
4.946759222468933848e-01
3.903483658779846599e-01
3.557502902740523054e-01
2.635288945199010593e-02
2.074957895730577262e-01
3.176807589389998854e-01
5.437534021566408082e-01
1.732901506922085999e-01
3.392830293895021665e-02
2.668968740244855864e-01
5.529197686277924628e-01
3.434103852596315232e-01
5.239481312530099855e-01
5.033127218010957638e-01
2.519743097679019161e-01
5.543677001620577194e-01
3.407618338755701304e-01
3.505798226861669975e-01
3.372365109685589446e-01
9.166091629667857954e-02
2.722995670520178546e-01
4.057478916766513177e-01
4.135195226166885618e-01
2.923445077010836113e-01
2.564730409075900441e-01
3.930493848553109903e-01
3.659627689134992146e-01
2.820674802584349772e-01
1.427419527852728243e-01
2.710705591949148785e-02
3.999194088503527089e-01
5.581603105969121792e-01
5.233735778459397414e-01
2.303911853488106176e-01
3.294741986180805271e-01
4.148492462311557660e-01
6.653404850521086322e-01
3.305237204734692291e-01
