1.907697886831393463e-01
2.607970737201101841e-01
2.399833970339714795e-01
2.854907311374639267e-01
2.130517600212440410e-01
2.994753167115009607e-01
3.808007538027091132e-01
2.849356413340256577e-01
2.121313540688000709e-01
2.361651343252850199e-01
5.939775736424517116e-02
3.988792574626242038e-01
3.375218577856170521e-01
5.424365635265750996e-01
4.237898189414277539e-01
3.026207982253707462e-01
3.454625009617198206e-01
3.470793832592808936e-01
3.208577005613315047e-01
4.785122688649979250e-01
4.747711797566180336e-01
2.511018098954120314e-01
2.640131675795229227e-01
4.198235082150715836e-01
2.531466373263854819e-01
2.702120609512336791e-01
3.286831024559659920e-01
6.487236047237731063e-01
2.135046676883313455e-01
2.430929574636102874e-01
3.276418492331718002e-01
4.263560124572099430e-01
3.600458164654097293e-01
2.873566964799347256e-01
1.517923108159101586e-01
3.471274974924352108e-01
3.643480156561420547e-01
3.170462473714767970e-01
2.982860427003015680e-01
4.142631034605088192e-01
1.444726901107837858e-01
2.816145692266853184e-01
1.792475677011369783e-01
3.054193184968469477e-01
3.735673384941075037e-01
6.189354305809863233e-01
3.240513282717621402e-01
5.458225052033587321e-01
1.445226746183322086e-01
2.950098027589982408e-01
3.539930990619260531e-01
3.313508168365235651e-01
7.227670625703166429e-01
5.367972337864465038e-01
4.123027307255511809e-01
3.953797490613898402e-01
3.875562556045040741e-01
5.714625672464914707e-01
3.855218468002238885e-01
6.403080499608860832e-01
1.329157321085301102e-01
6.323391295014222369e-01
7.767318989757054926e-01
2.523299890873550999e-01
2.554502657907314345e-01
3.776286392452306573e-01
4.873513962034171088e-01
3.028589082526973453e-01
4.518871196106976074e-01
3.631547916159676981e-01
5.221245350405728791e-01
3.267108615352696810e-01
4.055756531319399949e-01
3.288069089604949702e-01
2.330380412729566308e-01
3.343146859661956793e-01
4.022424173299160577e-01
4.453295297301336220e-01
6.154806758421563773e-01
4.755628932254130081e-01
3.500897256894135445e-01
4.874493554155450159e-01
2.037185534360970718e-01
3.236398351658414385e-01
3.198996485407015755e-01
3.071735225572937988e-01
2.797031829314691187e-01
2.513847592951287124e-01
4.922619438642206191e-01
4.542771935517448401e-01
4.772587290989309672e-01
3.217162761679328020e-01
3.011726650885541146e-01
3.350938954818293847e-01
1.369631038578193183e-01
6.435523093419304175e-01
3.303351479804028101e-01
5.047873678399602548e-01
4.717623959805149481e-01
5.828755795804498874e-01
2.408897966472353935e-01
3.088681660924909589e-01
1.574423259799886399e-01
4.814048367826510577e-01
3.691365577082033056e-01
4.074699043460525694e-01
3.906558550202320346e-01
4.811318083869789985e-01
3.159141381887569655e-01
3.716157158014043449e-01
2.629295048331075635e-01
5.412902393759244646e-01
3.118102608075550286e-01
7.099757474894988762e-01
5.419936651330599098e-01
4.105764837452116067e-01
1.907697886831393463e-01
2.607970737201101841e-01
2.399833970339714795e-01
2.854907311374639267e-01
2.130517600212440410e-01
2.994753167115009607e-01
3.808007538027091132e-01
2.849356413340256577e-01
2.121313540688000709e-01
2.361651343252850199e-01
5.939775736424517116e-02
3.988792574626242038e-01
3.375218577856170521e-01
5.424365635265750996e-01
4.237898189414277539e-01
3.026207982253707462e-01
3.454625009617198206e-01
3.470793832592808936e-01
3.208577005613315047e-01
4.785122688649979250e-01
4.747711797566180336e-01
2.511018098954120314e-01
2.640131675795229227e-01
4.198235082150715836e-01
2.531466373263854819e-01
2.702120609512336791e-01
3.286831024559659920e-01
6.487236047237731063e-01
2.135046676883313455e-01
2.430929574636102874e-01
3.276418492331718002e-01
4.263560124572099430e-01
3.600458164654097293e-01
2.873566964799347256e-01
1.517923108159101586e-01
3.471274974924352108e-01
3.643480156561420547e-01
3.170462473714767970e-01
2.982860427003015680e-01
4.142631034605088192e-01
1.444726901107837858e-01
2.816145692266853184e-01
1.792475677011369783e-01
3.054193184968469477e-01
3.735673384941075037e-01
6.189354305809863233e-01
3.240513282717621402e-01
5.458225052033587321e-01
1.445226746183322086e-01
2.950098027589982408e-01
3.539930990619260531e-01
3.313508168365235651e-01
7.227670625703166429e-01
5.367972337864465038e-01
4.123027307255511809e-01
3.953797490613898402e-01
3.875562556045040741e-01
5.714625672464914707e-01
3.855218468002238885e-01
6.403080499608860832e-01
1.329157321085301102e-01
6.323391295014222369e-01
7.767318989757054926e-01
2.523299890873550999e-01
2.408836598851690214e-01
3.088681660924909589e-01
1.574423259799886399e-01
4.814048367826510577e-01
3.691365577082033056e-01
4.074699043460525694e-01
3.906558550202320346e-01
4.811299880321147082e-01
3.158937273543557800e-01
3.716157158014043449e-01
2.629295048331075635e-01
5.412902393759244646e-01
3.118102608075550286e-01
7.099757474894988762e-01
5.419936651330599098e-01
4.105764837452116067e-01
2.592955120384613510e-01
3.243255876987635733e-01
2.905912761159101243e-01
3.351106252078487890e-01
3.878502906203248890e-01
2.879598683020536676e-01
4.180721708838909256e-01
6.210283942211689556e-01
3.514727975747650168e-01
4.353352188573373915e-01
3.224886236929973005e-01
4.077189330733979045e-01
3.017436890959706020e-01
6.031162784888218775e-01
5.971004866427979119e-01
4.568969005253791793e-01
1.974004593470635449e-01
3.437593571653450586e-01
3.091629556887738883e-01
2.925101865778770849e-01
4.380842846491083131e-01
2.459049208104677198e-01
4.193140616674162491e-01
8.016852726492056380e-01
4.307196209292021294e-01
3.711888918070739285e-01
2.992261400127234072e-01
4.205032006628380281e-01
2.819932051928824013e-01
9.851519386049539806e-01
4.982856337942207503e-01
4.003755653910334722e-01
1.850868710078448220e-01
4.139382646660649812e-01
1.805651713127303104e-01
4.381065370737423637e-01
3.948569289543736871e-01
3.780766243738593047e-01
3.798813753493154310e-01
4.369878132394758863e-01
4.734384446587166506e-01
4.171363133025813297e-01
3.482231116938068749e-01
5.764355608972788758e-01
3.817075241816922926e-01
7.913874795287307862e-01
4.717629196121950197e-01
4.164469612604910220e-01
2.249571312763877784e-01
4.523808378217381576e-01
2.869529304199722186e-01
3.553354650462224318e-01
3.217487067276140755e-01
3.778718280011124087e-01
4.492979839256889818e-01
5.342067838087039000e-01
3.464593944162670525e-01
3.807722211246303834e-01
3.364536323024505671e-01
5.376100790283294684e-01
3.575714858278248864e-01
7.609257848716355355e-01
4.711044780039878033e-01
4.595068635672529545e-01
1.884758483707174859e-01
3.593218234531262434e-01
2.902766059526674658e-01
3.522006807953999008e-01
3.634431574532686615e-01
2.831865364531772622e-01
4.021723664331280923e-01
6.220500525618068988e-01
2.672141482690292280e-01
4.189430823370292045e-01
3.346327681643973539e-01
4.372288165724813047e-01
3.376910199410575464e-01
7.026846547311855762e-01
4.079015160549641639e-01
4.389469238857091060e-01
1.907697886831393463e-01
2.607970737201101841e-01
2.399833970339715072e-01
2.854907311374639822e-01
2.130517600212440688e-01
2.994753167115010162e-01
3.808007538027091687e-01
2.849356413340256577e-01
2.121313540688000987e-01
2.361651343252850477e-01
5.939775736424512953e-02
3.988792574626240928e-01
3.375218577856171076e-01
5.424365635265750996e-01
4.237898189414276984e-01
3.026207982253707462e-01
3.454625009617198206e-01
3.470793832592808381e-01
3.208577005613315603e-01
4.785122688649979250e-01
4.747711797566179781e-01
2.511018098954120314e-01
2.640131675795228672e-01
4.198235082150715836e-01
2.531466373263854819e-01
2.702120609512336791e-01
3.286831024559660475e-01
6.487236047237729952e-01
2.135046676883313177e-01
2.430929574636102319e-01
3.276418492331718002e-01
4.263560124572099430e-01
3.600458164654097293e-01
2.873566964799346701e-01
1.517923108159101586e-01
3.471274974924352108e-01
3.643480156561421102e-01
3.170462473714769081e-01
2.982860427003015680e-01
4.142631034605087637e-01
1.444726901107837858e-01
2.816145692266853184e-01
1.792475677011369783e-01
3.054193184968470032e-01
3.735673384941074482e-01
6.189354305809863233e-01
3.240513282717621957e-01
5.458225052033587321e-01
1.445226746183322086e-01
2.950098027589981853e-01
3.539930990619261086e-01
3.313508168365235096e-01
7.227670625703166429e-01
5.367972337864463928e-01
4.123027307255511253e-01
3.953797490613898402e-01
3.875562556045040741e-01
5.714625672464914707e-01
3.855218468002239440e-01
6.403080499608860832e-01
1.329157321085301380e-01
6.323391295014222369e-01
7.767318989757056036e-01
2.523299890873550444e-01
