1.635148808427179246e-01
5.014492180397688292e-01
4.036874700951143535e-01
2.165004278875736210e-01
3.543533025359485999e-01
4.814276548114351240e-01
4.048368128595135063e-01
3.871361728262522339e-01
3.327128185580864317e-01
3.272684097207295140e-01
3.179655875531470222e-01
4.045733216368493923e-01
2.214914785903851768e-01
4.878330461568897158e-01
5.000192679068743429e-01
1.766039019520913578e-01
4.565773143239303389e-01
3.702261198710469770e-01
6.346968087663459324e-01
3.653059154752086868e-01
5.937949212163803336e-01
2.607477591761455660e-01
2.163057948820087117e-01
4.242667856873985066e-01
2.436874373971905927e-01
2.255173788075029162e-01
2.781487713015859398e-01
4.834277951793741757e-01
2.431963692607286009e-01
3.047224722784509510e-01
4.907096827315322041e-01
2.683533892102113461e-01
4.890597909174325686e-01
4.295029213267548829e-01
2.797203938827976799e-01
3.376067321317317571e-01
4.335084180045647440e-01
2.888742217781214983e-01
2.448932332575363136e-01
4.760995427229315902e-01
3.047261401972225503e-01
3.331329278223341683e-01
2.449094985204432751e-01
4.214131617078520353e-01
2.957832112553825943e-01
4.364220515416485924e-01
3.802649792192693834e-01
4.589646662807948529e-01
1.599399412125537268e-01
3.180734736737755863e-01
1.585085617672158387e-01
2.378568752212014414e-01
7.086949447477574049e-01
4.403758115457280242e-01
2.952583193674346851e-01
3.514165839305330441e-01
5.185377625692929593e-01
4.501314166404533634e-01
5.471016724498618533e-01
4.276934229254841791e-01
1.102193339384609644e-01
4.871107179603000881e-01
4.602163458604059398e-01
1.150835344918006986e-01
1.603192057763992706e-01
4.770926030292255704e-01
4.667766572660210778e-01
2.003955460669011313e-01
4.057276826550391124e-01
5.525652371119413875e-01
4.573109746562060152e-01
3.862705138103122438e-01
4.642631226321387583e-01
4.227571003408445161e-01
3.771594502954238592e-01
2.299967922515620822e-01
3.724325333043618791e-01
4.131194617854917484e-01
5.219207342813823036e-01
5.526936280571824733e-01
6.474419048422338507e-01
7.133151805335692375e-01
2.414669610679304190e-01
2.688270796977336730e-01
2.605546564605834559e-01
2.542775303586682356e-01
1.898361111131952883e-01
3.762159669673811324e-01
4.775541747118989822e-01
4.396164672731935341e-01
4.422234529165699479e-01
3.332693620294597814e-01
3.412408409274133025e-01
3.050090471286472926e-01
1.306098949815894528e-01
7.622730707209277590e-01
4.175089003778186814e-01
5.201190707343623654e-01
5.483737422017663787e-01
4.041752368161337094e-01
2.850001249007593218e-01
4.984571615193354455e-01
3.254560266579272776e-01
3.685976984899066999e-01
5.015996754359614007e-01
4.193943274950178157e-01
3.266034867514427953e-01
5.171596076741901138e-01
5.068731558270784809e-01
3.660343418577479691e-01
3.776746842070857757e-01
4.324266897040904278e-01
2.376412337551577769e-01
5.943333432507535985e-01
5.416885939133651018e-01
2.406474968415786286e-01
1.635148808427179246e-01
5.014492180397688292e-01
4.036874700951143535e-01
2.165004278875736210e-01
3.543533025359485999e-01
4.814276548114351240e-01
4.048368128595135063e-01
3.871361728262522339e-01
3.327128185580864317e-01
3.272684097207295140e-01
3.179655875531470222e-01
4.045733216368493923e-01
2.214914785903851768e-01
4.878330461568897158e-01
5.000192679068743429e-01
1.766039019520913578e-01
4.565773143239303389e-01
3.702261198710469770e-01
6.346968087663459324e-01
3.653059154752086868e-01
5.937949212163803336e-01
2.607477591761455660e-01
2.163057948820087117e-01
4.242667856873985066e-01
2.436874373971905927e-01
2.255173788075029162e-01
2.781487713015859398e-01
4.834277951793741757e-01
2.431963692607286009e-01
3.047224722784509510e-01
4.907096827315322041e-01
2.683533892102113461e-01
4.890597909174325686e-01
4.295029213267548829e-01
2.797203938827976799e-01
3.376067321317317571e-01
4.335084180045647440e-01
2.888742217781214983e-01
2.448932332575363136e-01
4.760995427229315902e-01
3.047261401972225503e-01
3.331329278223341683e-01
2.449094985204432751e-01
4.214131617078520353e-01
2.957832112553825943e-01
4.364220515416485924e-01
3.802649792192693834e-01
4.589646662807948529e-01
1.599399412125537268e-01
3.180734736737755863e-01
1.585085617672158387e-01
2.378568752212014414e-01
7.086949447477574049e-01
4.403758115457280242e-01
2.952583193674346851e-01
3.514165839305330441e-01
5.185377625692929593e-01
4.501314166404533634e-01
5.471016724498618533e-01
4.276934229254841791e-01
1.102193339384609644e-01
4.871107179603000881e-01
4.602163458604059398e-01
1.150835344918006986e-01
2.849928644107769804e-01
4.984571615193354455e-01
3.254560266579272776e-01
3.685976984899066999e-01
5.015996754359614007e-01
4.193943274950178157e-01
3.266034867514427953e-01
5.171579137163198059e-01
5.068584425711597508e-01
3.660343418577479691e-01
3.776746842070857757e-01
4.324266897040904278e-01
2.376412337551577769e-01
5.943333432507535985e-01
5.416885939133651018e-01
2.406474968415786286e-01
2.679172320068159419e-01
5.202203049085105668e-01
5.712896238930822435e-01
2.623047865871110385e-01
5.333787022538323264e-01
2.929313878393805526e-01
5.033739240655025204e-01
4.532060808249606665e-01
4.995875689607597314e-01
4.373591991244774047e-01
3.895286223216361532e-01
4.412496048843157492e-01
3.346543016883937183e-01
4.417347984887872725e-01
3.529371626109284454e-01
2.812520701750108598e-01
2.944727799705794125e-01
4.163938560613946183e-01
3.973869904000781328e-01
2.787300224118757219e-01
4.316897575110695273e-01
3.180654505104598684e-01
4.748304939229184285e-01
5.517552699269111516e-01
5.231146107192421457e-01
4.202468918252544317e-01
4.198994523294121706e-01
3.076732762374287389e-01
3.271706001202958625e-01
5.897068614660062602e-01
3.312109190145683391e-01
2.445172719952583562e-01
2.622186039751439046e-01
6.688470328480354832e-01
3.558942950459812460e-01
3.215499213519759092e-01
4.549366046441885580e-01
3.720394796067622578e-01
4.715431317509692355e-01
3.106395470697963512e-01
7.206041175686416222e-01
4.434281619500077265e-01
3.952503160038792207e-01
5.188013681840379920e-01
3.238869173273790092e-01
5.787143953389886075e-01
3.706303355255683996e-01
2.773278337138321281e-01
2.720020767159532782e-01
5.442605113046985466e-01
5.709032484259761731e-01
2.948364373311389008e-01
4.841789193859456497e-01
3.725928517372998350e-01
4.710521760013155479e-01
4.298108825474356576e-01
4.789818844058428837e-01
4.707023532818055411e-01
3.804818940503538194e-01
4.615954078696579144e-01
3.294112294480052716e-01
5.608085020527886488e-01
3.802577516174678873e-01
2.782579516132164810e-01
2.806202527499275234e-01
4.092130475200451700e-01
4.993744872241859811e-01
3.079481256957357083e-01
3.972061299241896326e-01
3.155824053856430278e-01
4.572496849232897675e-01
4.989683166411923998e-01
5.094387684102564817e-01
4.586075679070902855e-01
4.053794860595271166e-01
3.283506061993516911e-01
2.915184180828160887e-01
5.435857455434254248e-01
2.933736502844511707e-01
2.581739143658576818e-01
1.635148808427179246e-01
5.014492180397688292e-01
4.036874700951142980e-01
2.165004278875736210e-01
3.543533025359486555e-01
4.814276548114351240e-01
4.048368128595135618e-01
3.871361728262522339e-01
3.327128185580864317e-01
3.272684097207295695e-01
3.179655875531469666e-01
4.045733216368493368e-01
2.214914785903851768e-01
4.878330461568898269e-01
5.000192679068742319e-01
1.766039019520913578e-01
4.565773143239304499e-01
3.702261198710469770e-01
6.346968087663460434e-01
3.653059154752086868e-01
5.937949212163803336e-01
2.607477591761455660e-01
2.163057948820087117e-01
4.242667856873984511e-01
2.436874373971905927e-01
2.255173788075028884e-01
2.781487713015859398e-01
4.834277951793741201e-01
2.431963692607286009e-01
3.047224722784508955e-01
4.907096827315322596e-01
2.683533892102113461e-01
4.890597909174325686e-01
4.295029213267548274e-01
2.797203938827977354e-01
3.376067321317317571e-01
4.335084180045647995e-01
2.888742217781215538e-01
2.448932332575363136e-01
4.760995427229315347e-01
3.047261401972225503e-01
3.331329278223341683e-01
2.449094985204432195e-01
4.214131617078520353e-01
2.957832112553825388e-01
4.364220515416485924e-01
3.802649792192693834e-01
4.589646662807949640e-01
1.599399412125537268e-01
3.180734736737755308e-01
1.585085617672158664e-01
2.378568752212014414e-01
7.086949447477574049e-01
4.403758115457279132e-01
2.952583193674346851e-01
3.514165839305330441e-01
5.185377625692929593e-01
4.501314166404533634e-01
5.471016724498618533e-01
4.276934229254842346e-01
1.102193339384609783e-01
4.871107179603001436e-01
4.602163458604059953e-01
1.150835344918006847e-01
