2.500692666896835448e-01
4.496319982918969282e-01
2.907969455095861799e-01
5.379276509733230682e-01
3.077875707677327766e-01
3.670862974635398235e-01
2.521693008156756233e-01
5.787155211171346458e-01
3.279868136430146297e-01
2.341355238853884968e-01
1.589775756366977322e-01
6.902377734212503668e-01
5.899452945146484995e-01
6.415514918167951608e-01
4.921968393066296077e-01
4.668140499577713154e-01
3.428866407807279471e-01
2.864870980617096885e-01
4.396408165407000301e-01
5.391430122972636907e-01
4.727990642731734749e-01
1.218769600312391566e-01
6.663182588282649810e-02
3.003925718821283120e-01
1.506939479273546878e-01
7.341817627999505658e-02
9.557940258409756973e-02
2.606453076596071949e-01
5.399385666552422025e-01
2.027740967231917713e-01
2.307638037232750128e-01
4.213254831238720799e-01
3.651979524299497348e-01
1.642033779841814978e-01
1.665434069463525013e-01
4.185725109667572941e-01
3.126633956267463876e-01
1.092361977407777518e-01
7.734899956735202808e-02
3.499962368074649999e-01
1.749176418600977834e-01
1.003358488556898992e-01
8.979084279131510637e-02
2.700205395097065586e-01
4.887203962575603633e-01
2.115012567220268813e-01
2.407067711732047699e-01
5.236005697513199664e-01
6.161328038797474482e-01
5.824751460943505821e-01
6.771697277126780268e-01
4.929503828034069168e-01
7.804191371444727521e-01
3.064772828264358262e-01
1.729593067791981298e-01
4.705780282156975525e-01
3.851340462552290123e-01
3.744335656303902082e-01
3.544457073170595995e-01
4.163232267457867009e-01
4.905139554905393884e-01
5.583789784550258206e-01
4.977122338612837704e-01
3.319887019215571056e-01
3.355642450834437351e-01
4.831629249507401469e-01
5.191090188561113816e-01
5.136442472518966129e-01
3.666986276019161828e-01
3.829061924196952016e-01
2.656664977774767511e-01
6.671948796448399222e-01
5.481812233661979006e-01
2.895252857689983306e-01
2.225125337781037604e-01
5.395357525858670567e-01
4.892383214069406794e-01
5.104377495679468524e-01
4.702482959790654782e-01
3.366247594954648870e-01
3.428974958285506136e-01
4.601905450632440830e-01
9.235070004510732844e-02
8.524675364639196229e-02
1.522941221276239709e-01
8.155722197279204055e-02
6.468042739813336661e-01
2.369619246766364595e-01
4.459834732077203601e-01
1.710135340635424717e-01
3.181935399986178803e-01
1.010460574315137361e-01
1.865754999417010285e-01
5.322232541999655231e-01
5.439096656097567317e-01
6.763972045492774310e-01
6.102691333908563109e-01
3.290061991828455712e-01
2.565661328825871168e-01
7.109634756618898876e-01
4.016890354836408772e-01
4.161446409150293957e-01
3.137373331686144073e-01
7.162583555818886616e-01
4.094813555866309018e-01
2.379447603839483505e-01
1.448979917549565732e-01
5.225464961483871074e-01
3.093307941254471172e-01
1.537917361323513643e-01
1.557487286037636531e-01
3.760689917227640344e-01
7.166461950322230434e-01
5.508856694757072736e-01
3.808830452688700130e-01
5.058709333284044929e-01
2.500692666896835448e-01
4.496319982918969282e-01
2.907969455095861799e-01
5.379276509733230682e-01
3.077875707677327766e-01
3.670862974635398235e-01
2.521693008156756233e-01
5.787155211171346458e-01
3.279868136430146297e-01
2.341355238853884968e-01
1.589775756366977322e-01
6.902377734212503668e-01
5.899452945146484995e-01
6.415514918167951608e-01
4.921968393066296077e-01
4.668140499577713154e-01
3.428866407807279471e-01
2.864870980617096885e-01
4.396408165407000301e-01
5.391430122972636907e-01
4.727990642731734749e-01
1.218769600312391566e-01
6.663182588282649810e-02
3.003925718821283120e-01
1.506939479273546878e-01
7.341817627999505658e-02
9.557940258409756973e-02
2.606453076596071949e-01
5.399385666552422025e-01
2.027740967231917713e-01
2.307638037232750128e-01
4.213254831238720799e-01
3.651979524299497348e-01
1.642033779841814978e-01
1.665434069463525013e-01
4.185725109667572941e-01
3.126633956267463876e-01
1.092361977407777518e-01
7.734899956735202808e-02
3.499962368074649999e-01
1.749176418600977834e-01
1.003358488556898992e-01
8.979084279131510637e-02
2.700205395097065586e-01
4.887203962575603633e-01
2.115012567220268813e-01
2.407067711732047699e-01
5.236005697513199664e-01
6.161328038797474482e-01
5.824751460943505821e-01
6.771697277126780268e-01
4.929503828034069168e-01
7.804191371444727521e-01
3.064772828264358262e-01
1.729593067791981298e-01
4.705780282156975525e-01
3.851340462552290123e-01
3.744335656303902082e-01
3.544457073170595995e-01
4.163232267457867009e-01
4.905139554905393884e-01
5.583789784550258206e-01
4.977122338612837704e-01
3.319887019215571056e-01
4.016788022978864392e-01
4.161446409150293957e-01
3.137373331686144073e-01
7.162583555818886616e-01
4.094813555866309018e-01
2.379447603839483505e-01
1.448979917549565732e-01
5.225448210894371170e-01
3.093101868660750875e-01
1.537917361323513643e-01
1.557487286037636531e-01
3.760689917227640344e-01
7.166461950322230434e-01
5.508856694757072736e-01
3.808830452688700130e-01
5.058709333284044929e-01
4.160465723061844701e-01
4.665243446038380148e-01
3.325679424951045182e-01
6.314501712263941302e-01
4.434356550680946252e-01
1.431987718755011185e-01
2.143257872893602756e-01
4.832908027810667861e-01
4.047632980063200492e-01
1.468082769740295113e-01
1.470197370131334225e-01
3.937349261722578042e-01
6.578907104960669550e-01
4.934382137688773096e-01
3.906281852039653613e-01
5.234634482655887711e-01
4.958682104711391592e-01
3.238640677536433476e-01
3.040388932256269938e-01
5.759476520943667133e-01
3.527035476559585714e-01
1.630378519490722766e-01
1.899024595974047602e-01
6.350077361607191495e-01
3.551466191991777821e-01
1.804843480864624650e-01
1.717878177869286704e-01
2.816029803698582579e-01
6.742238092863157561e-01
6.413291827248003285e-01
3.112334796806246473e-01
5.297952170129464067e-01
4.852091292068484996e-01
4.767022000288700934e-01
3.188556919896033959e-01
5.907937602533318566e-01
3.959510724295409179e-01
1.811902947503869488e-01
1.781715407992223443e-01
4.008085582075495701e-01
4.953059247151562206e-01
2.285744065285829629e-01
1.442906164208783704e-01
3.730841761785412825e-01
6.193767216844489054e-01
5.887205715070262801e-01
2.961849920899633504e-01
6.309570820973412486e-01
4.494870704799901473e-01
5.182729901787443971e-01
3.634449013431819142e-01
6.059591556433058246e-01
3.737142167414231886e-01
1.874561942714660645e-01
2.238977335089272769e-01
4.153987327012574338e-01
3.940929854323330650e-01
1.726416972749309775e-01
1.477980272172406961e-01
4.190491247174873424e-01
6.408358360478574323e-01
6.380904396875857199e-01
2.825376303062119288e-01
5.927484450130042770e-01
4.719846199498569650e-01
3.650919604526782214e-01
3.211653926915445378e-01
6.232106685365508270e-01
3.291783915557600637e-01
1.652371625277124501e-01
2.066736991024589742e-01
5.023461049333608486e-01
3.062546145947585563e-01
2.008139209758958432e-01
1.399400375177565770e-01
3.383057670624337043e-01
6.253703227201277137e-01
5.266852979295730819e-01
2.828361962329009049e-01
5.708188810119253498e-01
2.500692666896835448e-01
4.496319982918968727e-01
2.907969455095862354e-01
5.379276509733231793e-01
3.077875707677327766e-01
3.670862974635398235e-01
2.521693008156756788e-01
5.787155211171347569e-01
3.279868136430146297e-01
2.341355238853885246e-01
1.589775756366977044e-01
6.902377734212502558e-01
5.899452945146484995e-01
6.415514918167952718e-01
4.921968393066295522e-01
4.668140499577713154e-01
3.428866407807280026e-01
2.864870980617096885e-01
4.396408165407000856e-01
5.391430122972636907e-01
4.727990642731734749e-01
1.218769600312391566e-01
6.663182588282649810e-02
3.003925718821282564e-01
1.506939479273546878e-01
7.341817627999504270e-02
9.557940258409758361e-02
2.606453076596071949e-01
5.399385666552420915e-01
2.027740967231917157e-01
2.307638037232750683e-01
4.213254831238720799e-01
3.651979524299497903e-01
1.642033779841814700e-01
1.665434069463525291e-01
4.185725109667572941e-01
3.126633956267464431e-01
1.092361977407777657e-01
7.734899956735202808e-02
3.499962368074649999e-01
1.749176418600977834e-01
1.003358488556898992e-01
8.979084279131509250e-02
2.700205395097066141e-01
4.887203962575603633e-01
2.115012567220269091e-01
2.407067711732047977e-01
5.236005697513199664e-01
6.161328038797474482e-01
5.824751460943504711e-01
6.771697277126781378e-01
4.929503828034069168e-01
7.804191371444727521e-01
3.064772828264358262e-01
1.729593067791981020e-01
4.705780282156975525e-01
3.851340462552290123e-01
3.744335656303902082e-01
3.544457073170596551e-01
4.163232267457867009e-01
4.905139554905393884e-01
5.583789784550258206e-01
4.977122338612837704e-01
3.319887019215571056e-01
