1.755028320490512883e-01
3.601182786282332016e-01
4.204547803034136000e-01
2.410625253585169658e-01
2.357994913817462734e-01
2.762168905644672434e-01
4.511400942340517140e-01
1.955039555102017768e-01
2.994313890467938388e-01
4.434189908680011283e-01
3.336355609005390299e-01
2.926582747909199922e-01
1.981147064676616887e-01
5.131287011074847637e-01
4.948876427916257814e-01
2.101241679012345598e-01
4.079074302273199004e-01
2.889957957166391922e-01
5.945327414922849663e-01
3.398647608904574180e-01
4.296469873417720908e-01
1.905539500594530256e-01
2.695142408308990878e-01
3.802605714285714478e-01
3.586735593533487698e-01
3.294126328649970015e-01
3.939624219121446447e-01
4.712661113450928863e-01
1.878429424246517154e-01
3.208704965862501646e-01
3.760690580159845586e-01
3.452675000786831760e-01
5.117789458263494184e-01
3.497405922234312903e-01
2.726350778890491156e-01
4.080472560627712575e-01
6.192346530091020762e-01
3.592661333333332929e-01
3.725990018083182309e-01
5.754029559322034748e-01
3.357911833326990836e-01
4.554128256971129995e-01
2.571471426144283923e-01
3.444648831060195815e-01
2.192617929962745738e-01
4.109382254006738178e-01
3.027074931043455264e-01
3.479809135175265800e-01
1.310725023470272754e-01
2.022184357698899593e-01
2.097817937981790448e-01
2.074194390804597610e-01
6.037749724278005381e-01
4.063756190476190411e-01
4.255682627257799111e-01
3.597119067815885418e-01
3.852537647606287807e-01
5.478532299741601941e-01
5.106429783549784052e-01
3.145440093403385484e-01
1.135907408860684781e-01
5.350400000000000711e-01
4.643537656249214218e-01
1.557264270864270883e-01
1.907334841208365439e-01
3.217412724215847342e-01
5.453519407903857363e-01
2.306034815471475485e-01
2.502797486064998189e-01
3.736896082241433770e-01
4.776393808063275626e-01
2.122728236554565773e-01
4.452465964465609494e-01
5.546396127118375929e-01
3.617608669780693065e-01
2.029504994026284370e-01
4.263330685733953684e-01
3.961270572079704788e-01
4.936674644857188543e-01
4.001583178720794498e-01
5.385931489690829466e-01
5.561551408307530142e-01
2.113291736070334603e-01
3.586996728880087471e-01
3.847557851960169972e-01
3.790863016759776216e-01
1.857265822286800760e-01
3.811881942016694391e-01
5.242371250161547147e-01
3.809126717863863809e-01
6.208566847880110373e-01
4.411922866445605607e-01
3.401831257130967789e-01
2.096786438332004510e-01
1.201401368366724343e-01
5.686641511245251746e-01
3.696910664243285294e-01
5.253383138688314524e-01
6.117790338435218356e-01
3.866696346838412457e-01
2.757282169930430626e-01
3.145885660391408156e-01
3.301147036674456636e-01
3.824162299694148781e-01
4.133985570168399182e-01
3.683582671178919354e-01
4.364130795633880955e-01
4.891142033692154056e-01
5.147699248190662491e-01
5.205373625847848906e-01
4.205505264916398200e-01
3.058179923030858727e-01
1.956091659769755853e-01
6.205985906584854384e-01
4.588388368574543574e-01
2.729845182051516272e-01
1.755028320490512883e-01
3.601182786282332016e-01
4.204547803034136000e-01
2.410625253585169658e-01
2.357994913817462734e-01
2.762168905644672434e-01
4.511400942340517140e-01
1.955039555102017768e-01
2.994313890467938388e-01
4.434189908680011283e-01
3.336355609005390299e-01
2.926582747909199922e-01
1.981147064676616887e-01
5.131287011074847637e-01
4.948876427916257814e-01
2.101241679012345598e-01
4.079074302273199004e-01
2.889957957166391922e-01
5.945327414922849663e-01
3.398647608904574180e-01
4.296469873417720908e-01
1.905539500594530256e-01
2.695142408308990878e-01
3.802605714285714478e-01
3.586735593533487698e-01
3.294126328649970015e-01
3.939624219121446447e-01
4.712661113450928863e-01
1.878429424246517154e-01
3.208704965862501646e-01
3.760690580159845586e-01
3.452675000786831760e-01
5.117789458263494184e-01
3.497405922234312903e-01
2.726350778890491156e-01
4.080472560627712575e-01
6.192346530091020762e-01
3.592661333333332929e-01
3.725990018083182309e-01
5.754029559322034748e-01
3.357911833326990836e-01
4.554128256971129995e-01
2.571471426144283923e-01
3.444648831060195815e-01
2.192617929962745738e-01
4.109382254006738178e-01
3.027074931043455264e-01
3.479809135175265800e-01
1.310725023470272754e-01
2.022184357698899593e-01
2.097817937981790448e-01
2.074194390804597610e-01
6.037749724278005381e-01
4.063756190476190411e-01
4.255682627257799111e-01
3.597119067815885418e-01
3.852537647606287807e-01
5.478532299741601941e-01
5.106429783549784052e-01
3.145440093403385484e-01
1.135907408860684781e-01
5.350400000000000711e-01
4.643537656249214218e-01
1.557264270864270883e-01
2.757211927085518322e-01
3.145885660391408156e-01
3.301147036674456636e-01
3.824162299694148781e-01
4.133985570168399182e-01
3.683582671178919354e-01
4.364130795633880955e-01
4.891124110191349406e-01
5.147554471763260420e-01
5.205373625847848906e-01
4.205505264916398200e-01
3.058179923030858727e-01
1.956091659769755853e-01
6.205985906584854384e-01
4.588388368574543574e-01
2.729845182051516272e-01
2.328541555790179518e-01
4.364975426193273278e-01
6.128449155930584258e-01
2.342487228460282678e-01
4.812802456754399771e-01
2.987437823201620768e-01
5.308799184514503278e-01
4.608250067367286040e-01
5.762615729582146740e-01
4.909763161866954051e-01
4.301455612726350908e-01
4.404715216381390741e-01
2.632961491494649753e-01
4.458860579805379309e-01
4.459063990353312468e-01
2.695386658015725412e-01
2.203848709397349392e-01
4.136774038090756389e-01
4.968779634452234473e-01
2.075076607077016300e-01
4.396275684913165671e-01
3.001684290747512196e-01
4.682388670036541356e-01
6.431323868242522224e-01
6.194201571309516652e-01
4.306272627607394821e-01
4.625275144778782099e-01
3.552399055682226581e-01
2.527590550900683519e-01
6.707580559127764852e-01
4.029294014643745037e-01
2.131369552913362497e-01
2.306835899753630348e-01
5.586412227085965077e-01
3.953692783106431685e-01
2.928514106962440411e-01
4.345016024872557225e-01
4.022812367902466879e-01
4.535088095650794959e-01
3.241140286504918810e-01
7.041377927894804101e-01
5.055456572917071956e-01
4.956029765476393512e-01
4.984149658922385484e-01
2.776841332657191685e-01
5.476749100702587025e-01
4.223022147324573816e-01
2.704591328880737722e-01
2.209068465697189287e-01
5.230655301850908323e-01
5.565792789855683598e-01
2.726681892884043612e-01
4.570953861708959010e-01
3.840616243199863056e-01
4.957938558165942977e-01
4.234560714546137805e-01
5.225016425996237279e-01
4.600217466252531917e-01
4.655037764513643150e-01
5.177549896911173288e-01
2.813669355300271180e-01
6.078907872842616023e-01
4.342659102823849260e-01
2.423658925280032239e-01
2.285520042667293084e-01
4.283642642356473296e-01
5.041819499637557600e-01
2.497921139558077763e-01
4.284898116509590626e-01
3.009318677293520983e-01
4.766852428470239600e-01
4.996192090505341965e-01
5.185321536543640031e-01
4.874004229679225753e-01
4.598622499971456445e-01
4.066889585504356863e-01
2.246476801527217682e-01
5.419288228617609171e-01
3.875558708072334158e-01
2.361837033447001799e-01
1.755028320490512883e-01
3.601182786282332016e-01
4.204547803034136555e-01
2.410625253585169658e-01
2.357994913817463012e-01
2.762168905644672434e-01
4.511400942340517695e-01
1.955039555102018323e-01
2.994313890467937833e-01
4.434189908680011838e-01
3.336355609005390299e-01
2.926582747909199922e-01
1.981147064676616887e-01
5.131287011074848747e-01
4.948876427916257259e-01
2.101241679012345598e-01
4.079074302273200114e-01
2.889957957166391922e-01
5.945327414922849663e-01
3.398647608904574180e-01
4.296469873417720908e-01
1.905539500594529978e-01
2.695142408308990323e-01
3.802605714285713923e-01
3.586735593533488253e-01
3.294126328649969460e-01
3.939624219121447002e-01
4.712661113450927752e-01
1.878429424246516599e-01
3.208704965862500536e-01
3.760690580159846141e-01
3.452675000786831760e-01
5.117789458263494184e-01
3.497405922234312903e-01
2.726350778890491156e-01
4.080472560627712575e-01
6.192346530091021872e-01
3.592661333333333484e-01
3.725990018083182309e-01
5.754029559322033638e-01
3.357911833326990836e-01
4.554128256971130551e-01
2.571471426144283368e-01
3.444648831060196370e-01
2.192617929962745182e-01
4.109382254006738178e-01
3.027074931043455819e-01
3.479809135175266355e-01
1.310725023470273032e-01
2.022184357698899038e-01
2.097817937981790726e-01
2.074194390804597610e-01
6.037749724278005381e-01
4.063756190476190411e-01
4.255682627257799111e-01
3.597119067815884863e-01
3.852537647606287807e-01
5.478532299741601941e-01
5.106429783549785162e-01
3.145440093403385484e-01
1.135907408860685058e-01
5.350400000000000711e-01
4.643537656249214773e-01
1.557264270864270883e-01
