4.335783762403471187e-01
4.650277511722900048e-01
7.182218369515247502e-01
5.188577930003114291e-01
3.392860989159518503e-01
1.215422825828808284e-01
2.467108571607133372e-01
6.229562163922468532e-01
6.015312127902376904e-01
3.897630210282884144e-01
2.584212921924968764e-01
6.850937381778829938e-01
4.136819755717453528e-01
2.968789676736786065e-01
6.310410477372816462e-01
4.249231278473183382e-01
5.132299987947001041e-01
1.754017090271257628e-01
4.597460996400835609e-01
1.610114668800110005e-01
2.353919597294180932e-01
5.981012006290241378e-02
5.850116471390776757e-02
1.919371035842146744e-01
1.522103566583428158e-01
7.190556517823780414e-02
9.769474903285624290e-02
2.059164750207574113e-01
5.195118759433356992e-01
1.401827474779418770e-01
2.638211505634153742e-01
3.811075223479890028e-01
6.032697809805349642e-01
2.647880213694265294e-01
2.686785907533135176e-01
4.852179356604244820e-01
4.402889221416745325e-01
9.045154025424231858e-02
1.004869846875368899e-01
5.626333792934833378e-01
2.721666763901746111e-01
1.731600052931754619e-01
1.280659561560524851e-01
2.879631393759264357e-01
4.025216763445917389e-01
1.703504410913814771e-01
2.336466481342411305e-01
5.279855711095682302e-01
6.010481315776041722e-01
3.933734023709831717e-01
5.841482786186760201e-01
3.988591953272064283e-01
5.152336044286791594e-01
1.989591927397347249e-01
1.254039527441567492e-01
2.431003338587290341e-01
5.276256911617260847e-01
4.329352126622347252e-01
4.699529179629527986e-01
3.322015644798642087e-01
4.637687075182203578e-01
3.775348211252514963e-01
6.074035589248258926e-01
3.169195427538125109e-01
4.319200629876542852e-01
4.954753259601999971e-01
7.880598284613016258e-01
4.814202173041976507e-01
3.319475388104962121e-01
2.398301832312703663e-01
2.366461450072730732e-01
6.882933005255644776e-01
5.875311751011098593e-01
5.132916738535238110e-01
2.178947207405140807e-01
4.059783801041534357e-01
3.780235541395633447e-01
3.521257470154020019e-01
6.330512044735721044e-01
2.257296289114887611e-01
3.790170306378087273e-01
3.722031767826140536e-01
7.940294408828693640e-02
8.109099667688263180e-02
1.311648691129851385e-01
9.261115627873717226e-02
5.839315754466414266e-01
2.686949197671246181e-01
4.772625909136072320e-01
2.066900075530103686e-01
4.353754218646378460e-01
1.297157325207819456e-01
1.826414214568636285e-01
3.970357628121230498e-01
5.221430857128634972e-01
6.529893467585634603e-01
7.040357879924337148e-01
2.361247820358031158e-01
3.905575094804329961e-01
6.001152935449765025e-01
5.843674342747970929e-01
3.375818053879237612e-01
5.049975866748914743e-01
5.699858749661623758e-01
2.877721054196277217e-01
1.256154661027455155e-01
1.361134746324962896e-01
4.820638872110396544e-01
5.579527516423177236e-01
2.370171640782026135e-01
2.285277624902560256e-01
3.226427510345991068e-01
6.010509680033070401e-01
3.217081270164415807e-01
4.731478828533797754e-01
4.737345992109701087e-01
4.335783762403471187e-01
4.650277511722900048e-01
7.182218369515247502e-01
5.188577930003114291e-01
3.392860989159518503e-01
1.215422825828808284e-01
2.467108571607133372e-01
6.229562163922468532e-01
6.015312127902376904e-01
3.897630210282884144e-01
2.584212921924968764e-01
6.850937381778829938e-01
4.136819755717453528e-01
2.968789676736786065e-01
6.310410477372816462e-01
4.249231278473183382e-01
5.132299987947001041e-01
1.754017090271257628e-01
4.597460996400835609e-01
1.610114668800110005e-01
2.353919597294180932e-01
5.981012006290241378e-02
5.850116471390776757e-02
1.919371035842146744e-01
1.522103566583428158e-01
7.190556517823780414e-02
9.769474903285624290e-02
2.059164750207574113e-01
5.195118759433356992e-01
1.401827474779418770e-01
2.638211505634153742e-01
3.811075223479890028e-01
6.032697809805349642e-01
2.647880213694265294e-01
2.686785907533135176e-01
4.852179356604244820e-01
4.402889221416745325e-01
9.045154025424231858e-02
1.004869846875368899e-01
5.626333792934833378e-01
2.721666763901746111e-01
1.731600052931754619e-01
1.280659561560524851e-01
2.879631393759264357e-01
4.025216763445917389e-01
1.703504410913814771e-01
2.336466481342411305e-01
5.279855711095682302e-01
6.010481315776041722e-01
3.933734023709831717e-01
5.841482786186760201e-01
3.988591953272064283e-01
5.152336044286791594e-01
1.989591927397347249e-01
1.254039527441567492e-01
2.431003338587290341e-01
5.276256911617260847e-01
4.329352126622347252e-01
4.699529179629527986e-01
3.322015644798642087e-01
4.637687075182203578e-01
3.775348211252514963e-01
6.074035589248258926e-01
3.169195427538125109e-01
5.843525472851719416e-01
3.375818053879237612e-01
5.049975866748914743e-01
5.699858749661623758e-01
2.877721054196277217e-01
1.256154661027455155e-01
1.361134746324962896e-01
4.820620701262047225e-01
5.579395624307181834e-01
2.370171640782026135e-01
2.285277624902560256e-01
3.226427510345991068e-01
6.010509680033070401e-01
3.217081270164415807e-01
4.731478828533797754e-01
4.737345992109701087e-01
5.319966087715966019e-01
3.154626201840169952e-01
6.980662991404227302e-01
6.093026021104935852e-01
4.189034528537321500e-01
8.146414988811487290e-02
2.267927700952874492e-01
2.625222506399372824e-01
6.031930414683529529e-01
1.837947490268337369e-01
2.102852727192040527e-01
5.196953382518770814e-01
6.318555501497135074e-01
2.994446632141408715e-01
4.489484915990893388e-01
4.103384136632112766e-01
5.823257908480571343e-01
2.989586975583549688e-01
5.370089455055795380e-01
5.699309861894915619e-01
3.708877027020237582e-01
8.708069762593860508e-02
1.661521884304112961e-01
3.891362436627815446e-01
6.916171415541554346e-01
1.614689819235575197e-01
2.988604732445384604e-01
2.768693297719044266e-01
6.116525164083839172e-01
4.124046560059172473e-01
3.644006278759354123e-01
4.333825762406952053e-01
5.854524778590136647e-01
4.363211452538341417e-01
5.209621454921320449e-01
6.000664856800673741e-01
2.968960580684250616e-01
1.195856098105216037e-01
1.792535707720890603e-01
2.336640643393559369e-01
7.726765606003019871e-01
2.290425747146532243e-01
2.542261647554434068e-01
4.439296677527997392e-01
6.318686525931007658e-01
2.954224711729230290e-01
4.115279760799012698e-01
4.784065230148665249e-01
5.583750666852838052e-01
3.964248069303437094e-01
6.349060419323322435e-01
6.064057481605422684e-01
3.381814630747241313e-01
1.199662130455660253e-01
2.097606560128342790e-01
2.165503804206161953e-01
6.336787294939325577e-01
1.610270252828933657e-01
2.296355895128265878e-01
5.635743913095766500e-01
6.144345344783842533e-01
4.699643196984953364e-01
3.913255846888327172e-01
4.266097120348081306e-01
5.558367915461964737e-01
3.203708729331086191e-01
6.373540976744399567e-01
6.069273845533038614e-01
3.235589195904343129e-01
9.866654937112279145e-02
1.649201621592056299e-01
3.498359449363997453e-01
6.669336707355412175e-01
1.813186645065973934e-01
2.804552113810553915e-01
3.154778568553015528e-01
5.755665874146596028e-01
3.129538989463119258e-01
3.189095356186220087e-01
4.707897706483399336e-01
4.335783762403470631e-01
4.650277511722899493e-01
7.182218369515249723e-01
5.188577930003114291e-01
3.392860989159518503e-01
1.215422825828808284e-01
2.467108571607133927e-01
6.229562163922469642e-01
6.015312127902375794e-01
3.897630210282884144e-01
2.584212921924967654e-01
6.850937381778829938e-01
4.136819755717453528e-01
2.968789676736787175e-01
6.310410477372816462e-01
4.249231278473183937e-01
5.132299987947001041e-01
1.754017090271257628e-01
4.597460996400835609e-01
1.610114668800110005e-01
2.353919597294180655e-01
5.981012006290242072e-02
5.850116471390776757e-02
1.919371035842146744e-01
1.522103566583428158e-01
7.190556517823780414e-02
9.769474903285624290e-02
2.059164750207573835e-01
5.195118759433356992e-01
1.401827474779418492e-01
2.638211505634153742e-01
3.811075223479890028e-01
6.032697809805349642e-01
2.647880213694264739e-01
2.686785907533135176e-01
4.852179356604243710e-01
4.402889221416745325e-01
9.045154025424233246e-02
1.004869846875369038e-01
5.626333792934832267e-01
2.721666763901746111e-01
1.731600052931754896e-01
1.280659561560524851e-01
2.879631393759264912e-01
4.025216763445916834e-01
1.703504410913815048e-01
2.336466481342411305e-01
5.279855711095682302e-01
6.010481315776042832e-01
3.933734023709830607e-01
5.841482786186760201e-01
3.988591953272064283e-01
5.152336044286791594e-01
1.989591927397346971e-01
1.254039527441567492e-01
2.431003338587290341e-01
5.276256911617261958e-01
4.329352126622347252e-01
4.699529179629527986e-01
3.322015644798642087e-01
4.637687075182204133e-01
3.775348211252515518e-01
6.074035589248260036e-01
3.169195427538125109e-01
