3.177194218851335239e-01
6.409755560667479424e-01
3.528060146438782296e-01
3.563793968395675971e-01
3.820396394112868799e-01
3.397714892954848409e-01
4.440637533963175954e-01
3.988584653341077368e-01
2.956354989146869339e-01
2.084733098149876285e-01
1.949218496703354897e-01
4.426769328649367008e-01
3.760742672373026951e-01
5.811867292688009945e-01
4.708750775449007664e-01
3.134564914751142295e-01
4.034471923513212599e-01
2.892819039524540115e-01
5.435284340429414884e-01
3.426427771125552524e-01
3.484680975781197509e-01
1.654060909144038360e-01
1.522986039703242978e-01
2.743246179590325129e-01
2.859012767246169040e-01
1.907476271910617249e-01
2.030797882386816688e-01
5.402160542236735807e-01
2.400651498514758952e-01
1.890560077917136095e-01
3.301834717198802727e-01
3.337941113770133139e-01
6.030805453094282287e-01
2.142612211133280709e-01
1.373227480794279587e-01
4.724348032908614048e-01
4.019059213880692427e-01
1.085303075374299819e-01
2.147369742832193340e-01
3.685015873807109821e-01
2.460532443584698692e-01
1.434373038699285341e-01
1.598493414850270800e-01
3.573226950745772013e-01
4.306998638051646178e-01
2.579731885676334602e-01
2.941864452396587559e-01
6.499779606455740044e-01
3.499679627829859196e-01
4.491740094802688099e-01
2.474393114391950643e-01
3.516093431375338363e-01
6.906128749903994724e-01
3.505724500734856419e-01
3.524389706404805755e-01
3.431394339103818747e-01
4.444466285687301843e-01
4.478771809762884804e-01
3.787924102120174830e-01
4.504699482522639409e-01
2.589612597183058584e-01
6.552914648451750868e-01
5.277418795718329392e-01
3.051536151851021450e-01
3.587555638857908291e-01
6.791983283189990672e-01
4.873250884035981723e-01
3.425522613043798237e-01
4.396005116037587923e-01
4.220105466810283867e-01
5.063374465818452075e-01
4.161555140597081315e-01
4.302162753341555179e-01
2.843040088302971058e-01
2.280020262833804545e-01
3.633595217374228081e-01
4.953768146009613904e-01
3.872166990455184754e-01
5.235118868580458384e-01
3.920168446711237431e-01
4.756337894741480277e-01
3.841806066752372351e-01
1.497888528484066228e-01
1.917730169790035077e-01
3.104676198031250389e-01
2.189872470902100576e-01
2.367572786820411890e-01
2.086667759399755684e-01
6.633344397171705431e-01
2.238051559962342951e-01
4.210829595653609037e-01
1.241209266453473514e-01
2.544531484666259780e-01
4.383737443638598408e-01
2.972426902152314199e-01
6.792174470126348673e-01
5.339216133035145084e-01
3.925437137713608804e-01
4.051574548561558409e-01
5.727947474957097995e-01
4.274365844394566460e-01
4.727364747496211606e-01
2.367289093692570567e-01
5.237009920903241689e-01
3.939131602067965643e-01
2.565068928417050254e-01
3.135005956678640349e-01
4.173691553618165129e-01
4.537090131355438483e-01
2.399911436762517392e-01
2.385355965428676006e-01
4.493205000935834303e-01
4.169404639483313413e-01
5.820253873327417837e-01
4.518244126139883687e-01
4.368035216616820149e-01
3.177194218851335239e-01
6.409755560667479424e-01
3.528060146438782296e-01
3.563793968395675971e-01
3.820396394112868799e-01
3.397714892954848409e-01
4.440637533963175954e-01
3.988584653341077368e-01
2.956354989146869339e-01
2.084733098149876285e-01
1.949218496703354897e-01
4.426769328649367008e-01
3.760742672373026951e-01
5.811867292688009945e-01
4.708750775449007664e-01
3.134564914751142295e-01
4.034471923513212599e-01
2.892819039524540115e-01
5.435284340429414884e-01
3.426427771125552524e-01
3.484680975781197509e-01
1.654060909144038360e-01
1.522986039703242978e-01
2.743246179590325129e-01
2.859012767246169040e-01
1.907476271910617249e-01
2.030797882386816688e-01
5.402160542236735807e-01
2.400651498514758952e-01
1.890560077917136095e-01
3.301834717198802727e-01
3.337941113770133139e-01
6.030805453094282287e-01
2.142612211133280709e-01
1.373227480794279587e-01
4.724348032908614048e-01
4.019059213880692427e-01
1.085303075374299819e-01
2.147369742832193340e-01
3.685015873807109821e-01
2.460532443584698692e-01
1.434373038699285341e-01
1.598493414850270800e-01
3.573226950745772013e-01
4.306998638051646178e-01
2.579731885676334602e-01
2.941864452396587559e-01
6.499779606455740044e-01
3.499679627829859196e-01
4.491740094802688099e-01
2.474393114391950643e-01
3.516093431375338363e-01
6.906128749903994724e-01
3.505724500734856419e-01
3.524389706404805755e-01
3.431394339103818747e-01
4.444466285687301843e-01
4.478771809762884804e-01
3.787924102120174830e-01
4.504699482522639409e-01
2.589612597183058584e-01
6.552914648451750868e-01
5.277418795718329392e-01
3.051536151851021450e-01
4.274256953247923541e-01
4.727364747496211606e-01
2.367289093692570567e-01
5.237009920903241689e-01
3.939131602067965643e-01
2.565068928417050254e-01
3.135005956678640349e-01
4.173671113072584538e-01
4.536927136393985038e-01
2.399911436762517392e-01
2.385355965428676006e-01
4.493205000935834303e-01
4.169404639483313413e-01
5.820253873327417837e-01
4.518244126139883687e-01
4.368035216616820149e-01
3.990777058811933453e-01
5.027715119329012605e-01
4.851042500913128053e-01
3.989322408990620406e-01
3.959123250785529513e-01
2.021430442646813541e-01
3.626137356449791183e-01
4.414150155629854022e-01
5.858064719757419825e-01
1.872572846666898105e-01
2.549778643617981455e-01
5.118788033545067506e-01
4.493488979094023006e-01
5.405787936087429468e-01
3.672462948272683381e-01
4.379413844002492673e-01
3.971509257429800543e-01
4.409747605392016490e-01
4.375536973798323515e-01
3.789164709955625820e-01
4.413201380668947404e-01
1.852381970622400398e-01
2.885293223066144885e-01
6.227366867226438174e-01
5.177177878527499111e-01
2.525490095559924653e-01
2.639875225248140556e-01
3.803483466340887298e-01
4.780624061411608006e-01
6.227318957934561139e-01
3.947027489226734298e-01
4.000850677395524357e-01
3.987593128873747061e-01
5.348380704670612218e-01
3.642952606691081119e-01
4.766321724649308367e-01
4.371296355323505689e-01
2.445089386282596755e-01
2.747942213931010014e-01
3.518726430430030305e-01
6.311572604456908708e-01
3.201766861578307921e-01
2.589621610867041679e-01
4.818276321496143266e-01
4.668339439931112889e-01
5.588514402743440801e-01
4.191109717441860449e-01
4.519589003110882075e-01
3.931519163050595789e-01
4.888223648934108545e-01
5.155028466539195442e-01
4.533919368388577564e-01
4.289400560020651398e-01
2.457045210552551429e-01
2.878399925197519527e-01
4.322658649731705993e-01
4.733763707333896731e-01
2.949376180555921545e-01
2.511043631299042511e-01
4.869876454273694977e-01
4.709975436523176073e-01
6.176832442212885077e-01
4.043578187260229440e-01
4.331337515124827342e-01
3.877123882140531830e-01
4.075555996664975700e-01
4.566200771373924994e-01
4.636586053050723022e-01
4.112202090421043787e-01
1.976370918433582313e-01
2.912256418101909494e-01
4.889833075510275351e-01
4.860581593623382046e-01
2.935263825889305456e-01
2.579129078801411512e-01
3.709658878962043826e-01
4.264092644450092617e-01
5.439982301139691945e-01
3.557427145997751339e-01
4.336488806798776130e-01
3.177194218851334684e-01
6.409755560667478314e-01
3.528060146438782851e-01
3.563793968395675971e-01
3.820396394112869354e-01
3.397714892954848409e-01
4.440637533963176509e-01
3.988584653341077368e-01
2.956354989146868784e-01
2.084733098149876007e-01
1.949218496703354619e-01
4.426769328649366453e-01
3.760742672373026951e-01
5.811867292688011055e-01
4.708750775449007109e-01
3.134564914751142850e-01
4.034471923513213154e-01
2.892819039524540115e-01
5.435284340429414884e-01
3.426427771125552524e-01
3.484680975781197509e-01
1.654060909144038360e-01
1.522986039703242700e-01
2.743246179590324574e-01
2.859012767246169595e-01
1.907476271910616972e-01
2.030797882386816966e-01
5.402160542236735807e-01
2.400651498514758397e-01
1.890560077917135540e-01
3.301834717198802727e-01
3.337941113770133139e-01
6.030805453094282287e-01
2.142612211133280709e-01
1.373227480794279864e-01
4.724348032908612938e-01
4.019059213880692982e-01
1.085303075374299958e-01
2.147369742832193340e-01
3.685015873807109821e-01
2.460532443584698692e-01
1.434373038699285341e-01
1.598493414850270522e-01
3.573226950745772568e-01
4.306998638051645067e-01
2.579731885676335157e-01
2.941864452396588114e-01
6.499779606455740044e-01
3.499679627829859196e-01
4.491740094802686989e-01
2.474393114391950643e-01
3.516093431375338918e-01
6.906128749903994724e-01
3.505724500734855864e-01
3.524389706404805200e-01
3.431394339103818192e-01
4.444466285687301843e-01
4.478771809762885359e-01
3.787924102120174830e-01
4.504699482522639409e-01
2.589612597183058584e-01
6.552914648451750868e-01
5.277418795718329392e-01
3.051536151851020895e-01
