4.950614490457470040e-01
4.764597571742739124e-01
5.414237309538114662e-01
4.949636210652648138e-01
2.952968451910598091e-01
1.667605847827434151e-01
3.129423457713752521e-01
4.263054271812294349e-01
3.874422829041218042e-01
2.786141452065779012e-01
2.407473569220914822e-01
4.597998300783359693e-01
4.080174375199110970e-01
5.352226424531467686e-01
4.512237498271089997e-01
4.575199017706748639e-01
5.185132912059884358e-01
1.700534663907348476e-01
4.720465441615285251e-01
1.886108288670146904e-01
3.180763233805372070e-01
6.570292265762368855e-02
1.409218251097026642e-01
2.485889145995977545e-01
2.727900362160232128e-01
7.026755273297449755e-02
2.266989679449878947e-01
2.267748125456429953e-01
3.931455118451827047e-01
1.406075308213494690e-01
2.546894618726485704e-01
3.984878369949692578e-01
5.425213771153363229e-01
2.732658137039291057e-01
1.773197289223823470e-01
4.821348607044901868e-01
3.969020947770801055e-01
1.810163550253513776e-01
9.294193136180588233e-02
4.067695445270339549e-01
3.436588202647558599e-01
2.443838061771283765e-01
1.467180604066515848e-01
2.119314089487404074e-01
2.342825937197782205e-01
2.580329462929432660e-01
1.587022584271140513e-01
4.743832650855482336e-01
4.846747580253960574e-01
2.930510760462376463e-01
2.919888678941736093e-01
4.769101014251421744e-01
5.697383510619158375e-01
3.118660928613135597e-01
2.643333118258714420e-01
3.770368893085669360e-01
3.506895661129511010e-01
3.853689358197337489e-01
4.084664281459333690e-01
3.391372869415474889e-01
4.191909149849328275e-01
5.480255617309314209e-01
5.451824173800657869e-01
4.526577794889466433e-01
5.457781212299800400e-01
4.705935319793310145e-01
6.774576531094791410e-01
4.880795691047725704e-01
3.068515262010030886e-01
2.192709592710230249e-01
2.838580665642747025e-01
4.417499281855570836e-01
5.243588726926293742e-01
3.511135132440177387e-01
2.390876985483224026e-01
4.438218685817695852e-01
4.810389977895601632e-01
2.893395369032933928e-01
6.043212824927886029e-01
1.467658017000373627e-01
3.789520222902043045e-01
3.852446721340425650e-01
9.175379057568266994e-02
1.959448792397249228e-01
2.624615030691409001e-01
8.779519106783151283e-02
3.502593956191779601e-01
2.065488004278140666e-01
5.526353494451157200e-01
2.573974721997800974e-01
3.777171690132321569e-01
2.216460529902948007e-01
2.903986867847624942e-01
2.606980390338131670e-01
4.466848636034465581e-01
5.142872396514448496e-01
6.382204539202651628e-01
3.040427223879302865e-01
3.505447082673973647e-01
6.237713745539319454e-01
5.734938277411990581e-01
3.051389366595000374e-01
3.168681659551914054e-01
6.009350378199074250e-01
3.045132821118752275e-01
2.026816381667967681e-01
2.163621216670681136e-01
4.438949043266062766e-01
4.796228250071822852e-01
2.251167288178203552e-01
2.632321377198692525e-01
2.272732551683228075e-01
4.987267085433896852e-01
5.013314293782623610e-01
3.619097739856502183e-01
5.493055652521792176e-01
4.950614490457470040e-01
4.764597571742739124e-01
5.414237309538114662e-01
4.949636210652648138e-01
2.952968451910598091e-01
1.667605847827434151e-01
3.129423457713752521e-01
4.263054271812294349e-01
3.874422829041218042e-01
2.786141452065779012e-01
2.407473569220914822e-01
4.597998300783359693e-01
4.080174375199110970e-01
5.352226424531467686e-01
4.512237498271089997e-01
4.575199017706748639e-01
5.185132912059884358e-01
1.700534663907348476e-01
4.720465441615285251e-01
1.886108288670146904e-01
3.180763233805372070e-01
6.570292265762368855e-02
1.409218251097026642e-01
2.485889145995977545e-01
2.727900362160232128e-01
7.026755273297449755e-02
2.266989679449878947e-01
2.267748125456429953e-01
3.931455118451827047e-01
1.406075308213494690e-01
2.546894618726485704e-01
3.984878369949692578e-01
5.425213771153363229e-01
2.732658137039291057e-01
1.773197289223823470e-01
4.821348607044901868e-01
3.969020947770801055e-01
1.810163550253513776e-01
9.294193136180588233e-02
4.067695445270339549e-01
3.436588202647558599e-01
2.443838061771283765e-01
1.467180604066515848e-01
2.119314089487404074e-01
2.342825937197782205e-01
2.580329462929432660e-01
1.587022584271140513e-01
4.743832650855482336e-01
4.846747580253960574e-01
2.930510760462376463e-01
2.919888678941736093e-01
4.769101014251421744e-01
5.697383510619158375e-01
3.118660928613135597e-01
2.643333118258714420e-01
3.770368893085669360e-01
3.506895661129511010e-01
3.853689358197337489e-01
4.084664281459333690e-01
3.391372869415474889e-01
4.191909149849328275e-01
5.480255617309314209e-01
5.451824173800657869e-01
4.526577794889466433e-01
5.734792177609658870e-01
3.051389366595000374e-01
3.168681659551914054e-01
6.009350378199074250e-01
3.045132821118752275e-01
2.026816381667967681e-01
2.163621216670681136e-01
4.438929533328233035e-01
4.796072986925223325e-01
2.251167288178203552e-01
2.632321377198692525e-01
2.272732551683228075e-01
4.987267085433896852e-01
5.013314293782623610e-01
3.619097739856502183e-01
5.493055652521792176e-01
5.076720669463623548e-01
3.765894294877799031e-01
5.392292336734743063e-01
5.372167037680787294e-01
5.127887591176432114e-01
8.132855675435393672e-02
3.233942784432759510e-01
3.072138427618950618e-01
5.011645346553381675e-01
2.741410466090952736e-01
1.523378461846205956e-01
4.043683119057934761e-01
5.230295954885196830e-01
3.770138704066766655e-01
3.519144564530584107e-01
5.503359980011138797e-01
5.138385957731150810e-01
3.748354252286981159e-01
4.844235015537719513e-01
4.873174894041523153e-01
4.033825311220013976e-01
1.226971526171612564e-01
2.153866082394113590e-01
5.190581747404844348e-01
5.537005181431695622e-01
1.995337088666661041e-01
2.249897021024187260e-01
3.239599559224945469e-01
5.883874807543881813e-01
5.118268213066144989e-01
3.358270392186540887e-01
4.698660719095232308e-01
5.352365813292921937e-01
4.865569932843248901e-01
4.375271468939754271e-01
5.302012544370402480e-01
3.332125212600839936e-01
1.909288325006501530e-01
1.974715605313208111e-01
3.134608446857248820e-01
6.616240419041082843e-01
2.379499033843209266e-01
2.269794604067776889e-01
4.242695204019677480e-01
5.791803024474014849e-01
4.117655620209555445e-01
3.558825335518374655e-01
5.470005861516962220e-01
4.939187597518391870e-01
4.405243704271419314e-01
5.051920845690462958e-01
5.846951376952000956e-01
4.010127520339918372e-01
1.728200621426487504e-01
2.334359475950767981e-01
3.047319223180109948e-01
4.816005244104183403e-01
2.238067095820055752e-01
2.179699885782699909e-01
4.658563773926954754e-01
5.882266837046397079e-01
5.240809021057322159e-01
3.524537299509121757e-01
4.890273382114553313e-01
5.092106180337033772e-01
3.808055351231141028e-01
4.722871965787117654e-01
5.587210684284029671e-01
3.571378524038835711e-01
1.371782865458636425e-01
2.214326210782612825e-01
4.223653614865225392e-01
5.039865837144604788e-01
2.056842502824451357e-01
2.175535387691481803e-01
3.768207990429650045e-01
5.365853734600491975e-01
4.496374753697070514e-01
3.330135415047373870e-01
4.863824240326679593e-01
4.950614490457469485e-01
4.764597571742738569e-01
5.414237309538115772e-01
4.949636210652648138e-01
2.952968451910598091e-01
1.667605847827434706e-01
3.129423457713753076e-01
4.263054271812294349e-01
3.874422829041218597e-01
2.786141452065780122e-01
2.407473569220914544e-01
4.597998300783359138e-01
4.080174375199110970e-01
5.352226424531468796e-01
4.512237498271090552e-01
4.575199017706749194e-01
5.185132912059884358e-01
1.700534663907348476e-01
4.720465441615285807e-01
1.886108288670147459e-01
3.180763233805372070e-01
6.570292265762368855e-02
1.409218251097026364e-01
2.485889145995977545e-01
2.727900362160232128e-01
7.026755273297449755e-02
2.266989679449879225e-01
2.267748125456429675e-01
3.931455118451826491e-01
1.406075308213494413e-01
2.546894618726485704e-01
3.984878369949692023e-01
5.425213771153363229e-01
2.732658137039291057e-01
1.773197289223823470e-01
4.821348607044901868e-01
3.969020947770801611e-01
1.810163550253514053e-01
9.294193136180586845e-02
4.067695445270338994e-01
3.436588202647558599e-01
2.443838061771284043e-01
1.467180604066515570e-01
2.119314089487404629e-01
2.342825937197781649e-01
2.580329462929432660e-01
1.587022584271140513e-01
4.743832650855483446e-01
4.846747580253960574e-01
2.930510760462375908e-01
2.919888678941736648e-01
4.769101014251422299e-01
5.697383510619159486e-01
3.118660928613135597e-01
2.643333118258713865e-01
3.770368893085669360e-01
3.506895661129511566e-01
3.853689358197337489e-01
4.084664281459333135e-01
3.391372869415475444e-01
4.191909149849328831e-01
5.480255617309314209e-01
5.451824173800657869e-01
4.526577794889465878e-01
