2.707533303563936650e-02
2.630696057343526739e-01
2.249694428636897503e-01
4.378917350077316667e-02
1.637047186516006891e-01
5.374367000841046016e-01
5.832086350090647242e-01
2.534380112003641883e-01
2.156329013994657817e-01
4.374145477786130498e-01
4.017205566998166000e-01
3.220993339405529565e-01
2.870979089167667586e-02
4.582154536760812968e-01
1.711464851119659236e-01
3.439905081945216631e-02
1.868813659475050959e-01
4.272739096505678846e-01
6.926790657175301291e-01
1.823783160102515621e-01
5.302893309222422857e-01
4.225347102178337311e-01
4.550438125827155345e-01
5.232018561484919061e-01
5.563656761436016618e-01
4.006537704638722941e-01
5.857593172665290782e-01
6.853763175800623442e-01
1.001059731626679772e-01
5.728769156906748927e-01
4.229714384735762112e-01
2.502146649086913754e-01
3.187740561300855258e-01
6.155439437822344262e-01
4.124247294937095076e-01
3.127698136014028241e-01
4.660016201094790422e-01
4.518047121600668459e-01
4.343881506903915501e-01
6.163627244208677025e-01
3.925634100042991737e-01
5.241396897305974356e-01
3.493917060120071416e-01
5.267218628767844635e-01
2.378939522607981250e-01
6.777029574671806778e-01
4.060077132341204931e-01
2.847160564378618530e-01
2.146094787845235358e-02
2.200247211017833937e-01
1.314692896658209431e-01
2.432082285881115996e-02
4.744790044114916006e-01
6.198210142525688582e-01
6.626551622319705181e-01
2.900708221660434627e-01
2.588986971714425933e-01
4.710358604834177787e-01
5.004564776209666777e-01
2.640301296921525043e-01
1.422507732257819596e-02
4.104795050270688694e-01
2.698226831510787127e-01
2.761542418399177620e-02
3.150574140866516104e-02
2.228115292654427315e-01
3.240273644476956982e-01
3.967028311788882433e-02
1.679338745527771126e-01
6.557624114069624532e-01
6.535644348580627039e-01
2.621714194743132165e-01
3.309037848093907552e-01
5.750784526555179355e-01
4.769840714155093031e-01
2.642878600004405776e-02
3.443187795804754092e-01
1.630207679552358180e-01
2.555540704536645169e-01
6.314702770502619300e-01
6.284930703876775437e-01
6.255674776585385954e-01
3.771466296620487046e-01
5.695766357109873779e-01
6.043203283092578593e-01
4.513943797068010744e-01
9.174507073509438615e-02
6.297997678893547668e-01
3.171007936423313467e-01
6.716996465522726556e-01
4.759275175224007004e-01
5.329194593584731798e-01
4.971103237897294136e-01
2.279546769368321901e-01
1.626702991461077830e-02
3.669073969838135274e-01
1.775719701392591277e-01
7.098195248164574922e-01
7.539260725065235480e-01
2.281192555545548672e-01
7.355170364703680908e-02
4.681130972525351930e-01
3.279984568593917738e-01
1.261236351621800589e-01
3.312500253301111641e-01
5.986071747759195150e-01
6.213353517862929554e-01
5.475134886374795062e-01
5.729483653508029573e-01
5.644668103002239423e-01
5.421613425160215494e-01
4.468467730416273986e-01
5.659375803014991824e-02
7.537499309016101323e-01
3.578455301067434147e-01
1.091854190734130869e-01
2.707533303563936650e-02
2.630696057343526739e-01
2.249694428636897503e-01
4.378917350077316667e-02
1.637047186516006891e-01
5.374367000841046016e-01
5.832086350090647242e-01
2.534380112003641883e-01
2.156329013994657817e-01
4.374145477786130498e-01
4.017205566998166000e-01
3.220993339405529565e-01
2.870979089167667586e-02
4.582154536760812968e-01
1.711464851119659236e-01
3.439905081945216631e-02
1.868813659475050959e-01
4.272739096505678846e-01
6.926790657175301291e-01
1.823783160102515621e-01
5.302893309222422857e-01
4.225347102178337311e-01
4.550438125827155345e-01
5.232018561484919061e-01
5.563656761436016618e-01
4.006537704638722941e-01
5.857593172665290782e-01
6.853763175800623442e-01
1.001059731626679772e-01
5.728769156906748927e-01
4.229714384735762112e-01
2.502146649086913754e-01
3.187740561300855258e-01
6.155439437822344262e-01
4.124247294937095076e-01
3.127698136014028241e-01
4.660016201094790422e-01
4.518047121600668459e-01
4.343881506903915501e-01
6.163627244208677025e-01
3.925634100042991737e-01
5.241396897305974356e-01
3.493917060120071416e-01
5.267218628767844635e-01
2.378939522607981250e-01
6.777029574671806778e-01
4.060077132341204931e-01
2.847160564378618530e-01
2.146094787845235358e-02
2.200247211017833937e-01
1.314692896658209431e-01
2.432082285881115996e-02
4.744790044114916006e-01
6.198210142525688582e-01
6.626551622319705181e-01
2.900708221660434627e-01
2.588986971714425933e-01
4.710358604834177787e-01
5.004564776209666777e-01
2.640301296921525043e-01
1.422507732257819596e-02
4.104795050270688694e-01
2.698226831510787127e-01
2.761542418399177620e-02
7.354982988853336900e-02
4.681130972525351930e-01
3.279984568593917738e-01
1.261236351621800589e-01
3.312500253301111641e-01
5.986071747759195150e-01
6.213353517862929554e-01
5.475119011706907068e-01
5.729356235581681833e-01
5.644668103002239423e-01
5.421613425160215494e-01
4.468467730416273986e-01
5.659375803014991824e-02
7.537499309016101323e-01
3.578455301067434147e-01
1.091854190734130869e-01
6.377315461977575706e-02
4.802578587848888581e-01
4.592505554174732274e-01
7.924331181704195870e-02
5.142800611593572047e-01
4.925193862749841500e-01
7.480295221504015268e-01
4.683339366691237626e-01
4.371698976530700165e-01
6.876684089783978715e-01
5.892912884013101760e-01
4.602709245232788904e-01
1.099977227244168659e-01
4.521909106318050542e-01
4.636237285718970424e-01
1.015821379078220149e-01
9.535858218550888332e-02
3.089543233649176268e-01
2.416249690790281401e-01
1.317830247993210524e-01
3.717433925289846952e-01
5.194038181037734514e-01
7.594687980271503935e-01
4.728434809598437427e-01
3.228206651824477857e-01
7.360394631027288304e-01
6.466845653623953805e-01
2.350982677092438577e-01
1.313410138533105398e-01
4.788005222761894109e-01
3.129040409466093964e-01
1.162434628062626457e-01
8.059163871255349554e-02
5.779298693536414344e-01
2.701022275552401597e-01
1.022914753388595305e-01
3.717913103763593186e-01
5.827377751100133452e-01
7.662497366639990926e-01
3.129444240265244481e-01
6.351637200997127808e-01
7.619088287494082401e-01
6.022609908466061146e-01
5.223104855966533844e-01
1.102909117862474336e-01
6.382845898905509241e-01
3.196032902790394981e-01
1.339623008389663750e-01
7.070437857005844318e-02
4.932036324863290910e-01
4.842523860943170333e-01
9.799880796053526966e-02
4.856583190880524037e-01
5.793835333072869798e-01
7.452969431452206583e-01
4.647702134752839664e-01
3.654535638643945372e-01
7.405481251538131859e-01
5.982284470545706778e-01
4.441186626307209728e-01
1.065854845816432278e-01
5.716086217279108261e-01
4.228229858742877934e-01
1.198280279330280335e-01
9.819974665048505913e-02
3.094004400064245264e-01
2.833151314417435840e-01
1.436840241738998325e-01
3.157434428057463438e-01
5.223176047017072943e-01
7.694888656624462309e-01
3.996238090277653421e-01
2.925232727404390998e-01
7.700373154960395983e-01
6.581344205749453113e-01
2.605648068580863064e-01
1.158494672156225869e-01
4.284863239356548337e-01
2.299578344800666807e-01
1.477334615231374881e-01
2.707533303563936650e-02
2.630696057343526184e-01
2.249694428636897781e-01
4.378917350077316667e-02
1.637047186516007169e-01
5.374367000841044906e-01
5.832086350090648352e-01
2.534380112003642438e-01
2.156329013994658095e-01
4.374145477786131053e-01
4.017205566998165445e-01
3.220993339405529565e-01
2.870979089167667586e-02
4.582154536760814079e-01
1.711464851119658959e-01
3.439905081945216631e-02
1.868813659475051514e-01
4.272739096505678846e-01
6.926790657175302401e-01
1.823783160102515621e-01
5.302893309222422857e-01
4.225347102178337311e-01
4.550438125827154789e-01
5.232018561484917951e-01
5.563656761436016618e-01
4.006537704638722386e-01
5.857593172665290782e-01
6.853763175800623442e-01
1.001059731626679633e-01
5.728769156906747817e-01
4.229714384735762667e-01
2.502146649086913754e-01
3.187740561300855258e-01
6.155439437822343152e-01
4.124247294937095631e-01
3.127698136014027686e-01
4.660016201094791533e-01
4.518047121600669014e-01
4.343881506903916057e-01
6.163627244208675915e-01
3.925634100042991181e-01
5.241396897305974356e-01
3.493917060120070861e-01
5.267218628767844635e-01
2.378939522607980694e-01
6.777029574671806778e-01
4.060077132341205486e-01
2.847160564378619640e-01
2.146094787845235358e-02
2.200247211017833382e-01
1.314692896658209431e-01
2.432082285881115996e-02
4.744790044114917116e-01
6.198210142525687472e-01
6.626551622319704071e-01
2.900708221660434627e-01
2.588986971714425933e-01
4.710358604834177232e-01
5.004564776209666777e-01
2.640301296921525043e-01
1.422507732257819596e-02
4.104795050270688694e-01
2.698226831510787127e-01
2.761542418399177273e-02
