1.325851002048294147e-01
2.636658577138658588e-01
2.369806101869222914e-01
1.779309872105465928e-01
1.536199212739983166e-01
1.951667395761191304e-01
7.113152220467019449e-01
1.516989600009794881e-01
1.496973820420474666e-01
3.744541878797741918e-01
3.232576491453484913e-01
3.123564632656468665e-01
1.046048146992515221e-01
5.162832723313245387e-01
3.062391051329524938e-01
1.665435626632799093e-01
2.439703931155987604e-01
2.757061360876503775e-01
5.089018556117275160e-01
2.022413232919552106e-01
2.217479167896190817e-01
1.386039830759598357e-01
3.806547916731041203e-01
2.357497368025266993e-01
6.623867104640229764e-01
5.781994858151744410e-01
6.625658926387484327e-01
6.804705213449714352e-01
1.457491899675668334e-01
3.050058408111587793e-01
3.278011720006842045e-01
1.560921021956414023e-01
3.981194837732107694e-01
5.298591198823542348e-01
3.898840084159465036e-01
4.025155009695131625e-01
6.509903801720602345e-01
3.866777642570994877e-01
7.423558845950810614e-01
5.856498534676214396e-01
3.754646843233618303e-01
5.984017415586717625e-01
3.547990436644660739e-01
3.922262514643859443e-01
2.179761606941651442e-01
4.800317482180933015e-01
4.383395271474090360e-01
2.997771355176782615e-01
8.039561045357172808e-02
1.974078808414049813e-01
9.045227604095829044e-02
1.370616040553443715e-01
3.773726592803109403e-01
2.963710976946050124e-01
7.400776809503036846e-01
1.576306283086939819e-01
2.512327825305684104e-01
6.531416781603029964e-01
4.369358019530978354e-01
2.618442594416359182e-01
5.580733034200667519e-02
4.295884092846042335e-01
3.157197582996301155e-01
1.141627555373983527e-01
1.420736291218203939e-01
2.321993576372188839e-01
2.509936270328525509e-01
1.764966806321310033e-01
1.596655241559302996e-01
3.534475179244056520e-01
7.234318111025201947e-01
2.003725366984331901e-01
1.839318698513543460e-01
5.172593722656546600e-01
2.773066263158303624e-01
1.214730385581528210e-01
4.243626281569760073e-01
2.337186177808462662e-01
3.148182054786040629e-01
5.215758277641152629e-01
4.546107983288965038e-01
3.343087794561881987e-01
2.332364736658962268e-01
5.593277218672044748e-01
6.990954455633129339e-01
7.108820392195742688e-01
9.582527677958796453e-02
4.516372855347458581e-01
3.807385442969514200e-01
5.195192937764023799e-01
7.084351249011510143e-01
5.351932744515167650e-01
3.004505437847047045e-01
2.067181068313697079e-01
6.534613066685419913e-02
3.001683135803477342e-01
2.439685606832823761e-01
5.790921008088013577e-01
8.141900551073770753e-01
2.594322996550083027e-01
1.752107906668860793e-01
3.433714504321812577e-01
2.509958314178577510e-01
2.762541842812419324e-01
2.321711423457138990e-01
3.171202600241584957e-01
7.463193632786369047e-01
3.423592705757392274e-01
6.058472191066170964e-01
7.087423894274391678e-01
5.359365404197614646e-01
3.841319846323164033e-01
1.156725630142041578e-01
5.950219158618132997e-01
3.864043024829246220e-01
1.807654354604864289e-01
1.325851002048294147e-01
2.636658577138658588e-01
2.369806101869222914e-01
1.779309872105465928e-01
1.536199212739983166e-01
1.951667395761191304e-01
7.113152220467019449e-01
1.516989600009794881e-01
1.496973820420474666e-01
3.744541878797741918e-01
3.232576491453484913e-01
3.123564632656468665e-01
1.046048146992515221e-01
5.162832723313245387e-01
3.062391051329524938e-01
1.665435626632799093e-01
2.439703931155987604e-01
2.757061360876503775e-01
5.089018556117275160e-01
2.022413232919552106e-01
2.217479167896190817e-01
1.386039830759598357e-01
3.806547916731041203e-01
2.357497368025266993e-01
6.623867104640229764e-01
5.781994858151744410e-01
6.625658926387484327e-01
6.804705213449714352e-01
1.457491899675668334e-01
3.050058408111587793e-01
3.278011720006842045e-01
1.560921021956414023e-01
3.981194837732107694e-01
5.298591198823542348e-01
3.898840084159465036e-01
4.025155009695131625e-01
6.509903801720602345e-01
3.866777642570994877e-01
7.423558845950810614e-01
5.856498534676214396e-01
3.754646843233618303e-01
5.984017415586717625e-01
3.547990436644660739e-01
3.922262514643859443e-01
2.179761606941651442e-01
4.800317482180933015e-01
4.383395271474090360e-01
2.997771355176782615e-01
8.039561045357172808e-02
1.974078808414049813e-01
9.045227604095829044e-02
1.370616040553443715e-01
3.773726592803109403e-01
2.963710976946050124e-01
7.400776809503036846e-01
1.576306283086939819e-01
2.512327825305684104e-01
6.531416781603029964e-01
4.369358019530978354e-01
2.618442594416359182e-01
5.580733034200667519e-02
4.295884092846042335e-01
3.157197582996301155e-01
1.141627555373983527e-01
1.752063271032617275e-01
3.433714504321812577e-01
2.509958314178577510e-01
2.762541842812419324e-01
2.321711423457138990e-01
3.171202600241584957e-01
7.463193632786369047e-01
3.423569633626162290e-01
6.058354589057584061e-01
7.087423894274391678e-01
5.359365404197614646e-01
3.841319846323164033e-01
1.156725630142041578e-01
5.950219158618132997e-01
3.864043024829246220e-01
1.807654354604864289e-01
1.288987497962152395e-01
3.336940366385562906e-01
5.575932117768531704e-01
1.820800423002191248e-01
4.903734846695792515e-01
3.790386325071875007e-01
6.625579467286120128e-01
3.321926184421051809e-01
5.483795403150411030e-01
6.218417333332370012e-01
7.549312310434203033e-01
4.426104714447811617e-01
1.301387569731292104e-01
3.851256135556547777e-01
4.881883609048637274e-01
1.621141113258186550e-01
1.286286744483616518e-01
3.009796512762327736e-01
4.179221520596311801e-01
1.489291349661265584e-01
3.879268971178342351e-01
3.538642571820462823e-01
6.520977944517596381e-01
4.727889291354372414e-01
4.800764737439648933e-01
6.454673771391175041e-01
7.148237132348540523e-01
3.356396296676868451e-01
1.634099962830196651e-01
4.836810460002124445e-01
4.137254760718929170e-01
1.086517967143158098e-01
1.398194389628231171e-01
4.627468374551424457e-01
4.191446562184768521e-01
1.655249755232119924e-01
3.147555805913053173e-01
4.701575611658773135e-01
6.199299079523536982e-01
2.740910949148270825e-01
7.603243541826892882e-01
6.852121635869798943e-01
7.499438717668290844e-01
4.883909257873346732e-01
1.592686458501554325e-01
4.714402959366837398e-01
4.100551851720182772e-01
1.738637013738080217e-01
1.386198950971148092e-01
3.889882335147925585e-01
5.818750621293176106e-01
1.653130018968251846e-01
3.522977555374810499e-01
4.547012614396956920e-01
7.068295319179466185e-01
3.406911410464626422e-01
5.157915186822462639e-01
6.476620991846309128e-01
7.050932714392822431e-01
4.983312414331719786e-01
1.716562102446705373e-01
4.899234138272959282e-01
4.145388678815370431e-01
1.581276718142904936e-01
1.463672377837465233e-01
3.236131706505251948e-01
4.406435674504586286e-01
1.529332933537910499e-01
3.303034399741752725e-01
3.470296214704211013e-01
6.733439733584201115e-01
4.123812886828010504e-01
4.621769020353990731e-01
6.740635786429577392e-01
7.277136118143656685e-01
3.800133222855042736e-01
1.223592534570686341e-01
4.447415045366127084e-01
3.508088385134716658e-01
1.366117028543245571e-01
1.325851002048293870e-01
2.636658577138658588e-01
2.369806101869223747e-01
1.779309872105465928e-01
1.536199212739983166e-01
1.951667395761191304e-01
7.113152220467019449e-01
1.516989600009794881e-01
1.496973820420474388e-01
3.744541878797742473e-01
3.232576491453484913e-01
3.123564632656468110e-01
1.046048146992515221e-01
5.162832723313246497e-01
3.062391051329525493e-01
1.665435626632799371e-01
2.439703931155988159e-01
2.757061360876503775e-01
5.089018556117275160e-01
2.022413232919552106e-01
2.217479167896190817e-01
1.386039830759598357e-01
3.806547916731041203e-01
2.357497368025266993e-01
6.623867104640229764e-01
5.781994858151744410e-01
6.625658926387485437e-01
6.804705213449713241e-01
1.457491899675668334e-01
3.050058408111586683e-01
3.278011720006842045e-01
1.560921021956414023e-01
3.981194837732107694e-01
5.298591198823541237e-01
3.898840084159465036e-01
4.025155009695131625e-01
6.509903801720602345e-01
3.866777642570995988e-01
7.423558845950810614e-01
5.856498534676213286e-01
3.754646843233618303e-01
5.984017415586716515e-01
3.547990436644660184e-01
3.922262514643860554e-01
2.179761606941650887e-01
4.800317482180933015e-01
4.383395271474090360e-01
2.997771355176783170e-01
8.039561045357172808e-02
1.974078808414049258e-01
9.045227604095829044e-02
1.370616040553443715e-01
3.773726592803109403e-01
2.963710976946050124e-01
7.400776809503036846e-01
1.576306283086939541e-01
2.512327825305684104e-01
6.531416781603029964e-01
4.369358019530977799e-01
2.618442594416359182e-01
5.580733034200668907e-02
4.295884092846041780e-01
3.157197582996301710e-01
1.141627555373983527e-01
