1.662663092981582491e-01
3.516644611569595957e-01
2.483999164027224649e-01
3.468771253805038590e-01
2.377761508478903885e-01
2.898504217887803436e-01
3.311766223522686903e-01
6.029066534544037514e-01
1.272484743358841541e-01
3.056957227123628940e-01
1.911771310186293205e-01
6.223177456770101479e-01
4.739635628607895557e-01
5.474848396576208476e-01
2.471593378292953058e-01
3.369609395410654296e-01
2.857468045946401913e-01
2.899292845131375418e-01
4.400304782469415810e-01
5.277347640373802884e-01
4.398085689270773702e-01
1.951324339299577160e-01
1.269087384084714443e-01
5.844779894630768302e-01
1.353366441951840693e-01
1.531319263894336535e-01
1.182874320104430610e-01
5.226474540379880684e-01
4.644473198788708346e-01
3.895732685623308766e-01
3.938493041212427492e-01
5.505110578155356649e-01
2.330035201033179293e-01
1.231716946750549269e-01
1.311946955683680749e-01
2.460930694248992801e-01
4.128086193558420103e-01
2.162538249990316463e-01
1.311794480430174825e-01
4.984400488823734210e-01
1.188793707762757640e-01
1.428612970811040939e-01
4.479101393556329108e-02
1.691737356901307221e-01
5.422097222773140102e-01
3.674927034769073231e-01
2.748575377044227830e-01
5.249490600633301973e-01
4.366762460841059346e-01
6.734974574400037772e-01
5.919947916540411192e-01
3.852924931748962778e-01
7.051747182574332751e-01
5.661026234098242016e-01
2.434854874702270799e-01
5.598627344635869196e-01
2.727770545489823784e-01
6.086242007408068089e-01
2.199793294808207733e-01
5.679110294942482096e-01
3.676926661708515010e-01
6.499402310277896389e-01
5.439282486576906273e-01
3.963707500136984252e-01
3.248784470054466578e-01
4.223198470929437343e-01
6.009323150657068791e-01
3.510278366066642564e-01
4.203691324663304529e-01
2.692177495524800679e-01
4.343927862866403533e-01
6.386533082962084773e-01
4.622987506501111676e-01
4.223795962610369936e-01
3.950018247035329000e-01
4.278800320204507179e-01
3.431198448328030004e-01
3.964709759216150653e-01
4.583673199836265644e-01
3.735474386807468017e-01
4.662380901209004502e-01
3.233239678957648966e-01
1.077198685925456478e-01
1.346135638308312843e-01
1.763345504896824401e-01
1.545831617525126045e-01
5.561877635828822442e-01
3.263205773037752278e-01
4.226782928424043240e-01
2.293076198152413925e-01
5.313786272678103773e-01
1.869861958813650860e-01
3.027899573064623540e-01
6.036230793988405230e-01
3.966338981941832098e-01
5.212473770447427768e-01
4.175343823573777757e-01
4.606188055828295269e-01
2.788223746055351615e-01
7.288201128753484248e-01
2.675181463033663443e-01
3.915744008238739027e-01
2.574101524714491607e-01
5.163902663289097195e-01
3.769732815710816753e-01
3.505118643107176801e-01
2.224089591010753597e-01
7.332070626763945720e-01
1.192739807085163584e-01
2.838866439675964415e-01
1.174037514318096581e-01
4.776175764344849362e-01
5.996515608260308827e-01
6.942392091351119454e-01
4.125191633623333520e-01
5.232662905700876665e-01
1.662663092981582491e-01
3.516644611569595957e-01
2.483999164027224649e-01
3.468771253805038590e-01
2.377761508478903885e-01
2.898504217887803436e-01
3.311766223522686903e-01
6.029066534544037514e-01
1.272484743358841541e-01
3.056957227123628940e-01
1.911771310186293205e-01
6.223177456770101479e-01
4.739635628607895557e-01
5.474848396576208476e-01
2.471593378292953058e-01
3.369609395410654296e-01
2.857468045946401913e-01
2.899292845131375418e-01
4.400304782469415810e-01
5.277347640373802884e-01
4.398085689270773702e-01
1.951324339299577160e-01
1.269087384084714443e-01
5.844779894630768302e-01
1.353366441951840693e-01
1.531319263894336535e-01
1.182874320104430610e-01
5.226474540379880684e-01
4.644473198788708346e-01
3.895732685623308766e-01
3.938493041212427492e-01
5.505110578155356649e-01
2.330035201033179293e-01
1.231716946750549269e-01
1.311946955683680749e-01
2.460930694248992801e-01
4.128086193558420103e-01
2.162538249990316463e-01
1.311794480430174825e-01
4.984400488823734210e-01
1.188793707762757640e-01
1.428612970811040939e-01
4.479101393556329108e-02
1.691737356901307221e-01
5.422097222773140102e-01
3.674927034769073231e-01
2.748575377044227830e-01
5.249490600633301973e-01
4.366762460841059346e-01
6.734974574400037772e-01
5.919947916540411192e-01
3.852924931748962778e-01
7.051747182574332751e-01
5.661026234098242016e-01
2.434854874702270799e-01
5.598627344635869196e-01
2.727770545489823784e-01
6.086242007408068089e-01
2.199793294808207733e-01
5.679110294942482096e-01
3.676926661708515010e-01
6.499402310277896389e-01
5.439282486576906273e-01
3.963707500136984252e-01
2.675113311736466715e-01
3.915744008238739027e-01
2.574101524714491607e-01
5.163902663289097195e-01
3.769732815710816753e-01
3.505118643107176801e-01
2.224089591010753597e-01
7.332061266818028500e-01
1.192477027894185415e-01
2.838866439675964415e-01
1.174037514318096581e-01
4.776175764344849362e-01
5.996515608260308827e-01
6.942392091351119454e-01
4.125191633623333520e-01
5.232662905700876665e-01
2.741540230118597044e-01
3.908163552892986448e-01
2.570998099022210881e-01
4.769455998104893957e-01
3.408867004951866009e-01
2.439694207826327566e-01
3.103711482787487874e-01
7.165771430920202523e-01
3.762731305457525099e-01
2.360985709677156930e-01
1.560412041048775400e-01
3.285906778992010446e-01
4.827756246070391000e-01
7.960527856369161714e-01
3.496167579869688957e-01
5.812172129914382479e-01
2.631503880291747866e-01
3.523988991227933743e-01
2.417947782809081736e-01
4.403303096504647129e-01
3.124044187060290856e-01
2.590702349728234433e-01
2.659567661214546908e-01
9.562189312344655523e-01
2.397135696929324489e-01
2.615573472672234612e-01
1.627018660943918005e-01
3.339388340214896611e-01
5.864148719377884067e-01
8.944280137287045074e-01
3.575197283572778550e-01
5.237146753934084353e-01
2.660965501090517549e-01
4.977041158223969308e-01
1.750664867625074672e-01
4.911483620464643929e-01
3.726009360821879723e-01
3.052850437507285131e-01
2.276098669174296263e-01
6.487544298461627168e-01
3.424252992164928955e-01
3.066855806400711759e-01
1.816696466924844211e-01
4.111091720064409261e-01
5.503843563620036683e-01
8.279623552085606519e-01
3.422006912441946658e-01
5.961931256289273451e-01
2.767828158402295680e-01
4.514631207108947275e-01
2.161984509610592187e-01
5.125893824590923575e-01
3.731580522848196302e-01
3.188601622386311174e-01
2.859297994438211865e-01
6.244495414726483062e-01
2.587880214895446063e-01
2.711524012612170909e-01
1.870426234747048500e-01
3.773801080130376739e-01
4.982200272410926001e-01
8.988931443665919563e-01
3.391068800465589783e-01
6.157125415744745256e-01
2.529519319096316110e-01
3.440327913443151919e-01
2.280864190303225625e-01
5.121507574079920966e-01
4.147667935078786505e-01
2.667016700051288991e-01
2.366919439857880780e-01
6.751097687585292384e-01
2.132110386400065671e-01
2.803224991910167052e-01
1.471458072977636644e-01
3.490289527068858866e-01
4.507990663603965720e-01
8.021563792352803812e-01
3.786253912288036760e-01
5.939766508883518314e-01
1.662663092981582214e-01
3.516644611569595957e-01
2.483999164027225481e-01
3.468771253805038590e-01
2.377761508478904162e-01
2.898504217887802881e-01
3.311766223522686903e-01
6.029066534544037514e-01
1.272484743358841819e-01
3.056957227123628940e-01
1.911771310186292927e-01
6.223177456770100369e-01
4.739635628607895557e-01
5.474848396576209586e-01
2.471593378292953891e-01
3.369609395410654296e-01
2.857468045946402468e-01
2.899292845131375418e-01
4.400304782469416365e-01
5.277347640373802884e-01
4.398085689270773702e-01
1.951324339299577160e-01
1.269087384084714443e-01
5.844779894630768302e-01
1.353366441951840693e-01
1.531319263894336535e-01
1.182874320104430749e-01
5.226474540379879574e-01
4.644473198788708346e-01
3.895732685623307656e-01
3.938493041212428047e-01
5.505110578155356649e-01
2.330035201033179293e-01
1.231716946750549269e-01
1.311946955683680749e-01
2.460930694248993078e-01
4.128086193558421213e-01
2.162538249990316741e-01
1.311794480430174825e-01
4.984400488823733655e-01
1.188793707762757779e-01
1.428612970811041216e-01
4.479101393556328414e-02
1.691737356901307776e-01
5.422097222773137881e-01
3.674927034769073231e-01
2.748575377044227830e-01
5.249490600633301973e-01
4.366762460841059346e-01
6.734974574400036662e-01
5.919947916540412303e-01
3.852924931748962778e-01
7.051747182574332751e-01
5.661026234098240906e-01
2.434854874702270799e-01
5.598627344635869196e-01
2.727770545489823784e-01
6.086242007408068089e-01
2.199793294808208011e-01
5.679110294942483206e-01
3.676926661708515565e-01
6.499402310277896389e-01
5.439282486576906273e-01
3.963707500136984252e-01
