3.298595386829756837e-01
4.846390629335023403e-01
5.625332828174276489e-01
3.751840651793835191e-01
4.362145988128925955e-01
2.026452618811770412e-01
4.051791955402276324e-01
4.689526290824047594e-01
3.909278715349657207e-01
4.134090160844545170e-01
2.909049161634655323e-01
5.050318697530239431e-01
2.696059800795395089e-01
4.647315700601969413e-01
6.405533254058201065e-01
3.241774363488443278e-01
5.863427847699819173e-01
3.074847495307629353e-01
5.582424841796540527e-01
2.985302806829255862e-01
3.582589743573046936e-01
9.950619025373988458e-02
1.335016842690636973e-01
1.989042646226657773e-01
2.706838838662354862e-01
1.494567942327805210e-01
2.155130160697486807e-01
3.235061866544696740e-01
3.684008005833031563e-01
1.773558900417691597e-01
3.206805610657015859e-01
2.936107361521360648e-01
5.325747349095408811e-01
3.925751266138755580e-01
2.851386701523074274e-01
4.785849623573105172e-01
6.122043730172443965e-01
1.964652830065145572e-01
1.824390821680134944e-01
5.454234062050691279e-01
3.196951767683268164e-01
2.984979639575885413e-01
1.807427295178140603e-01
3.100600820256097512e-01
2.795442383972276956e-01
2.532929673227322098e-01
3.183805550532402551e-01
4.148223625828893479e-01
3.089791115289451384e-01
3.241134710905488880e-01
2.740352378429902203e-01
2.989837351502755980e-01
6.461390673070880331e-01
2.273191595687608924e-01
2.490802984300769518e-01
2.288913267299219068e-01
5.697880034845821395e-01
5.276294638246216140e-01
5.213571859489859461e-01
3.068794664057098998e-01
2.398816459222580799e-01
3.910887905756468830e-01
5.942086247819090561e-01
2.039912598583312198e-01
3.070920895805899775e-01
4.400991962267700175e-01
6.015704869501965479e-01
3.574193380857387248e-01
3.805587803002473679e-01
3.051624588379783232e-01
3.816927687815065973e-01
4.929845747214576801e-01
4.182261276641109360e-01
5.180089750856429198e-01
2.394938136587356214e-01
2.848739889872697328e-01
4.478627901609153472e-01
4.359908021722938010e-01
6.719010432532384058e-01
4.329231937962018106e-01
4.766285374200548430e-01
5.098082035950979307e-01
1.261877704866912198e-01
1.858117468146538442e-01
2.542416908839955636e-01
1.788877022836944941e-01
3.260188743538462441e-01
3.025256574398166309e-01
4.410616479257409850e-01
3.227785630730320987e-01
6.034548349172261794e-01
2.601971820119861056e-01
2.273580444256707578e-01
2.993094564422579262e-01
2.687336435620875652e-01
7.738944329923689303e-01
5.855833259117420031e-01
3.710545742308503092e-01
4.965541733515734801e-01
4.598898859414889961e-01
4.540793067556649909e-01
4.445713700509897337e-01
3.968791926443232532e-01
4.975412539376328769e-01
4.820736490429489152e-01
2.095114532493687898e-01
2.595050331987546754e-01
4.298079130316899699e-01
5.875109752981679812e-01
3.547184409636381930e-01
3.163239527546853336e-01
3.037426411910693624e-01
3.522820445210126938e-01
4.272196405450883194e-01
5.316494360145258558e-01
3.381470706445764973e-01
3.298595386829756837e-01
4.846390629335023403e-01
5.625332828174276489e-01
3.751840651793835191e-01
4.362145988128925955e-01
2.026452618811770412e-01
4.051791955402276324e-01
4.689526290824047594e-01
3.909278715349657207e-01
4.134090160844545170e-01
2.909049161634655323e-01
5.050318697530239431e-01
2.696059800795395089e-01
4.647315700601969413e-01
6.405533254058201065e-01
3.241774363488443278e-01
5.863427847699819173e-01
3.074847495307629353e-01
5.582424841796540527e-01
2.985302806829255862e-01
3.582589743573046936e-01
9.950619025373988458e-02
1.335016842690636973e-01
1.989042646226657773e-01
2.706838838662354862e-01
1.494567942327805210e-01
2.155130160697486807e-01
3.235061866544696740e-01
3.684008005833031563e-01
1.773558900417691597e-01
3.206805610657015859e-01
2.936107361521360648e-01
5.325747349095408811e-01
3.925751266138755580e-01
2.851386701523074274e-01
4.785849623573105172e-01
6.122043730172443965e-01
1.964652830065145572e-01
1.824390821680134944e-01
5.454234062050691279e-01
3.196951767683268164e-01
2.984979639575885413e-01
1.807427295178140603e-01
3.100600820256097512e-01
2.795442383972276956e-01
2.532929673227322098e-01
3.183805550532402551e-01
4.148223625828893479e-01
3.089791115289451384e-01
3.241134710905488880e-01
2.740352378429902203e-01
2.989837351502755980e-01
6.461390673070880331e-01
2.273191595687608924e-01
2.490802984300769518e-01
2.288913267299219068e-01
5.697880034845821395e-01
5.276294638246216140e-01
5.213571859489859461e-01
3.068794664057098998e-01
2.398816459222580799e-01
3.910887905756468830e-01
5.942086247819090561e-01
2.039912598583312198e-01
4.540677389071982040e-01
4.445713700509897337e-01
3.968791926443232532e-01
4.975412539376328769e-01
4.820736490429489152e-01
2.095114532493687898e-01
2.595050331987546754e-01
4.298059126162552257e-01
5.874986680051137444e-01
3.547184409636381930e-01
3.163239527546853336e-01
3.037426411910693624e-01
3.522820445210126938e-01
4.272196405450883194e-01
5.316494360145258558e-01
3.381470706445764973e-01
4.069133220082866709e-01
4.280930141971155956e-01
7.151615637388690772e-01
4.365518660064858225e-01
5.678801639937851586e-01
1.670345365145372019e-01
3.580379664944572937e-01
3.133451624452305850e-01
6.067275891632925022e-01
3.315974910353645666e-01
3.109267547372645546e-01
4.746865998743313719e-01
4.556886414461199242e-01
3.317493000278757265e-01
4.287152270630699702e-01
2.988878925026129951e-01
4.437074312770907802e-01
4.338991540380262024e-01
5.815208945124439310e-01
3.644356415353724454e-01
4.880370182623960940e-01
1.653890854334023608e-01
3.046628589608824655e-01
4.811319996398898402e-01
7.294288513386373296e-01
2.685138320586472616e-01
3.652224071839093034e-01
3.180153269302739560e-01
4.091349311832167546e-01
5.326792161958303629e-01
3.512168199749450270e-01
2.955645307974451574e-01
4.467487291693181262e-01
5.342715578535061072e-01
5.692569804058131844e-01
4.353311583150438757e-01
4.109013451537344985e-01
2.334021061459605750e-01
2.884711232501591671e-01
2.895697906535467103e-01
8.001966048631522499e-01
3.691227256382034194e-01
3.558320258602222230e-01
4.262893084097424401e-01
4.574426957282891060e-01
3.948286620983353923e-01
3.919694463096092263e-01
3.342202062877526192e-01
4.345013497030028038e-01
4.840084657646150368e-01
6.699215192281535725e-01
4.401664985836796773e-01
4.516858514099182931e-01
2.264941022785189051e-01
3.498017509066558284e-01
2.824036564284633788e-01
6.010891616516431668e-01
3.296942831073326197e-01
3.193562096389797045e-01
5.206736041962575223e-01
4.567529819258969725e-01
4.817771426103100718e-01
3.841887528192731160e-01
3.018858879122011674e-01
4.255484629757078086e-01
4.396047244776883911e-01
6.708332918375855547e-01
4.141302748758250996e-01
4.422215966835847945e-01
1.715411414024778092e-01
3.055139956874259322e-01
4.157834086340201352e-01
6.888368575127307158e-01
3.101394296135043804e-01
3.432415582818055810e-01
3.601733658474848832e-01
3.878216458380572274e-01
4.375550453712046539e-01
3.314730277016046944e-01
3.071079360842733363e-01
3.298595386829756837e-01
4.846390629335022848e-01
5.625332828174277600e-01
3.751840651793835191e-01
4.362145988128927065e-01
2.026452618811770412e-01
4.051791955402276879e-01
4.689526290824048704e-01
3.909278715349657762e-01
4.134090160844545725e-01
2.909049161634654768e-01
5.050318697530239431e-01
2.696059800795395645e-01
4.647315700601969413e-01
6.405533254058199955e-01
3.241774363488443833e-01
5.863427847699820283e-01
3.074847495307628797e-01
5.582424841796540527e-01
2.985302806829255862e-01
3.582589743573046936e-01
9.950619025373987070e-02
1.335016842690636973e-01
1.989042646226657773e-01
2.706838838662354862e-01
1.494567942327804932e-01
2.155130160697487085e-01
3.235061866544696185e-01
3.684008005833031008e-01
1.773558900417691042e-01
3.206805610657016414e-01
2.936107361521360648e-01
5.325747349095408811e-01
3.925751266138755025e-01
2.851386701523074829e-01
4.785849623573105172e-01
6.122043730172443965e-01
1.964652830065145850e-01
1.824390821680134944e-01
5.454234062050691279e-01
3.196951767683268164e-01
2.984979639575885413e-01
1.807427295178140325e-01
3.100600820256098067e-01
2.795442383972276956e-01
2.532929673227322098e-01
3.183805550532403106e-01
4.148223625828894034e-01
3.089791115289451939e-01
3.241134710905488325e-01
2.740352378429902758e-01
2.989837351502755980e-01
6.461390673070880331e-01
2.273191595687608924e-01
2.490802984300769518e-01
2.288913267299219068e-01
5.697880034845821395e-01
5.276294638246216140e-01
5.213571859489860572e-01
3.068794664057098998e-01
2.398816459222581354e-01
3.910887905756469385e-01
5.942086247819090561e-01
2.039912598583311920e-01
