3.045008788583841719e-01
4.364460512012844351e-01
4.554551314039252952e-01
3.324148520159832532e-01
2.724679931173428216e-01
2.933831897782586684e-01
3.485742706879060848e-01
3.471841555234945198e-01
3.465232518032149156e-01
4.294157361446443999e-01
3.833284654524982682e-01
4.379276446300443548e-01
2.550089608243958361e-01
5.349104341446691002e-01
5.573249247857301469e-01
2.645378766821856464e-01
4.252775157687492813e-01
2.906015478424014420e-01
6.973971971623038613e-01
3.446220117629014146e-01
4.041095665294878181e-01
1.330030139229408381e-01
1.716609638570357754e-01
3.028427365317609143e-01
2.332539679100823771e-01
2.651614366588311844e-01
2.525995413800291578e-01
3.452858524536525642e-01
2.282075566429734026e-01
2.859054259989175506e-01
3.991152290206474995e-01
2.900019047635286618e-01
4.547227722932810634e-01
2.722296798995549327e-01
3.427338157936301033e-01
4.355044737470760152e-01
6.606767376609621323e-01
2.422896590198419520e-01
2.987101419343237141e-01
5.571820576419584947e-01
3.210733403430121036e-01
3.339029187433691370e-01
1.811673308748660283e-01
3.510133384936585665e-01
2.474459769497906469e-01
2.338452753989473942e-01
2.618789633108905002e-01
5.079100697669335363e-01
3.465634687551537030e-01
2.685823844061837051e-01
1.760053881047600743e-01
2.508789617073889366e-01
7.003396602112698099e-01
2.882549361207897842e-01
2.615909539795158167e-01
2.982862527997666158e-01
5.090958007159749332e-01
5.710509475398868329e-01
4.800717575107819601e-01
2.723714656106213106e-01
2.514672923886313582e-01
4.115218495934959142e-01
5.208481504098307902e-01
2.061800405491775179e-01
2.938385798831473217e-01
4.654758755539979975e-01
5.223337633382405532e-01
3.041161660466285555e-01
2.469611156814912889e-01
3.887248826885970066e-01
3.601184143352140210e-01
3.848898585158955776e-01
4.356753038465350780e-01
5.350445912206112098e-01
3.467961141252414725e-01
2.528625455126897736e-01
4.525894564491612648e-01
4.262389440697218479e-01
5.335913104696403675e-01
3.613682504229530634e-01
6.131018802569617732e-01
5.110865207734299753e-01
1.436958628473654076e-01
2.280427131396913776e-01
2.391921846842606780e-01
3.045211485399394458e-01
1.907035452455958791e-01
4.078246171606991211e-01
4.048874007023766097e-01
2.441504068840686936e-01
6.616127021039465150e-01
3.063674249330661237e-01
2.633073107789707934e-01
2.560316870491497476e-01
2.914968267709768246e-01
7.479943111297129299e-01
5.042159739868383728e-01
4.282601084771643363e-01
5.258586610862114874e-01
4.467195688388439501e-01
3.949448533139230388e-01
3.400236639944837491e-01
3.993271694184215015e-01
4.558835205986098704e-01
4.625351010250436934e-01
2.759204477607467565e-01
3.074282103339924244e-01
4.689545749385324314e-01
5.079970935077249283e-01
4.409300777765292056e-01
3.418212032688245916e-01
2.907351358779527994e-01
3.100296578513826451e-01
4.988337786251948458e-01
4.903184100349668451e-01
3.329216252967939216e-01
3.045008788583841719e-01
4.364460512012844351e-01
4.554551314039252952e-01
3.324148520159832532e-01
2.724679931173428216e-01
2.933831897782586684e-01
3.485742706879060848e-01
3.471841555234945198e-01
3.465232518032149156e-01
4.294157361446443999e-01
3.833284654524982682e-01
4.379276446300443548e-01
2.550089608243958361e-01
5.349104341446691002e-01
5.573249247857301469e-01
2.645378766821856464e-01
4.252775157687492813e-01
2.906015478424014420e-01
6.973971971623038613e-01
3.446220117629014146e-01
4.041095665294878181e-01
1.330030139229408381e-01
1.716609638570357754e-01
3.028427365317609143e-01
2.332539679100823771e-01
2.651614366588311844e-01
2.525995413800291578e-01
3.452858524536525642e-01
2.282075566429734026e-01
2.859054259989175506e-01
3.991152290206474995e-01
2.900019047635286618e-01
4.547227722932810634e-01
2.722296798995549327e-01
3.427338157936301033e-01
4.355044737470760152e-01
6.606767376609621323e-01
2.422896590198419520e-01
2.987101419343237141e-01
5.571820576419584947e-01
3.210733403430121036e-01
3.339029187433691370e-01
1.811673308748660283e-01
3.510133384936585665e-01
2.474459769497906469e-01
2.338452753989473942e-01
2.618789633108905002e-01
5.079100697669335363e-01
3.465634687551537030e-01
2.685823844061837051e-01
1.760053881047600743e-01
2.508789617073889366e-01
7.003396602112698099e-01
2.882549361207897842e-01
2.615909539795158167e-01
2.982862527997666158e-01
5.090958007159749332e-01
5.710509475398868329e-01
4.800717575107819601e-01
2.723714656106213106e-01
2.514672923886313582e-01
4.115218495934959142e-01
5.208481504098307902e-01
2.061800405491775179e-01
3.949347919388550565e-01
3.400236639944837491e-01
3.993271694184215015e-01
4.558835205986098704e-01
4.625351010250436934e-01
2.759204477607467565e-01
3.074282103339924244e-01
4.689527118620550050e-01
5.079824137863480082e-01
4.409300777765292056e-01
3.418212032688245916e-01
2.907351358779527994e-01
3.100296578513826451e-01
4.988337786251948458e-01
4.903184100349668451e-01
3.329216252967939216e-01
3.408047700107110778e-01
4.774285254315278615e-01
6.310284316431631346e-01
3.546518216831576753e-01
3.923186282784285051e-01
2.469196201388500767e-01
4.538838507060504179e-01
3.717780536718836015e-01
5.706934019270594183e-01
3.307971747161231879e-01
3.728130280293208698e-01
5.113144578686379393e-01
4.666608070999586633e-01
3.658471786553805227e-01
3.306106767235298394e-01
2.907806216917525055e-01
3.668700806628955036e-01
4.459074722797333190e-01
4.906601199297348503e-01
3.168472007508950083e-01
4.646884386407601486e-01
2.251304369580594544e-01
3.784787019578969569e-01
4.902995338792580649e-01
6.452455705730768543e-01
2.969114144054342819e-01
3.948294272627251855e-01
3.798080659700398543e-01
3.650679165766972378e-01
5.918103883615329908e-01
3.705810187963173297e-01
2.770700763259613675e-01
3.680708417835026891e-01
5.521552745671892692e-01
4.236890132611264015e-01
4.115680732147189991e-01
4.793338125193664090e-01
2.907052555193274102e-01
3.344494084946559864e-01
2.785054487689364588e-01
7.555856872058320794e-01
4.071933045839243315e-01
3.993508639916691916e-01
4.430177804539919828e-01
3.534849511599091332e-01
4.753762861860394984e-01
4.581331798215170781e-01
3.294033374118593427e-01
3.519328180982048693e-01
5.292362399032124465e-01
5.994558957652471598e-01
3.767359074308797018e-01
4.393410096912446217e-01
2.914711593872219564e-01
3.933208877030701656e-01
3.488792391375289959e-01
6.131711890644246932e-01
3.392210085009869092e-01
3.855607321233469054e-01
4.807816344175441792e-01
3.804842734483335764e-01
5.567232459855790960e-01
3.733425147594648941e-01
3.179559643355248100e-01
3.797029759946251026e-01
4.390161712263258575e-01
5.727786725826181646e-01
3.303832333488757600e-01
4.103651302822748925e-01
2.265894691646629378e-01
3.767017850577605298e-01
4.426957303243696518e-01
5.987049668362497412e-01
3.544879541555035485e-01
3.824620324375670455e-01
3.920966593909814280e-01
3.173512462405537748e-01
4.911179615910394314e-01
3.268616598218362368e-01
3.214558893937144446e-01
3.045008788583841719e-01
4.364460512012843796e-01
4.554551314039253507e-01
3.324148520159832532e-01
2.724679931173429326e-01
2.933831897782586684e-01
3.485742706879061403e-01
3.471841555234945198e-01
3.465232518032149711e-01
4.294157361446443444e-01
3.833284654524982127e-01
4.379276446300442993e-01
2.550089608243958361e-01
5.349104341446692112e-01
5.573249247857303690e-01
2.645378766821856464e-01
4.252775157687493368e-01
2.906015478424014420e-01
6.973971971623038613e-01
3.446220117629014146e-01
4.041095665294878181e-01
1.330030139229408381e-01
1.716609638570357754e-01
3.028427365317609143e-01
2.332539679100823771e-01
2.651614366588311289e-01
2.525995413800291578e-01
3.452858524536525087e-01
2.282075566429733471e-01
2.859054259989174951e-01
3.991152290206475550e-01
2.900019047635286618e-01
4.547227722932810634e-01
2.722296798995549327e-01
3.427338157936301033e-01
4.355044737470760152e-01
6.606767376609621323e-01
2.422896590198419797e-01
2.987101419343237141e-01
5.571820576419584947e-01
3.210733403430121036e-01
3.339029187433691370e-01
1.811673308748660283e-01
3.510133384936586221e-01
2.474459769497905914e-01
2.338452753989473942e-01
2.618789633108905557e-01
5.079100697669336473e-01
3.465634687551537030e-01
2.685823844061836496e-01
1.760053881047601021e-01
2.508789617073889922e-01
7.003396602112698099e-01
2.882549361207897842e-01
2.615909539795158167e-01
2.982862527997666158e-01
5.090958007159750442e-01
5.710509475398868329e-01
4.800717575107820156e-01
2.723714656106213106e-01
2.514672923886313582e-01
4.115218495934959142e-01
5.208481504098307902e-01
2.061800405491774901e-01
