7.653177710405309475e-02
1.905705075745852961e-01
3.087222653222522761e-01
1.255179992669180067e-01
1.775578019463434076e-01
3.300739614765345609e-01
2.525873327355767639e-01
2.733019298289913745e-01
3.178035104054115489e-01
6.552544335806282927e-01
6.998201584081964466e-01
5.210634333361191528e-01
2.632764845779094753e-01
2.317949486739518117e-01
2.392313619523024626e-01
1.153606719234670092e-01
1.734087970510998777e-01
2.544511389782098121e-01
7.757983108587853671e-01
2.395667594030583825e-01
6.054713744676810672e-01
4.884492177307623306e-01
1.532892430277757456e-01
8.284614346937293483e-01
1.946717650451401105e-01
1.977437214405966537e-01
1.773971349305692446e-01
4.605541644351814901e-01
6.728478081836163360e-01
6.618847285218054655e-01
5.038789916295801641e-01
3.032289888001202249e-01
2.258740211675900889e-01
2.283381073420980845e-01
4.864114724213810526e-01
1.175851403774798160e-01
3.602167573979087045e-01
4.750401156916737588e-01
1.936430460922159702e-01
9.129944733968357040e-01
3.403618159720159797e-01
4.865220998579006251e-01
4.988702897617152132e-01
3.320253089710596406e-01
4.503645660690105967e-01
4.744314056395771417e-01
3.053250974581026012e-01
2.569062245414836521e-01
2.136419357750951598e-01
3.970373270398500631e-01
7.717569982100790371e-01
2.735523645165142126e-01
3.673471152258187544e-01
5.443555500212723386e-01
3.454488412972344102e-01
4.510616363384001848e-01
1.790586483777238946e-01
5.141155994308376220e-01
5.290837585455150371e-01
3.538413325502225981e-01
1.719397440595823445e-01
2.903410329047723115e-01
3.071351398397393351e-01
9.473849961973736244e-02
9.871966197190072678e-02
1.605470307129442942e-01
4.295020107803029785e-01
1.232833431070023411e-01
2.371102800273031386e-01
3.995866496881858576e-01
3.606692597948361612e-01
3.955434925579372485e-01
5.261711123249376287e-01
8.877001135321742620e-01
8.067322732625104020e-01
2.686169956571126116e-01
1.261699106021941796e-01
2.259929028435027909e-01
2.663500444519559807e-01
3.704227372805023455e-01
7.357228645674852574e-01
7.074268153549705396e-01
4.857770561725265335e-01
1.799888523691763609e-01
2.564677047751766636e-01
2.121025685663190108e-01
7.759938230594559672e-01
7.344212120393051046e-01
1.770552756535691552e-01
3.450873339173068932e-01
4.377598508721741721e-01
5.260465351608007989e-01
4.224503064087228310e-01
4.240091531972266514e-01
1.889535464493010131e-01
2.238948714335781687e-01
2.871729238720608923e-01
5.823306922252985407e-01
6.199732446768653205e-01
3.948078847704788452e-01
1.298419267225039142e-01
2.430826840321467786e-01
6.018046482105386952e-01
2.289609559181544629e-01
2.995630894230305596e-01
5.644662497768709875e-01
2.658710772575542669e-01
8.522632644124068513e-01
2.973871562811831182e-01
5.153630755372400341e-01
5.167535857968235113e-01
3.901951228719811593e-01
4.330639162995124081e-01
5.971780777937378826e-01
3.833239514013077609e-01
1.813931911022161336e-01
7.653177710405309475e-02
1.905705075745852961e-01
3.087222653222522761e-01
1.255179992669180067e-01
1.775578019463434076e-01
3.300739614765345609e-01
2.525873327355767639e-01
2.733019298289913745e-01
3.178035104054115489e-01
6.552544335806282927e-01
6.998201584081964466e-01
5.210634333361191528e-01
2.632764845779094753e-01
2.317949486739518117e-01
2.392313619523024626e-01
1.153606719234670092e-01
1.734087970510998777e-01
2.544511389782098121e-01
7.757983108587853671e-01
2.395667594030583825e-01
6.054713744676810672e-01
4.884492177307623306e-01
1.532892430277757456e-01
8.284614346937293483e-01
1.946717650451401105e-01
1.977437214405966537e-01
1.773971349305692446e-01
4.605541644351814901e-01
6.728478081836163360e-01
6.618847285218054655e-01
5.038789916295801641e-01
3.032289888001202249e-01
2.258740211675900889e-01
2.283381073420980845e-01
4.864114724213810526e-01
1.175851403774798160e-01
3.602167573979087045e-01
4.750401156916737588e-01
1.936430460922159702e-01
9.129944733968357040e-01
3.403618159720159797e-01
4.865220998579006251e-01
4.988702897617152132e-01
3.320253089710596406e-01
4.503645660690105967e-01
4.744314056395771417e-01
3.053250974581026012e-01
2.569062245414836521e-01
2.136419357750951598e-01
3.970373270398500631e-01
7.717569982100790371e-01
2.735523645165142126e-01
3.673471152258187544e-01
5.443555500212723386e-01
3.454488412972344102e-01
4.510616363384001848e-01
1.790586483777238946e-01
5.141155994308376220e-01
5.290837585455150371e-01
3.538413325502225981e-01
1.719397440595823445e-01
2.903410329047723115e-01
3.071351398397393351e-01
9.473849961973736244e-02
1.298386189484859732e-01
2.430826840321467786e-01
6.018046482105386952e-01
2.289609559181544629e-01
2.995630894230305596e-01
5.644662497768709875e-01
2.658710772575542669e-01
8.522627461048876141e-01
2.973661926635995933e-01
5.153630755372400341e-01
5.167535857968235113e-01
3.901951228719811593e-01
4.330639162995124081e-01
5.971780777937378826e-01
3.833239514013077609e-01
1.813931911022161336e-01
1.879411977935754319e-01
3.778680845425521073e-01
5.126384002310364618e-01
1.962588236451230372e-01
4.979876084429148420e-01
4.070065916813164764e-01
4.676480518796347630e-01
5.512431194791194144e-01
4.171499802678274582e-01
5.377151302768492513e-01
5.153749601461430352e-01
3.935204040661253178e-01
2.104875845390332678e-01
4.469283642240883259e-01
5.484620297566481506e-01
2.860808068179980235e-01
1.825281385007932189e-01
4.109786284208994389e-01
3.281824002154641318e-01
1.630070316804318742e-01
3.219869945023339231e-01
3.800184482675729170e-01
5.931890850303810359e-01
5.971278875490337867e-01
3.790146929171472889e-01
4.730166858947155717e-01
4.968259973578590394e-01
4.287149089870361807e-01
2.910232300998240040e-01
6.429208810316774381e-01
3.114323400284984000e-01
2.442325498756672264e-01
1.223774358836292458e-01
5.260639867945055004e-01
2.890996510408101461e-01
3.111337026344134227e-01
4.435794125358185069e-01
4.592594263587977399e-01
5.069318327007041880e-01
3.584586295887727259e-01
5.433500786405601746e-01
6.093723359987179844e-01
5.025853553767687387e-01
4.998256989716609588e-01
2.989707619308009101e-01
5.733934430002733951e-01
4.351540399471580112e-01
2.498562641597256162e-01
1.493034895454097843e-01
4.912390132487654548e-01
4.483737552423061046e-01
2.544717145465051344e-01
4.471566229286568217e-01
4.601454843292644981e-01
5.425353862522649395e-01
4.630213525616843628e-01
3.849427611409008687e-01
5.040034655520908569e-01
5.018057988822750559e-01
5.249304215545775865e-01
2.617296655163869334e-01
6.743134600778755150e-01
4.327963244309427360e-01
2.483128798223583344e-01
1.929252814675094518e-01
3.026703293895458557e-01
3.839304583534005610e-01
2.332467842555847326e-01
3.336861457841660550e-01
3.940233899968700881e-01
5.326091721963311931e-01
5.135766364046365773e-01
3.698632531266752288e-01
5.423945311319207097e-01
5.056497385565678071e-01
3.715844686033201172e-01
2.016835427299656092e-01
5.966753733076244348e-01
3.380761023072768046e-01
2.725427971530999249e-01
7.653177710405309475e-02
1.905705075745853239e-01
3.087222653222524427e-01
1.255179992669180067e-01
1.775578019463433799e-01
3.300739614765345054e-01
2.525873327355768194e-01
2.733019298289914301e-01
3.178035104054115489e-01
6.552544335806282927e-01
6.998201584081964466e-01
5.210634333361191528e-01
2.632764845779094753e-01
2.317949486739518117e-01
2.392313619523024348e-01
1.153606719234670092e-01
1.734087970510999055e-01
2.544511389782098121e-01
7.757983108587853671e-01
2.395667594030583825e-01
6.054713744676809561e-01
4.884492177307623306e-01
1.532892430277757456e-01
8.284614346937292373e-01
1.946717650451401105e-01
1.977437214405966259e-01
1.773971349305692724e-01
4.605541644351814345e-01
6.728478081836162250e-01
6.618847285218053544e-01
5.038789916295803861e-01
3.032289888001202249e-01
2.258740211675900889e-01
2.283381073420980290e-01
4.864114724213811081e-01
1.175851403774798298e-01
3.602167573979087045e-01
4.750401156916738699e-01
1.936430460922159702e-01
9.129944733968355930e-01
3.403618159720159797e-01
4.865220998579006806e-01
4.988702897617151022e-01
3.320253089710596406e-01
4.503645660690104857e-01
4.744314056395771417e-01
3.053250974581026012e-01
2.569062245414837631e-01
2.136419357750951875e-01
3.970373270398500076e-01
7.717569982100791481e-01
2.735523645165142126e-01
3.673471152258187544e-01
5.443555500212723386e-01
3.454488412972344102e-01
4.510616363384001848e-01
1.790586483777238946e-01
5.141155994308376220e-01
5.290837585455150371e-01
3.538413325502225981e-01
1.719397440595823723e-01
2.903410329047723115e-01
3.071351398397393906e-01
9.473849961973736244e-02
