3.131230320624240338e-01
4.749583691114258599e-01
6.113778251693028354e-01
4.390087503670571101e-01
4.237787692359396008e-01
3.410462119656582636e-01
1.736501336982737564e-01
8.431328192787332920e-01
4.271051276120134133e-01
2.486644688768992473e-01
3.739594489149029033e-01
8.681308569788775964e-01
4.912827739948686379e-01
2.987037045036486926e-01
5.774880799593558045e-01
3.768466834894888540e-01
4.076071044753422079e-01
1.720513681232412606e-01
4.902457978742476574e-01
2.569535835871522567e-01
2.988406968617060011e-01
1.155022267591184204e-01
5.083316588987145390e-02
3.954405913373061909e-01
8.183986403566909096e-02
3.315689996497284131e-02
7.617857324131903363e-02
1.779680954667979265e-01
7.233209792071166877e-01
2.148340177395324790e-01
2.390577180814898728e-01
4.385085869889078225e-01
4.171965615109786141e-01
2.291547976377641405e-01
2.216489602105843615e-01
3.454969438739919352e-01
2.896267690300278197e-01
7.185132676632101367e-02
4.440403165053943141e-02
3.870775921981948753e-01
2.792993396171192244e-01
9.042615155618079215e-02
1.744740410009864851e-01
4.105240412449531195e-01
8.203322736553062544e-01
1.890775292515355088e-01
2.020288981760305358e-01
4.759029272906949992e-01
6.647324011560628021e-01
8.706721058702764360e-01
6.749462909720964632e-01
5.062161889924411406e-01
4.690631736699708565e-01
2.686451631229849757e-01
8.328781061997733715e-02
3.660850517613279398e-01
3.903330875053669380e-01
3.442839490391580437e-01
3.977633569861615537e-01
4.164241686882501070e-01
4.941976255062009993e-01
3.753240089763801857e-01
4.924927051097552355e-01
2.659183408256654002e-01
3.333896947984308912e-01
4.705580952730762934e-01
7.618635787577168195e-01
4.168799218837579423e-01
4.451199777281199532e-01
4.571269680464414287e-01
1.822246391971646395e-01
9.217278209818462464e-01
5.462390636726126569e-01
3.206042670155713203e-01
3.921330524561065789e-01
4.990438678108113368e-01
2.939934364096113417e-01
3.842654769210618326e-01
5.079643976656376125e-01
1.913926293848610405e-01
3.772546606955300419e-01
3.615028445526879963e-01
1.313190760623976772e-01
6.580633734266951029e-02
7.254307769727839916e-02
4.170969263864300614e-02
7.523040080583209832e-01
2.819306447611014121e-01
3.565832709347708240e-01
1.962224249564528678e-01
2.844282656031131840e-01
7.371960507339031521e-02
2.270694694827249949e-01
8.438721493279464081e-01
5.668862344636064199e-01
4.913534184454451670e-01
6.704104933098811170e-01
2.744686077436423455e-01
3.265331060920910744e-01
6.489323372569397730e-01
4.747227949430029570e-01
5.074210474730740383e-01
4.781010374411638342e-01
5.632047426401838308e-01
2.850822799179357769e-01
2.050839285486406038e-01
8.744632800178507581e-02
6.038719686426666788e-01
3.554648897428425713e-01
1.265453704870132534e-01
2.438887954576332562e-01
4.637442675264059067e-01
8.122665434639353421e-01
3.603430798792565115e-01
3.906461595621325000e-01
4.353406917476382310e-01
3.131230320624240338e-01
4.749583691114258599e-01
6.113778251693028354e-01
4.390087503670571101e-01
4.237787692359396008e-01
3.410462119656582636e-01
1.736501336982737564e-01
8.431328192787332920e-01
4.271051276120134133e-01
2.486644688768992473e-01
3.739594489149029033e-01
8.681308569788775964e-01
4.912827739948686379e-01
2.987037045036486926e-01
5.774880799593558045e-01
3.768466834894888540e-01
4.076071044753422079e-01
1.720513681232412606e-01
4.902457978742476574e-01
2.569535835871522567e-01
2.988406968617060011e-01
1.155022267591184204e-01
5.083316588987145390e-02
3.954405913373061909e-01
8.183986403566909096e-02
3.315689996497284131e-02
7.617857324131903363e-02
1.779680954667979265e-01
7.233209792071166877e-01
2.148340177395324790e-01
2.390577180814898728e-01
4.385085869889078225e-01
4.171965615109786141e-01
2.291547976377641405e-01
2.216489602105843615e-01
3.454969438739919352e-01
2.896267690300278197e-01
7.185132676632101367e-02
4.440403165053943141e-02
3.870775921981948753e-01
2.792993396171192244e-01
9.042615155618079215e-02
1.744740410009864851e-01
4.105240412449531195e-01
8.203322736553062544e-01
1.890775292515355088e-01
2.020288981760305358e-01
4.759029272906949992e-01
6.647324011560628021e-01
8.706721058702764360e-01
6.749462909720964632e-01
5.062161889924411406e-01
4.690631736699708565e-01
2.686451631229849757e-01
8.328781061997733715e-02
3.660850517613279398e-01
3.903330875053669380e-01
3.442839490391580437e-01
3.977633569861615537e-01
4.164241686882501070e-01
4.941976255062009993e-01
3.753240089763801857e-01
4.924927051097552355e-01
2.659183408256654002e-01
4.747107011935765009e-01
5.074210474730740383e-01
4.781010374411638342e-01
5.632047426401838308e-01
2.850822799179357769e-01
2.050839285486406038e-01
8.744632800178507581e-02
6.038705788993746770e-01
3.554456589706023739e-01
1.265453704870132534e-01
2.438887954576332562e-01
4.637442675264059067e-01
8.122665434639353421e-01
3.603430798792565115e-01
3.906461595621325000e-01
4.353406917476382310e-01
4.697700705454080916e-01
3.486766306778749658e-01
6.305244787306139020e-01
6.254610613620525950e-01
4.141972960639802026e-01
9.925216859368699018e-02
2.131544027908773009e-01
3.880495793030794283e-01
6.463190283344443232e-01
1.378210810450518076e-01
1.705792954496911928e-01
4.117880670454568959e-01
6.176963046789838430e-01
4.865687997569323464e-01
3.500805387142866820e-01
4.651116275138993950e-01
5.677102804343557851e-01
3.041293373792501309e-01
4.594411785504594614e-01
5.515866157495893374e-01
3.711151795919770402e-01
1.059907387920359517e-01
1.963977760815689977e-01
4.829168382890784983e-01
6.185580567728079515e-01
1.783559020588285082e-01
2.069886094855467873e-01
2.611427847661086932e-01
5.836806906943364792e-01
5.403030698735064030e-01
3.401752532457728018e-01
5.068686636059116513e-01
5.572325628467734715e-01
3.751769341447218631e-01
4.624567602776670228e-01
6.199266504060516603e-01
3.115897654452023935e-01
1.339328725095766670e-01
1.806200622310950299e-01
3.452248766107769429e-01
6.702164474690740503e-01
2.899453218435205093e-01
1.673136132290505285e-01
3.471088257936569832e-01
6.320085077398670537e-01
4.231492356298922064e-01
3.782387350836544093e-01
5.318551144191386859e-01
5.294753860017545888e-01
4.007469773521115664e-01
5.311430975600881510e-01
6.186635942487419548e-01
3.614298748076101853e-01
1.369659306762682494e-01
2.285812223102410834e-01
2.949243945123891097e-01
5.111861044880079419e-01
2.032063576578343744e-01
1.635153307996856931e-01
4.865671676005334234e-01
6.234014674129433331e-01
5.436441877335589368e-01
3.473227578853573805e-01
5.000978817945996857e-01
5.203219910521171832e-01
3.802726198798810353e-01
4.982632583622789157e-01
6.072826764306532565e-01
3.732848058644719358e-01
1.079329102984354638e-01
1.913834183221873597e-01
4.011065545199196669e-01
5.168537027206695500e-01
1.945412798698079038e-01
1.923498410591747976e-01
3.434220164425357269e-01
5.813408455739765834e-01
4.024561292971955972e-01
3.213475931041729350e-01
5.209547314205416058e-01
3.131230320624240338e-01
4.749583691114258044e-01
6.113778251693028354e-01
4.390087503670571656e-01
4.237787692359396008e-01
3.410462119656582636e-01
1.736501336982737842e-01
8.431328192787332920e-01
4.271051276120134688e-01
2.486644688768992750e-01
3.739594489149028478e-01
8.681308569788775964e-01
4.912827739948686934e-01
2.987037045036486926e-01
5.774880799593558045e-01
3.768466834894889095e-01
4.076071044753422634e-01
1.720513681232412606e-01
4.902457978742477129e-01
2.569535835871522012e-01
2.988406968617060011e-01
1.155022267591184065e-01
5.083316588987144696e-02
3.954405913373061354e-01
8.183986403566909096e-02
3.315689996497283437e-02
7.617857324131904750e-02
1.779680954667978987e-01
7.233209792071165767e-01
2.148340177395324235e-01
2.390577180814899283e-01
4.385085869889077670e-01
4.171965615109786141e-01
2.291547976377640849e-01
2.216489602105843615e-01
3.454969438739918797e-01
2.896267690300278752e-01
7.185132676632101367e-02
4.440403165053943141e-02
3.870775921981948198e-01
2.792993396171192244e-01
9.042615155618080602e-02
1.744740410009864573e-01
4.105240412449532306e-01
8.203322736553061434e-01
1.890775292515355366e-01
2.020288981760305635e-01
4.759029272906951102e-01
6.647324011560628021e-01
8.706721058702763250e-01
6.749462909720965742e-01
5.062161889924412517e-01
4.690631736699708565e-01
2.686451631229849202e-01
8.328781061997733715e-02
3.660850517613278843e-01
3.903330875053669935e-01
3.442839490391580437e-01
3.977633569861615537e-01
4.164241686882501625e-01
4.941976255062010548e-01
3.753240089763801857e-01
4.924927051097552355e-01
2.659183408256654002e-01
