7.192828456782159874e-01
3.595596598569205105e-01
4.156588982203330285e-01
9.155765292277104894e-01
2.858931117274876588e-01
1.269728028401767572e-02
8.188653824648040036e-02
2.185690231132375594e-01
3.159235265880642185e-01
1.914036762532864144e-02
7.117183234316527829e-02
7.689508924605512608e-01
8.243295672526017581e-01
2.086282812280268739e-01
4.947283046338027956e-01
9.477522983024130321e-01
3.245523195763655999e-01
7.108220560633737861e-02
1.844726902187142359e-01
1.297703939198603940e-01
9.427818454553622829e-02
2.938622992732367947e-02
3.792747551097987169e-02
7.941689552135690333e-02
7.992722283232854552e-02
2.477416844644243429e-02
6.359787020869592244e-02
1.694673387726423341e-01
1.688968082417983407e-01
3.114856546775231563e-02
6.848976124074354632e-02
1.452720665562831082e-01
5.262441252512812806e-01
3.464853345150397529e-02
1.723943910721689454e-01
3.620261749736755075e-01
1.170406498679043422e-01
1.810762686714808764e-02
6.446339778869633608e-02
8.939238384471780152e-02
1.215376023676373457e-01
1.299162607721660902e-02
3.196963713254409589e-02
2.888571241008631163e-01
4.159745672082909573e-01
7.155582313360467350e-02
2.162001277754323492e-01
8.112385111508189084e-01
9.950421347551364759e-01
2.151699933253274910e-01
4.681340120457365694e-01
9.982131168728294313e-01
3.087810710999108199e-01
1.263450610567041499e-01
1.118771034596582198e-01
1.125505249019265186e-01
5.154608762458755544e-01
2.120418872702699853e-01
3.218945242884307389e-01
4.535349281275428690e-01
9.640169195478540676e-01
2.969108934832547231e-01
7.272433877658039947e-01
8.698456794213051957e-01
9.159066595828510016e-01
5.986050253512491537e-01
3.686176475193416180e-01
9.590581554107838747e-01
3.766932395190004668e-01
1.718540140489738799e-01
1.264825308967374440e-01
5.181169660153412959e-01
2.762324284287946408e-01
0.000000000000000000e+00
5.394865708038318330e-02
9.146991539727916676e-01
2.643900500812512711e-01
2.742993034193906832e-01
5.769531135405541189e-01
1.109144321376593079e-01
7.871831861136098507e-02
1.404473201558524564e-01
1.573790967178837971e-02
5.150529436578911435e-02
8.468847614111527089e-02
4.727352214677519454e-02
3.163050521241390634e-01
1.366742577142373294e-01
3.738745176642864765e-01
2.408914126735724193e-02
9.175443187851647919e-02
0.000000000000000000e+00
5.087651774238943769e-02
3.195809098649325941e-01
9.773016494416097988e-01
5.151164902581117921e-01
8.269013278549490753e-01
5.700164460680140488e-03
1.501009158626557261e-01
9.760345276281265914e-01
7.791663194741647036e-01
6.692638084217411576e-02
2.223176838463891691e-01
9.752619785334748492e-01
2.912206980640530407e-02
4.213795141308922243e-02
7.832497382065527203e-02
8.874387970112673774e-02
3.001719422456411990e-01
0.000000000000000000e+00
9.157176893766737213e-02
3.939672904393630160e-01
9.570639981136188634e-01
1.773645011884616152e-01
3.856212214523153103e-01
9.365804661797191288e-01
7.192828456782159874e-01
3.595596598569205105e-01
4.156588982203330285e-01
9.155765292277104894e-01
2.858931117274876588e-01
1.269728028401767572e-02
8.188653824648040036e-02
2.185690231132375594e-01
3.159235265880642185e-01
1.914036762532864144e-02
7.117183234316527829e-02
7.689508924605512608e-01
8.243295672526017581e-01
2.086282812280268739e-01
4.947283046338027956e-01
9.477522983024130321e-01
3.245523195763655999e-01
7.108220560633737861e-02
1.844726902187142359e-01
1.297703939198603940e-01
9.427818454553622829e-02
2.938622992732367947e-02
3.792747551097987169e-02
7.941689552135690333e-02
7.992722283232854552e-02
2.477416844644243429e-02
6.359787020869592244e-02
1.694673387726423341e-01
1.688968082417983407e-01
3.114856546775231563e-02
6.848976124074354632e-02
1.452720665562831082e-01
5.262441252512812806e-01
3.464853345150397529e-02
1.723943910721689454e-01
3.620261749736755075e-01
1.170406498679043422e-01
1.810762686714808764e-02
6.446339778869633608e-02
8.939238384471780152e-02
1.215376023676373457e-01
1.299162607721660902e-02
3.196963713254409589e-02
2.888571241008631163e-01
4.159745672082909573e-01
7.155582313360467350e-02
2.162001277754323492e-01
8.112385111508189084e-01
9.950421347551364759e-01
2.151699933253274910e-01
4.681340120457365694e-01
9.982131168728294313e-01
3.087810710999108199e-01
1.263450610567041499e-01
1.118771034596582198e-01
1.125505249019265186e-01
5.154608762458755544e-01
2.120418872702699853e-01
3.218945242884307389e-01
4.535349281275428690e-01
9.640169195478540676e-01
2.969108934832547231e-01
7.272433877658039947e-01
8.698456794213051957e-01
7.791464699065229205e-01
6.692638084217411576e-02
2.223176838463891691e-01
9.752619785334748492e-01
2.912206980640530407e-02
4.213795141308922243e-02
7.832497382065527203e-02
8.874068272444149419e-02
3.001510617167580386e-01
0.000000000000000000e+00
9.157176893766737213e-02
3.939672904393630160e-01
9.570639981136188634e-01
1.773645011884616152e-01
3.856212214523153103e-01
9.365804661797191288e-01
7.411022317753366284e-01
3.259898638695590822e-02
2.670569972582939600e-01
9.827081431976106840e-01
0.000000000000000000e+00
7.910838251389273879e-04
6.918165228231540342e-02
8.950378092480992809e-02
3.374216010084091222e-01
7.053295909033828470e-03
1.104496656062532306e-01
3.819807293540680160e-01
9.738585717535299668e-01
5.708009143414516373e-02
3.694175991066879217e-01
9.486784420134506401e-01
8.097249724672047622e-01
1.790052573523853718e-02
3.285350496964171696e-01
8.586022845826767336e-01
1.180854097153849480e-03
0.000000000000000000e+00
3.131674503460218917e-03
1.360716444981863171e-01
4.451475497019483640e-01
5.640778962024500798e-03
8.964795664608529724e-02
2.775476334371024811e-01
9.666564552259071519e-01
4.459425542240968987e-02
3.755001766837486876e-01
9.615787675941235291e-01
7.797309333963126088e-01
4.032677025091174761e-02
2.318640960955412611e-01
9.757577890651665253e-01
1.971491620604826078e-02
0.000000000000000000e+00
2.701207002653176203e-02
2.830293585613419260e-02
4.959197952354614802e-01
3.745070010034531882e-03
9.052541085806244114e-02
4.055002649216724597e-01
9.669076369811838711e-01
1.637007251700534627e-01
3.379214215214453865e-01
9.878485523817097658e-01
7.528256041384261410e-01
4.791377739141933212e-02
3.628817192478832054e-01
9.561763849824972406e-01
1.707166375882307463e-03
0.000000000000000000e+00
4.403462943586664013e-03
7.706941005758982666e-02
3.640831129999031468e-01
5.228720369198774920e-04
9.446046387784948206e-02
4.541553984288290158e-01
9.758859281054153012e-01
2.617856257342494053e-01
3.052730030546275675e-01
9.332583543005791293e-01
7.296308737444072712e-01
0.000000000000000000e+00
3.729025144088699006e-01
9.833179927742277115e-01
5.615771871074093369e-03
0.000000000000000000e+00
1.237785623948137181e-02
1.518355522011775038e-01
3.329471931172406363e-01
1.771485131010619440e-02
7.642097977219515503e-02
3.424549644074553201e-01
9.767939630533558626e-01
3.945799030437674437e-02
2.894642469646531158e-01
9.670881906663693073e-01
7.192828456782159874e-01
3.595596598569205105e-01
4.156588982203330840e-01
9.155765292277104894e-01
2.858931117274876588e-01
1.269728028401767572e-02
8.188653824648041424e-02
2.185690231132376149e-01
3.159235265880642185e-01
1.914036762532864144e-02
7.117183234316526441e-02
7.689508924605512608e-01
8.243295672526018691e-01
2.086282812280269294e-01
4.947283046338027401e-01
9.477522983024131431e-01
3.245523195763656554e-01
7.108220560633736473e-02
1.844726902187142636e-01
1.297703939198603940e-01
9.427818454553622829e-02
2.938622992732367947e-02
3.792747551097987169e-02
7.941689552135688945e-02
7.992722283232855940e-02
2.477416844644243082e-02
6.359787020869592244e-02
1.694673387726423064e-01
1.688968082417983130e-01
3.114856546775230869e-02
6.848976124074357408e-02
1.452720665562831082e-01
5.262441252512812806e-01
3.464853345150396141e-02
1.723943910721689732e-01
3.620261749736755075e-01
1.170406498679043561e-01
1.810762686714808764e-02
6.446339778869633608e-02
8.939238384471780152e-02
1.215376023676373318e-01
1.299162607721660902e-02
3.196963713254409589e-02
2.888571241008631163e-01
4.159745672082909018e-01
7.155582313360467350e-02
2.162001277754323769e-01
8.112385111508189084e-01
9.950421347551364759e-01
2.151699933253274355e-01
4.681340120457366250e-01
9.982131168728294313e-01
3.087810710999109309e-01
1.263450610567041499e-01
1.118771034596582198e-01
1.125505249019264908e-01
5.154608762458755544e-01
2.120418872702699853e-01
3.218945242884307945e-01
4.535349281275428690e-01
9.640169195478541786e-01
2.969108934832547231e-01
7.272433877658041057e-01
8.698456794213050847e-01
