1.406999362464303183e-01
3.393055323927975930e-01
1.422065384462442572e-01
8.929905878300227473e-02
2.663590881455143999e-01
4.913056004480905736e-01
8.837819246248576066e-01
1.304491763525527093e-01
2.114146747588967479e-01
4.874591002983003629e-01
5.839787487343243155e-01
2.381039623621702683e-01
7.536044029786957699e-02
1.881947534868269878e-01
4.030179318104126773e-02
8.261400415145749021e-02
2.059684258017034364e-01
3.706228569923815108e-01
6.600805894069934343e-01
0.000000000000000000e+00
4.274993287783518392e-01
5.753681397405938647e-01
3.363950663481836689e-01
5.742249032273820664e-01
7.457935944072124901e-01
5.842479683976978810e-01
5.245641923060186951e-01
5.783259459506726596e-01
1.708927874517674750e-01
6.747916123136812327e-01
3.231308728971649114e-01
6.811057832499595177e-02
2.820376601481134893e-01
8.515491281826276238e-01
6.845334712495099172e-01
1.864083623165750936e-01
3.833786864488213930e-01
3.432777212245542997e-01
6.619819749358030192e-01
5.350843642534516276e-01
7.356234124086118431e-01
4.689384012052370543e-01
7.062033361006343490e-01
2.392700397445345906e-01
1.684835633698222312e-01
5.781427514803416656e-01
1.502031717294616264e-01
2.077262461752333866e-01
7.481686913210409962e-02
2.723001115280200835e-01
4.287449834350127997e-02
8.511976168510325402e-02
2.072634581552806055e-01
5.495544999776130757e-01
6.677112031946367265e-01
2.161298614223051140e-01
6.012629458529211712e-02
1.891722895108197411e-01
4.000438117884053679e-01
1.684853441203505720e-01
5.901045289766875673e-02
2.880694931190699859e-01
1.105419424701964415e-01
9.739967214965078446e-02
1.370077444105499698e-01
2.247150330042037569e-01
1.073810597489863183e-01
8.796091983156936744e-02
1.736414957994990849e-01
4.413086781669561254e-01
7.722015813463530831e-01
1.430096083469943880e-01
2.734373582354328591e-01
5.585378467881250142e-01
6.046752384139808534e-01
8.043248904750716077e-02
1.487696410980675066e-01
0.000000000000000000e+00
1.854803068521824749e-01
3.260242496717626892e-01
5.350182413199421338e-01
4.629095372399255615e-01
6.341246629352879083e-01
4.644286780186978048e-01
7.120749432099752196e-01
6.729356254963299033e-01
8.437985366671640897e-02
8.775943923741620356e-01
2.115106247570543441e-01
7.538351597898418355e-01
2.429631588130225228e-01
4.391861741791527884e-01
6.613676088976715439e-01
2.161464396341143956e-01
6.478138830152849192e-02
1.055559957961443862e-02
2.539021446193680531e-01
7.029811076753800236e-01
8.015332506965413550e-01
1.140749302734174742e-01
1.449599364420156578e-01
5.970118814286713427e-01
3.838657781629422061e-01
7.625842530288343135e-02
2.234512365579058857e-01
5.784408035178975060e-01
7.162310989909566050e-01
4.710136852277689856e-01
7.494175621594867387e-01
5.809372867658313400e-01
6.591206339559616545e-01
2.143132634496000555e-01
9.781633010645705839e-02
6.240857962319964480e-01
1.084079148788262836e-01
1.036466091290362823e-01
1.406999362464303183e-01
3.393055323927975930e-01
1.422065384462442572e-01
8.929905878300227473e-02
2.663590881455143999e-01
4.913056004480905736e-01
8.837819246248576066e-01
1.304491763525527093e-01
2.114146747588967479e-01
4.874591002983003629e-01
5.839787487343243155e-01
2.381039623621702683e-01
7.536044029786957699e-02
1.881947534868269878e-01
4.030179318104126773e-02
8.261400415145749021e-02
2.059684258017034364e-01
3.706228569923815108e-01
6.600805894069934343e-01
0.000000000000000000e+00
4.274993287783518392e-01
5.753681397405938647e-01
3.363950663481836689e-01
5.742249032273820664e-01
7.457935944072124901e-01
5.842479683976978810e-01
5.245641923060186951e-01
5.783259459506726596e-01
1.708927874517674750e-01
6.747916123136812327e-01
3.231308728971649114e-01
6.811057832499595177e-02
2.820376601481134893e-01
8.515491281826276238e-01
6.845334712495099172e-01
1.864083623165750936e-01
3.833786864488213930e-01
3.432777212245542997e-01
6.619819749358030192e-01
5.350843642534516276e-01
7.356234124086118431e-01
4.689384012052370543e-01
7.062033361006343490e-01
2.392700397445345906e-01
1.684835633698222312e-01
5.781427514803416656e-01
1.502031717294616264e-01
2.077262461752333866e-01
7.481686913210409962e-02
2.723001115280200835e-01
4.287449834350127997e-02
8.511976168510325402e-02
2.072634581552806055e-01
5.495544999776130757e-01
6.677112031946367265e-01
2.161298614223051140e-01
6.012629458529211712e-02
1.891722895108197411e-01
4.000438117884053679e-01
1.684853441203505720e-01
5.901045289766875673e-02
2.880694931190699859e-01
1.105419424701964415e-01
9.739967214965078446e-02
1.449562435307695796e-01
5.970118814286713427e-01
3.838657781629422061e-01
7.625842530288343135e-02
2.234512365579058857e-01
5.784408035178975060e-01
7.162310989909566050e-01
4.710118293753062790e-01
7.494100856175376357e-01
5.809372867658313400e-01
6.591206339559616545e-01
2.143132634496000555e-01
9.781633010645705839e-02
6.240857962319964480e-01
1.084079148788262836e-01
1.036466091290362823e-01
1.640945658897022819e-01
4.174853429034526830e-01
6.134767596884216356e-01
8.472151384853894573e-02
6.589246444054237539e-01
6.247439114711944574e-01
6.182531443816179362e-01
2.956930727311712359e-01
5.228173427680098406e-01
6.549185439508131701e-01
8.606276512534399847e-01
2.195989000957503379e-01
3.621556745765532048e-02
2.571973174083930225e-01
2.808012104409424170e-01
1.247016795603265588e-01
1.445685485786054325e-01
3.996220136901953990e-01
3.926533750244967647e-01
1.055864881147978995e-01
4.653012665093294586e-01
4.801458443071346949e-01
8.088062167321553586e-01
3.572629359471165555e-01
4.593360061351012824e-01
7.935109900964604224e-01
6.867207202739512573e-01
1.301870562682376220e-01
1.290675821447628824e-01
3.130638870937949569e-01
1.554876948783772139e-01
3.039435917214951266e-02
1.253102446635310785e-01
6.601214535189848798e-01
4.266297514348771358e-01
9.946862738327201525e-02
4.764030208564564162e-01
5.769599430366479931e-01
7.566825955789369118e-01
2.101642197412385560e-01
7.286792990454479257e-01
8.416701460030469040e-01
6.910377443559719834e-01
3.223027342034237019e-01
1.138565759881638023e-01
4.018882573126090763e-01
2.347498967316587470e-01
6.502600772045745436e-02
1.461705682605968781e-01
5.516550240868514088e-01
5.717314542361280338e-01
9.564444333756604022e-02
5.329970094326108576e-01
6.178281183301432833e-01
7.822991699548498268e-01
2.742514134188782093e-01
5.064462236021307628e-01
7.298604172306932814e-01
7.069596899594722261e-01
3.147497735282933640e-01
8.282922465988941385e-02
3.894911706313189392e-01
2.691794239951493806e-01
7.740250554620715928e-02
1.747094309422682901e-01
3.869807414160284509e-01
4.284265533126393466e-01
1.089229566274889927e-01
3.900378551850864350e-01
5.049934024573683455e-01
7.900629431635201039e-01
3.177966363792341098e-01
4.464297424301920669e-01
7.863063708340698454e-01
7.283355139965059788e-01
1.521140516006091459e-01
8.061063534888143756e-02
3.222539642632097912e-01
1.196967833068224296e-01
5.738832645055229331e-02
1.406999362464303183e-01
3.393055323927976485e-01
1.422065384462442850e-01
8.929905878300227473e-02
2.663590881455144554e-01
4.913056004480905736e-01
8.837819246248577176e-01
1.304491763525527093e-01
2.114146747588967756e-01
4.874591002983004184e-01
5.839787487343244266e-01
2.381039623621702406e-01
7.536044029786957699e-02
1.881947534868270433e-01
4.030179318104126773e-02
8.261400415145750409e-02
2.059684258017034919e-01
3.706228569923814553e-01
6.600805894069934343e-01
0.000000000000000000e+00
4.274993287783518392e-01
5.753681397405938647e-01
3.363950663481836689e-01
5.742249032273819553e-01
7.457935944072124901e-01
5.842479683976978810e-01
5.245641923060188061e-01
5.783259459506725486e-01
1.708927874517674472e-01
6.747916123136811217e-01
3.231308728971649669e-01
6.811057832499595177e-02
2.820376601481134893e-01
8.515491281826276238e-01
6.845334712495099172e-01
1.864083623165751213e-01
3.833786864488214485e-01
3.432777212245543552e-01
6.619819749358030192e-01
5.350843642534515165e-01
7.356234124086118431e-01
4.689384012052370543e-01
7.062033361006343490e-01
2.392700397445345906e-01
1.684835633698222035e-01
5.781427514803416656e-01
1.502031717294616542e-01
2.077262461752333866e-01
7.481686913210409962e-02
2.723001115280200279e-01
4.287449834350127997e-02
8.511976168510325402e-02
2.072634581552806055e-01
5.495544999776129647e-01
6.677112031946367265e-01
2.161298614223050585e-01
6.012629458529211712e-02
1.891722895108197411e-01
4.000438117884053679e-01
1.684853441203505720e-01
5.901045289766876367e-02
2.880694931190700414e-01
1.105419424701964692e-01
9.739967214965078446e-02
