5.943473922334303605e-01
6.462973230679945891e-01
7.088469550426783616e-01
5.797122570812064390e-01
5.366293668824611007e-01
1.213332414167976048e-01
3.565053895690477037e-01
5.218732000213462952e-01
6.983744269578917585e-01
2.259120084866980682e-01
2.087277539872792187e-01
7.004666985393095402e-01
5.205614439877904731e-01
3.301611159934236817e-01
6.431641802837932964e-01
4.790312319834595378e-01
5.448843368797271491e-01
2.301086094331563636e-01
3.614408902667198831e-01
2.666866431658183045e-01
1.972518027370347982e-01
3.080388286061311320e-02
3.220969065156676497e-02
1.709480356823351865e-01
1.850154150535715247e-01
6.252278889515174021e-02
6.680601846650605080e-02
3.215112802188149210e-01
4.877173983553289016e-01
1.129091350068640587e-01
1.197758414010804406e-01
2.684837381497376940e-01
7.598733010589781012e-01
2.247064317987111370e-01
2.528653974858176556e-01
4.351317471006803661e-01
3.496493838250496200e-01
5.322173018429057073e-02
8.383418798938886696e-02
3.042651879751691602e-01
2.034583113709631519e-01
1.045410104419987468e-01
7.175557071510141327e-02
2.472207525463081534e-01
5.078307275554279077e-01
1.730461213858712211e-01
2.591789290299097437e-01
4.769198827405822239e-01
6.489252196638519710e-01
4.605033007469331863e-01
6.065006098138188140e-01
4.883595239417328204e-01
5.567383375897343445e-01
1.475762339288909375e-01
1.679701497477794625e-01
1.965979345516972177e-01
4.926330340590527879e-01
2.941825096639162362e-01
3.617658062102507288e-01
3.472389472816725942e-01
4.927526607079443233e-01
3.698587627482555207e-01
4.784220498776909358e-01
2.573578117056378178e-01
4.894737629894063691e-01
5.789885861389183486e-01
6.837912579886127329e-01
5.402640427500774445e-01
4.752720173572492213e-01
2.134206754818362417e-01
3.533175217031083726e-01
6.423148978641057827e-01
6.264469602388783587e-01
2.573031100243947655e-01
1.792215325192028641e-01
5.038256790893017589e-01
3.622595782845293710e-01
4.186800238946817299e-01
5.864191941935809060e-01
3.021085318019216537e-01
2.156891406939719924e-01
2.531144984264308562e-01
3.632454555916966865e-02
4.941453471122320834e-02
1.690890864449642872e-01
7.870356313928696113e-02
5.776803682365210246e-01
2.413212690204085964e-01
5.724361857956477007e-01
1.853028060555907408e-01
2.895639040195594482e-01
7.048559429710507529e-02
1.120114440594802696e-01
4.844321613919347347e-01
5.592719267040298092e-01
6.443174635981603338e-01
8.430192161345897439e-01
2.030954862589312016e-01
3.151463976280293178e-01
5.696366069658826969e-01
7.211337885690147775e-01
4.534543068021572032e-01
4.685392649279565003e-01
6.550133700829561256e-01
3.395814290752005027e-01
8.795191922371074777e-02
1.532387669848258027e-01
3.263059817178297628e-01
5.773514421225760529e-01
1.292731802587222811e-01
1.526121126453698906e-01
3.597345696472768473e-01
6.818112186799737406e-01
3.184545058520263927e-01
3.773319440863278085e-01
4.265420812547064955e-01
5.943473922334303605e-01
6.462973230679945891e-01
7.088469550426783616e-01
5.797122570812064390e-01
5.366293668824611007e-01
1.213332414167976048e-01
3.565053895690477037e-01
5.218732000213462952e-01
6.983744269578917585e-01
2.259120084866980682e-01
2.087277539872792187e-01
7.004666985393095402e-01
5.205614439877904731e-01
3.301611159934236817e-01
6.431641802837932964e-01
4.790312319834595378e-01
5.448843368797271491e-01
2.301086094331563636e-01
3.614408902667198831e-01
2.666866431658183045e-01
1.972518027370347982e-01
3.080388286061311320e-02
3.220969065156676497e-02
1.709480356823351865e-01
1.850154150535715247e-01
6.252278889515174021e-02
6.680601846650605080e-02
3.215112802188149210e-01
4.877173983553289016e-01
1.129091350068640587e-01
1.197758414010804406e-01
2.684837381497376940e-01
7.598733010589781012e-01
2.247064317987111370e-01
2.528653974858176556e-01
4.351317471006803661e-01
3.496493838250496200e-01
5.322173018429057073e-02
8.383418798938886696e-02
3.042651879751691602e-01
2.034583113709631519e-01
1.045410104419987468e-01
7.175557071510141327e-02
2.472207525463081534e-01
5.078307275554279077e-01
1.730461213858712211e-01
2.591789290299097437e-01
4.769198827405822239e-01
6.489252196638519710e-01
4.605033007469331863e-01
6.065006098138188140e-01
4.883595239417328204e-01
5.567383375897343445e-01
1.475762339288909375e-01
1.679701497477794625e-01
1.965979345516972177e-01
4.926330340590527879e-01
2.941825096639162362e-01
3.617658062102507288e-01
3.472389472816725942e-01
4.927526607079443233e-01
3.698587627482555207e-01
4.784220498776909358e-01
2.573578117056378178e-01
7.211154174028630015e-01
4.534543068021572032e-01
4.685392649279565003e-01
6.550133700829561256e-01
3.395814290752005027e-01
8.795191922371074777e-02
1.532387669848258027e-01
3.263036181846568073e-01
5.773388317030274663e-01
1.292731802587222811e-01
1.526121126453698906e-01
3.597345696472768473e-01
6.818112186799737406e-01
3.184545058520263927e-01
3.773319440863278085e-01
4.265420812547064955e-01
7.208126090026121258e-01
3.321418330472403757e-01
7.328994288388948064e-01
6.473873796605604802e-01
4.323695045955071037e-01
7.585822175550871460e-02
1.279581184040710362e-01
2.788735855220288995e-01
6.650483529377814174e-01
1.305902950496369841e-01
1.823245761837048451e-01
3.561454594990084432e-01
6.605846916513515854e-01
2.399273891382583956e-01
3.511135903139257497e-01
3.989850277910305665e-01
7.468483174476154840e-01
3.315937434024624486e-01
5.760853976438511381e-01
6.424116128153871674e-01
4.380008277571427744e-01
7.084461157836308143e-02
1.052617075728614904e-01
2.970165339625595591e-01
6.742883984431815581e-01
1.239489313226110473e-01
2.444333371045105674e-01
1.945017033014281860e-01
7.067207430655982892e-01
2.995615263804579653e-01
2.383960404210290207e-01
3.960907408052928291e-01
7.844343606436934291e-01
4.007495766878934607e-01
6.144915254461833509e-01
6.373961910965889599e-01
3.282788042453014810e-01
1.247777885454454394e-01
1.126096742612561485e-01
1.645442182764722538e-01
7.688313122241815512e-01
1.671509625184567360e-01
1.873812000988411275e-01
3.681832066805453829e-01
6.771068660788354121e-01
2.505102478821596423e-01
3.020936576473762236e-01
4.597604168182645168e-01
7.654571098604534551e-01
3.990969601157158819e-01
6.486008718203044587e-01
6.473072241061109677e-01
3.386247806065479371e-01
1.054567573552768894e-01
1.513817024485143992e-01
1.829170159489298952e-01
6.722757766055662554e-01
1.301558136378961061e-01
1.673772093916370551e-01
4.231423323564451611e-01
6.458063342806152907e-01
3.876371071626975584e-01
3.013910424921522058e-01
4.196838685517934597e-01
7.491770626295860547e-01
3.650122046877358750e-01
6.055431611907197142e-01
6.725606978969621563e-01
3.671810568943860154e-01
7.420989802243267708e-02
1.263558607342163131e-01
2.913633496703668668e-01
6.066041552647379875e-01
1.366977807222273800e-01
2.318793067385561124e-01
2.476872701507691343e-01
6.515573150415954196e-01
2.432577674703729209e-01
2.229914321569144153e-01
4.239759201691213342e-01
5.943473922334303605e-01
6.462973230679944781e-01
7.088469550426785837e-01
5.797122570812064390e-01
5.366293668824611007e-01
1.213332414167976048e-01
3.565053895690477592e-01
5.218732000213464062e-01
6.983744269578916475e-01
2.259120084866981515e-01
2.087277539872791909e-01
7.004666985393094292e-01
5.205614439877904731e-01
3.301611159934236817e-01
6.431641802837932964e-01
4.790312319834595933e-01
5.448843368797272602e-01
2.301086094331563636e-01
3.614408902667199386e-01
2.666866431658183045e-01
1.972518027370347982e-01
3.080388286061311320e-02
3.220969065156676497e-02
1.709480356823351865e-01
1.850154150535715247e-01
6.252278889515172633e-02
6.680601846650606468e-02
3.215112802188148655e-01
4.877173983553287906e-01
1.129091350068640309e-01
1.197758414010804962e-01
2.684837381497377495e-01
7.598733010589779902e-01
2.247064317987110815e-01
2.528653974858176556e-01
4.351317471006803661e-01
3.496493838250496200e-01
5.322173018429058461e-02
8.383418798938885308e-02
3.042651879751691602e-01
2.034583113709630964e-01
1.045410104419987468e-01
7.175557071510141327e-02
2.472207525463082090e-01
5.078307275554277966e-01
1.730461213858712488e-01
2.591789290299097437e-01
4.769198827405823349e-01
6.489252196638520820e-01
4.605033007469330752e-01
6.065006098138188140e-01
4.883595239417328204e-01
5.567383375897343445e-01
1.475762339288909375e-01
1.679701497477794347e-01
1.965979345516972177e-01
4.926330340590528989e-01
2.941825096639162362e-01
3.617658062102506733e-01
3.472389472816725942e-01
4.927526607079443788e-01
3.698587627482555207e-01
4.784220498776910468e-01
2.573578117056378178e-01
