2.600857003856532623e-01
3.811827750649643409e-01
6.644297313490161727e-01
4.806631441998417409e-01
2.557775628819838887e-01
1.593023898155030427e-01
2.768643032141541171e-01
8.228752049604129981e-01
6.049284354510711115e-01
2.537782034058614355e-01
4.507403173751196035e-01
9.193102833719480893e-01
4.659936462720780104e-01
5.371293520172769620e-01
5.824576687662467167e-01
3.630346983757887225e-01
3.703140016108245058e-01
1.732054577749805035e-01
4.244732788048451999e-01
2.377256997374003755e-01
2.286515180360242372e-01
4.746297381887862321e-02
4.703610082327288472e-02
3.378515484677553360e-01
2.100661393588018344e-01
3.139546927752229211e-02
7.924089374528790752e-02
3.071564218673411562e-01
7.484743361947419071e-01
2.983899427381342395e-01
2.561427302663780159e-01
3.126189606132158683e-01
6.202320754303283223e-01
2.910467014043142675e-01
4.353991463954287600e-01
5.083186855562404904e-01
2.208692758155089142e-01
4.079499673489921791e-02
4.040928926310602409e-02
4.239485508217175624e-01
4.508103286912042984e-01
6.706597789570904744e-02
1.001014358667076110e-01
3.404111558891204647e-01
6.427761518392394180e-01
3.249460467826135734e-01
2.391334895317160369e-01
4.089255329800554062e-01
5.733053794625857513e-01
5.913803778709189052e-01
7.187642374822124092e-01
4.446762225405372915e-01
7.231513762308010573e-01
3.643576237557472619e-01
2.538816874343224894e-01
3.703135741573677642e-01
5.363035793908171867e-01
2.894598082839321962e-01
3.843831850645546555e-01
2.851443282424865888e-01
3.631014308294840398e-01
4.600889565852208096e-01
3.957292494366026481e-01
1.394497541965388776e-01
2.297391496387508336e-01
3.714664710373303813e-01
6.904699933627815867e-01
4.290487955310152146e-01
2.441937484424369365e-01
2.974399529474481829e-01
3.016317641901409274e-01
9.421217479066268385e-01
6.834885029832666881e-01
3.456283760437550701e-01
4.028208303250643829e-01
4.549146984546105776e-01
4.977758743118008145e-01
3.752994267261043904e-01
4.348749164169847248e-01
2.290896769048039461e-01
3.536368512127760488e-01
2.961312665864753724e-01
5.907214108231939598e-02
6.486836806679141532e-02
2.227258374374032346e-01
3.865162381655688068e-02
7.909586925103927468e-01
4.787071796677025981e-01
5.434683674308353751e-01
3.025275140904339355e-01
2.062903050968699359e-01
4.277473729505414102e-02
3.846133183403396272e-01
6.177060118989664561e-01
4.526840724253969328e-01
7.883675484734895544e-01
6.788358328950772069e-01
2.669529993278456081e-01
3.975186011833491406e-01
5.824482613030368405e-01
4.538387571198627679e-01
3.871871632374068173e-01
5.864705533012241068e-01
6.037621749480741595e-01
2.342118825719283759e-01
1.481083509109268059e-01
1.504417267611626585e-01
5.921516764228946794e-01
6.840725075989377846e-01
1.047765335884285332e-01
2.340764767427063187e-01
4.368240418737626141e-01
6.895067029859687224e-01
5.572199518238248883e-01
3.795534735334724075e-01
3.233251345840905677e-01
2.600857003856532623e-01
3.811827750649643409e-01
6.644297313490161727e-01
4.806631441998417409e-01
2.557775628819838887e-01
1.593023898155030427e-01
2.768643032141541171e-01
8.228752049604129981e-01
6.049284354510711115e-01
2.537782034058614355e-01
4.507403173751196035e-01
9.193102833719480893e-01
4.659936462720780104e-01
5.371293520172769620e-01
5.824576687662467167e-01
3.630346983757887225e-01
3.703140016108245058e-01
1.732054577749805035e-01
4.244732788048451999e-01
2.377256997374003755e-01
2.286515180360242372e-01
4.746297381887862321e-02
4.703610082327288472e-02
3.378515484677553360e-01
2.100661393588018344e-01
3.139546927752229211e-02
7.924089374528790752e-02
3.071564218673411562e-01
7.484743361947419071e-01
2.983899427381342395e-01
2.561427302663780159e-01
3.126189606132158683e-01
6.202320754303283223e-01
2.910467014043142675e-01
4.353991463954287600e-01
5.083186855562404904e-01
2.208692758155089142e-01
4.079499673489921791e-02
4.040928926310602409e-02
4.239485508217175624e-01
4.508103286912042984e-01
6.706597789570904744e-02
1.001014358667076110e-01
3.404111558891204647e-01
6.427761518392394180e-01
3.249460467826135734e-01
2.391334895317160369e-01
4.089255329800554062e-01
5.733053794625857513e-01
5.913803778709189052e-01
7.187642374822124092e-01
4.446762225405372915e-01
7.231513762308010573e-01
3.643576237557472619e-01
2.538816874343224894e-01
3.703135741573677642e-01
5.363035793908171867e-01
2.894598082839321962e-01
3.843831850645546555e-01
2.851443282424865888e-01
3.631014308294840398e-01
4.600889565852208096e-01
3.957292494366026481e-01
1.394497541965388776e-01
4.538271953994922336e-01
3.871871632374068173e-01
5.864705533012241068e-01
6.037621749480741595e-01
2.342118825719283759e-01
1.481083509109268059e-01
1.504417267611626585e-01
5.921502455610848648e-01
6.840630813790873344e-01
1.047765335884285332e-01
2.340764767427063187e-01
4.368240418737626141e-01
6.895067029859687224e-01
5.572199518238248883e-01
3.795534735334724075e-01
3.233251345840905677e-01
4.325124181095836295e-01
3.232797981864761749e-01
7.618590227943025095e-01
6.428024995022763033e-01
4.680561851221959890e-01
9.861004691436861536e-02
2.019271555758515302e-01
3.408841130565010702e-01
7.260537397466110265e-01
1.621362346304295321e-01
2.325204867264289987e-01
4.508412921929547679e-01
6.165558047077974724e-01
4.358774852285989265e-01
4.253700159934757918e-01
3.374609574024940439e-01
5.113015286973198181e-01
3.717223230764872821e-01
4.647732422170449129e-01
5.933746052919419700e-01
4.321960967173784640e-01
1.034600259504263181e-01
2.056216168335350258e-01
3.598773968590162076e-01
6.439175069719040856e-01
1.975565476781305785e-01
2.929102876896478858e-01
2.913283695570869081e-01
6.298449586334240458e-01
3.555493313185076332e-01
4.179028982415529114e-01
3.872607960516659675e-01
5.667388080671502681e-01
4.484889407434035080e-01
4.813493590924424748e-01
5.799859971075916887e-01
3.512917900491885903e-01
1.496326963769093743e-01
1.973049995381289112e-01
2.227947790572581965e-01
7.586023917531631300e-01
2.545477010255161043e-01
2.470512916143320359e-01
4.584313317484700612e-01
5.723318411345399426e-01
3.296613255644574303e-01
4.474626282052575621e-01
4.626775823670523646e-01
5.449088140590099272e-01
4.003830169281937246e-01
6.165349770729451340e-01
5.766377167027392225e-01
3.355044616610730057e-01
1.515776175765963796e-01
2.390183803754505898e-01
2.478262904872889361e-01
6.140580966568747190e-01
2.078515891984350772e-01
2.348521121454738014e-01
5.154209568635064187e-01
5.867727241793618820e-01
4.561057301417535403e-01
3.828990008293529090e-01
4.270330256411034031e-01
5.289431204986527746e-01
3.740730357690263963e-01
5.924224605799058851e-01
5.739962666859138585e-01
3.678934488600856256e-01
1.021369746183349303e-01
2.113425551873566177e-01
3.606624788344315324e-01
5.907126268010592929e-01
2.195907376250821885e-01
2.713295175713335006e-01
3.565013350516816337e-01
5.595110831158445208e-01
3.363156132144982657e-01
3.224618146351843073e-01
4.397136839660692464e-01
2.600857003856532623e-01
3.811827750649642854e-01
6.644297313490163948e-01
4.806631441998417409e-01
2.557775628819838332e-01
1.593023898155030427e-01
2.768643032141542282e-01
8.228752049604131091e-01
6.049284354510711115e-01
2.537782034058614355e-01
4.507403173751195480e-01
9.193102833719479783e-01
4.659936462720780104e-01
5.371293520172769620e-01
5.824576687662466057e-01
3.630346983757887780e-01
3.703140016108245614e-01
1.732054577749805035e-01
4.244732788048451999e-01
2.377256997374003755e-01
2.286515180360242094e-01
4.746297381887862321e-02
4.703610082327288472e-02
3.378515484677552805e-01
2.100661393588018344e-01
3.139546927752229211e-02
7.924089374528790752e-02
3.071564218673411006e-01
7.484743361947416851e-01
2.983899427381341285e-01
2.561427302663780159e-01
3.126189606132159238e-01
6.202320754303283223e-01
2.910467014043142675e-01
4.353991463954287600e-01
5.083186855562403794e-01
2.208692758155089697e-01
4.079499673489922484e-02
4.040928926310602409e-02
4.239485508217175069e-01
4.508103286912042984e-01
6.706597789570904744e-02
1.001014358667076248e-01
3.404111558891205203e-01
6.427761518392393070e-01
3.249460467826135734e-01
2.391334895317160369e-01
4.089255329800554617e-01
5.733053794625857513e-01
5.913803778709187942e-01
7.187642374822125202e-01
4.446762225405372915e-01
7.231513762308010573e-01
3.643576237557472064e-01
2.538816874343224894e-01
3.703135741573677642e-01
5.363035793908171867e-01
2.894598082839321962e-01
3.843831850645546555e-01
2.851443282424865888e-01
3.631014308294841508e-01
4.600889565852208096e-01
3.957292494366026481e-01
1.394497541965388776e-01
