3.448267861194802553e-01
4.202848711218106770e-01
3.606607616529609595e-01
5.618331172821936503e-01
3.226659483562169251e-01
3.131866520287194255e-01
1.184263167494980645e-01
7.687495079650868979e-01
2.801843646097326723e-01
1.617400037877282371e-01
1.758135803211305359e-01
6.960052422023476071e-01
8.107060863634645287e-01
4.890262712811813683e-01
3.045528312990151143e-01
5.015899485648025458e-01
2.601883021188901024e-01
1.926327563363316175e-01
2.329817339745476057e-01
4.685008291374677669e-01
2.603591496972455510e-01
8.557970988957865066e-02
2.761346350910899236e-02
4.038655807383250695e-01
4.010514822282169878e-02
2.211688557482186651e-02
2.949062754964290253e-02
1.697861492971075859e-01
7.739345925766120127e-01
2.877644445393905959e-01
1.589905995126021099e-01
6.516337475658215972e-01
2.468591425914360982e-01
8.627456705131927861e-02
1.173443918726419927e-01
1.846714669217453531e-01
1.514246553717848442e-01
3.625443795663272489e-02
1.967401695344135962e-02
2.978631291653632829e-01
5.514892412796716659e-02
3.323674486152917995e-02
4.001851363067149975e-02
1.810202826988687730e-01
6.004721752698753967e-01
2.136046197799779112e-01
1.695016780636093290e-01
5.698739552788214535e-01
8.409803567637504917e-01
7.855692181057434276e-01
7.682389289847695313e-01
7.570402762586899703e-01
6.074016571242939477e-01
2.777123407680022749e-01
6.835123323428567155e-02
7.939627062577505612e-01
2.254358709510007608e-01
2.228389320563027021e-01
1.527383006946400057e-01
6.229476433782894507e-01
6.794493475272561644e-01
6.166944191778410689e-01
4.957406174029621027e-01
5.394773664484060482e-01
5.100507241473819509e-01
4.923852503753473608e-01
7.683629065554131721e-01
5.442341117466314993e-01
5.143706228828623939e-01
2.915561107908362093e-01
1.472252312415247011e-01
7.749742548774740669e-01
7.495356546175055978e-01
2.130966585393619384e-01
2.881378719446560654e-01
7.828152531548898674e-01
2.801013172582823563e-01
3.872876824029103382e-01
4.176075884864994814e-01
1.785478175570228976e-01
1.739753917288207052e-01
1.288380541038668670e-01
4.877028929135757140e-02
2.844885103832505563e-02
4.241580110175300483e-02
2.270119624640541678e-02
8.328924640625168241e-01
2.549981157176317570e-01
4.092679167172648125e-01
1.277893583235291119e-01
1.201284748901051136e-01
2.167591307707068815e-02
9.850730694993231618e-02
6.875276701892055753e-01
7.484715602778222454e-01
4.155373516450858173e-01
6.462207091405287596e-01
2.592370394854028870e-01
9.260178297681559423e-02
9.119393142958540643e-01
4.680543046562507525e-01
3.980525242884021542e-01
2.768216293698738673e-01
7.456346313935620085e-01
2.177465648057191894e-01
1.753929981429192542e-01
5.438662451606303405e-02
7.279621941199773127e-01
6.937641938259919705e-02
4.680617440205026014e-02
5.741355103397512150e-02
4.039532811081180674e-01
9.953235469181775930e-01
5.631773117104805770e-01
2.643627139786106084e-01
6.887651375378022189e-01
3.448267861194802553e-01
4.202848711218106770e-01
3.606607616529609595e-01
5.618331172821936503e-01
3.226659483562169251e-01
3.131866520287194255e-01
1.184263167494980645e-01
7.687495079650868979e-01
2.801843646097326723e-01
1.617400037877282371e-01
1.758135803211305359e-01
6.960052422023476071e-01
8.107060863634645287e-01
4.890262712811813683e-01
3.045528312990151143e-01
5.015899485648025458e-01
2.601883021188901024e-01
1.926327563363316175e-01
2.329817339745476057e-01
4.685008291374677669e-01
2.603591496972455510e-01
8.557970988957865066e-02
2.761346350910899236e-02
4.038655807383250695e-01
4.010514822282169878e-02
2.211688557482186651e-02
2.949062754964290253e-02
1.697861492971075859e-01
7.739345925766120127e-01
2.877644445393905959e-01
1.589905995126021099e-01
6.516337475658215972e-01
2.468591425914360982e-01
8.627456705131927861e-02
1.173443918726419927e-01
1.846714669217453531e-01
1.514246553717848442e-01
3.625443795663272489e-02
1.967401695344135962e-02
2.978631291653632829e-01
5.514892412796716659e-02
3.323674486152917995e-02
4.001851363067149975e-02
1.810202826988687730e-01
6.004721752698753967e-01
2.136046197799779112e-01
1.695016780636093290e-01
5.698739552788214535e-01
8.409803567637504917e-01
7.855692181057434276e-01
7.682389289847695313e-01
7.570402762586899703e-01
6.074016571242939477e-01
2.777123407680022749e-01
6.835123323428567155e-02
7.939627062577505612e-01
2.254358709510007608e-01
2.228389320563027021e-01
1.527383006946400057e-01
6.229476433782894507e-01
6.794493475272561644e-01
6.166944191778410689e-01
4.957406174029621027e-01
5.394773664484060482e-01
4.680423807892302168e-01
3.980525242884021542e-01
2.768216293698738673e-01
7.456346313935620085e-01
2.177465648057191894e-01
1.753929981429192542e-01
5.438662451606303405e-02
7.279612397247162692e-01
6.934865268713852338e-02
4.680617440205026014e-02
5.741355103397512150e-02
4.039532811081180674e-01
9.953235469181775930e-01
5.631773117104805770e-01
2.643627139786106084e-01
6.887651375378022189e-01
5.287977557254054384e-01
3.452091308083384269e-01
2.234426543629020601e-01
6.929320302900784379e-01
2.815545883954657103e-01
1.084083790353366217e-01
9.188325195487692665e-02
5.718697851926637377e-01
2.580570153709289549e-01
6.905204610661000442e-02
5.275539675764960579e-02
2.412531045069948865e-01
7.474233547666951916e-01
5.282188444707440755e-01
2.339960026441189056e-01
8.616992092154387439e-01
5.487819388811405741e-01
2.719852190590657526e-01
1.433981464039439380e-01
7.124295234938181620e-01
3.110059624766691178e-01
1.227566070547696925e-01
7.147326960514621685e-02
6.550070879455411887e-01
1.706005108202485188e-01
7.364256031011555403e-02
7.258344952019013530e-02
2.140526687917710391e-01
8.128158503903515353e-01
6.709773929479952992e-01
2.467956286353776285e-01
8.010383898413891979e-01
5.313195818390850089e-01
3.924719460487927636e-01
1.184105521070786260e-01
7.520208288420948683e-01
3.461430167610978770e-01
1.343175621668042663e-01
8.161113651709844818e-02
4.030410069690085750e-01
2.707106269442527413e-01
1.242117958865895655e-01
4.470197012678210624e-02
2.781888800943845830e-01
7.800444347631555475e-01
5.958559696493412883e-01
2.171658002554493483e-01
9.068040516042685795e-01
5.230139011595120735e-01
4.240593546409768266e-01
1.619837260748968055e-01
7.441671740202608909e-01
2.922746433474580630e-01
1.380550306812355355e-01
1.134669221170541836e-01
4.391935287479876160e-01
2.145241721366916154e-01
8.808385706820795469e-02
5.009618432975920799e-02
3.088160418114338501e-01
7.667539172705298833e-01
6.703659220885922476e-01
2.055732736029893815e-01
8.787473003127767024e-01
5.263144907362026226e-01
2.718040352289010642e-01
1.525023382827722651e-01
7.720909576854723122e-01
2.687214888375870081e-01
1.281602131361394004e-01
8.645378516940849245e-02
5.338243216742777353e-01
1.250367834029754155e-01
9.779851581579084019e-02
4.727555063778278444e-02
2.152978530007901292e-01
7.570545390645692096e-01
5.708315807222592575e-01
1.908916679066581246e-01
8.658934864359240091e-01
3.448267861194802553e-01
4.202848711218106215e-01
3.606607616529610150e-01
5.618331172821936503e-01
3.226659483562169806e-01
3.131866520287194255e-01
1.184263167494980923e-01
7.687495079650870089e-01
2.801843646097326168e-01
1.617400037877282648e-01
1.758135803211305082e-01
6.960052422023474961e-01
8.107060863634645287e-01
4.890262712811814794e-01
3.045528312990151698e-01
5.015899485648025458e-01
2.601883021188901024e-01
1.926327563363315898e-01
2.329817339745476334e-01
4.685008291374677669e-01
2.603591496972455510e-01
8.557970988957865066e-02
2.761346350910899236e-02
4.038655807383250140e-01
4.010514822282169878e-02
2.211688557482186304e-02
2.949062754964290600e-02
1.697861492971075859e-01
7.739345925766119016e-01
2.877644445393904848e-01
1.589905995126021654e-01
6.516337475658215972e-01
2.468591425914360982e-01
8.627456705131925085e-02
1.173443918726420065e-01
1.846714669217453808e-01
1.514246553717848442e-01
3.625443795663273183e-02
1.967401695344135962e-02
2.978631291653632274e-01
5.514892412796718046e-02
3.323674486152917995e-02
4.001851363067149281e-02
1.810202826988687730e-01
6.004721752698752857e-01
2.136046197799779112e-01
1.695016780636093567e-01
5.698739552788214535e-01
8.409803567637503807e-01
7.855692181057433165e-01
7.682389289847696423e-01
7.570402762586899703e-01
6.074016571242940588e-01
2.777123407680022749e-01
6.835123323428567155e-02
7.939627062577503391e-01
2.254358709510008163e-01
2.228389320563027021e-01
1.527383006946400057e-01
6.229476433782894507e-01
6.794493475272562755e-01
6.166944191778409579e-01
4.957406174029622137e-01
5.394773664484060482e-01
