5.299197663228963906e-01
7.576052024079669156e-01
5.489474873001137789e-01
4.217735650250573620e-01
9.727892751662270410e-01
3.998911897194232790e-01
5.759977458093265001e-01
2.017050052723511344e-01
7.879102004933229431e-01
2.405550084376928965e-01
5.113429992295259741e-01
6.137212034682253403e-01
5.690633967093990941e-01
1.302465967926133839e-01
6.855758676612259128e-01
1.813739050253572738e-01
7.763846531146489927e-01
3.049382378475188893e-01
7.752258213899493322e-01
1.097834718235145973e-01
4.462869448425412222e-01
8.404339824650558510e-02
1.183320067715256663e-01
0.000000000000000000e+00
3.706841202457045181e-01
1.214624464851958296e-01
3.897584354594872402e-01
1.263789940587168037e-01
2.490838366733204856e-01
3.104243971444033412e-01
4.168886186462094495e-02
5.743561236327251324e-02
5.887710838022806037e-01
4.118731957670333510e-01
6.485083969400153858e-01
6.092003138562882558e-01
6.085392068998404236e-01
6.904941531497547913e-02
2.011228831046047993e-01
3.681482523384204120e-01
8.556150091578348382e-01
2.972440920737443593e-01
3.291322348837791290e-01
1.374449991457614983e-01
3.368153410636686163e-01
2.202787951051969895e-01
0.000000000000000000e+00
3.017567347109365028e-01
3.304573396665221319e-01
8.908475765579485506e-01
1.313784484600246660e-01
2.253827443124910568e-01
5.216191039333331614e-02
1.238885595732068801e-01
2.678767314623660134e-01
1.653846004880083209e-01
2.309536854532214800e-01
3.898484994692656413e-01
4.168777280810476160e-01
0.000000000000000000e+00
2.497628657273649189e-01
0.000000000000000000e+00
3.215091068465825708e-01
1.309327657875375694e-01
3.793257502466806930e-01
5.442151928246841130e-01
3.872334631286676321e-01
3.006275880482545682e-01
5.386286489960787627e-01
3.180593703259613769e-01
3.845070462775042608e-01
4.133120466002579430e-01
6.710747942184764891e-01
3.043027056529458707e-01
2.518830128646038502e-01
3.904480038866332547e-01
3.799712750072894440e-01
3.463297751363708654e-01
6.501667841540548221e-01
1.163412979613250020e-01
3.864664833616311412e-01
4.913816237139705390e-01
1.922552570065328981e-01
2.603812462058869293e-01
3.185777498727991874e-01
1.725961427014997829e-01
1.783921479278246236e-01
6.315875464395490635e-01
2.148958383764044133e-01
3.164783036258018156e-01
5.124558661653213498e-01
1.847852482372877025e-01
4.876102740566898852e-01
5.984109284032663734e-01
2.836058197659819258e-01
8.190109929462185967e-02
8.393341170077099900e-01
3.333208686080184613e-01
5.432017123704857564e-01
2.037508112641925329e-01
6.205103239999892883e-01
7.844791414368688098e-01
5.832929058718806514e-01
4.692804996537091600e-01
5.709926705228304256e-01
1.722850381062666081e-01
2.982980838813462099e-01
1.823071954161292474e-01
8.919374590509874245e-01
2.614725759172564223e-01
4.585027184149522705e-01
1.002857640548266427e-01
4.661889152993912711e-01
2.001150326696914672e-01
1.849014126964168003e-01
1.697513508341937094e-01
5.299197663228963906e-01
7.576052024079669156e-01
5.489474873001137789e-01
4.217735650250573620e-01
9.727892751662270410e-01
3.998911897194232790e-01
5.759977458093265001e-01
2.017050052723511344e-01
7.879102004933229431e-01
2.405550084376928965e-01
5.113429992295259741e-01
6.137212034682253403e-01
5.690633967093990941e-01
1.302465967926133839e-01
6.855758676612259128e-01
1.813739050253572738e-01
7.763846531146489927e-01
3.049382378475188893e-01
7.752258213899493322e-01
1.097834718235145973e-01
4.462869448425412222e-01
8.404339824650558510e-02
1.183320067715256663e-01
0.000000000000000000e+00
3.706841202457045181e-01
1.214624464851958296e-01
3.897584354594872402e-01
1.263789940587168037e-01
2.490838366733204856e-01
3.104243971444033412e-01
4.168886186462094495e-02
5.743561236327251324e-02
5.887710838022806037e-01
4.118731957670333510e-01
6.485083969400153858e-01
6.092003138562882558e-01
6.085392068998404236e-01
6.904941531497547913e-02
2.011228831046047993e-01
3.681482523384204120e-01
8.556150091578348382e-01
2.972440920737443593e-01
3.291322348837791290e-01
1.374449991457614983e-01
3.368153410636686163e-01
2.202787951051969895e-01
0.000000000000000000e+00
3.017567347109365028e-01
3.304573396665221319e-01
8.908475765579485506e-01
1.313784484600246660e-01
2.253827443124910568e-01
5.216191039333331614e-02
1.238885595732068801e-01
2.678767314623660134e-01
1.653846004880083209e-01
2.309536854532214800e-01
3.898484994692656413e-01
4.168777280810476160e-01
0.000000000000000000e+00
2.497628657273649189e-01
0.000000000000000000e+00
3.215091068465825708e-01
1.309327657875375694e-01
6.204945162560702165e-01
7.844791414368688098e-01
5.832929058718806514e-01
4.692804996537091600e-01
5.709926705228304256e-01
1.722850381062666081e-01
2.982980838813462099e-01
1.823043266893534520e-01
8.919342348261476427e-01
2.614725759172564223e-01
4.585027184149522705e-01
1.002857640548266427e-01
4.661889152993912711e-01
2.001150326696914672e-01
1.849014126964168003e-01
1.697513508341937094e-01
8.199262551629512563e-01
4.271921429331709263e-01
9.381242593219210057e-01
3.605281042692471405e-01
7.747231421707547749e-01
1.822801540966396128e-01
3.809277355905791307e-01
0.000000000000000000e+00
9.462979749716992073e-01
2.731416972572864865e-01
4.016341322554993765e-01
3.532247038446250098e-01
2.450451089858483034e-01
2.552517593644204608e-01
1.669075498517691436e-01
1.413634461184967717e-01
6.519727555053641543e-01
8.454284284331790023e-01
9.883832995711254732e-01
2.118445670789209923e-01
8.600321866141353855e-01
1.170341777743718198e-01
3.217075777555311600e-01
0.000000000000000000e+00
1.000000000000000000e+00
2.177992211318821592e-01
2.936485313824995780e-01
5.311482676686247739e-01
4.392384462184965033e-01
1.795564706386998388e-02
2.118002216369238022e-01
4.964677982931611777e-03
7.187690893400673353e-01
8.174857301962966671e-01
1.000000000000000000e+00
2.956736779809804871e-01
7.194871469055730273e-01
1.543772228345393904e-01
2.168208829920980629e-01
1.355050165180772814e-01
9.999999999999998890e-01
3.407584371398321710e-01
4.630962800248344391e-01
3.274971308854943697e-01
4.135955192843346895e-01
1.879828247706058497e-01
1.651531795135225411e-01
6.819344763719524527e-02
9.740667617866868300e-01
4.422287218340836268e-01
8.601294540486918994e-01
2.658645929988845413e-01
3.752428414706639459e-01
2.598954693979559361e-01
4.331045778007454050e-01
8.122174107114188413e-02
6.329525207001363007e-01
3.195110032417856072e-01
4.477039927309892642e-01
4.639000027131614523e-01
4.087252160742319562e-01
2.591939183521426160e-01
4.757760584689946226e-02
9.327719576823591263e-02
7.535812024850717661e-01
5.352968236191787410e-01
1.000000000000000000e+00
3.447631919840236092e-01
8.592460759493574241e-01
1.427381445680029060e-01
8.326031380898721301e-02
3.418286758633250488e-01
5.840925996794062991e-01
4.004828497521184527e-01
5.549353814455183498e-01
8.230468928390616279e-02
3.986821088511490752e-01
3.580102689409447869e-02
2.262460700491105703e-01
0.000000000000000000e+00
5.299197663228963906e-01
7.576052024079668046e-01
5.489474873001138899e-01
4.217735650250573620e-01
9.727892751662272630e-01
3.998911897194232790e-01
5.759977458093265001e-01
2.017050052723511344e-01
7.879102004933229431e-01
2.405550084376929243e-01
5.113429992295259741e-01
6.137212034682253403e-01
5.690633967093990941e-01
1.302465967926133839e-01
6.855758676612260238e-01
1.813739050253573015e-01
7.763846531146491037e-01
3.049382378475188893e-01
7.752258213899494432e-01
1.097834718235145973e-01
4.462869448425412777e-01
8.404339824650558510e-02
1.183320067715256524e-01
0.000000000000000000e+00
3.706841202457045181e-01
1.214624464851958158e-01
3.897584354594872957e-01
1.263789940587167759e-01
2.490838366733204301e-01
3.104243971444032302e-01
4.168886186462094495e-02
5.743561236327249936e-02
5.887710838022804927e-01
4.118731957670332400e-01
6.485083969400153858e-01
6.092003138562882558e-01
6.085392068998403126e-01
6.904941531497549301e-02
2.011228831046047993e-01
3.681482523384204120e-01
8.556150091578347272e-01
2.972440920737443593e-01
3.291322348837790734e-01
1.374449991457614706e-01
3.368153410636686163e-01
2.202787951051969895e-01
0.000000000000000000e+00
3.017567347109365583e-01
3.304573396665221319e-01
8.908475765579484396e-01
1.313784484600246938e-01
2.253827443124910568e-01
5.216191039333328838e-02
1.238885595732068662e-01
2.678767314623660134e-01
1.653846004880082932e-01
2.309536854532215355e-01
3.898484994692656413e-01
4.168777280810476160e-01
0.000000000000000000e+00
2.497628657273649744e-01
0.000000000000000000e+00
3.215091068465826263e-01
1.309327657875375694e-01
