5.969621039919594807e-01
4.546347376548157682e-01
6.519248843502746249e-01
4.885458037387052088e-01
4.237157625261147587e-01
1.546599524175296669e-01
2.544810905118757849e-01
4.573058354627483890e-01
5.896571356220665638e-01
3.734642755161499128e-01
2.914367349387791406e-01
6.046649686093849008e-01
3.793713775513234410e-01
4.303460042199683810e-01
5.435611471858035060e-01
4.024003030180676177e-01
5.800946479009640999e-01
1.901187464833650476e-01
4.582718286156207133e-01
2.280229810897623222e-01
2.931342765727172894e-01
7.044846345254247855e-02
5.662742155539721156e-02
1.759220118509948749e-01
1.813317517254476319e-01
7.484130939855736242e-02
9.362457730146599155e-02
2.425597521328145822e-01
4.667216076541489400e-01
1.985568752384177238e-01
1.951197833096615653e-01
3.234609311624045414e-01
5.354414966065543791e-01
3.189139668594398458e-01
3.393674630437409911e-01
4.107579199223793109e-01
4.100215573771316402e-01
9.113927784306229130e-02
1.056826985819867143e-01
5.127918016184536132e-01
2.816296348007024108e-01
1.608394062559131976e-01
1.281671978068321949e-01
2.598514308285198027e-01
3.101560279232409290e-01
3.244141047057578775e-01
2.453373844110183222e-01
4.366089298868953139e-01
4.956303812658301999e-01
3.456986582290139665e-01
4.879655231222617684e-01
4.065169304980484899e-01
5.771708900076040205e-01
2.084714589776106852e-01
1.737149708407810800e-01
2.794591013628432430e-01
4.797036197015669412e-01
3.958828569209477677e-01
4.139858998915220689e-01
3.678334725710742381e-01
4.259206013604761032e-01
2.271680164045060402e-01
6.345832304534866353e-01
3.805861530515011748e-01
5.623721350994045354e-01
4.342549386986463422e-01
6.909779455858164887e-01
4.545579737645658036e-01
4.127137720097281415e-01
2.425569876871196406e-01
2.583957869883685698e-01
5.479281664537616336e-01
6.052667584947264423e-01
4.735523709764564715e-01
2.272585696376124287e-01
3.934792814125246396e-01
3.915488820218007149e-01
3.526350686370894882e-01
6.887832201596220116e-01
2.510355994539739122e-01
3.263312244492126424e-01
3.705223684877470003e-01
8.494661278652201886e-02
7.793009518079824227e-02
1.696935109981838885e-01
9.695507452414781069e-02
5.004923397581164668e-01
3.524498474572964057e-01
3.330144318408374549e-01
3.180996796561357809e-01
3.926606558159757565e-01
1.234047667927948844e-01
1.937729759212801217e-01
3.256971557806264683e-01
4.552366308054912047e-01
6.442252460122541713e-01
7.293209170217371806e-01
2.534681179486956148e-01
3.731846494597296227e-01
5.702623144329448390e-01
6.436735779311184569e-01
3.463451060898881662e-01
4.838474033151821674e-01
5.550121856580472191e-01
3.574862189105394439e-01
1.396060245028966640e-01
1.515168071986292275e-01
4.255539502965993703e-01
5.513995178759740767e-01
2.205873685567322218e-01
2.187487508920213930e-01
3.146504606071272581e-01
5.288166401087128765e-01
3.818359646263274065e-01
4.328778420224452250e-01
4.674438409196340349e-01
5.969621039919594807e-01
4.546347376548157682e-01
6.519248843502746249e-01
4.885458037387052088e-01
4.237157625261147587e-01
1.546599524175296669e-01
2.544810905118757849e-01
4.573058354627483890e-01
5.896571356220665638e-01
3.734642755161499128e-01
2.914367349387791406e-01
6.046649686093849008e-01
3.793713775513234410e-01
4.303460042199683810e-01
5.435611471858035060e-01
4.024003030180676177e-01
5.800946479009640999e-01
1.901187464833650476e-01
4.582718286156207133e-01
2.280229810897623222e-01
2.931342765727172894e-01
7.044846345254247855e-02
5.662742155539721156e-02
1.759220118509948749e-01
1.813317517254476319e-01
7.484130939855736242e-02
9.362457730146599155e-02
2.425597521328145822e-01
4.667216076541489400e-01
1.985568752384177238e-01
1.951197833096615653e-01
3.234609311624045414e-01
5.354414966065543791e-01
3.189139668594398458e-01
3.393674630437409911e-01
4.107579199223793109e-01
4.100215573771316402e-01
9.113927784306229130e-02
1.056826985819867143e-01
5.127918016184536132e-01
2.816296348007024108e-01
1.608394062559131976e-01
1.281671978068321949e-01
2.598514308285198027e-01
3.101560279232409290e-01
3.244141047057578775e-01
2.453373844110183222e-01
4.366089298868953139e-01
4.956303812658301999e-01
3.456986582290139665e-01
4.879655231222617684e-01
4.065169304980484899e-01
5.771708900076040205e-01
2.084714589776106852e-01
1.737149708407810800e-01
2.794591013628432430e-01
4.797036197015669412e-01
3.958828569209477677e-01
4.139858998915220689e-01
3.678334725710742381e-01
4.259206013604761032e-01
2.271680164045060402e-01
6.345832304534866353e-01
3.805861530515011748e-01
6.436571800942189059e-01
3.463451060898881662e-01
4.838474033151821674e-01
5.550121856580472191e-01
3.574862189105394439e-01
1.396060245028966640e-01
1.515168071986292275e-01
4.255519349569085730e-01
5.513861331377942765e-01
2.205873685567322218e-01
2.187487508920213930e-01
3.146504606071272581e-01
5.288166401087128765e-01
3.818359646263274065e-01
4.328778420224452250e-01
4.674438409196340349e-01
6.296587428053502800e-01
3.658891320805225944e-01
6.407449398975733068e-01
5.408403237706570499e-01
4.966729246952404364e-01
1.035710798838076208e-01
2.008484359516622686e-01
2.672841574594544412e-01
5.094746750128641422e-01
2.285563543417050703e-01
2.438578145894536031e-01
4.168056363565625366e-01
5.722156846552349796e-01
1.906726959013824718e-01
4.241136928945565820e-01
4.678130036019829130e-01
6.145648418111244737e-01
3.650786412807615622e-01
5.389654997864297137e-01
5.463868188233146350e-01
4.341165248034060120e-01
9.133018248173370435e-02
1.868416124644617926e-01
3.584806943543153990e-01
7.375796969046657381e-01
1.370612430787101488e-01
2.616938835176885192e-01
2.921113637706588828e-01
5.695314660346614266e-01
4.652536047473798675e-01
3.374786562764354736e-01
4.034342446787496650e-01
6.175731483579812719e-01
4.435361447462891071e-01
5.456476502052978184e-01
6.013239755188404256e-01
3.396938114086852090e-01
1.430120474742213876e-01
1.923241431037798765e-01
1.997416366745892180e-01
7.633031976374936578e-01
2.247921717644889572e-01
2.331388081297762760e-01
4.292328078719521711e-01
6.264440032342447617e-01
3.294525189998943060e-01
3.473629280401860364e-01
4.463963702628217511e-01
5.971003414265270148e-01
4.453381581847918880e-01
6.005908121442893322e-01
6.052163218066176631e-01
3.868492373942243323e-01
1.373783771920807917e-01
2.131555231086404989e-01
2.050335229400589987e-01
6.167781654541868441e-01
1.905844979544061568e-01
2.313892080615428393e-01
4.615244199148323956e-01
6.023011241667550753e-01
4.011981216401344086e-01
3.524061341379828294e-01
4.279081982988219290e-01
5.902464793990436220e-01
3.808650885913492656e-01
5.989800794386473948e-01
6.061008872293606187e-01
3.778591137012195511e-01
9.846908197492856840e-02
1.896218021065718129e-01
3.372722763517065903e-01
6.141197932128240611e-01
1.951886453463872462e-01
2.537368319068527001e-01
3.205356103914059340e-01
5.818256580118990051e-01
3.125295853013047576e-01
2.967046207962108495e-01
4.201132198502552928e-01
5.969621039919594807e-01
4.546347376548157126e-01
6.519248843502748469e-01
4.885458037387052643e-01
4.237157625261147587e-01
1.546599524175296669e-01
2.544810905118758404e-01
4.573058354627485000e-01
5.896571356220666749e-01
3.734642755161499128e-01
2.914367349387791961e-01
6.046649686093849008e-01
3.793713775513234410e-01
4.303460042199683810e-01
5.435611471858035060e-01
4.024003030180676732e-01
5.800946479009640999e-01
1.901187464833650476e-01
4.582718286156207133e-01
2.280229810897623222e-01
2.931342765727172894e-01
7.044846345254247855e-02
5.662742155539721156e-02
1.759220118509948472e-01
1.813317517254476596e-01
7.484130939855736242e-02
9.362457730146600543e-02
2.425597521328145822e-01
4.667216076541488290e-01
1.985568752384176683e-01
1.951197833096616208e-01
3.234609311624045414e-01
5.354414966065543791e-01
3.189139668594397903e-01
3.393674630437409356e-01
4.107579199223791999e-01
4.100215573771316402e-01
9.113927784306231905e-02
1.056826985819867143e-01
5.127918016184536132e-01
2.816296348007024108e-01
1.608394062559131976e-01
1.281671978068321949e-01
2.598514308285198582e-01
3.101560279232408179e-01
3.244141047057578775e-01
2.453373844110183499e-01
4.366089298868954249e-01
4.956303812658301999e-01
3.456986582290139109e-01
4.879655231222618794e-01
4.065169304980484899e-01
5.771708900076040205e-01
2.084714589776106575e-01
1.737149708407810522e-01
2.794591013628432430e-01
4.797036197015668302e-01
3.958828569209478232e-01
4.139858998915220689e-01
3.678334725710742381e-01
4.259206013604762142e-01
2.271680164045060402e-01
6.345832304534867463e-01
3.805861530515011193e-01
