1.740581467633575963e-01
4.985941369531445844e-01
3.312293501512458271e-01
2.098745365282281561e-01
2.633715683665697749e-01
3.715882079942436911e-01
7.255216927915000280e-01
3.940501690601209139e-01
2.952056414237665960e-01
1.647802071555298231e-01
2.837839879597254811e-01
4.031673551122686994e-01
1.568983730655866271e-01
3.112488716370156450e-01
2.736843404974295124e-01
1.807772242587544487e-01
3.693097748909838218e-01
3.697876529934855938e-01
3.061433975795136986e-01
2.048295399556392393e-01
3.508002475453256830e-01
3.735242834258313271e-01
3.302396164540579715e-01
3.957004551985283114e-01
4.033882223819417745e-01
2.729417239036444620e-01
4.820636665887027550e-01
7.770312668888518237e-01
2.341951299256361529e-01
4.397237408164600958e-01
1.610458376391361579e-01
4.095146965437662101e-01
5.053314154243863099e-01
4.988744074470650158e-01
3.342752112921973939e-01
2.418922200625666652e-01
3.818102121033458141e-01
2.965613651317194344e-01
3.101074520763365538e-01
3.124525211844492723e-01
3.819427106099611557e-01
3.353194984726632910e-01
3.177446612153501659e-01
3.636037379708929596e-01
3.735703053751554537e-01
4.813637672017996860e-01
3.278629677576330725e-01
5.415127082032035188e-01
1.620259720052289187e-01
3.854870399203546572e-01
2.461509810503995643e-01
1.589507267233006282e-01
4.648701705401069306e-01
4.776469324453156973e-01
4.757373921367166747e-01
4.514255217930050468e-01
3.135626769851430073e-01
4.456734072605471053e-01
3.234338741435273668e-01
3.697280550411868871e-01
1.280845738065048423e-01
6.217548641789641950e-01
5.469376448229733567e-01
1.680707903097225786e-01
1.970587586455544715e-01
5.246930221704542152e-01
5.376118287757443159e-01
1.995523558217894289e-01
3.056602954687579476e-01
4.461004748984064849e-01
7.772125131107828766e-01
3.891971974943745916e-01
5.093910475290261974e-01
2.236388331844393895e-01
3.428570105554037406e-01
1.579650084790939213e-01
2.366094207954320128e-01
2.209557753049982975e-01
5.120819816002404323e-01
5.005695641186067579e-01
2.161458695985042366e-01
3.401435351221134828e-01
3.360469013441701458e-01
4.399634298972198709e-01
4.328207780527321691e-01
3.148118601267288486e-01
2.326351121365935193e-01
4.955109616526999772e-01
5.782358460099978892e-01
5.025926557030246933e-01
4.071439279387650823e-01
3.389694326475398145e-01
4.088142956601257261e-01
3.780234253079637896e-01
1.417181427420877160e-01
4.141734868423949112e-01
3.451307812433427880e-01
5.549802723671897198e-01
5.766118734565096604e-01
4.094565899754638028e-01
2.724773962223159263e-01
5.535737501315454168e-01
2.401113125625722322e-01
2.486280937282943637e-01
2.672112600487562828e-01
4.442627257374950900e-01
5.073967514001049839e-01
4.855780013557440267e-01
5.262027817239931515e-01
3.468703542233283477e-01
4.091322099077736030e-01
4.876177399228974196e-01
2.395077295399826167e-01
6.673543577061131771e-01
3.431848470502420478e-01
3.184125115330348477e-01
1.740581467633575963e-01
4.985941369531445844e-01
3.312293501512458271e-01
2.098745365282281561e-01
2.633715683665697749e-01
3.715882079942436911e-01
7.255216927915000280e-01
3.940501690601209139e-01
2.952056414237665960e-01
1.647802071555298231e-01
2.837839879597254811e-01
4.031673551122686994e-01
1.568983730655866271e-01
3.112488716370156450e-01
2.736843404974295124e-01
1.807772242587544487e-01
3.693097748909838218e-01
3.697876529934855938e-01
3.061433975795136986e-01
2.048295399556392393e-01
3.508002475453256830e-01
3.735242834258313271e-01
3.302396164540579715e-01
3.957004551985283114e-01
4.033882223819417745e-01
2.729417239036444620e-01
4.820636665887027550e-01
7.770312668888518237e-01
2.341951299256361529e-01
4.397237408164600958e-01
1.610458376391361579e-01
4.095146965437662101e-01
5.053314154243863099e-01
4.988744074470650158e-01
3.342752112921973939e-01
2.418922200625666652e-01
3.818102121033458141e-01
2.965613651317194344e-01
3.101074520763365538e-01
3.124525211844492723e-01
3.819427106099611557e-01
3.353194984726632910e-01
3.177446612153501659e-01
3.636037379708929596e-01
3.735703053751554537e-01
4.813637672017996860e-01
3.278629677576330725e-01
5.415127082032035188e-01
1.620259720052289187e-01
3.854870399203546572e-01
2.461509810503995643e-01
1.589507267233006282e-01
4.648701705401069306e-01
4.776469324453156973e-01
4.757373921367166747e-01
4.514255217930050468e-01
3.135626769851430073e-01
4.456734072605471053e-01
3.234338741435273668e-01
3.697280550411868871e-01
1.280845738065048423e-01
6.217548641789641950e-01
5.469376448229733567e-01
1.680707903097225786e-01
2.724704547537591393e-01
5.535737501315454168e-01
2.401113125625722322e-01
2.486280937282943637e-01
2.672112600487562828e-01
4.442627257374950900e-01
5.073967514001049839e-01
4.855761965995406548e-01
5.261886451994692848e-01
3.468703542233283477e-01
4.091322099077736030e-01
4.876177399228974196e-01
2.395077295399826167e-01
6.673543577061131771e-01
3.431848470502420478e-01
3.184125115330348477e-01
2.250097790787487506e-01
3.390495143226163743e-01
5.858642825658511022e-01
2.624769432227744281e-01
4.693776783328602042e-01
3.787112021968729314e-01
4.567412319457282432e-01
5.367974771062038464e-01
5.645276399252545652e-01
4.695016970521488919e-01
4.542357847668088699e-01
3.382028512894025285e-01
2.317721610229911411e-01
5.537086722206920886e-01
4.304210853875384268e-01
2.940324438208434255e-01
2.149861176354847803e-01
4.191658705656525208e-01
4.021432825336327954e-01
2.077366653237047445e-01
4.947956285062009574e-01
3.448972380349030753e-01
4.290273773842393501e-01
6.733360435387449883e-01
4.606725451728810317e-01
4.581154622512304542e-01
4.353587854949034774e-01
3.619954492918605049e-01
2.451561574476238126e-01
6.208276499139485649e-01
4.997551721125002011e-01
2.384881561081927392e-01
2.294904212238476626e-01
5.437812333218695615e-01
3.321650690970079367e-01
2.779394598772779168e-01
3.859982197169414264e-01
4.370307881711110731e-01
4.717711055277268861e-01
3.976728448930086923e-01
6.601181482029666592e-01
5.161146206988371787e-01
4.404946031574646370e-01
4.853548929607639506e-01
2.762050835904054646e-01
6.171822957664272469e-01
4.109908736830890086e-01
2.904920514615891292e-01
2.164120548779215891e-01
5.291355546054687942e-01
4.882396083932624697e-01
2.570205048454845542e-01
4.758134394926284982e-01
4.262088333304374643e-01
4.979227365158472862e-01
4.444512123572356699e-01
4.539290767636217083e-01
4.587152868417074814e-01
4.336252538009123247e-01
5.107795973458203465e-01
2.565985608872759505e-01
6.590447253397497818e-01
4.238248429150958119e-01
2.899209339732866098e-01
2.273101506546894301e-01
3.930346713154715399e-01
4.263622218043462420e-01
2.519660845103306457e-01
4.105763175823748390e-01
3.448842631417213256e-01
4.948377358590536623e-01
5.048709960907626915e-01
4.143547411485167808e-01
5.065838542155532975e-01
4.351782912432040629e-01
3.721089258437521585e-01
2.275080387254256042e-01
5.677576754310527107e-01
3.382106962518062199e-01
2.899269327740057189e-01
1.740581467633575963e-01
4.985941369531446399e-01
3.312293501512458826e-01
2.098745365282281838e-01
2.633715683665698304e-01
3.715882079942436911e-01
7.255216927915001390e-01
3.940501690601209139e-01
2.952056414237665960e-01
1.647802071555298509e-01
2.837839879597254811e-01
4.031673551122686439e-01
1.568983730655866271e-01
3.112488716370157560e-01
2.736843404974295124e-01
1.807772242587544487e-01
3.693097748909838773e-01
3.697876529934855938e-01
3.061433975795137541e-01
2.048295399556392393e-01
3.508002475453257385e-01
3.735242834258313827e-01
3.302396164540579160e-01
3.957004551985283114e-01
4.033882223819418300e-01
2.729417239036444620e-01
4.820636665887028105e-01
7.770312668888516017e-01
2.341951299256360974e-01
4.397237408164599848e-01
1.610458376391361857e-01
4.095146965437661546e-01
5.053314154243863099e-01
4.988744074470649048e-01
3.342752112921973939e-01
2.418922200625666930e-01
3.818102121033458141e-01
2.965613651317194899e-01
3.101074520763365538e-01
3.124525211844492167e-01
3.819427106099610447e-01
3.353194984726632910e-01
3.177446612153501659e-01
3.636037379708929596e-01
3.735703053751553981e-01
4.813637672017997970e-01
3.278629677576330725e-01
5.415127082032034078e-01
1.620259720052289187e-01
3.854870399203546016e-01
2.461509810503995643e-01
1.589507267233006282e-01
4.648701705401069306e-01
4.776469324453156418e-01
4.757373921367166747e-01
4.514255217930050468e-01
3.135626769851430629e-01
4.456734072605471608e-01
3.234338741435273668e-01
3.697280550411868871e-01
1.280845738065048700e-01
6.217548641789641950e-01
5.469376448229734677e-01
1.680707903097225508e-01
