3.780699559414278932e-01
4.972232275450354511e-01
3.627269209677295714e-01
6.388109506823064221e-01
3.036652877126749805e-01
2.555878272163347176e-01
2.723217500331354679e-01
5.100123822285657083e-01
3.315163627214922637e-01
2.624127637447272177e-01
1.333625449167805121e-01
5.606663178593808139e-01
5.732749020349444669e-01
5.427330765225365505e-01
4.180359873484306155e-01
5.312971885692128193e-01
4.507212543323185772e-01
2.319835496429585031e-01
4.299080866481306828e-01
5.002652666994464870e-01
4.025880701336193579e-01
8.325400721782655333e-02
7.464116351229897750e-02
2.568165401905215250e-01
1.636734333329258051e-01
8.819520387772979142e-02
9.744633243552693058e-02
2.727531027337214975e-01
3.726077340628067280e-01
2.142500002092944944e-01
2.521978185417066975e-01
4.561525210162665767e-01
5.153779652467181949e-01
1.671031414152439332e-01
1.791977460221910456e-01
3.157225236612867247e-01
3.382688925867353702e-01
9.176207677873254864e-02
8.745912298231492410e-02
3.926622701641076518e-01
2.009874848500111666e-01
9.300171950459712455e-02
5.659025236689397415e-02
1.547790861244153215e-01
3.598465831621674993e-01
1.992158230571803024e-01
1.712976397233679782e-01
4.509107787507348752e-01
6.157454252417060570e-01
4.373154164467461524e-01
4.546059672303550681e-01
4.611790446457813553e-01
8.860191742223110234e-01
3.456189399797751638e-01
1.793392570096657423e-01
4.628917130113140987e-01
3.889707371442412409e-01
3.804116813511271289e-01
2.858164142680233444e-01
3.384272723607603672e-01
4.565839036020406527e-01
7.423658616382130537e-01
4.665206469383801346e-01
4.686324949842884946e-01
4.880385712556526423e-01
4.696137482109657424e-01
6.004182480708613046e-01
5.972547582200217198e-01
3.120316555641761136e-01
2.383542804733808640e-01
2.827629003296485144e-01
5.497519993825494833e-01
5.452008525641977021e-01
3.325664620831355056e-01
1.847235425153739841e-01
5.150171983739099124e-01
3.833050304121056184e-01
4.554153921694237273e-01
5.215101066096698990e-01
2.171354620303681815e-01
3.536759379631167488e-01
3.490516915241530516e-01
5.583930418253356398e-02
9.125028838980436818e-02
1.624652125474410069e-01
9.516206550712173751e-02
4.274387462635036439e-01
2.525787539812458515e-01
6.655227084073553900e-01
1.662337529451048956e-01
3.379955380077527272e-01
8.680073575475147352e-02
2.246992137125128908e-01
3.953753402780913473e-01
5.243476721934970941e-01
7.446001199187866071e-01
6.538398018692357372e-01
3.164127948406341151e-01
2.144449376960823050e-01
7.214806279488463758e-01
5.259203597380102124e-01
3.545124306765265465e-01
2.811187483365125139e-01
7.038816378689254361e-01
4.189900611433332589e-01
2.001505298281733292e-01
1.573836180831522935e-01
5.001408180272868265e-01
3.337614915483784750e-01
1.669602434543824843e-01
1.183496684408504446e-01
2.528432940724897882e-01
6.163502148690687132e-01
5.961253504981857132e-01
3.275279788647829649e-01
5.945475631152739027e-01
3.780699559414278932e-01
4.972232275450354511e-01
3.627269209677295714e-01
6.388109506823064221e-01
3.036652877126749805e-01
2.555878272163347176e-01
2.723217500331354679e-01
5.100123822285657083e-01
3.315163627214922637e-01
2.624127637447272177e-01
1.333625449167805121e-01
5.606663178593808139e-01
5.732749020349444669e-01
5.427330765225365505e-01
4.180359873484306155e-01
5.312971885692128193e-01
4.507212543323185772e-01
2.319835496429585031e-01
4.299080866481306828e-01
5.002652666994464870e-01
4.025880701336193579e-01
8.325400721782655333e-02
7.464116351229897750e-02
2.568165401905215250e-01
1.636734333329258051e-01
8.819520387772979142e-02
9.744633243552693058e-02
2.727531027337214975e-01
3.726077340628067280e-01
2.142500002092944944e-01
2.521978185417066975e-01
4.561525210162665767e-01
5.153779652467181949e-01
1.671031414152439332e-01
1.791977460221910456e-01
3.157225236612867247e-01
3.382688925867353702e-01
9.176207677873254864e-02
8.745912298231492410e-02
3.926622701641076518e-01
2.009874848500111666e-01
9.300171950459712455e-02
5.659025236689397415e-02
1.547790861244153215e-01
3.598465831621674993e-01
1.992158230571803024e-01
1.712976397233679782e-01
4.509107787507348752e-01
6.157454252417060570e-01
4.373154164467461524e-01
4.546059672303550681e-01
4.611790446457813553e-01
8.860191742223110234e-01
3.456189399797751638e-01
1.793392570096657423e-01
4.628917130113140987e-01
3.889707371442412409e-01
3.804116813511271289e-01
2.858164142680233444e-01
3.384272723607603672e-01
4.565839036020406527e-01
7.423658616382130537e-01
4.665206469383801346e-01
4.686324949842884946e-01
5.259069617105366357e-01
3.545124306765265465e-01
2.811187483365125139e-01
7.038816378689254361e-01
4.189900611433332589e-01
2.001505298281733292e-01
1.573836180831522935e-01
5.001390643620823306e-01
3.337416132193164464e-01
1.669602434543824843e-01
1.183496684408504446e-01
2.528432940724897882e-01
6.163502148690687132e-01
5.961253504981857132e-01
3.275279788647829649e-01
5.945475631152739027e-01
4.822126287780486020e-01
4.173932681744169648e-01
3.393193254606165499e-01
6.690681650191380170e-01
4.142233449785953092e-01
1.270579084824367266e-01
2.241403824179411808e-01
4.733350610551749216e-01
4.478604968792114782e-01
1.341736507963451064e-01
1.185963885298662174e-01
2.856422702880142550e-01
6.632857760510784129e-01
5.493970879528130569e-01
2.433127711412690353e-01
5.735599648262903472e-01
5.434349132444079578e-01
3.686213618529088909e-01
2.657661277222769791e-01
6.098848843848810874e-01
3.848986024620539848e-01
1.583031834123614923e-01
1.650639646616415268e-01
5.905437469142045259e-01
3.097951198020573171e-01
1.523381219938196307e-01
1.545808811401597482e-01
2.480543358762487549e-01
7.228407359747583971e-01
5.766114190122703098e-01
2.603350378274646992e-01
5.541840706312326503e-01
5.057718711610481588e-01
4.908318577218748757e-01
2.766914020897573989e-01
6.742428829728284168e-01
4.483652747865874422e-01
1.674279587417018267e-01
1.526934428863532256e-01
3.645333172041477221e-01
4.568842369462996489e-01
2.109054083255222922e-01
1.072551108805521319e-01
3.373161017131850459e-01
6.760708309726688459e-01
5.703160820504682427e-01
2.878162373316726641e-01
6.141451519996952157e-01
5.020081810546579426e-01
5.331071055816913873e-01
3.216340931298480865e-01
6.482695777601732434e-01
3.935383127653845903e-01
1.652361440282346383e-01
2.147627836273715562e-01
3.993514266341459673e-01
4.192801757323263434e-01
1.317221027269053490e-01
1.061086304394696644e-01
3.907421465312226339e-01
6.477700690275470796e-01
6.934931902988679120e-01
2.564530855860724934e-01
5.966332479902237695e-01
5.224802271729972469e-01
3.795620710110590990e-01
2.791360982054831297e-01
6.718619610390250685e-01
3.730091311363373241e-01
1.586461464303545732e-01
1.704654561107635802e-01
4.805187565158759999e-01
3.132580528825112953e-01
1.611527515395418941e-01
1.228913230762938152e-01
2.726422291114383722e-01
6.326262855602839963e-01
5.392763280260897130e-01
2.541083658945193502e-01
5.933420888414898675e-01
3.780699559414278932e-01
4.972232275450353955e-01
3.627269209677296269e-01
6.388109506823064221e-01
3.036652877126749805e-01
2.555878272163347176e-01
2.723217500331355234e-01
5.100123822285658193e-01
3.315163627214923192e-01
2.624127637447272177e-01
1.333625449167804844e-01
5.606663178593808139e-01
5.732749020349445779e-01
5.427330765225366616e-01
4.180359873484306710e-01
5.312971885692128193e-01
4.507212543323186882e-01
2.319835496429585031e-01
4.299080866481307384e-01
5.002652666994464870e-01
4.025880701336193024e-01
8.325400721782655333e-02
7.464116351229897750e-02
2.568165401905214695e-01
1.636734333329258051e-01
8.819520387772979142e-02
9.744633243552695834e-02
2.727531027337214420e-01
3.726077340628066725e-01
2.142500002092944389e-01
2.521978185417066975e-01
4.561525210162665767e-01
5.153779652467181949e-01
1.671031414152439054e-01
1.791977460221910734e-01
3.157225236612867247e-01
3.382688925867353702e-01
9.176207677873254864e-02
8.745912298231492410e-02
3.926622701641076518e-01
2.009874848500111666e-01
9.300171950459712455e-02
5.659025236689398108e-02
1.547790861244153215e-01
3.598465831621673883e-01
1.992158230571803024e-01
1.712976397233679782e-01
4.509107787507349863e-01
6.157454252417060570e-01
4.373154164467460414e-01
4.546059672303551236e-01
4.611790446457813553e-01
8.860191742223111344e-01
3.456189399797751638e-01
1.793392570096657423e-01
4.628917130113139877e-01
3.889707371442412964e-01
3.804116813511270734e-01
2.858164142680233444e-01
3.384272723607603672e-01
4.565839036020406527e-01
7.423658616382131648e-01
4.665206469383801902e-01
4.686324949842884391e-01
