3.205936927581732876e-01
5.333926029601425700e-01
4.508940882218177015e-01
5.222874128776782143e-01
3.893899464278505751e-01
3.466064651059789781e-01
1.505722500172410327e-01
5.925243024510785661e-01
4.705951154682668780e-01
1.758383415462992372e-01
1.898824020822430514e-01
5.960747202106649878e-01
5.553062952713635481e-01
6.124212307776844000e-01
4.529197241151068365e-01
4.355927051671731887e-01
4.354682543793775840e-01
2.848021186461895393e-01
4.019036472236731106e-01
4.574944528880511840e-01
4.366655176556405449e-01
1.231274101970081802e-01
3.389842045915302665e-02
3.377240865951243731e-01
8.689106186428187384e-02
3.511295789322630562e-02
4.037883852204909169e-02
1.650493586269706769e-01
4.750976504818394952e-01
2.818693138837806700e-01
2.658428193646233395e-01
5.104660010370392076e-01
4.417385624024846580e-01
1.475097424487653852e-01
2.085810794450760619e-01
3.969385246132667300e-01
2.420052053364438738e-01
7.514783089251174386e-02
2.911464054668845211e-02
3.358120579641882264e-01
1.760622571315481610e-01
7.406982679739275433e-02
9.868309546697592860e-02
2.517289584310392070e-01
3.801135068055851440e-01
1.635228724277408008e-01
2.483164799130075928e-01
5.505678585208243492e-01
6.381232754814378794e-01
4.815909775541836191e-01
4.936583753988638690e-01
4.756394707552867307e-01
7.845753351818185450e-01
3.169809565163451692e-01
1.065225838789556206e-01
6.323600732852401318e-01
4.202308786612696800e-01
3.270489789186332152e-01
3.503603430872210822e-01
4.699843081399194822e-01
4.797439421237574275e-01
6.219292770299609252e-01
5.287287982947130871e-01
4.191549361436465171e-01
4.264562472483101052e-01
5.520099988936393309e-01
7.101564377715456899e-01
4.889489768344709719e-01
4.575632380261240861e-01
3.582099575576675465e-01
1.630952135140307235e-01
6.168043058246472921e-01
7.745345279944850780e-01
2.444174347213841636e-01
2.597967910631548416e-01
5.139023900569149594e-01
4.632837217766607729e-01
4.459112036424749403e-01
5.440095847719567113e-01
3.425581251610609890e-01
3.484296031550146999e-01
4.288580200414247035e-01
9.743393136989370040e-02
3.771506899567780846e-02
8.608984120857324229e-02
3.494903265597216341e-02
5.084870121224381867e-01
3.137368519222705765e-01
5.376155892692227045e-01
1.364106927529031010e-01
2.436616440420865948e-01
6.673932748947858373e-02
1.933135741269803032e-01
4.270722910522600779e-01
5.471968359904523238e-01
7.130484515418704650e-01
6.431091033262745782e-01
3.066888195450382382e-01
2.194181183314486416e-01
7.392195743624283555e-01
4.832898196839153782e-01
4.059837029777896844e-01
3.303400072718869485e-01
6.685466606701417902e-01
4.067704197981262260e-01
2.217016727508370755e-01
7.678824434782417774e-02
6.018466384258083224e-01
3.500367711384628211e-01
9.777506397029470109e-02
1.437026140345195047e-01
3.275513763644108400e-01
6.514729462659718529e-01
5.853680085821186818e-01
3.994777829080565223e-01
5.653805217664273908e-01
3.205936927581732876e-01
5.333926029601425700e-01
4.508940882218177015e-01
5.222874128776782143e-01
3.893899464278505751e-01
3.466064651059789781e-01
1.505722500172410327e-01
5.925243024510785661e-01
4.705951154682668780e-01
1.758383415462992372e-01
1.898824020822430514e-01
5.960747202106649878e-01
5.553062952713635481e-01
6.124212307776844000e-01
4.529197241151068365e-01
4.355927051671731887e-01
4.354682543793775840e-01
2.848021186461895393e-01
4.019036472236731106e-01
4.574944528880511840e-01
4.366655176556405449e-01
1.231274101970081802e-01
3.389842045915302665e-02
3.377240865951243731e-01
8.689106186428187384e-02
3.511295789322630562e-02
4.037883852204909169e-02
1.650493586269706769e-01
4.750976504818394952e-01
2.818693138837806700e-01
2.658428193646233395e-01
5.104660010370392076e-01
4.417385624024846580e-01
1.475097424487653852e-01
2.085810794450760619e-01
3.969385246132667300e-01
2.420052053364438738e-01
7.514783089251174386e-02
2.911464054668845211e-02
3.358120579641882264e-01
1.760622571315481610e-01
7.406982679739275433e-02
9.868309546697592860e-02
2.517289584310392070e-01
3.801135068055851440e-01
1.635228724277408008e-01
2.483164799130075928e-01
5.505678585208243492e-01
6.381232754814378794e-01
4.815909775541836191e-01
4.936583753988638690e-01
4.756394707552867307e-01
7.845753351818185450e-01
3.169809565163451692e-01
1.065225838789556206e-01
6.323600732852401318e-01
4.202308786612696800e-01
3.270489789186332152e-01
3.503603430872210822e-01
4.699843081399194822e-01
4.797439421237574275e-01
6.219292770299609252e-01
5.287287982947130871e-01
4.191549361436465171e-01
4.832775076861728358e-01
4.059837029777896844e-01
3.303400072718869485e-01
6.685466606701417902e-01
4.067704197981262260e-01
2.217016727508370755e-01
7.678824434782417774e-02
6.018452415770129127e-01
3.500173784093161822e-01
9.777506397029470109e-02
1.437026140345195047e-01
3.275513763644108400e-01
6.514729462659718529e-01
5.853680085821186818e-01
3.994777829080565223e-01
5.653805217664273908e-01
4.948824630227962595e-01
4.573596348509614828e-01
3.694519668923003652e-01
5.934077378970834538e-01
4.040559037934554065e-01
1.463759278000511532e-01
1.767808277009087214e-01
4.769412682168104323e-01
3.593995622408456825e-01
1.061373763217947630e-01
1.440599120412239253e-01
3.806168235833800040e-01
6.725074765962048007e-01
4.693778563266073345e-01
2.822710402880832525e-01
6.188725958287951689e-01
5.402089810316975660e-01
3.464397476486762995e-01
2.941385677180599623e-01
5.878311056279871272e-01
3.802816732574147984e-01
1.546732227490855704e-01
1.485599922612601265e-01
5.854835186009401671e-01
3.350230380350086579e-01
1.348053246210320077e-01
1.519209187294321972e-01
2.787812098826481511e-01
6.902255542913596775e-01
6.018897490341325041e-01
2.875720437442467192e-01
5.902413830035240228e-01
5.017741739700348758e-01
4.826001730972341308e-01
2.791011324516201597e-01
6.585354806817694806e-01
3.722899353868256989e-01
1.706556604107772046e-01
1.477363244414957866e-01
4.001573366400871246e-01
4.406095317438250003e-01
2.063112778783927070e-01
1.308846297262887259e-01
3.351916010711769589e-01
7.118118827977818475e-01
5.286774308458068727e-01
2.734928309498279586e-01
6.419822930165245412e-01
4.900125448443737319e-01
4.896916852789337526e-01
3.399446249417470978e-01
6.539350348881390884e-01
3.538994011564415287e-01
1.723847414461676109e-01
1.941255634622964799e-01
4.090111346256613545e-01
3.683885348174115171e-01
1.469547775959522129e-01
1.255935305814899206e-01
3.924510908279681409e-01
6.873991794423889301e-01
6.419952155795984883e-01
2.519423138622279845e-01
6.181165820399319166e-01
5.066048660053253938e-01
3.349250097175244800e-01
3.260786127746644336e-01
6.701256572073306383e-01
3.624830970208571812e-01
1.561397961521424071e-01
1.539591091719196281e-01
4.801461649764371953e-01
3.055829450374836220e-01
1.585806423510092156e-01
1.312804032357748896e-01
2.857732025694528777e-01
6.377094700810981287e-01
5.505080922086997841e-01
2.452819028857485817e-01
6.221780334670794499e-01
3.205936927581732876e-01
5.333926029601425700e-01
4.508940882218177570e-01
5.222874128776782143e-01
3.893899464278506306e-01
3.466064651059789781e-01
1.505722500172410605e-01
5.925243024510785661e-01
4.705951154682669335e-01
1.758383415462992649e-01
1.898824020822430236e-01
5.960747202106649878e-01
5.553062952713635481e-01
6.124212307776844000e-01
4.529197241151067810e-01
4.355927051671731887e-01
4.354682543793776395e-01
2.848021186461895393e-01
4.019036472236731661e-01
4.574944528880511840e-01
4.366655176556405449e-01
1.231274101970081941e-01
3.389842045915301971e-02
3.377240865951243176e-01
8.689106186428187384e-02
3.511295789322630562e-02
4.037883852204909862e-02
1.650493586269706492e-01
4.750976504818394952e-01
2.818693138837805590e-01
2.658428193646233950e-01
5.104660010370392076e-01
4.417385624024846580e-01
1.475097424487653852e-01
2.085810794450760619e-01
3.969385246132667300e-01
2.420052053364438738e-01
7.514783089251175774e-02
2.911464054668845211e-02
3.358120579641881709e-01
1.760622571315481610e-01
7.406982679739275433e-02
9.868309546697594248e-02
2.517289584310392625e-01
3.801135068055850330e-01
1.635228724277408008e-01
2.483164799130076206e-01
5.505678585208244602e-01
6.381232754814378794e-01
4.815909775541836191e-01
4.936583753988639800e-01
4.756394707552867862e-01
7.845753351818185450e-01
3.169809565163450582e-01
1.065225838789556206e-01
6.323600732852401318e-01
4.202308786612696800e-01
3.270489789186332708e-01
3.503603430872211377e-01
4.699843081399195377e-01
4.797439421237574830e-01
6.219292770299610362e-01
5.287287982947131981e-01
4.191549361436464616e-01
