2.836181257615275758e-02
1.614052108425243492e-01
2.111608924229155804e-01
5.506620668301048099e-02
1.315666203908196219e-01
3.705679713290562227e-01
6.487405483491991420e-01
2.402008177927447696e-01
1.306264094773702533e-01
4.414637388206170132e-01
4.911778401017524165e-01
3.807259605824496185e-01
2.254595551677130924e-02
9.167703429663970338e-02
2.142096876977611919e-01
5.118397085610200403e-02
1.992743925781752523e-01
4.302699960260658596e-01
6.827127019876239045e-01
1.921296364711175819e-01
5.298283433844948043e-01
4.130058056848486814e-01
4.669326709097443850e-01
5.563704848813465498e-01
4.112160025692677690e-01
6.793321654399289145e-01
6.208767208357043321e-01
7.201917129995586420e-01
1.256413109560219343e-01
5.058794133992671194e-01
4.399477836839205680e-01
1.726083892853004509e-01
2.266132603244136456e-01
6.026062151359865560e-01
5.173743352846525978e-01
7.478899254254355033e-02
6.715091575841063420e-01
6.373214193946246109e-01
7.446930849605837288e-01
5.785707099810155629e-01
5.201621509232386975e-01
7.231267280724822388e-01
4.221700236152818309e-01
3.041765067596354233e-01
1.253732376073957433e-01
5.967770500835677394e-01
4.838570518885810801e-01
1.674026197846451569e-01
9.810394544703237435e-03
1.863740167515884893e-01
5.136864501605329508e-02
2.266325449889123114e-02
3.118309789696454004e-01
5.129699703510572917e-01
4.787695368330109336e-01
1.704313167549512953e-01
2.093081539202288344e-01
6.316424054733702498e-01
5.750332200303936991e-01
2.161534767525615797e-01
5.193045789654657934e-03
2.921999919244124833e-01
2.377531751123850012e-01
2.845529313267341348e-02
3.272908630826362741e-02
8.863426071926960859e-02
2.469552492267627075e-01
5.431060355148012442e-02
1.143359595232739945e-01
4.071287893715193618e-01
7.069984895238460298e-01
2.910001836390190832e-01
1.789429715578388369e-01
5.552812396426169972e-01
5.440870493329970081e-01
2.260691735335692773e-02
3.852438597055374281e-02
1.875387890427674675e-01
2.467829628011030396e-01
7.111003067150529766e-01
6.357764048645025978e-01
6.869660168738308537e-01
4.085453706202926139e-01
5.941243958971037520e-01
4.385780277325174170e-01
7.695686091086311187e-01
6.270168181869653634e-02
6.607779050183747449e-01
1.787749733712187261e-01
6.219912445757067587e-01
7.073756324908219151e-01
7.501652196715409282e-01
5.116756388727344840e-01
1.526390345679694005e-01
6.100725366915704835e-03
2.194018601935641688e-01
1.250438484608664136e-01
7.425837457507756811e-01
8.673719843228120396e-01
1.355052928821642300e-01
5.541701569682033757e-02
4.063615506786842357e-01
3.443937849474607571e-01
5.466478787297746056e-02
3.396052669419645786e-01
6.087752005097789576e-01
6.998810900446050809e-01
4.926650882982910318e-01
4.597338033154704795e-01
8.222897128909811837e-01
6.253771903882092698e-01
3.626695889186229427e-01
2.466054569211242886e-02
5.276875857720024765e-01
3.990732022443816418e-01
7.594611099383236086e-02
2.836181257615275758e-02
1.614052108425243492e-01
2.111608924229155804e-01
5.506620668301048099e-02
1.315666203908196219e-01
3.705679713290562227e-01
6.487405483491991420e-01
2.402008177927447696e-01
1.306264094773702533e-01
4.414637388206170132e-01
4.911778401017524165e-01
3.807259605824496185e-01
2.254595551677130924e-02
9.167703429663970338e-02
2.142096876977611919e-01
5.118397085610200403e-02
1.992743925781752523e-01
4.302699960260658596e-01
6.827127019876239045e-01
1.921296364711175819e-01
5.298283433844948043e-01
4.130058056848486814e-01
4.669326709097443850e-01
5.563704848813465498e-01
4.112160025692677690e-01
6.793321654399289145e-01
6.208767208357043321e-01
7.201917129995586420e-01
1.256413109560219343e-01
5.058794133992671194e-01
4.399477836839205680e-01
1.726083892853004509e-01
2.266132603244136456e-01
6.026062151359865560e-01
5.173743352846525978e-01
7.478899254254355033e-02
6.715091575841063420e-01
6.373214193946246109e-01
7.446930849605837288e-01
5.785707099810155629e-01
5.201621509232386975e-01
7.231267280724822388e-01
4.221700236152818309e-01
3.041765067596354233e-01
1.253732376073957433e-01
5.967770500835677394e-01
4.838570518885810801e-01
1.674026197846451569e-01
9.810394544703237435e-03
1.863740167515884893e-01
5.136864501605329508e-02
2.266325449889123114e-02
3.118309789696454004e-01
5.129699703510572917e-01
4.787695368330109336e-01
1.704313167549512953e-01
2.093081539202288344e-01
6.316424054733702498e-01
5.750332200303936991e-01
2.161534767525615797e-01
5.193045789654657934e-03
2.921999919244124833e-01
2.377531751123850012e-01
2.845529313267341348e-02
5.541560392660635492e-02
4.063615506786842357e-01
3.443937849474607571e-01
5.466478787297746056e-02
3.396052669419645786e-01
6.087752005097789576e-01
6.998810900446050809e-01
4.926633084058457124e-01
4.597176835789159033e-01
8.222897128909811837e-01
6.253771903882092698e-01
3.626695889186229427e-01
2.466054569211242886e-02
5.276875857720024765e-01
3.990732022443816418e-01
7.594611099383236086e-02
3.663773509898374248e-02
2.380672983731351722e-01
5.539539633455434764e-01
1.014656415355015967e-01
4.129052111779350498e-01
5.895639854585036366e-01
7.719012720503237723e-01
4.574586929129570989e-01
4.918384145317551415e-01
8.259662728727256154e-01
8.476184386022368455e-01
1.935644963145559672e-01
5.377251485079913296e-02
3.982771023157001267e-01
3.283352345427286156e-01
6.304823069528651958e-02
5.808165345315113859e-02
2.870811546802747860e-01
2.781734951818076174e-01
5.250854871019980386e-02
3.241442021156769604e-01
5.917304072091426059e-01
8.141648308313703675e-01
3.693248924915708553e-01
3.757660412389257631e-01
7.450417070736917724e-01
8.149055981060963072e-01
2.489077750451031412e-01
5.195597414230312960e-02
4.292275311564152096e-01
2.527634791002539849e-01
4.834578411244354335e-02
4.788497086943983849e-02
4.878791336038927895e-01
3.286406822203561395e-01
4.539845273828833905e-02
3.413586756682908674e-01
6.409301827484232827e-01
8.367087820124818887e-01
2.588388034555094697e-01
5.912043769811866634e-01
9.356730684354281902e-01
7.656341410264874137e-01
4.280152176811460318e-01
7.434445921073533359e-02
4.808126174827059285e-01
2.821739019630585266e-01
7.964757127871487097e-02
4.508473338161329835e-02
4.391260686270608837e-01
4.461064197926664643e-01
6.563697757406004862e-02
4.037988996164060818e-01
6.427057168217636951e-01
8.987902995176253462e-01
3.615216629408720128e-01
4.001001540157588243e-01
8.002765483240087407e-01
7.941745810667304450e-01
3.676256866263650780e-01
5.335615540571060633e-02
5.298252375992338337e-01
2.995484047615504242e-01
7.101376799311658050e-02
7.508062261276285398e-02
2.702445296348598980e-01
3.128058422094580626e-01
5.887778269302149092e-02
2.631213423518365402e-01
5.678202893742932966e-01
8.558634779009178795e-01
3.468647781021585996e-01
3.114537493472383511e-01
8.560465696294818905e-01
8.079137789799062386e-01
2.366881758981639883e-01
4.616765014848220328e-02
3.372097711435473877e-01
1.963768324354561168e-01
8.311227422015067534e-02
2.836181257615275758e-02
1.614052108425243492e-01
2.111608924229156636e-01
5.506620668301048793e-02
1.315666203908196497e-01
3.705679713290562227e-01
6.487405483491992531e-01
2.402008177927448251e-01
1.306264094773702533e-01
4.414637388206169577e-01
4.911778401017523610e-01
3.807259605824496185e-01
2.254595551677130924e-02
9.167703429663975889e-02
2.142096876977612196e-01
5.118397085610200403e-02
1.992743925781753078e-01
4.302699960260658596e-01
6.827127019876239045e-01
1.921296364711175819e-01
5.298283433844948043e-01
4.130058056848486814e-01
4.669326709097443295e-01
5.563704848813465498e-01
4.112160025692678245e-01
6.793321654399288034e-01
6.208767208357044431e-01
7.201917129995585309e-01
1.256413109560219343e-01
5.058794133992668973e-01
4.399477836839205680e-01
1.726083892853004231e-01
2.266132603244136456e-01
6.026062151359864449e-01
5.173743352846527088e-01
7.478899254254353646e-02
6.715091575841063420e-01
6.373214193946248329e-01
7.446930849605837288e-01
5.785707099810154519e-01
5.201621509232386975e-01
7.231267280724822388e-01
4.221700236152817753e-01
3.041765067596354788e-01
1.253732376073957155e-01
5.967770500835677394e-01
4.838570518885810801e-01
1.674026197846451847e-01
9.810394544703237435e-03
1.863740167515884893e-01
5.136864501605330202e-02
2.266325449889122767e-02
3.118309789696454004e-01
5.129699703510571807e-01
4.787695368330109336e-01
1.704313167549512675e-01
2.093081539202288899e-01
6.316424054733702498e-01
5.750332200303936991e-01
2.161534767525615797e-01
5.193045789654657934e-03
2.921999919244124277e-01
2.377531751123850012e-01
2.845529313267341348e-02
