1.481887463951223893e-01
1.970881459697517990e-01
1.948067449324873412e-01
1.454405856909915251e-01
1.190811040112126767e-01
1.816922306314895930e-01
5.568025983276316815e-01
1.677072204043975612e-01
1.365847905556566433e-01
4.010434789547619450e-01
3.122278876863868735e-01
3.200542507126139524e-01
1.774140399704366711e-01
5.296816603340851470e-01
1.870997094257374205e-01
1.274856001923458659e-01
1.285070919042477222e-01
2.944260116125678173e-01
5.346437370916589105e-01
2.785953981095186105e-01
5.394707058055540072e-01
3.639666633441432375e-01
3.672408614047860120e-01
5.161586226361839502e-01
3.433370553392534053e-01
4.929690920053498293e-01
5.863556118590282917e-01
7.492059741478108714e-01
9.591705004452971695e-02
4.367128753212282111e-01
4.561787345468391597e-01
2.591477230688423727e-01
2.013618652057643232e-01
3.402467344420345707e-01
3.284937072931241597e-01
3.512387557550181727e-01
2.872203984982387714e-01
5.362227268450807660e-01
5.620475376401216083e-01
5.905733195558681148e-01
4.511705992727986780e-01
4.747246690414990145e-01
3.174696892195009723e-01
4.249080485677495522e-01
2.723675413783034904e-01
6.444725043611406745e-01
2.834902986240419032e-01
4.049434970234963016e-01
2.135706009477193190e-01
2.392737686531772878e-01
2.271705324490534139e-01
1.200917463932442558e-01
3.803225466081811001e-01
6.467783557114632487e-01
5.663807277577023180e-01
2.765665563346004774e-01
1.810260552625229669e-01
6.069689404663706211e-01
4.690658856619907002e-01
2.757188022261403693e-01
1.569466491554605825e-01
3.527083921347257678e-01
3.661724732404124105e-01
1.677341241270114969e-01
1.820494753002815658e-01
2.532346410400304060e-01
3.103300941974583282e-01
1.394580503263406490e-01
1.455750237104022904e-01
3.660399666115952688e-01
6.689421933961207101e-01
2.138912426962133462e-01
2.613577946941301744e-01
5.369188629457153361e-01
4.241015902223670975e-01
1.476228838102470742e-01
3.991255910348291414e-01
2.257717380982257327e-01
2.687086540758671926e-01
3.862738164585404199e-01
5.658234003063810080e-01
6.066755759793743819e-01
3.309745701151806663e-01
5.139442099172062406e-01
4.412838586195240165e-01
5.695973116397585745e-01
1.417616525596286925e-01
4.897323239906031245e-01
2.031606593640070679e-01
4.977242448238757278e-01
4.520687291554157383e-01
5.555005464410772698e-01
5.476309502316554223e-01
2.552708957505746001e-01
1.803523208253111632e-01
2.337292670520488280e-01
1.995702402623035776e-01
6.349905920074339072e-01
6.932570721827289173e-01
3.519188274592453536e-01
1.509730720670288406e-01
2.557710449536554909e-01
2.541607934149016090e-01
2.598765409810718241e-01
2.243688696776607872e-01
5.361934434480342127e-01
6.004827669083074859e-01
5.054395374230858939e-01
3.683367542582128285e-01
6.123425067227441509e-01
4.996418206259487516e-01
4.320052583302134708e-01
2.025936940955732068e-01
6.821809798349954823e-01
3.601150034817289236e-01
2.375795154959744748e-01
1.481887463951223893e-01
1.970881459697517990e-01
1.948067449324873412e-01
1.454405856909915251e-01
1.190811040112126767e-01
1.816922306314895930e-01
5.568025983276316815e-01
1.677072204043975612e-01
1.365847905556566433e-01
4.010434789547619450e-01
3.122278876863868735e-01
3.200542507126139524e-01
1.774140399704366711e-01
5.296816603340851470e-01
1.870997094257374205e-01
1.274856001923458659e-01
1.285070919042477222e-01
2.944260116125678173e-01
5.346437370916589105e-01
2.785953981095186105e-01
5.394707058055540072e-01
3.639666633441432375e-01
3.672408614047860120e-01
5.161586226361839502e-01
3.433370553392534053e-01
4.929690920053498293e-01
5.863556118590282917e-01
7.492059741478108714e-01
9.591705004452971695e-02
4.367128753212282111e-01
4.561787345468391597e-01
2.591477230688423727e-01
2.013618652057643232e-01
3.402467344420345707e-01
3.284937072931241597e-01
3.512387557550181727e-01
2.872203984982387714e-01
5.362227268450807660e-01
5.620475376401216083e-01
5.905733195558681148e-01
4.511705992727986780e-01
4.747246690414990145e-01
3.174696892195009723e-01
4.249080485677495522e-01
2.723675413783034904e-01
6.444725043611406745e-01
2.834902986240419032e-01
4.049434970234963016e-01
2.135706009477193190e-01
2.392737686531772878e-01
2.271705324490534139e-01
1.200917463932442558e-01
3.803225466081811001e-01
6.467783557114632487e-01
5.663807277577023180e-01
2.765665563346004774e-01
1.810260552625229669e-01
6.069689404663706211e-01
4.690658856619907002e-01
2.757188022261403693e-01
1.569466491554605825e-01
3.527083921347257678e-01
3.661724732404124105e-01
1.677341241270114969e-01
1.509692259687938631e-01
2.557710449536554909e-01
2.541607934149016090e-01
2.598765409810718241e-01
2.243688696776607872e-01
5.361934434480342127e-01
6.004827669083074859e-01
5.054378023474765946e-01
3.683179075393638313e-01
6.123425067227441509e-01
4.996418206259487516e-01
4.320052583302134708e-01
2.025936940955732068e-01
6.821809798349954823e-01
3.601150034817289236e-01
2.375795154959744748e-01
1.488186149296363558e-01
3.166190333472776453e-01
3.869582942468376419e-01
1.532261836925729592e-01
3.012263122204015819e-01
4.475354564515585665e-01
6.735267602782716301e-01
5.273095722848513134e-01
3.369819425303474114e-01
6.271624448020088893e-01
5.669808232635534795e-01
4.738631697871342752e-01
2.063571169352536039e-01
5.009513074163091106e-01
4.716694148068208969e-01
2.183321037025787170e-01
1.250354646146412951e-01
2.644692481514001048e-01
2.664961511393734717e-01
1.592384202811329141e-01
2.624529705301442695e-01
4.347562885606795491e-01
6.832937116572159741e-01
6.062455897918381797e-01
4.267166192019711257e-01
6.188413882308180236e-01
5.522604942956734764e-01
3.129963086532753791e-01
1.609690459750368619e-01
6.555740483427977550e-01
3.951375845176862134e-01
2.250970718643770518e-01
1.110546997925620089e-01
4.304453474460782081e-01
2.352568382920435797e-01
2.065457586589950489e-01
3.671395049544988187e-01
5.149300992267603627e-01
6.001000279672998872e-01
3.965198241761465070e-01
5.634180090332739921e-01
6.666377890745815993e-01
5.801596255462423413e-01
5.411287050017585809e-01
1.582878645530791939e-01
7.190422444621387132e-01
4.468430584252520155e-01
2.216232343620944678e-01
1.053018339106973761e-01
4.360003331249827085e-01
4.322228720475756458e-01
1.597354195844414848e-01
3.596619624135975468e-01
5.122419919275672529e-01
6.348800053632183138e-01
5.414963232912011204e-01
3.948059631977576256e-01
5.907968583897610371e-01
5.609996950880369315e-01
5.263026218828029679e-01
1.709570304997080625e-01
7.136848743132380157e-01
4.735528334093284109e-01
2.114764416640917410e-01
1.073445183749318355e-01
3.003423616354303771e-01
3.084514790985513066e-01
1.765994624911082223e-01
2.875781763750979159e-01
4.253564845665909200e-01
6.666147985827829414e-01
4.984764994514193082e-01
3.593932898604721426e-01
6.428060739995297146e-01
5.639065392521633857e-01
3.773280320206908178e-01
1.410480997486881771e-01
5.921695165732867583e-01
3.358432335614988107e-01
2.446313621647866476e-01
1.481887463951223893e-01
1.970881459697517712e-01
1.948067449324873690e-01
1.454405856909915529e-01
1.190811040112126629e-01
1.816922306314895930e-01
5.568025983276317925e-01
1.677072204043975612e-01
1.365847905556566710e-01
4.010434789547620005e-01
3.122278876863868735e-01
3.200542507126138969e-01
1.774140399704366711e-01
5.296816603340852581e-01
1.870997094257373927e-01
1.274856001923458659e-01
1.285070919042477500e-01
2.944260116125678173e-01
5.346437370916589105e-01
2.785953981095186660e-01
5.394707058055540072e-01
3.639666633441432375e-01
3.672408614047860120e-01
5.161586226361839502e-01
3.433370553392534053e-01
4.929690920053497738e-01
5.863556118590282917e-01
7.492059741478107604e-01
9.591705004452970307e-02
4.367128753212280445e-01
4.561787345468392152e-01
2.591477230688423727e-01
2.013618652057643232e-01
3.402467344420345152e-01
3.284937072931241597e-01
3.512387557550181727e-01
2.872203984982388270e-01
5.362227268450808770e-01
5.620475376401216083e-01
5.905733195558680038e-01
4.511705992727986780e-01
4.747246690414989589e-01
3.174696892195009723e-01
4.249080485677495522e-01
2.723675413783034904e-01
6.444725043611407855e-01
2.834902986240419032e-01
4.049434970234963571e-01
2.135706009477193468e-01
2.392737686531772878e-01
2.271705324490534417e-01
1.200917463932442419e-01
3.803225466081811001e-01
6.467783557114631376e-01
5.663807277577022070e-01
2.765665563346004774e-01
1.810260552625229669e-01
6.069689404663706211e-01
4.690658856619907557e-01
2.757188022261404248e-01
1.569466491554606102e-01
3.527083921347257678e-01
3.661724732404124660e-01
1.677341241270114969e-01
