5.087279211522341971e-01
5.127264155497672782e-01
7.662962180826243808e-01
5.334932196466214416e-01
4.763839470052725344e-01
1.612144016969122018e-01
2.495981042961366025e-01
6.439890593447190614e-01
5.697381391092783964e-01
3.649081725024674316e-01
2.651848469162470523e-01
6.676929483149924849e-01
3.633374277283059617e-01
2.738047997436630077e-01
5.634900305045992264e-01
4.307638008912024752e-01
6.712900753599461146e-01
2.365858707557688123e-01
5.014814214218427102e-01
1.978395339808709519e-01
2.748828160344117255e-01
4.162017667195694326e-02
3.223036576094878702e-02
1.978614727510237536e-01
1.463979476028434978e-01
4.699291328940876505e-02
7.238142115411724808e-02
1.841943201888682491e-01
4.649990800657353152e-01
1.983982804869573457e-01
2.536985743308026175e-01
3.635231392100729542e-01
6.672348670399235182e-01
3.186083706577989005e-01
2.296442477180978547e-01
3.830343820653346887e-01
5.015275043721345583e-01
7.437373322249515861e-02
7.221040943275881807e-02
5.051652424827643983e-01
2.717078771076289478e-01
1.531820232790134517e-01
9.864363998301317604e-02
2.709123153244613613e-01
3.439639035422594193e-01
1.636160449267540229e-01
2.535160486792841228e-01
4.982157891498804614e-01
4.966417622135324561e-01
4.346829935150267610e-01
4.504607476824852852e-01
3.464702971641683282e-01
6.537563206100572843e-01
1.825233740881537225e-01
1.138652711580929455e-01
2.622145450574561165e-01
5.217860739497317546e-01
4.625437156576722164e-01
4.554741467306966940e-01
3.164905111845288110e-01
3.972507801636632752e-01
4.267825952943594126e-01
6.367959594435651516e-01
3.247445585368117227e-01
4.794887158709981168e-01
5.076772702374525714e-01
8.069907408936130011e-01
4.916072364784050408e-01
4.140952885242721315e-01
2.538191131393708333e-01
2.279757895501234310e-01
6.891178293143920275e-01
5.775801919874340440e-01
4.636532016057310357e-01
2.248303958097155331e-01
3.545713562881627756e-01
3.058274966636340686e-01
3.438737692529436618e-01
7.468524896624901821e-01
3.025799245379381386e-01
3.945459707049787657e-01
3.907601115946378600e-01
5.532769945544453727e-02
5.212287305077203253e-02
1.225987120372088734e-01
6.389142837217391679e-02
4.789333795347008316e-01
2.774051669816469667e-01
5.512512661322079843e-01
2.337781236747172309e-01
4.925928995014461353e-01
1.093988581895959655e-01
1.728930817785672702e-01
3.857489489517845205e-01
4.392822642933185140e-01
7.318878234602397281e-01
7.434458331746534032e-01
2.557567250242875345e-01
3.541566845990629098e-01
5.711630289798057536e-01
6.477093311684086752e-01
4.298608471453916891e-01
4.816166332720458465e-01
5.310726402106815680e-01
4.282274193876345336e-01
1.181252963826524977e-01
1.132478232396067069e-01
4.756922491054917934e-01
5.356147373603907802e-01
2.168763812099683275e-01
2.057052079590930838e-01
2.944593476448614244e-01
5.157080723813620704e-01
3.576247487122875546e-01
4.683572683708149831e-01
4.702563529630874872e-01
5.087279211522341971e-01
5.127264155497672782e-01
7.662962180826243808e-01
5.334932196466214416e-01
4.763839470052725344e-01
1.612144016969122018e-01
2.495981042961366025e-01
6.439890593447190614e-01
5.697381391092783964e-01
3.649081725024674316e-01
2.651848469162470523e-01
6.676929483149924849e-01
3.633374277283059617e-01
2.738047997436630077e-01
5.634900305045992264e-01
4.307638008912024752e-01
6.712900753599461146e-01
2.365858707557688123e-01
5.014814214218427102e-01
1.978395339808709519e-01
2.748828160344117255e-01
4.162017667195694326e-02
3.223036576094878702e-02
1.978614727510237536e-01
1.463979476028434978e-01
4.699291328940876505e-02
7.238142115411724808e-02
1.841943201888682491e-01
4.649990800657353152e-01
1.983982804869573457e-01
2.536985743308026175e-01
3.635231392100729542e-01
6.672348670399235182e-01
3.186083706577989005e-01
2.296442477180978547e-01
3.830343820653346887e-01
5.015275043721345583e-01
7.437373322249515861e-02
7.221040943275881807e-02
5.051652424827643983e-01
2.717078771076289478e-01
1.531820232790134517e-01
9.864363998301317604e-02
2.709123153244613613e-01
3.439639035422594193e-01
1.636160449267540229e-01
2.535160486792841228e-01
4.982157891498804614e-01
4.966417622135324561e-01
4.346829935150267610e-01
4.504607476824852852e-01
3.464702971641683282e-01
6.537563206100572843e-01
1.825233740881537225e-01
1.138652711580929455e-01
2.622145450574561165e-01
5.217860739497317546e-01
4.625437156576722164e-01
4.554741467306966940e-01
3.164905111845288110e-01
3.972507801636632752e-01
4.267825952943594126e-01
6.367959594435651516e-01
3.247445585368117227e-01
6.476928305191123059e-01
4.298608471453916891e-01
4.816166332720458465e-01
5.310726402106815680e-01
4.282274193876345336e-01
1.181252963826524977e-01
1.132478232396067069e-01
4.756904096669212212e-01
5.356008816571478093e-01
2.168763812099683275e-01
2.057052079590930838e-01
2.944593476448614244e-01
5.157080723813620704e-01
3.576247487122875546e-01
4.683572683708149831e-01
4.702563529630874872e-01
5.834076021615954843e-01
3.325883876485212221e-01
7.010834103535164008e-01
6.186764824624111370e-01
5.180031035364389691e-01
9.487821164924670203e-02
2.092841175484235483e-01
2.640422066258844014e-01
6.371340984248582417e-01
1.808148768238239668e-01
1.762756109881317146e-01
4.287585276319687555e-01
5.869527534855996098e-01
3.470732964591215497e-01
3.926695563657075505e-01
3.973375397508812634e-01
6.263166531830823835e-01
3.694776240349003094e-01
5.123957804570513641e-01
5.758908629611316776e-01
4.162621240565516079e-01
9.829885498206226979e-02
1.858087982390077553e-01
3.713757994914079763e-01
6.470851701972808456e-01
1.645102647682005204e-01
2.572879751411165650e-01
2.593500858726802138e-01
6.456595966930230857e-01
3.834017422791784480e-01
2.978109805494005835e-01
3.926043700872866582e-01
6.212608876215667264e-01
4.877832893037864492e-01
5.312783768102709026e-01
6.120393763162146339e-01
3.863528659167603796e-01
1.375513333836405061e-01
1.557809214805331577e-01
2.305415935982616515e-01
7.288108390564348449e-01
2.336462969204876061e-01
2.133886382920077707e-01
4.065562088979407518e-01
6.403623444176755886e-01
2.935710705658969855e-01
3.852524723771234005e-01
4.317484618173541011e-01
6.043868289611187272e-01
4.422489653030537426e-01
5.910282511508566650e-01
6.325580300613581342e-01
3.769057035919256005e-01
1.357900654304012578e-01
2.137888022992306958e-01
2.259269927700410796e-01
6.138720062392497567e-01
1.640223636447840083e-01
2.160067961222926214e-01
4.681434453410149299e-01
6.311427992189042602e-01
4.765384737908057722e-01
3.195952638747118213e-01
3.910998806165046360e-01
5.960458174776164242e-01
3.844736239979927861e-01
6.266665309687008412e-01
6.162182064628365374e-01
3.623633915116435955e-01
1.088146554732298821e-01
1.757453368444485409e-01
3.554737314786972635e-01
6.189967066484191038e-01
1.862781092898548874e-01
2.366985716546102791e-01
2.919122807797990826e-01
6.136279768444264926e-01
3.045461131055665072e-01
2.594314028964628260e-01
4.169217555009457898e-01
5.087279211522340860e-01
5.127264155497672782e-01
7.662962180826244918e-01
5.334932196466215526e-01
4.763839470052725344e-01
1.612144016969122018e-01
2.495981042961366581e-01
6.439890593447190614e-01
5.697381391092785075e-01
3.649081725024674316e-01
2.651848469162469968e-01
6.676929483149924849e-01
3.633374277283059617e-01
2.738047997436630077e-01
5.634900305045993374e-01
4.307638008912025307e-01
6.712900753599462256e-01
2.365858707557687846e-01
5.014814214218427102e-01
1.978395339808709519e-01
2.748828160344117255e-01
4.162017667195694326e-02
3.223036576094878702e-02
1.978614727510237536e-01
1.463979476028435256e-01
4.699291328940876505e-02
7.238142115411726196e-02
1.841943201888681936e-01
4.649990800657352041e-01
1.983982804869573180e-01
2.536985743308026175e-01
3.635231392100729542e-01
6.672348670399235182e-01
3.186083706577988450e-01
2.296442477180978825e-01
3.830343820653346887e-01
5.015275043721345583e-01
7.437373322249518637e-02
7.221040943275881807e-02
5.051652424827643983e-01
2.717078771076288923e-01
1.531820232790134517e-01
9.864363998301318992e-02
2.709123153244614168e-01
3.439639035422593083e-01
1.636160449267540229e-01
2.535160486792841228e-01
4.982157891498805724e-01
4.966417622135324561e-01
4.346829935150266500e-01
4.504607476824853407e-01
3.464702971641683282e-01
6.537563206100572843e-01
1.825233740881536948e-01
1.138652711580929455e-01
2.622145450574560610e-01
5.217860739497317546e-01
4.625437156576722164e-01
4.554741467306966940e-01
3.164905111845288110e-01
3.972507801636633307e-01
4.267825952943594126e-01
6.367959594435652626e-01
3.247445585368117227e-01
