5.805292080014739370e-02
2.548280633925983363e-01
3.256241739603895069e-01
1.020418380732545649e-01
1.987173552095582996e-01
5.114938820101951888e-01
4.062532524158385949e-01
2.330987065204243591e-01
2.186971738534032594e-01
5.308039593020679181e-01
4.310415721694200175e-01
3.298273816107880618e-01
7.239614057487332721e-02
4.601467933552260137e-01
4.299632610530558230e-01
8.855030179069160734e-02
2.908436950699926360e-01
5.205715622377085072e-01
8.644359016437905829e-01
4.034673747555021506e-01
7.741263262550776014e-01
3.489973778863046938e-01
3.089966149481065960e-01
5.807351689999226130e-01
3.163238057845504936e-01
2.749740122419456201e-01
3.948999970620700184e-01
4.924138530961522653e-01
1.393274712142316962e-01
3.683364151671578712e-01
5.699705278128285313e-01
3.217915160291013876e-01
3.803155296548546560e-01
3.441570554495241852e-01
3.022416705793585789e-01
2.981473986885457284e-01
7.602178372495512759e-01
5.387798395432397136e-01
2.996063089453500083e-01
6.593032907233902229e-01
3.804375796523076780e-01
5.662604560750822413e-01
3.128996600260258165e-01
3.778195771312885531e-01
1.833616086969477310e-01
4.361302114670211338e-01
3.954367210240713471e-01
2.703060735424089867e-01
2.208064490376894853e-02
2.092693761352403259e-01
1.408151268578828330e-01
6.396318354087709990e-02
5.871224472915917980e-01
5.124371567793333249e-01
3.812795731713641278e-01
2.867485172270800575e-01
2.813632301439442651e-01
7.935432694123720765e-01
6.503600081564349100e-01
2.686793892116434157e-01
2.302992227271927553e-02
4.650023687060097499e-01
3.743025254620180875e-01
5.196490138287648136e-02
6.335376688472986462e-02
2.090022125678984155e-01
4.576027313168452015e-01
9.730095936322570582e-02
1.946821546129960667e-01
5.433847479208695486e-01
4.623690510600803605e-01
2.557729879726308719e-01
3.307762929739781477e-01
6.592948562472926710e-01
5.244115505902244845e-01
6.801342096939141935e-02
3.362905410451871857e-01
4.045427571356717822e-01
3.742349164192088073e-01
7.083242274714699471e-01
8.348307936549014263e-01
9.383083380507521998e-01
3.209645171963343979e-01
3.842987644055543828e-01
3.407239687733957245e-01
3.105599862981794357e-01
1.196923084167778595e-01
4.302530491521471268e-01
3.930730536912611095e-01
3.909201259674657813e-01
8.668890052221832621e-01
6.068842578578670377e-01
4.279708944440493434e-01
1.940882909326544503e-01
2.156632109753804649e-02
4.575166737808578632e-01
2.519122128833283791e-01
6.645912726815461635e-01
6.772939210235802143e-01
2.787655785202924341e-01
1.284682599622507249e-01
3.882510568483668600e-01
3.753566949999549429e-01
2.353161251502925433e-01
5.865010613724161992e-01
5.785291437731938657e-01
4.057114560103464718e-01
5.793847709061984430e-01
4.105207892630675093e-01
6.185211467374511773e-01
5.056091888535557688e-01
3.184013313121260569e-01
7.389277367345185865e-02
6.035894077379723166e-01
5.306505292913996641e-01
1.564827604997785226e-01
5.805292080014739370e-02
2.548280633925983363e-01
3.256241739603895069e-01
1.020418380732545649e-01
1.987173552095582996e-01
5.114938820101951888e-01
4.062532524158385949e-01
2.330987065204243591e-01
2.186971738534032594e-01
5.308039593020679181e-01
4.310415721694200175e-01
3.298273816107880618e-01
7.239614057487332721e-02
4.601467933552260137e-01
4.299632610530558230e-01
8.855030179069160734e-02
2.908436950699926360e-01
5.205715622377085072e-01
8.644359016437905829e-01
4.034673747555021506e-01
7.741263262550776014e-01
3.489973778863046938e-01
3.089966149481065960e-01
5.807351689999226130e-01
3.163238057845504936e-01
2.749740122419456201e-01
3.948999970620700184e-01
4.924138530961522653e-01
1.393274712142316962e-01
3.683364151671578712e-01
5.699705278128285313e-01
3.217915160291013876e-01
3.803155296548546560e-01
3.441570554495241852e-01
3.022416705793585789e-01
2.981473986885457284e-01
7.602178372495512759e-01
5.387798395432397136e-01
2.996063089453500083e-01
6.593032907233902229e-01
3.804375796523076780e-01
5.662604560750822413e-01
3.128996600260258165e-01
3.778195771312885531e-01
1.833616086969477310e-01
4.361302114670211338e-01
3.954367210240713471e-01
2.703060735424089867e-01
2.208064490376894853e-02
2.092693761352403259e-01
1.408151268578828330e-01
6.396318354087709990e-02
5.871224472915917980e-01
5.124371567793333249e-01
3.812795731713641278e-01
2.867485172270800575e-01
2.813632301439442651e-01
7.935432694123720765e-01
6.503600081564349100e-01
2.686793892116434157e-01
2.302992227271927553e-02
4.650023687060097499e-01
3.743025254620180875e-01
5.196490138287648136e-02
1.284649871829323942e-01
3.882510568483668600e-01
3.753566949999549429e-01
2.353161251502925433e-01
5.865010613724161992e-01
5.785291437731938657e-01
4.057114560103464718e-01
5.793832952540181047e-01
4.105032011747515308e-01
6.185211467374511773e-01
5.056091888535557688e-01
3.184013313121260569e-01
7.389277367345185865e-02
6.035894077379723166e-01
5.306505292913996641e-01
1.564827604997785226e-01
1.030511936327673794e-01
5.076439081121832952e-01
5.533962743437919052e-01
1.287718600740788144e-01
5.364527953955227080e-01
3.922835878810339016e-01
6.833421479841551571e-01
5.494617930100549330e-01
5.745491929179461499e-01
6.177117156302178724e-01
4.592379497878476546e-01
4.039909776886180248e-01
1.437326149760891347e-01
5.663406421100413146e-01
4.192501287665022502e-01
1.302664360718285286e-01
1.542531973225345354e-01
3.350027073163306945e-01
3.210468728101255054e-01
1.681533209096628678e-01
3.783404067423744577e-01
4.708472579674580771e-01
7.074470416225631109e-01
4.715874098187576857e-01
4.194392113263302191e-01
6.501026466174281149e-01
5.264348520417790889e-01
2.641694992913850570e-01
1.856021146559254653e-01
5.313590848254766685e-01
2.785606555779992499e-01
1.629214340119518045e-01
1.398650475631270096e-01
5.818470387817094025e-01
2.990977855369778560e-01
1.780666936576494885e-01
4.533752157449592590e-01
5.310532995434943393e-01
6.427720011046598181e-01
3.377735318038769252e-01
6.750772263725227651e-01
6.490232714377797141e-01
5.365761463822700250e-01
4.808327827141217758e-01
1.320767656160779513e-01
7.061687121937041400e-01
3.447893209727477815e-01
1.672302562485113997e-01
1.263260278960999239e-01
5.492737028909862040e-01
4.916852451277007874e-01
1.549325953788935339e-01
4.774871548137880617e-01
5.370017309018226825e-01
6.579337142947111472e-01
4.780061319987963242e-01
4.446106415641926102e-01
6.252486786300216481e-01
5.258644219571433354e-01
4.278997553095110762e-01
1.664222386801479381e-01
6.059385404789277008e-01
3.928012495844692697e-01
1.626978737148759846e-01
1.498777750460023872e-01
3.508689628390765369e-01
3.784872050902023943e-01
1.811306194510576562e-01
3.641123859335288482e-01
4.860180723965930039e-01
6.453640569860548126e-01
4.380601411130445322e-01
3.513478958862317203e-01
6.647570046705916225e-01
5.722573464116202935e-01
2.688059824737105141e-01
1.666024314523251448e-01
4.535413813846971842e-01
2.384810823372806032e-01
1.871552742894675436e-01
5.805292080014739370e-02
2.548280633925983363e-01
3.256241739603895624e-01
1.020418380732545788e-01
1.987173552095583273e-01
5.114938820101951888e-01
4.062532524158386504e-01
2.330987065204244146e-01
2.186971738534032317e-01
5.308039593020680291e-01
4.310415721694199620e-01
3.298273816107880618e-01
7.239614057487332721e-02
4.601467933552260137e-01
4.299632610530557675e-01
8.855030179069162122e-02
2.908436950699926915e-01
5.205715622377085072e-01
8.644359016437906940e-01
4.034673747555021506e-01
7.741263262550776014e-01
3.489973778863046938e-01
3.089966149481065960e-01
5.807351689999226130e-01
3.163238057845504936e-01
2.749740122419456201e-01
3.948999970620700184e-01
4.924138530961521543e-01
1.393274712142316407e-01
3.683364151671577602e-01
5.699705278128286423e-01
3.217915160291013876e-01
3.803155296548547115e-01
3.441570554495241296e-01
3.022416705793585789e-01
2.981473986885457839e-01
7.602178372495511649e-01
5.387798395432397136e-01
2.996063089453500083e-01
6.593032907233901119e-01
3.804375796523076780e-01
5.662604560750822413e-01
3.128996600260257610e-01
3.778195771312886087e-01
1.833616086969477033e-01
4.361302114670211894e-01
3.954367210240714026e-01
2.703060735424090422e-01
2.208064490376894506e-02
2.092693761352402704e-01
1.408151268578828608e-01
6.396318354087709990e-02
5.871224472915917980e-01
5.124371567793332138e-01
3.812795731713641278e-01
2.867485172270800020e-01
2.813632301439442096e-01
7.935432694123719655e-01
6.503600081564349100e-01
2.686793892116434712e-01
2.302992227271927900e-02
4.650023687060097499e-01
3.743025254620181430e-01
5.196490138287647442e-02
