1.351366400149628666e-01
5.218223598634210703e-01
6.031492321429562375e-01
1.890937446391758869e-01
3.587628619583601020e-01
4.390125433389381326e-01
4.327024318484604670e-01
5.245046355319956666e-01
4.122153425886208589e-01
3.597901530678564441e-01
4.616127749674981406e-01
5.130657098934164884e-01
1.645125455615782106e-01
2.518290418238271489e-01
5.073637960785949419e-01
1.906061967963560422e-01
4.190548238167781658e-01
3.455451465363599817e-01
4.583607180000692782e-01
2.207798939517003345e-01
3.235300435353709592e-01
1.638525686565173167e-01
2.150057604476383333e-01
4.226870103937330758e-01
2.982250636549487188e-01
2.278128277940552893e-01
2.212309669501754117e-01
5.124174290771121854e-01
4.149332126687027000e-01
3.559208777325425510e-01
4.601960756612036296e-01
2.860023945479573948e-01
5.002387928960108088e-01
4.825299705653206539e-01
4.479656890068917097e-01
3.155825254107899047e-01
4.731336416846937953e-01
2.027820574285169042e-01
2.630630880031864516e-01
5.966096488068944881e-01
3.915313575124363954e-01
2.929656247456898788e-01
2.345276639655276829e-01
5.114461947447770385e-01
3.989819722323531548e-01
3.448733759871761562e-01
4.732404231292505759e-01
3.760468893491785147e-01
3.204457088907816664e-01
3.670698651695747938e-01
2.451247431387875708e-01
2.252673468703158266e-01
5.112745330738880378e-01
3.332577514135038332e-01
2.743504305689267175e-01
3.312232446849068812e-01
5.162307117031315062e-01
5.179283659171922682e-01
5.992764084003652236e-01
2.940968558583189063e-01
1.936090040781706934e-01
4.193429675899851827e-01
3.563778279437112007e-01
8.535892092801622422e-02
1.268452412798165008e-01
4.402948784769215584e-01
6.238457939018444698e-01
1.951058152758715081e-01
3.197249462463135350e-01
5.839204668070687720e-01
4.867569131576637287e-01
5.283989394031158859e-01
5.094125596993458460e-01
5.145036872219748147e-01
4.550194758924974159e-01
1.960876215105636922e-01
2.552025429990260608e-01
3.325787178268483357e-01
4.450461914389889362e-01
6.213574027851136439e-01
5.265045680064940337e-01
5.474680845185134759e-01
1.862538814959649180e-01
2.404848224743754703e-01
2.812447907128245439e-01
2.649378627130226094e-01
3.372521830130934539e-01
5.222483119686006647e-01
4.392875271623629674e-01
4.218689381731497989e-01
5.105644325982893195e-01
2.608869888273516735e-01
3.313037454557228312e-01
3.826887106179568954e-01
2.472068126143855682e-01
6.394963688235215660e-01
4.520730344835632297e-01
4.582400422893178060e-01
6.045779259876640221e-01
3.897427256933951312e-01
3.072393668877524409e-01
5.369343614602557491e-01
4.456999555843628169e-01
2.977321322167749140e-01
3.437977781677021838e-01
3.148575640110161666e-01
3.325511434404597733e-01
5.931826060717189097e-01
6.197564063320128991e-01
3.751234533780882230e-01
4.026187130353507393e-01
4.542248241805795783e-01
3.278911013827383036e-01
4.793332195792997519e-01
5.318966802800535465e-01
2.204820082732772690e-01
1.351366400149628666e-01
5.218223598634210703e-01
6.031492321429562375e-01
1.890937446391758869e-01
3.587628619583601020e-01
4.390125433389381326e-01
4.327024318484604670e-01
5.245046355319956666e-01
4.122153425886208589e-01
3.597901530678564441e-01
4.616127749674981406e-01
5.130657098934164884e-01
1.645125455615782106e-01
2.518290418238271489e-01
5.073637960785949419e-01
1.906061967963560422e-01
4.190548238167781658e-01
3.455451465363599817e-01
4.583607180000692782e-01
2.207798939517003345e-01
3.235300435353709592e-01
1.638525686565173167e-01
2.150057604476383333e-01
4.226870103937330758e-01
2.982250636549487188e-01
2.278128277940552893e-01
2.212309669501754117e-01
5.124174290771121854e-01
4.149332126687027000e-01
3.559208777325425510e-01
4.601960756612036296e-01
2.860023945479573948e-01
5.002387928960108088e-01
4.825299705653206539e-01
4.479656890068917097e-01
3.155825254107899047e-01
4.731336416846937953e-01
2.027820574285169042e-01
2.630630880031864516e-01
5.966096488068944881e-01
3.915313575124363954e-01
2.929656247456898788e-01
2.345276639655276829e-01
5.114461947447770385e-01
3.989819722323531548e-01
3.448733759871761562e-01
4.732404231292505759e-01
3.760468893491785147e-01
3.204457088907816664e-01
3.670698651695747938e-01
2.451247431387875708e-01
2.252673468703158266e-01
5.112745330738880378e-01
3.332577514135038332e-01
2.743504305689267175e-01
3.312232446849068812e-01
5.162307117031315062e-01
5.179283659171922682e-01
5.992764084003652236e-01
2.940968558583189063e-01
1.936090040781706934e-01
4.193429675899851827e-01
3.563778279437112007e-01
8.535892092801622422e-02
3.072315398443563605e-01
5.369343614602557491e-01
4.456999555843628169e-01
2.977321322167749140e-01
3.437977781677021838e-01
3.148575640110161666e-01
3.325511434404597733e-01
5.931811788267385976e-01
6.197450611347861127e-01
3.751234533780882230e-01
4.026187130353507393e-01
4.542248241805795783e-01
3.278911013827383036e-01
4.793332195792997519e-01
5.318966802800535465e-01
2.204820082732772690e-01
2.531977364950442899e-01
4.401301205902404257e-01
7.837412448077860638e-01
3.025634366893227845e-01
4.797712303551880386e-01
2.711525331527145921e-01
4.260793322096643188e-01
4.132296139954859115e-01
6.223423106343816125e-01
3.760616653057575198e-01
4.917776011364723421e-01
4.830176235954349862e-01
3.940460267354862212e-01
4.075662831573744205e-01
3.477124494080808814e-01
2.223473302855802913e-01
3.048773754109221912e-01
4.748505121694017173e-01
5.241361019319470405e-01
2.385389250336299172e-01
4.826456112347137228e-01
2.206413661318891717e-01
4.023773606232218247e-01
6.055008512326873760e-01
6.452734080635864622e-01
3.889697889104465345e-01
4.605678287163739171e-01
3.800793172396004782e-01
3.061440506868464695e-01
5.434715350127737876e-01
4.713336131847614130e-01
1.958301496525431395e-01
3.115477531751074114e-01
5.246623153504544890e-01
4.554506090936598639e-01
3.651146241225289302e-01
4.491380288840858825e-01
3.099167791003979988e-01
4.309471182847487425e-01
2.441320285898339604e-01
8.046870979438117688e-01
5.091736631666079482e-01
4.540723190688464306e-01
4.461582617464974199e-01
3.028937832467050173e-01
4.464967896328467245e-01
4.542996092957429233e-01
2.807218564419539653e-01
3.019812188664889319e-01
4.948479715137146795e-01
6.353373252290406281e-01
3.269788218581495265e-01
5.060946384633049355e-01
2.976431901157296500e-01
4.803384683658314946e-01
2.886345561425280315e-01
5.636430482718574053e-01
4.564885950164713213e-01
4.310829347699448588e-01
5.232513063562971301e-01
3.132177060473905206e-01
5.003311856480252562e-01
4.208213617135508899e-01
2.697438338026135751e-01
3.235306109220082993e-01
4.263708338224528882e-01
5.317417370899909512e-01
3.079874329109923980e-01
3.602256567537321374e-01
2.031506860298015749e-01
5.622821068654494381e-01
3.981283411896681668e-01
6.154100246566088783e-01
4.989658015595848650e-01
4.090927221860265472e-01
3.822521279636537650e-01
2.904124947256639944e-01
4.655582488973877830e-01
2.939477292165693090e-01
2.619990881451487175e-01
1.351366400149628388e-01
5.218223598634209592e-01
6.031492321429563486e-01
1.890937446391758869e-01
3.587628619583601575e-01
4.390125433389381326e-01
4.327024318484605780e-01
5.245046355319957776e-01
4.122153425886209144e-01
3.597901530678565551e-01
4.616127749674980851e-01
5.130657098934164884e-01
1.645125455615782106e-01
2.518290418238271489e-01
5.073637960785950529e-01
1.906061967963560422e-01
4.190548238167782769e-01
3.455451465363599817e-01
4.583607180000693337e-01
2.207798939517003345e-01
3.235300435353710147e-01
1.638525686565173167e-01
2.150057604476383055e-01
4.226870103937330203e-01
2.982250636549487743e-01
2.278128277940552615e-01
2.212309669501754394e-01
5.124174290771121854e-01
4.149332126687026445e-01
3.559208777325424400e-01
4.601960756612036851e-01
2.860023945479573948e-01
5.002387928960108088e-01
4.825299705653205429e-01
4.479656890068917097e-01
3.155825254107899047e-01
4.731336416846937953e-01
2.027820574285169319e-01
2.630630880031865071e-01
5.966096488068944881e-01
3.915313575124363954e-01
2.929656247456899343e-01
2.345276639655276829e-01
5.114461947447771495e-01
3.989819722323530438e-01
3.448733759871761562e-01
4.732404231292506314e-01
3.760468893491786257e-01
3.204457088907816664e-01
3.670698651695747383e-01
2.451247431387876263e-01
2.252673468703158266e-01
5.112745330738880378e-01
3.332577514135037777e-01
2.743504305689267175e-01
3.312232446849068257e-01
5.162307117031315062e-01
5.179283659171922682e-01
5.992764084003652236e-01
2.940968558583189063e-01
1.936090040781707211e-01
4.193429675899851827e-01
3.563778279437112562e-01
8.535892092801621034e-02
