2.140743883588903940e-01
3.011538159695795747e-01
5.322004911840694241e-01
3.051969303507097164e-01
2.803263758713379072e-01
1.231045211597930622e-01
3.209378017828113383e-01
4.604527941474296782e-01
5.283914123950141928e-01
3.076632296173016368e-01
5.811921331379825695e-01
4.618001086994413806e-01
3.248017208387769528e-01
3.279154247729981764e-01
4.642157275100181613e-01
2.568494776828110226e-01
3.400781395272846619e-01
2.017025343145180394e-01
4.628749887165582999e-01
2.287326628490629066e-01
2.570601457686791380e-01
1.981122479554149607e-01
1.150428268750801897e-01
4.999289503599849138e-01
2.330131523330536136e-01
1.099981527961643030e-01
2.065917860986024313e-01
3.253624451625579672e-01
4.111187179087425481e-01
5.085580649078406124e-01
2.655540251267373697e-01
4.721434195996074834e-01
5.577664035253875330e-01
3.908123038653356640e-01
5.724334931483125999e-01
3.575868005793831350e-01
2.875980116355198457e-01
2.262192548830479766e-01
1.491046396314292533e-01
5.148094344288089985e-01
5.756432558377133635e-01
3.572686402313747789e-01
4.097968700363883721e-01
3.079404098701244430e-01
2.362558785659218397e-01
2.354137524348087762e-01
3.169841942806894686e-01
4.353019124077597835e-01
2.797624212745761230e-01
2.838930988787061183e-01
3.194414166319116677e-01
3.121680539040824209e-01
5.962167667975716290e-01
4.042329796640141693e-01
2.735117747008353195e-01
5.496008529265266063e-01
4.970802448738151913e-01
2.734425869951130350e-01
5.912794102449275835e-01
3.008638206661185532e-01
1.898425388986567097e-01
6.178989832007073524e-01
5.658287164308651862e-01
2.109930583073819088e-01
2.448442629069782495e-01
3.368887598528568783e-01
7.347353473433593241e-01
2.869254895523331572e-01
2.712468149561035879e-01
2.536989664523816024e-01
3.350994731758586975e-01
4.617102575383465468e-01
7.573761696122826015e-01
4.332986717979802616e-01
5.626524285271921055e-01
3.182358365895629482e-01
3.141890611063032912e-01
3.182837312276247665e-01
5.035577531639988669e-01
3.325789165143955284e-01
3.820624318165699029e-01
4.894310653206075390e-01
2.914096851312324432e-01
1.697429594762144001e-01
2.445662332722485788e-01
1.392958458056103022e-01
3.757656779888768339e-01
7.000146226630504787e-01
6.092405884014401307e-01
3.124194644377017438e-01
2.375504125947693057e-01
3.096757792125167108e-01
4.821088370691636316e-01
2.573937516299544814e-01
2.275825341520280320e-01
6.727435024517589568e-01
4.639408724279212026e-01
3.819852871705793351e-01
5.664096197416585987e-01
5.042983046715807660e-01
3.289692821242414800e-01
2.930755269150477349e-01
4.972644200167993800e-01
4.086176112276861949e-01
2.419326866488502592e-01
2.785335718034982477e-01
2.298295078663200042e-01
6.632555228275195391e-01
6.983894887615234026e-01
2.721815536391302137e-01
4.857362100559010631e-01
2.864642955668596502e-01
3.468591236083651275e-01
6.146482783168412123e-01
4.456803420739027799e-01
3.647680916617161428e-01
2.140743883588903940e-01
3.011538159695795747e-01
5.322004911840694241e-01
3.051969303507097164e-01
2.803263758713379072e-01
1.231045211597930622e-01
3.209378017828113383e-01
4.604527941474296782e-01
5.283914123950141928e-01
3.076632296173016368e-01
5.811921331379825695e-01
4.618001086994413806e-01
3.248017208387769528e-01
3.279154247729981764e-01
4.642157275100181613e-01
2.568494776828110226e-01
3.400781395272846619e-01
2.017025343145180394e-01
4.628749887165582999e-01
2.287326628490629066e-01
2.570601457686791380e-01
1.981122479554149607e-01
1.150428268750801897e-01
4.999289503599849138e-01
2.330131523330536136e-01
1.099981527961643030e-01
2.065917860986024313e-01
3.253624451625579672e-01
4.111187179087425481e-01
5.085580649078406124e-01
2.655540251267373697e-01
4.721434195996074834e-01
5.577664035253875330e-01
3.908123038653356640e-01
5.724334931483125999e-01
3.575868005793831350e-01
2.875980116355198457e-01
2.262192548830479766e-01
1.491046396314292533e-01
5.148094344288089985e-01
5.756432558377133635e-01
3.572686402313747789e-01
4.097968700363883721e-01
3.079404098701244430e-01
2.362558785659218397e-01
2.354137524348087762e-01
3.169841942806894686e-01
4.353019124077597835e-01
2.797624212745761230e-01
2.838930988787061183e-01
3.194414166319116677e-01
3.121680539040824209e-01
5.962167667975716290e-01
4.042329796640141693e-01
2.735117747008353195e-01
5.496008529265266063e-01
4.970802448738151913e-01
2.734425869951130350e-01
5.912794102449275835e-01
3.008638206661185532e-01
1.898425388986567097e-01
6.178989832007073524e-01
5.658287164308651862e-01
2.109930583073819088e-01
3.289609015027305516e-01
2.930755269150477349e-01
4.972644200167993800e-01
4.086176112276861949e-01
2.419326866488502592e-01
2.785335718034982477e-01
2.298295078663200042e-01
6.632543414206479859e-01
6.983804897125120981e-01
2.721815536391302137e-01
4.857362100559010631e-01
2.864642955668596502e-01
3.468591236083651275e-01
6.146482783168412123e-01
4.456803420739027799e-01
3.647680916617161428e-01
3.530308112004549304e-01
2.225228748173627147e-01
7.228203695527430916e-01
3.635911946163308262e-01
3.341499936103015655e-01
2.338886323057191852e-01
3.027244400782952427e-01
4.734600365463062510e-01
5.811899334731581712e-01
3.635222001511814183e-01
4.930540941955288692e-01
4.109121689449863890e-01
3.881097082028425738e-01
4.028716929402031965e-01
4.907356459737658438e-01
3.783314070039634491e-01
3.632724380032668066e-01
2.899610851791055155e-01
4.761603178254326107e-01
3.343931086763188842e-01
3.089370450671764523e-01
2.013425251290512086e-01
3.938106730643395892e-01
4.630509118541034086e-01
6.181460492536900997e-01
3.535755781323273728e-01
4.061511170776859192e-01
4.278051432353393024e-01
3.786515756348667328e-01
4.869399193528457515e-01
5.082244932755670686e-01
3.516343417268005256e-01
3.050176621004873634e-01
4.637882596216909015e-01
4.286715161123555440e-01
4.432526073158005175e-01
3.745644967915515156e-01
2.248790669429323597e-01
3.764480793107115031e-01
2.489383751434395275e-01
7.867364886360511678e-01
3.770107498406154445e-01
4.067863918808802270e-01
6.160834778318118321e-01
3.915106562491313946e-01
5.317427859738061979e-01
5.089132689378930152e-01
3.529509433946915742e-01
3.101484394067243189e-01
4.531177121002318287e-01
6.176909425101755335e-01
3.730024516242800292e-01
3.644261659512643692e-01
2.459300620393089498e-01
3.675383978376741134e-01
3.492122148759415068e-01
5.152257479179777055e-01
3.379485764711634976e-01
4.328675791808556106e-01
6.303168257332517621e-01
4.362100875164640623e-01
5.127126792815495104e-01
4.532443042534620714e-01
3.550840731691971008e-01
3.527277139246185467e-01
3.127717775373207720e-01
5.104513661282871206e-01
3.737251827554362027e-01
3.027600679597579059e-01
2.035822674084311057e-01
3.818517736139809826e-01
3.985068214154803834e-01
5.837063975095967416e-01
3.379381206648254254e-01
4.370862199033042073e-01
4.791335274138965317e-01
3.288020779768308088e-01
4.891224646026365863e-01
4.141880350852440440e-01
3.785550218491106067e-01
2.140743883588903940e-01
3.011538159695795747e-01
5.322004911840696462e-01
3.051969303507097164e-01
2.803263758713379072e-01
1.231045211597930622e-01
3.209378017828113383e-01
4.604527941474296782e-01
5.283914123950140818e-01
3.076632296173016368e-01
5.811921331379825695e-01
4.618001086994413806e-01
3.248017208387770083e-01
3.279154247729981764e-01
4.642157275100182168e-01
2.568494776828110226e-01
3.400781395272847174e-01
2.017025343145180394e-01
4.628749887165582999e-01
2.287326628490629066e-01
2.570601457686791380e-01
1.981122479554149329e-01
1.150428268750801897e-01
4.999289503599848583e-01
2.330131523330536136e-01
1.099981527961642891e-01
2.065917860986024590e-01
3.253624451625579117e-01
4.111187179087425481e-01
5.085580649078405013e-01
2.655540251267373697e-01
4.721434195996074834e-01
5.577664035253875330e-01
3.908123038653356085e-01
5.724334931483125999e-01
3.575868005793831905e-01
2.875980116355199012e-01
2.262192548830480043e-01
1.491046396314292255e-01
5.148094344288089985e-01
5.756432558377132525e-01
3.572686402313747789e-01
4.097968700363883721e-01
3.079404098701244430e-01
2.362558785659217842e-01
2.354137524348087762e-01
3.169841942806895241e-01
4.353019124077598945e-01
2.797624212745761230e-01
2.838930988787061183e-01
3.194414166319116677e-01
3.121680539040824209e-01
5.962167667975716290e-01
4.042329796640141137e-01
2.735117747008353195e-01
5.496008529265266063e-01
4.970802448738153023e-01
2.734425869951130350e-01
5.912794102449275835e-01
3.008638206661185532e-01
1.898425388986567097e-01
6.178989832007073524e-01
5.658287164308651862e-01
2.109930583073819088e-01
