5.060286521098800866e-02
3.511905416902709742e-01
1.990974892086733172e-01
1.365012868117196632e-01
2.655887359600210829e-01
5.400949524433471538e-01
2.881879435958701330e-01
3.967866282134959732e-01
1.648361012056577257e-01
4.080378844823289719e-01
3.814359451751899166e-01
5.179198037278873734e-01
1.931945649557058331e-01
3.237260302109601362e-01
2.685453599527627411e-01
1.416288870497892649e-01
2.329826504783607533e-01
4.400846211911144668e-01
7.803886672671658253e-01
3.786473421295702413e-01
6.298025115183190081e-01
3.382543039043376942e-01
2.625094710580294644e-01
6.510750925188550919e-01
2.130109633504489175e-01
2.043188734171966781e-01
3.247372268419613239e-01
4.928082484598271806e-01
2.172010047688009426e-01
5.313714184746888280e-01
4.781899520972252016e-01
4.989273752082928892e-01
3.198816782934797986e-01
2.543081885335834458e-01
2.653647498798060167e-01
1.856610998446355243e-01
5.897626080585472996e-01
3.808068623651609252e-01
2.130584793201394100e-01
6.650019492279707345e-01
2.894700398641984473e-01
3.456452943058301308e-01
2.635447381209785611e-01
4.267691380185247851e-01
3.782397465486971311e-01
5.580421855541227716e-01
4.150313797436631646e-01
3.958417516301269701e-01
1.311604035942040836e-01
4.205274764085814576e-01
3.622041276490803319e-01
1.471563744993105161e-01
5.300439872615453352e-01
5.797435571408495747e-01
3.487948209697045998e-01
4.682077499340062121e-01
2.648582091063254040e-01
8.450400415722050251e-01
4.400484511038688096e-01
4.948348476188265122e-01
1.374159418733368609e-01
4.485319951281210304e-01
6.185503598264221470e-01
8.524195131212511378e-02
7.836887414217152958e-02
3.447632601740566183e-01
5.211842242439315154e-01
1.430264032998669610e-01
3.904849226967250786e-01
5.929695535222274660e-01
3.960216820611583421e-01
4.613367408653927249e-01
4.233646324312598797e-01
5.853367140690548531e-01
5.355662518734285449e-01
1.692679068332064996e-01
2.079588774322549405e-01
3.194385469376547215e-01
4.638398715213362111e-01
6.523607088623895045e-01
7.188770074456630743e-01
6.525192228184916177e-01
2.907873951477047969e-01
3.207746972724785373e-01
2.682196680325655280e-01
2.258368013455765155e-01
2.863547499937921792e-01
5.041280853881983104e-01
3.433186661353807567e-01
4.036133974415621606e-01
7.938499693455176587e-01
3.940061112093734552e-01
4.124740230280190545e-01
3.971116858911047931e-01
1.337972257027345846e-01
4.066249579450498808e-01
2.561734367794553102e-01
6.130461138763401152e-01
5.590554615246626780e-01
4.471032388321239393e-01
1.277267772712481764e-01
4.301325336965444168e-01
3.450898679240068656e-01
2.436955572718245699e-01
4.782466083358215547e-01
5.310561067330438201e-01
3.243016677413887994e-01
7.287849055211692573e-01
2.629216579623999128e-01
4.735137931918438903e-01
3.868268953914993924e-01
5.067894362807310316e-01
2.566897661904671835e-01
6.658425773698352090e-01
5.430664280244954512e-01
2.585982927486063510e-01
5.060286521098800866e-02
3.511905416902709742e-01
1.990974892086733172e-01
1.365012868117196632e-01
2.655887359600210829e-01
5.400949524433471538e-01
2.881879435958701330e-01
3.967866282134959732e-01
1.648361012056577257e-01
4.080378844823289719e-01
3.814359451751899166e-01
5.179198037278873734e-01
1.931945649557058331e-01
3.237260302109601362e-01
2.685453599527627411e-01
1.416288870497892649e-01
2.329826504783607533e-01
4.400846211911144668e-01
7.803886672671658253e-01
3.786473421295702413e-01
6.298025115183190081e-01
3.382543039043376942e-01
2.625094710580294644e-01
6.510750925188550919e-01
2.130109633504489175e-01
2.043188734171966781e-01
3.247372268419613239e-01
4.928082484598271806e-01
2.172010047688009426e-01
5.313714184746888280e-01
4.781899520972252016e-01
4.989273752082928892e-01
3.198816782934797986e-01
2.543081885335834458e-01
2.653647498798060167e-01
1.856610998446355243e-01
5.897626080585472996e-01
3.808068623651609252e-01
2.130584793201394100e-01
6.650019492279707345e-01
2.894700398641984473e-01
3.456452943058301308e-01
2.635447381209785611e-01
4.267691380185247851e-01
3.782397465486971311e-01
5.580421855541227716e-01
4.150313797436631646e-01
3.958417516301269701e-01
1.311604035942040836e-01
4.205274764085814576e-01
3.622041276490803319e-01
1.471563744993105161e-01
5.300439872615453352e-01
5.797435571408495747e-01
3.487948209697045998e-01
4.682077499340062121e-01
2.648582091063254040e-01
8.450400415722050251e-01
4.400484511038688096e-01
4.948348476188265122e-01
1.374159418733368609e-01
4.485319951281210304e-01
6.185503598264221470e-01
8.524195131212511378e-02
1.277235233814922322e-01
4.301325336965444168e-01
3.450898679240068656e-01
2.436955572718245699e-01
4.782466083358215547e-01
5.310561067330438201e-01
3.243016677413887994e-01
7.287839540122419413e-01
2.628996660096058480e-01
4.735137931918438903e-01
3.868268953914993924e-01
5.067894362807310316e-01
2.566897661904671835e-01
6.658425773698352090e-01
5.430664280244954512e-01
2.585982927486063510e-01
1.391958233301856251e-01
4.568886196792724674e-01
3.135791731527606818e-01
2.347469212741565836e-01
3.662516239918235939e-01
3.792459820361844258e-01
5.786505009886881989e-01
6.474382436665819807e-01
5.129879800273283719e-01
4.662181937955321431e-01
3.876238545466308416e-01
4.204075610019751830e-01
2.226107551580177035e-01
6.967182001010878700e-01
5.002665085093896957e-01
2.744048845319413954e-01
1.146277356901438671e-01
3.753854341653362625e-01
2.823897795498404029e-01
2.210022283430292667e-01
3.769423224607094669e-01
4.116616957586897163e-01
5.359437477985579124e-01
7.108827852341133013e-01
3.756533661278379510e-01
4.849668086890488450e-01
4.070400522035160229e-01
3.772464988018984777e-01
2.724919054419753794e-01
7.456046293989374574e-01
4.252838396715741265e-01
2.729586645774413345e-01
1.472237643355682746e-01
4.937407909216090518e-01
2.399823060378005746e-01
2.517502545068565634e-01
3.772795393077510995e-01
4.802192221935530081e-01
4.989265191154940715e-01
5.182806515937368186e-01
4.977228359454404227e-01
5.731207148465407020e-01
4.207152528715504824e-01
5.149455268742548775e-01
2.638294508454966936e-01
7.738559050893103475e-01
4.108445812354058480e-01
3.041106317904833656e-01
1.449707022040245263e-01
5.068003387179422781e-01
4.064977945203143705e-01
2.061319467680603479e-01
4.057457190901962440e-01
4.689335661654504550e-01
5.349241440070747755e-01
6.173537435828269082e-01
3.296572670097543956e-01
5.284048840056875251e-01
4.068266957319007782e-01
4.847755386002614575e-01
2.520517538276574876e-01
7.492219045283514678e-01
4.307195427677240618e-01
3.238209059755572938e-01
1.221426003753265654e-01
3.857159141601120833e-01
3.072573546497420205e-01
2.409139392950478686e-01
3.900977684993287009e-01
4.013201938975157201e-01
5.440899677465684814e-01
5.530638081920631333e-01
3.125499490691651117e-01
5.439876016394102898e-01
3.893909139293636468e-01
4.146859433912814530e-01
2.139939143035475000e-01
6.432410689154000050e-01
3.771271257077658534e-01
3.234734301108174725e-01
5.060286521098800172e-02
3.511905416902709742e-01
1.990974892086733450e-01
1.365012868117196909e-01
2.655887359600210829e-01
5.400949524433471538e-01
2.881879435958701885e-01
3.967866282134960842e-01
1.648361012056576980e-01
4.080378844823289164e-01
3.814359451751898611e-01
5.179198037278873734e-01
1.931945649557058609e-01
3.237260302109602472e-01
2.685453599527627411e-01
1.416288870497892927e-01
2.329826504783608088e-01
4.400846211911144668e-01
7.803886672671659364e-01
3.786473421295702413e-01
6.298025115183190081e-01
3.382543039043376942e-01
2.625094710580294644e-01
6.510750925188550919e-01
2.130109633504489175e-01
2.043188734171966503e-01
3.247372268419613239e-01
4.928082484598270696e-01
2.172010047688009426e-01
5.313714184746887170e-01
4.781899520972252571e-01
4.989273752082928892e-01
3.198816782934798542e-01
2.543081885335834458e-01
2.653647498798060167e-01
1.856610998446355520e-01
5.897626080585474106e-01
3.808068623651610363e-01
2.130584793201393823e-01
6.650019492279707345e-01
2.894700398641983918e-01
3.456452943058301308e-01
2.635447381209785611e-01
4.267691380185248962e-01
3.782397465486970201e-01
5.580421855541227716e-01
4.150313797436632202e-01
3.958417516301270811e-01
1.311604035942040836e-01
4.205274764085814021e-01
3.622041276490803874e-01
1.471563744993105438e-01
5.300439872615453352e-01
5.797435571408494637e-01
3.487948209697045998e-01
4.682077499340061011e-01
2.648582091063254040e-01
8.450400415722050251e-01
4.400484511038688096e-01
4.948348476188265677e-01
1.374159418733368887e-01
4.485319951281210304e-01
6.185503598264221470e-01
8.524195131212511378e-02
