1.032565286861580611e-01
2.884373622475931986e-01
3.558273619843203006e-01
1.581499432575285691e-01
1.988604088394572145e-01
4.725275536358279904e-01
4.554525218396431874e-01
2.394200332038551871e-01
2.406195101183872809e-01
4.873057837288322092e-01
4.762170835860086160e-01
2.631667781411996532e-01
1.528820646393030669e-01
3.380759826993819939e-01
3.042316371963652566e-01
1.278796110124102992e-01
3.486630871111157659e-01
3.510363065483906864e-01
6.385062833039354402e-01
2.685976103084406486e-01
5.616669972653897114e-01
3.012344136684025342e-01
3.083163794663418833e-01
5.784088888483616131e-01
3.928875465654676491e-01
2.835409457916548415e-01
4.382863647485611414e-01
5.171980091912550259e-01
1.676826310217617577e-01
5.184287132709376467e-01
4.337622480843806305e-01
3.730667810274760354e-01
4.102774644790435632e-01
6.186748144226014157e-01
4.059807180579279584e-01
2.168149122119410466e-01
5.036261522387541767e-01
3.837186614170943755e-01
2.944363351408820773e-01
6.696825029332262869e-01
4.924643237002310769e-01
4.378214890160984640e-01
3.438137959537476140e-01
4.586551081593712720e-01
1.135217118058983732e-01
6.426604485508292663e-01
3.138879747412729460e-01
2.494889288160843099e-01
6.087593866221558542e-02
1.013808692040304021e-01
1.559677254366604038e-01
1.493740028782404583e-01
5.523046973492781175e-01
5.907965586260036650e-01
5.219662138389447037e-01
3.651226510360665034e-01
3.525398085681755167e-01
5.097530725834045207e-01
5.418891579808186032e-01
2.261378157896339891e-01
4.117531369372939148e-02
5.186145597293588816e-01
4.049889900440485913e-01
9.332262515807022984e-02
1.132033072290129089e-01
2.176951515025201678e-01
5.235081521827058548e-01
1.457184044855655558e-01
1.664441408896194796e-01
5.709799251608400628e-01
5.018437053850289820e-01
2.182055274258756783e-01
4.048528627384748724e-01
6.380337897401697766e-01
5.479005370444633982e-01
1.510588784193959699e-01
2.331892061336178767e-01
2.712951876587827993e-01
4.261253876020768550e-01
4.692349718192347918e-01
6.065634343657725358e-01
6.841476665947435754e-01
3.117292219081915783e-01
4.048386634716143462e-01
4.483372706379658013e-01
3.127673680826629221e-01
1.444986522473093726e-01
5.923138860485994694e-01
4.482051979987295987e-01
6.551422398022459515e-01
5.242979340071532990e-01
4.459468450021616404e-01
5.400070557433870322e-01
1.060619055464343680e-01
4.859932055215611391e-02
5.054416024004280139e-01
2.824018604850995762e-01
6.181494248169855377e-01
6.621652329690990157e-01
3.173239734395711387e-01
1.832917524659396780e-01
3.957596281335971633e-01
3.647950199718589248e-01
2.313161752597054921e-01
3.966960380923901797e-01
5.061682889139538233e-01
4.507097997533425215e-01
6.165451304383448017e-01
5.629762136117266724e-01
4.932318680381110876e-01
5.128755275926184520e-01
3.196875762951235100e-01
1.046079066829382204e-01
7.238397792066597614e-01
4.115989872727056631e-01
2.008320136330400130e-01
1.032565286861580611e-01
2.884373622475931986e-01
3.558273619843203006e-01
1.581499432575285691e-01
1.988604088394572145e-01
4.725275536358279904e-01
4.554525218396431874e-01
2.394200332038551871e-01
2.406195101183872809e-01
4.873057837288322092e-01
4.762170835860086160e-01
2.631667781411996532e-01
1.528820646393030669e-01
3.380759826993819939e-01
3.042316371963652566e-01
1.278796110124102992e-01
3.486630871111157659e-01
3.510363065483906864e-01
6.385062833039354402e-01
2.685976103084406486e-01
5.616669972653897114e-01
3.012344136684025342e-01
3.083163794663418833e-01
5.784088888483616131e-01
3.928875465654676491e-01
2.835409457916548415e-01
4.382863647485611414e-01
5.171980091912550259e-01
1.676826310217617577e-01
5.184287132709376467e-01
4.337622480843806305e-01
3.730667810274760354e-01
4.102774644790435632e-01
6.186748144226014157e-01
4.059807180579279584e-01
2.168149122119410466e-01
5.036261522387541767e-01
3.837186614170943755e-01
2.944363351408820773e-01
6.696825029332262869e-01
4.924643237002310769e-01
4.378214890160984640e-01
3.438137959537476140e-01
4.586551081593712720e-01
1.135217118058983732e-01
6.426604485508292663e-01
3.138879747412729460e-01
2.494889288160843099e-01
6.087593866221558542e-02
1.013808692040304021e-01
1.559677254366604038e-01
1.493740028782404583e-01
5.523046973492781175e-01
5.907965586260036650e-01
5.219662138389447037e-01
3.651226510360665034e-01
3.525398085681755167e-01
5.097530725834045207e-01
5.418891579808186032e-01
2.261378157896339891e-01
4.117531369372939148e-02
5.186145597293588816e-01
4.049889900440485913e-01
9.332262515807022984e-02
1.832870830366435388e-01
3.957596281335971633e-01
3.647950199718589248e-01
2.313161752597054921e-01
3.966960380923901797e-01
5.061682889139538233e-01
4.507097997533425215e-01
6.165437851565405136e-01
5.629631742834328989e-01
4.932318680381110876e-01
5.128755275926184520e-01
3.196875762951235100e-01
1.046079066829382204e-01
7.238397792066597614e-01
4.115989872727056631e-01
2.008320136330400130e-01
1.574724449849065067e-01
4.425972457484850797e-01
5.653231076874267735e-01
1.601921145466209673e-01
5.340201434631153266e-01
3.758221655974119946e-01
5.997382047985986286e-01
5.275994912242267798e-01
4.944358401648942802e-01
6.161298273225119804e-01
4.784588328599705398e-01
3.935359705067703606e-01
1.821500802472515446e-01
4.631225236083462704e-01
4.761163398028045446e-01
1.919905500542894439e-01
1.549586642928394709e-01
3.789314719565299305e-01
4.000821868519964242e-01
1.652797479703751737e-01
4.277715320571133795e-01
4.011700813822669520e-01
6.066543103608398324e-01
5.765553937604723789e-01
4.613999105015194058e-01
5.949338131549708475e-01
5.013462834180506533e-01
3.150565301799830853e-01
2.091759263078120101e-01
5.573673775585817891e-01
3.756723942044096765e-01
1.690802621702483521e-01
1.511991763370663100e-01
5.715625281538841973e-01
3.457747107712837442e-01
2.145449444889083179e-01
4.136007862044954186e-01
4.821216259476113764e-01
6.026059058090007525e-01
3.403109661335192992e-01
6.560877101126240118e-01
6.177865645967794972e-01
5.277169489618555032e-01
5.058268452049041741e-01
2.186199181308057238e-01
6.428866415632445985e-01
3.373514763729730803e-01
1.960477030864344883e-01
1.538246343591172516e-01
5.373545654545501815e-01
5.041166775837668812e-01
1.866946772966308066e-01
4.746792147941389373e-01
4.779737105394386565e-01
6.212178889782828950e-01
4.490461890456835525e-01
4.803900598186371385e-01
5.736578959766441832e-01
4.984951165994091493e-01
4.804984756518063671e-01
1.831958506733600278e-01
6.234977501133940336e-01
4.278302763787441565e-01
1.955636890953691420e-01
1.630364477052073935e-01
3.933592489745266763e-01
4.148185548050665750e-01
1.932831591228702239e-01
3.850394528352384937e-01
3.935820182475937568e-01
6.323640412690150203e-01
4.696201942209058955e-01
4.354496438612432963e-01
6.125233438759818405e-01
5.075111028016751069e-01
3.602242179927404586e-01
1.697754265225877301e-01
5.521236887765672563e-01
2.983745248936398031e-01
1.898515688152039860e-01
1.032565286861580611e-01
2.884373622475931431e-01
3.558273619843204116e-01
1.581499432575285691e-01
1.988604088394572422e-01
4.725275536358279904e-01
4.554525218396432984e-01
2.394200332038551871e-01
2.406195101183872531e-01
4.873057837288322647e-01
4.762170835860085605e-01
2.631667781411996532e-01
1.528820646393030946e-01
3.380759826993819939e-01
3.042316371963652566e-01
1.278796110124102992e-01
3.486630871111158214e-01
3.510363065483906309e-01
6.385062833039354402e-01
2.685976103084405930e-01
5.616669972653896004e-01
3.012344136684025342e-01
3.083163794663418833e-01
5.784088888483615021e-01
3.928875465654676491e-01
2.835409457916547860e-01
4.382863647485611414e-01
5.171980091912549149e-01
1.676826310217617300e-01
5.184287132709374246e-01
4.337622480843806860e-01
3.730667810274760354e-01
4.102774644790434522e-01
6.186748144226014157e-01
4.059807180579279584e-01
2.168149122119411298e-01
5.036261522387541767e-01
3.837186614170944865e-01
2.944363351408820773e-01
6.696825029332262869e-01
4.924643237002310769e-01
4.378214890160984640e-01
3.438137959537475585e-01
4.586551081593713830e-01
1.135217118058983454e-01
6.426604485508293774e-01
3.138879747412730015e-01
2.494889288160843654e-01
6.087593866221558542e-02
1.013808692040303466e-01
1.559677254366604038e-01
1.493740028782404583e-01
5.523046973492782286e-01
5.907965586260036650e-01
5.219662138389447037e-01
3.651226510360664479e-01
3.525398085681755167e-01
5.097530725834046317e-01
5.418891579808186032e-01
2.261378157896339891e-01
4.117531369372939842e-02
5.186145597293587706e-01
4.049889900440486468e-01
9.332262515807021597e-02
