2.716502383833099832e-01
4.781683560823365431e-01
3.571574736858610932e-01
3.079971505553091293e-01
2.809385043282340844e-01
3.341952385864844777e-01
5.376995091330011300e-01
3.507288556840886251e-01
3.213908136840160079e-01
3.283812512225727231e-01
2.419616317162279207e-01
4.487744709609541860e-01
2.735948909220877745e-01
4.252848538123833455e-01
5.226338454903951547e-01
2.677732949087415770e-01
3.887380148226965981e-01
3.219163552977035159e-01
5.127745929874510944e-01
3.105253285440164324e-01
3.914316833142624796e-01
1.697738924578113540e-01
2.615814506873493928e-01
2.482973592895371118e-01
3.972073397182048771e-01
2.945321812662259342e-01
3.232892982405749516e-01
6.209348322451703206e-01
3.642347432301925036e-01
2.513086390894472832e-01
1.868785131521246423e-01
2.400245448695944028e-01
4.717976062093908185e-01
3.272966585057927591e-01
2.618528439065051505e-01
3.726815158034513797e-01
5.830323489727539110e-01
2.921236573225046151e-01
3.421611673889268790e-01
4.022824207492795012e-01
2.246377016018981654e-01
3.648148085498083004e-01
2.235661140148943182e-01
3.400829202900121917e-01
3.657184100991452413e-01
3.526650751584237686e-01
3.308048177933241574e-01
4.640029267138975899e-01
2.918527534152791647e-01
3.966476599636363787e-01
3.286105076021196281e-01
2.916001760338439164e-01
5.103583517513368140e-01
2.773063577015820735e-01
4.224151744238057171e-01
2.436361265540795684e-01
3.076827408955380982e-01
5.069646168232053718e-01
4.553921500483872342e-01
3.020031017499436032e-01
2.320229644626690402e-01
4.345203787566899734e-01
4.364559163307950573e-01
2.107983389992447165e-01
2.777024713322335803e-01
4.654570987371712820e-01
4.091528972636446215e-01
2.942955516724850562e-01
2.724191323397860964e-01
4.073792762433334214e-01
5.973696834735880978e-01
3.935110690897931085e-01
3.765942794586448761e-01
3.798074514949598135e-01
2.395942268226182170e-01
2.829524763744341587e-01
3.662031284543117993e-01
3.912798028672752615e-01
4.673403190974487753e-01
4.586860176547815637e-01
3.503688836228813219e-01
4.808435345791621796e-01
1.838411659892027206e-01
3.194837177833009800e-01
4.047433053486491072e-01
3.435881147493853316e-01
3.535074227467013275e-01
3.315555527679542314e-01
4.312424032040917954e-01
3.376517494743835890e-01
5.719742074148861377e-01
3.524407144053484653e-01
1.994362819011197829e-01
3.791771837557067482e-01
2.568865114131441141e-01
4.362308950046118183e-01
4.686132982720644935e-01
4.645376306942208267e-01
5.397477049429413309e-01
4.265867390515481472e-01
3.570911040598246933e-01
4.480572538981864583e-01
3.078134748556955458e-01
4.307730610680403083e-01
3.762766719644997648e-01
3.165580162061892855e-01
4.392383193212999748e-01
3.661646812159851105e-01
4.615730974235587314e-01
4.267216187818407280e-01
3.421381342241916479e-01
4.043191933406874994e-01
3.722539490175854060e-01
4.994676172526034685e-01
3.864968747659782156e-01
3.163768516168883882e-01
2.716502383833099832e-01
4.781683560823365431e-01
3.571574736858610932e-01
3.079971505553091293e-01
2.809385043282340844e-01
3.341952385864844777e-01
5.376995091330011300e-01
3.507288556840886251e-01
3.213908136840160079e-01
3.283812512225727231e-01
2.419616317162279207e-01
4.487744709609541860e-01
2.735948909220877745e-01
4.252848538123833455e-01
5.226338454903951547e-01
2.677732949087415770e-01
3.887380148226965981e-01
3.219163552977035159e-01
5.127745929874510944e-01
3.105253285440164324e-01
3.914316833142624796e-01
1.697738924578113540e-01
2.615814506873493928e-01
2.482973592895371118e-01
3.972073397182048771e-01
2.945321812662259342e-01
3.232892982405749516e-01
6.209348322451703206e-01
3.642347432301925036e-01
2.513086390894472832e-01
1.868785131521246423e-01
2.400245448695944028e-01
4.717976062093908185e-01
3.272966585057927591e-01
2.618528439065051505e-01
3.726815158034513797e-01
5.830323489727539110e-01
2.921236573225046151e-01
3.421611673889268790e-01
4.022824207492795012e-01
2.246377016018981654e-01
3.648148085498083004e-01
2.235661140148943182e-01
3.400829202900121917e-01
3.657184100991452413e-01
3.526650751584237686e-01
3.308048177933241574e-01
4.640029267138975899e-01
2.918527534152791647e-01
3.966476599636363787e-01
3.286105076021196281e-01
2.916001760338439164e-01
5.103583517513368140e-01
2.773063577015820735e-01
4.224151744238057171e-01
2.436361265540795684e-01
3.076827408955380982e-01
5.069646168232053718e-01
4.553921500483872342e-01
3.020031017499436032e-01
2.320229644626690402e-01
4.345203787566899734e-01
4.364559163307950573e-01
2.107983389992447165e-01
3.570820070238682753e-01
4.480572538981864583e-01
3.078134748556955458e-01
4.307730610680403083e-01
3.762766719644997648e-01
3.165580162061892855e-01
4.392383193212999748e-01
3.661624575198241249e-01
4.615570325653894357e-01
4.267216187818407280e-01
3.421381342241916479e-01
4.043191933406874994e-01
3.722539490175854060e-01
4.994676172526034685e-01
3.864968747659782156e-01
3.163768516168883882e-01
3.245833763619589973e-01
4.278840955591202699e-01
5.878562977715471316e-01
3.485957514889564401e-01
5.569213884964101524e-01
2.694665342189256352e-01
4.146988729642595572e-01
4.003331610461438594e-01
5.535005747124215336e-01
4.062794099995029606e-01
4.069513110520130983e-01
3.976948344074691111e-01
3.366816456521767864e-01
3.974848363715558497e-01
4.448290071589757755e-01
3.025322181192800497e-01
3.021762260888757323e-01
5.042987511817407231e-01
5.144676818178315347e-01
2.658597838962085680e-01
5.010211225329890272e-01
2.271489242872526404e-01
3.896318618841054793e-01
6.224207068045584101e-01
6.307967702904933027e-01
3.377923285184685764e-01
3.994557627402253175e-01
3.650567645093221736e-01
3.476044530320235859e-01
6.344852158466577352e-01
3.710755167210071370e-01
2.398782506426535566e-01
3.265529153763226389e-01
5.918198286635644179e-01
5.194482085929867932e-01
3.181162247185228553e-01
4.240131141765189349e-01
3.254058465720210958e-01
3.918528346267324269e-01
3.253804921047097620e-01
7.147677121397816302e-01
4.101053788350798035e-01
4.040322125854661217e-01
5.257608474314758862e-01
3.796340030226579287e-01
5.351648289963188976e-01
3.311011449936325790e-01
3.110688085091940502e-01
3.197528989759303997e-01
4.974117301516495782e-01
6.107040696726373508e-01
3.514309816235172135e-01
4.498673460374045807e-01
3.335931758212750120e-01
4.255429834330223260e-01
3.668125995160416708e-01
6.114443407252756479e-01
3.891293587672486343e-01
3.766597372443172831e-01
4.610651400806961009e-01
3.369243164768220833e-01
5.817052538470479650e-01
3.835288242534490299e-01
3.033092771652257658e-01
3.245603306511669617e-01
4.138027866602249638e-01
5.334622335138597959e-01
3.518261604473010840e-01
4.602687687909777225e-01
2.477015237613602872e-01
4.067877683671473066e-01
4.522471105515643575e-01
5.449627199198953109e-01
4.491554583935238321e-01
3.716050296552575460e-01
3.489090404563333636e-01
3.005160401826286742e-01
4.676150944046129632e-01
3.811717800027382141e-01
2.809700535664179655e-01
2.716502383833099832e-01
4.781683560823365986e-01
3.571574736858611487e-01
3.079971505553091293e-01
2.809385043282340844e-01
3.341952385864845332e-01
5.376995091330012411e-01
3.507288556840886806e-01
3.213908136840160079e-01
3.283812512225727787e-01
2.419616317162278929e-01
4.487744709609541860e-01
2.735948909220877745e-01
4.252848538123833455e-01
5.226338454903951547e-01
2.677732949087415770e-01
3.887380148226966536e-01
3.219163552977035159e-01
5.127745929874510944e-01
3.105253285440164324e-01
3.914316833142624796e-01
1.697738924578113540e-01
2.615814506873493928e-01
2.482973592895370840e-01
3.972073397182049326e-01
2.945321812662258787e-01
3.232892982405750071e-01
6.209348322451703206e-01
3.642347432301924481e-01
2.513086390894472277e-01
1.868785131521246978e-01
2.400245448695943473e-01
4.717976062093908185e-01
3.272966585057927591e-01
2.618528439065051505e-01
3.726815158034514353e-01
5.830323489727540220e-01
2.921236573225046707e-01
3.421611673889268790e-01
4.022824207492794457e-01
2.246377016018981099e-01
3.648148085498083004e-01
2.235661140148942905e-01
3.400829202900122472e-01
3.657184100991451303e-01
3.526650751584237686e-01
3.308048177933241574e-01
4.640029267138977009e-01
2.918527534152791647e-01
3.966476599636363232e-01
3.286105076021196836e-01
2.916001760338439164e-01
5.103583517513368140e-01
2.773063577015820180e-01
4.224151744238057171e-01
2.436361265540795129e-01
3.076827408955380982e-01
5.069646168232053718e-01
4.553921500483872342e-01
3.020031017499436032e-01
2.320229644626690679e-01
4.345203787566899734e-01
4.364559163307951128e-01
2.107983389992447165e-01
