1.548851062343840346e-01
4.743606913995032093e-01
4.329820545106665697e-01
1.741034395157981252e-01
3.422759654077476288e-01
4.647301223927386982e-01
3.886471696610241944e-01
4.318792716232385809e-01
4.681356216148247484e-01
3.676502940763768379e-01
2.817819258029100049e-01
5.307235058350304735e-01
1.193934108789989207e-01
6.784279108932309565e-01
4.770292318906453888e-01
1.514907273767593376e-01
3.944689563167316781e-01
4.196928415470373430e-01
7.477870873872862756e-01
4.334816615187079836e-01
5.907570451381642940e-01
2.417174301975892337e-01
1.709297203443103097e-01
4.584628366768742080e-01
3.469385001304300387e-01
9.682112680715398989e-02
2.395117360619889724e-01
4.088773498227742387e-01
1.854579648155593175e-01
3.965387192022913898e-01
4.681267277226949797e-01
3.723668536318915367e-01
6.337318243678564667e-01
4.656887837488460358e-01
3.864970312597448276e-01
4.261356165254892581e-01
4.958826826908460661e-01
1.890304795968451301e-01
9.910734041690401341e-02
4.513573274936509838e-01
4.783782881569597079e-01
2.075034121803758791e-01
2.159943109550973850e-01
3.439477841596357832e-01
2.004695321380880468e-01
4.890223848300250808e-01
3.683916885508382033e-01
4.202381374160661376e-01
6.255595097362770529e-02
2.229637757281156540e-01
1.263520525990540766e-01
1.350163962226937076e-01
8.631250636983779367e-01
5.725797829689420748e-01
4.129724511215489002e-01
4.742116313765054048e-01
4.763099699056381198e-01
4.633136955324520523e-01
5.370584939730180807e-01
3.808548164210237008e-01
4.728172953798076561e-02
6.797639252686160649e-01
4.224827071871536388e-01
1.256659188182147613e-01
1.615089841771702450e-01
4.368719391354166093e-01
5.777416693947001747e-01
1.663556499214833839e-01
3.663725554452237354e-01
4.920855099410232358e-01
4.128467047567666026e-01
4.884658417490732041e-01
6.565732864019944159e-01
4.335619375617210669e-01
3.759690638474268987e-01
1.275128835486610823e-01
5.100584665332766887e-01
4.425576470503150839e-01
4.637252969651423085e-01
5.872556493973510872e-01
6.931794325302844673e-01
7.026488608789597246e-01
2.172108560218635187e-01
2.212502984091280767e-01
3.724051652778986310e-01
1.060626224222820935e-01
1.386104221496376465e-01
5.049415878686239756e-01
6.993744699005448595e-01
4.877249601261230416e-01
4.895718378927077508e-01
2.062476906275087229e-01
5.210983683286641854e-01
2.096094259013843719e-01
5.281143982256238795e-02
8.155148852684268590e-01
4.278883661986505049e-01
5.226746287588939222e-01
5.215440210401595111e-01
4.159031945018034082e-01
2.675654089561003701e-01
4.916981250462295061e-01
4.128862921941526265e-01
3.531707997696730272e-01
5.635412964349336695e-01
3.979249673783168961e-01
2.851104781186383219e-01
5.836680160852754096e-01
6.972200288715846295e-01
2.646307869967750026e-01
3.404579384070764436e-01
3.922124730297246731e-01
1.219977166853563749e-01
7.949809210133924608e-01
5.062062698712965769e-01
2.557109689895141758e-01
1.548851062343840346e-01
4.743606913995032093e-01
4.329820545106665697e-01
1.741034395157981252e-01
3.422759654077476288e-01
4.647301223927386982e-01
3.886471696610241944e-01
4.318792716232385809e-01
4.681356216148247484e-01
3.676502940763768379e-01
2.817819258029100049e-01
5.307235058350304735e-01
1.193934108789989207e-01
6.784279108932309565e-01
4.770292318906453888e-01
1.514907273767593376e-01
3.944689563167316781e-01
4.196928415470373430e-01
7.477870873872862756e-01
4.334816615187079836e-01
5.907570451381642940e-01
2.417174301975892337e-01
1.709297203443103097e-01
4.584628366768742080e-01
3.469385001304300387e-01
9.682112680715398989e-02
2.395117360619889724e-01
4.088773498227742387e-01
1.854579648155593175e-01
3.965387192022913898e-01
4.681267277226949797e-01
3.723668536318915367e-01
6.337318243678564667e-01
4.656887837488460358e-01
3.864970312597448276e-01
4.261356165254892581e-01
4.958826826908460661e-01
1.890304795968451301e-01
9.910734041690401341e-02
4.513573274936509838e-01
4.783782881569597079e-01
2.075034121803758791e-01
2.159943109550973850e-01
3.439477841596357832e-01
2.004695321380880468e-01
4.890223848300250808e-01
3.683916885508382033e-01
4.202381374160661376e-01
6.255595097362770529e-02
2.229637757281156540e-01
1.263520525990540766e-01
1.350163962226937076e-01
8.631250636983779367e-01
5.725797829689420748e-01
4.129724511215489002e-01
4.742116313765054048e-01
4.763099699056381198e-01
4.633136955324520523e-01
5.370584939730180807e-01
3.808548164210237008e-01
4.728172953798076561e-02
6.797639252686160649e-01
4.224827071871536388e-01
1.256659188182147613e-01
2.675585926223460476e-01
4.916981250462295061e-01
4.128862921941526265e-01
3.531707997696730272e-01
5.635412964349336695e-01
3.979249673783168961e-01
2.851104781186383219e-01
5.836665554600833916e-01
6.972109949298010978e-01
2.646307869967750026e-01
3.404579384070764436e-01
3.922124730297246731e-01
1.219977166853563749e-01
7.949809210133924608e-01
5.062062698712965769e-01
2.557109689895141758e-01
2.589392773390104541e-01
5.886436185751797723e-01
5.502410774061725629e-01
2.642039700865576046e-01
5.504542713118998343e-01
2.683569992222675227e-01
4.835601710335529768e-01
5.179133556151345186e-01
6.512953652271759042e-01
3.649454924621500784e-01
3.379472258315059374e-01
4.277276595644476931e-01
2.857719688174791273e-01
5.677587197299872601e-01
3.945154895531109984e-01
2.681962741771964920e-01
3.192880948191603174e-01
4.476761182437162812e-01
3.977327585339926475e-01
2.530184676812049505e-01
5.178481891358694966e-01
3.203431762369050029e-01
4.135387218251123098e-01
5.757818868857497163e-01
4.689637794326886322e-01
4.146274700761233833e-01
3.834853709407131106e-01
3.344009909320661555e-01
2.943512258751272981e-01
5.633927484809008179e-01
4.196273626857349726e-01
2.639103161542082909e-01
2.876982125041816496e-01
6.061435754766547612e-01
3.661764395739119937e-01
3.409315145452803675e-01
4.814670962132029941e-01
3.639971531600007526e-01
4.500874563443744703e-01
3.427469840401214940e-01
6.747264567502190280e-01
4.873681081545078730e-01
3.644335565788568987e-01
4.395755699579627640e-01
3.213118353760006096e-01
6.036342406152119811e-01
3.565571566047131546e-01
2.983595091425501611e-01
2.700421695319302207e-01
6.176078314228057309e-01
5.038119449483131618e-01
3.127024530970062277e-01
4.847827337150447113e-01
3.660512714617439878e-01
4.899123067002050247e-01
4.276837741041284446e-01
5.260412226229017607e-01
4.178843925547367499e-01
3.539988670797063475e-01
4.625106140995921544e-01
3.307758974799112628e-01
6.143572753228132566e-01
3.653346657351785876e-01
2.846409379992470567e-01
3.016536812588828109e-01
4.331509664761377110e-01
4.674965564517369332e-01
3.068225580838473965e-01
4.335119536916915428e-01
3.237224354914850499e-01
4.334869223024452323e-01
4.914784829524568299e-01
4.833576633043060733e-01
4.479355000865937186e-01
3.766481989465026436e-01
3.218395545178882045e-01
2.792129105587463078e-01
5.236610706787452330e-01
3.145043901086352900e-01
2.882144008525907575e-01
1.548851062343840346e-01
4.743606913995032648e-01
4.329820545106666252e-01
1.741034395157981252e-01
3.422759654077476288e-01
4.647301223927385871e-01
3.886471696610242499e-01
4.318792716232385809e-01
4.681356216148248039e-01
3.676502940763768379e-01
2.817819258029099494e-01
5.307235058350303625e-01
1.193934108789989346e-01
6.784279108932309565e-01
4.770292318906454443e-01
1.514907273767593654e-01
3.944689563167317892e-01
4.196928415470373430e-01
7.477870873872863866e-01
4.334816615187079836e-01
5.907570451381642940e-01
2.417174301975892059e-01
1.709297203443103097e-01
4.584628366768742080e-01
3.469385001304300387e-01
9.682112680715396213e-02
2.395117360619889724e-01
4.088773498227741832e-01
1.854579648155592619e-01
3.965387192022912233e-01
4.681267277226950352e-01
3.723668536318915367e-01
6.337318243678564667e-01
4.656887837488460358e-01
3.864970312597448832e-01
4.261356165254892581e-01
4.958826826908461771e-01
1.890304795968451579e-01
9.910734041690401341e-02
4.513573274936509283e-01
4.783782881569595968e-01
2.075034121803758791e-01
2.159943109550973850e-01
3.439477841596358942e-01
2.004695321380880191e-01
4.890223848300250808e-01
3.683916885508382588e-01
4.202381374160661931e-01
6.255595097362770529e-02
2.229637757281156540e-01
1.263520525990540766e-01
1.350163962226937076e-01
8.631250636983780478e-01
5.725797829689420748e-01
4.129724511215489002e-01
4.742116313765054048e-01
4.763099699056381198e-01
4.633136955324521078e-01
5.370584939730180807e-01
3.808548164210237008e-01
4.728172953798077255e-02
6.797639252686159539e-01
4.224827071871536943e-01
1.256659188182147613e-01
