1.018426345166013047e-01
6.099862159519086058e-01
1.458457762100339172e-01
3.242342238310648161e-01
3.986082625454436812e-01
1.920238716427885017e-01
1.279528885294105023e-01
6.515681465851075327e-01
4.056700637682120747e-01
2.778151700371925270e-02
1.794156581146054696e-01
5.307660647219222261e-01
4.687090861482063331e-01
6.534328507243388762e-01
1.586797629439624935e-01
2.788587630692893615e-01
1.617415441069386672e-01
1.172091153448996115e-01
5.959471226634061036e-01
5.158434920563368387e-01
2.573089801604125371e-01
2.907338609197298585e-01
6.822491299506622253e-02
1.000000000000000000e+00
8.548791672652132634e-02
0.000000000000000000e+00
0.000000000000000000e+00
3.072319659234512002e-01
4.535771865398500746e-01
7.188566592539539224e-01
1.657995007241615804e-01
1.000000000000000000e+00
3.005644534689974612e-01
3.478200530229649812e-01
2.133185428480961765e-01
2.526432432246564219e-01
9.189453223075137733e-02
7.962157459765115131e-02
0.000000000000000000e+00
4.245154488687049033e-01
3.637995354470495435e-02
0.000000000000000000e+00
8.156724809986129476e-02
3.595357068297663772e-02
1.091785195449281043e-01
1.112293955036108284e-01
4.444643650855902295e-01
6.495384619589623654e-01
4.786568163007968724e-01
2.477022207904561180e-01
3.257175175074129014e-01
3.465214761040532054e-01
7.926352968362310181e-01
1.000000000000000000e+00
1.029637835445457866e-01
8.693662400658292988e-01
5.008740241672519078e-01
5.993842958347241900e-01
0.000000000000000000e+00
6.232036467542043656e-01
3.610986213517356491e-01
1.000000000000000000e+00
7.578904190911597283e-01
7.045728098359678171e-01
4.665646229509411991e-01
6.594340395567288571e-01
9.175870629331019934e-01
3.081433994467414061e-01
5.658415172404468452e-01
1.216808552651984510e-01
2.177502785692172482e-01
6.089861020505038525e-01
8.995567033372540156e-01
2.036126991537893782e-01
6.150404583650561641e-01
4.052065647990945596e-01
3.937211579175411424e-01
3.508150561689999947e-01
4.910912036442464101e-01
3.793357933136625171e-01
3.806317158350255858e-01
0.000000000000000000e+00
1.754366729399384484e-01
4.005793001763872235e-02
8.366461901884510166e-02
0.000000000000000000e+00
4.039141163447931282e-01
5.824981026701289144e-01
7.006185805166850189e-01
2.229787265884505265e-01
3.254929563165962492e-01
2.899754114935950561e-02
5.036703475608220737e-01
1.731949113199448553e-01
4.108928486780897282e-01
7.963535913852923809e-01
3.858971355417870064e-01
4.462977349127433824e-01
1.284694046819540025e-01
9.195432108305545693e-01
2.529677286530164215e-01
3.490006731548833119e-01
2.283267775499033814e-01
4.838874391471487679e-01
2.820709090484003756e-01
4.024266619914414478e-01
7.432286859140126156e-02
9.999999999999997780e-01
2.975541049241935965e-01
7.386469817132593207e-02
1.607264857869022956e-02
3.355317068903080346e-01
4.706535749785917822e-01
9.226126128826219741e-01
4.366070362049918052e-01
7.870302128871139447e-01
1.018426345166013047e-01
6.099862159519086058e-01
1.458457762100339172e-01
3.242342238310648161e-01
3.986082625454436812e-01
1.920238716427885017e-01
1.279528885294105023e-01
6.515681465851075327e-01
4.056700637682120747e-01
2.778151700371925270e-02
1.794156581146054696e-01
5.307660647219222261e-01
4.687090861482063331e-01
6.534328507243388762e-01
1.586797629439624935e-01
2.788587630692893615e-01
1.617415441069386672e-01
1.172091153448996115e-01
5.959471226634061036e-01
5.158434920563368387e-01
2.573089801604125371e-01
2.907338609197298585e-01
6.822491299506622253e-02
1.000000000000000000e+00
8.548791672652132634e-02
0.000000000000000000e+00
0.000000000000000000e+00
3.072319659234512002e-01
4.535771865398500746e-01
7.188566592539539224e-01
1.657995007241615804e-01
1.000000000000000000e+00
3.005644534689974612e-01
3.478200530229649812e-01
2.133185428480961765e-01
2.526432432246564219e-01
9.189453223075137733e-02
7.962157459765115131e-02
0.000000000000000000e+00
4.245154488687049033e-01
3.637995354470495435e-02
0.000000000000000000e+00
8.156724809986129476e-02
3.595357068297663772e-02
1.091785195449281043e-01
1.112293955036108284e-01
4.444643650855902295e-01
6.495384619589623654e-01
4.786568163007968724e-01
2.477022207904561180e-01
3.257175175074129014e-01
3.465214761040532054e-01
7.926352968362310181e-01
1.000000000000000000e+00
1.029637835445457866e-01
8.693662400658292988e-01
5.008740241672519078e-01
5.993842958347241900e-01
0.000000000000000000e+00
6.232036467542043656e-01
3.610986213517356491e-01
1.000000000000000000e+00
7.578904190911597283e-01
7.045728098359678171e-01
2.529612842008941986e-01
3.490006731548833119e-01
2.283267775499033814e-01
4.838874391471487679e-01
2.820709090484003756e-01
4.024266619914414478e-01
7.432286859140126156e-02
1.000000000000000222e+00
2.975331462877993105e-01
7.386469817132593207e-02
1.607264857869022956e-02
3.355317068903080346e-01
4.706535749785917822e-01
9.226126128826219741e-01
4.366070362049918052e-01
7.870302128871139447e-01
3.345796924299352937e-01
3.763886492651611904e-01
3.713934424401593715e-02
4.291918696749570938e-01
1.106139489439215695e-01
2.458816315060517177e-01
1.929839653550825818e-01
1.000000000000000000e+00
0.000000000000000000e+00
1.166806982463243769e-01
1.948341667262119548e-01
2.964417596022360657e-01
5.836464181815161911e-01
9.949110987189586641e-01
1.281312534267934344e-01
8.348694299922124751e-01
1.606401750423489816e-01
3.105713673555889343e-01
7.245115037139843173e-02
5.632501837505482500e-01
5.797098522003629739e-01
1.903385473557182017e-01
1.843361318034741902e-01
1.000000000000000000e+00
1.027063955493328073e-01
3.028777024375553517e-01
0.000000000000000000e+00
1.935389606509674842e-01
4.968312114153106140e-01
9.999999999999998890e-01
4.805443662001480654e-01
8.484074013614377741e-01
3.107182867166152218e-01
5.841261002057325236e-01
1.754700942797426944e-02
3.589572807187441095e-01
2.960694181992059026e-01
1.524341215575434894e-01
2.243167174910019046e-01
1.000000000000000000e+00
0.000000000000000000e+00
3.173021150295410875e-01
6.023181284903404709e-02
3.083522714486882643e-01
5.997927565967386965e-01
1.000000000000000000e+00
1.929433305948244359e-01
9.318254032950088472e-01
3.103584987173095278e-01
4.345776732560089894e-01
0.000000000000000000e+00
4.602437214102876317e-01
2.437002730201439094e-01
2.744991740032741712e-01
1.541557510714816059e-01
1.000000000000000000e+00
0.000000000000000000e+00
3.052022831203049513e-01
6.369113147261903918e-02
2.081958445769972466e-01
5.639663046404934654e-01
8.943695006533736169e-01
3.815652265362116102e-01
9.197007678934383534e-01
1.674508907431720151e-01
2.068788656766827883e-01
3.520829378517235098e-01
4.679023977096239406e-01
2.046039987878524591e-01
3.172883796085964048e-01
7.025500851069901853e-02
9.999999999999997780e-01
1.725761120976704310e-01
1.538258911771008819e-01
0.000000000000000000e+00
3.026754364859993163e-01
5.693691983781018484e-01
1.000000000000000000e+00
2.674058864343377140e-01
8.707548976681227515e-01
1.018426345166013047e-01
6.099862159519084948e-01
1.458457762100339450e-01
3.242342238310648717e-01
3.986082625454437922e-01
1.920238716427885017e-01
1.279528885294105300e-01
6.515681465851075327e-01
4.056700637682121302e-01
2.778151700371925270e-02
1.794156581146054974e-01
5.307660647219222261e-01
4.687090861482063331e-01
6.534328507243388762e-01
1.586797629439625212e-01
2.788587630692893615e-01
1.617415441069386950e-01
1.172091153448996115e-01
5.959471226634061036e-01
5.158434920563367276e-01
2.573089801604125371e-01
2.907338609197298585e-01
6.822491299506622253e-02
1.000000000000000000e+00
8.548791672652132634e-02
0.000000000000000000e+00
0.000000000000000000e+00
3.072319659234511446e-01
4.535771865398500191e-01
7.188566592539537004e-01
1.657995007241616359e-01
1.000000000000000000e+00
3.005644534689974612e-01
3.478200530229649257e-01
2.133185428480961765e-01
2.526432432246564774e-01
9.189453223075136346e-02
7.962157459765116518e-02
0.000000000000000000e+00
4.245154488687049033e-01
3.637995354470496823e-02
0.000000000000000000e+00
8.156724809986128089e-02
3.595357068297665160e-02
1.091785195449280765e-01
1.112293955036108284e-01
4.444643650855902850e-01
6.495384619589623654e-01
4.786568163007969279e-01
2.477022207904560624e-01
3.257175175074129569e-01
3.465214761040532609e-01
7.926352968362310181e-01
1.000000000000000000e+00
1.029637835445457866e-01
8.693662400658292988e-01
5.008740241672519078e-01
5.993842958347241900e-01
0.000000000000000000e+00
6.232036467542043656e-01
3.610986213517356491e-01
1.000000000000000000e+00
7.578904190911598393e-01
7.045728098359678171e-01
