2.226155771688251017e-01
5.594340436436703312e-01
2.911257170352349322e-01
3.600838496643478659e-01
3.637969357613821675e-01
3.139115485130700156e-01
4.001102050474383276e-01
4.746520471005746256e-01
3.480502090674901239e-01
2.927969398918313093e-01
8.177772730902498066e-02
5.841986106620205010e-01
4.001623641578316848e-01
5.918733415580776924e-01
3.986310446138739971e-01
3.509576661796703911e-01
4.283893104654272754e-01
3.130788223846248108e-01
5.448977248294035736e-01
4.347241878126849035e-01
4.571664595389570707e-01
1.084357050187505639e-01
1.443839485196386774e-01
2.131270840441332193e-01
3.299504333486043550e-01
1.795855803860871014e-01
2.154961042783047065e-01
4.240061185836954682e-01
2.800523086032467024e-01
2.808591959829725981e-01
2.095446899826050313e-01
4.649936848638946962e-01
4.789056464738260521e-01
2.834992590882720598e-01
2.171220171616026484e-01
4.770074203869625329e-01
4.221014488050535141e-01
1.429428279940563318e-01
1.893501063135341889e-01
4.311476586549957690e-01
2.275177104555793361e-01
1.437384844485058433e-01
7.907136518738530628e-02
2.067521139914424433e-01
3.269070144126922095e-01
3.545342365916426819e-01
2.455666307670488213e-01
5.623388416093738629e-01
3.187960683937146600e-01
3.867211504593326965e-01
3.805273279168142619e-01
3.166773666605742221e-01
7.553759914655909791e-01
3.578626411188804424e-01
4.079087361104605791e-01
4.481464557960176953e-01
3.948752454143962809e-01
4.775542877577907963e-01
3.110815830888988831e-01
4.374686758723211333e-01
2.503123803241371625e-01
6.872619480969165418e-01
6.648477131559399345e-01
3.207317830696414518e-01
3.133202923889212288e-01
5.754414302914467871e-01
5.571876255949770318e-01
3.650442874298421847e-01
4.186177939940558534e-01
3.086090710253384661e-01
4.264783876049286770e-01
5.448435816563796941e-01
5.468481924888021206e-01
3.744625971926255903e-01
1.326408442166551460e-01
3.567741038097946848e-01
5.028559624888102597e-01
4.089301131938150036e-01
6.096571507306305371e-01
3.662991133343161954e-01
3.853156474043495372e-01
4.121898859125817660e-01
8.006085283097578997e-02
1.927343589311729943e-01
3.606114328966634752e-01
1.995711761147231089e-01
3.329737613624909054e-01
3.189571103718233380e-01
6.052200835917493915e-01
3.137185155280978188e-01
4.527739262328701608e-01
1.444677896221533420e-01
2.475922789333509511e-01
3.539961499659686206e-01
2.789120681633993626e-01
6.705755355001796758e-01
5.058749999281950682e-01
4.183034943094238178e-01
3.677595620474068960e-01
6.058281010590589322e-01
3.503018049931289069e-01
4.559725440135001251e-01
2.872170608095031552e-01
5.400080062775682865e-01
4.583297031103120700e-01
2.469122607582519557e-01
3.071703409789786621e-01
4.824045887972345792e-01
4.745750656832659620e-01
2.635640843338208361e-01
1.671269976091054321e-01
3.839713724622436097e-01
4.035725523426165751e-01
6.725584296013524810e-01
4.085762896667722299e-01
4.754138315195645670e-01
2.226155771688251017e-01
5.594340436436703312e-01
2.911257170352349322e-01
3.600838496643478659e-01
3.637969357613821675e-01
3.139115485130700156e-01
4.001102050474383276e-01
4.746520471005746256e-01
3.480502090674901239e-01
2.927969398918313093e-01
8.177772730902498066e-02
5.841986106620205010e-01
4.001623641578316848e-01
5.918733415580776924e-01
3.986310446138739971e-01
3.509576661796703911e-01
4.283893104654272754e-01
3.130788223846248108e-01
5.448977248294035736e-01
4.347241878126849035e-01
4.571664595389570707e-01
1.084357050187505639e-01
1.443839485196386774e-01
2.131270840441332193e-01
3.299504333486043550e-01
1.795855803860871014e-01
2.154961042783047065e-01
4.240061185836954682e-01
2.800523086032467024e-01
2.808591959829725981e-01
2.095446899826050313e-01
4.649936848638946962e-01
4.789056464738260521e-01
2.834992590882720598e-01
2.171220171616026484e-01
4.770074203869625329e-01
4.221014488050535141e-01
1.429428279940563318e-01
1.893501063135341889e-01
4.311476586549957690e-01
2.275177104555793361e-01
1.437384844485058433e-01
7.907136518738530628e-02
2.067521139914424433e-01
3.269070144126922095e-01
3.545342365916426819e-01
2.455666307670488213e-01
5.623388416093738629e-01
3.187960683937146600e-01
3.867211504593326965e-01
3.805273279168142619e-01
3.166773666605742221e-01
7.553759914655909791e-01
3.578626411188804424e-01
4.079087361104605791e-01
4.481464557960176953e-01
3.948752454143962809e-01
4.775542877577907963e-01
3.110815830888988831e-01
4.374686758723211333e-01
2.503123803241371625e-01
6.872619480969165418e-01
6.648477131559399345e-01
3.207317830696414518e-01
3.502928809172295432e-01
4.559725440135001251e-01
2.872170608095031552e-01
5.400080062775682865e-01
4.583297031103120700e-01
2.469122607582519557e-01
3.071703409789786621e-01
4.824027729076892923e-01
4.745593887603484773e-01
2.635640843338208361e-01
1.671269976091054321e-01
3.839713724622436097e-01
4.035725523426165751e-01
6.725584296013524810e-01
4.085762896667722299e-01
4.754138315195645670e-01
3.605529740031977459e-01
4.985571062599813419e-01
3.319706317193709677e-01
4.597887431393926083e-01
5.269083588853031852e-01
2.085066736789754904e-01
3.235056266349264353e-01
4.830828230010027480e-01
4.639970474674413037e-01
2.421594239469898047e-01
2.217872078356938337e-01
4.436311440039891751e-01
4.309955427141147211e-01
5.476506778976507617e-01
4.979894942783468226e-01
4.556057392453965460e-01
3.599440621180427513e-01
4.078670182282820300e-01
3.606372091080788933e-01
4.229800406120585166e-01
4.567578576700893622e-01
2.087010189064815724e-01
2.903605990312144725e-01
6.681623587774399020e-01
4.926829604408586860e-01
2.492781373267773937e-01
2.301586590454009762e-01
3.408305497568331899e-01
4.608565289162349643e-01
7.571537933548019295e-01
3.986514584099373204e-01
4.252708969756141544e-01
3.587734153188978370e-01
5.392494518189689945e-01
3.098615560414217374e-01
4.871169203250048652e-01
4.251891215448946881e-01
2.672183060821726741e-01
2.895333432870027535e-01
4.024169359415364911e-01
5.261905683794635413e-01
3.266203789585985784e-01
2.285600455867007885e-01
4.775855210615355118e-01
5.114382504297879661e-01
6.233873789107111651e-01
3.606868638777699920e-01
4.784398933119938802e-01
3.684082009010705705e-01
5.173566639553270896e-01
4.432038092577195720e-01
4.438673190815535796e-01
4.109868429355360564e-01
2.606673587546834425e-01
3.054344508124632318e-01
5.028070950869860667e-01
4.161345094270487710e-01
2.902370002876667465e-01
2.202294591851609584e-01
4.664098149224538137e-01
4.789439156822807853e-01
6.966135787868623641e-01
3.658763571212748644e-01
4.741067331798515805e-01
3.577265355770873345e-01
4.018696400867740604e-01
4.314478381279470698e-01
4.520782588309464334e-01
3.917417598094518616e-01
2.215719000008567474e-01
2.818929902751216021e-01
5.666425715307146227e-01
4.485538717850491297e-01
2.852803353394923191e-01
2.224445656493649892e-01
3.424566318757321093e-01
4.283611154717174019e-01
6.337292283508220159e-01
3.212605825726367881e-01
4.752593151744488598e-01
2.226155771688251017e-01
5.594340436436702202e-01
2.911257170352350432e-01
3.600838496643478659e-01
3.637969357613821675e-01
3.139115485130699601e-01
4.001102050474383831e-01
4.746520471005746256e-01
3.480502090674901794e-01
2.927969398918313093e-01
8.177772730902499454e-02
5.841986106620205010e-01
4.001623641578317403e-01
5.918733415580776924e-01
3.986310446138739416e-01
3.509576661796703911e-01
4.283893104654272754e-01
3.130788223846248108e-01
5.448977248294035736e-01
4.347241878126847925e-01
4.571664595389570707e-01
1.084357050187505500e-01
1.443839485196386774e-01
2.131270840441332193e-01
3.299504333486044105e-01
1.795855803860870459e-01
2.154961042783047065e-01
4.240061185836953572e-01
2.800523086032467024e-01
2.808591959829725426e-01
2.095446899826051423e-01
4.649936848638946962e-01
4.789056464738260521e-01
2.834992590882720598e-01
2.171220171616026484e-01
4.770074203869624219e-01
4.221014488050535696e-01
1.429428279940563318e-01
1.893501063135341889e-01
4.311476586549957135e-01
2.275177104555792806e-01
1.437384844485058433e-01
7.907136518738530628e-02
2.067521139914424988e-01
3.269070144126921540e-01
3.545342365916426819e-01
2.455666307670488491e-01
5.623388416093739739e-01
3.187960683937146600e-01
3.867211504593326410e-01
3.805273279168143175e-01
3.166773666605742776e-01
7.553759914655908680e-01
3.578626411188803869e-01
4.079087361104605236e-01
4.481464557960176953e-01
3.948752454143962809e-01
4.775542877577908518e-01
3.110815830888988831e-01
4.374686758723211333e-01
2.503123803241372181e-01
6.872619480969165418e-01
6.648477131559399345e-01
3.207317830696413963e-01
