1.279036154236571632e-01
4.140003158856839782e-01
4.432451031638593997e-01
2.187267269956425786e-01
4.814775482135966733e-01
3.612681579002661181e-01
3.624741185245166641e-01
6.847639904780736808e-01
4.317795989626222464e-01
4.021298094090656750e-01
4.159634933504668397e-01
6.983284399297792211e-01
2.314232336167345583e-01
2.294932223601286736e-01
5.702334217796423133e-01
2.117980309766775981e-01
3.137003688915783184e-01
3.852494370608625651e-01
7.263497771538106607e-01
1.802675675871909799e-01
3.237684898928073207e-01
1.877817023589913314e-01
1.720194256939744371e-01
3.478913495624419427e-01
1.541948865175532535e-01
1.718794827202662079e-01
2.257768796195935568e-01
4.828938586080502859e-01
5.416741726006085722e-01
3.036483196257027672e-01
4.090078073254274638e-01
2.602493748049906630e-01
3.606163540770233600e-01
2.850476248589288719e-01
3.769857604764154657e-01
3.376214268561930076e-01
5.846019602079876032e-01
1.577084599312417179e-01
2.189558646819596555e-01
5.876460993359086116e-01
3.419968428292485263e-01
2.443397606051663229e-01
3.343875658400161655e-01
4.927956028565749769e-01
8.721063179723845815e-01
1.659184859695864156e-01
4.529397523238536394e-01
3.976476451365995035e-01
3.577582507105918630e-01
7.813664599504761554e-01
4.734383121805432748e-01
3.145834188482171667e-01
3.493923088557225887e-01
3.280704278781377825e-01
1.822678642409057137e-01
2.520422257764292628e-01
3.931445556976512212e-01
6.029277212169995570e-01
5.042465546540265686e-01
4.639417606882480505e-01
2.330479867514846370e-01
3.384934987638494319e-01
3.965936274643532267e-01
8.331013344290516542e-02
1.215161120166513842e-01
3.853694955909411912e-01
4.878701594715208478e-01
2.209094551809602236e-01
5.157454361884561411e-01
5.229263135313770849e-01
4.331848568315300740e-01
7.303403201282550050e-01
4.660399595066284650e-01
5.358721551928264937e-01
3.892348270863474902e-01
2.746426847227022017e-01
2.587544286582081909e-01
3.366445224252364588e-01
3.999778419861136358e-01
6.384693158168077698e-01
6.366447239195106578e-01
4.689607034929305085e-01
2.484434904809031952e-01
2.153048378536841778e-01
1.585434856376854162e-01
2.104350141109921357e-01
5.361481495223294758e-01
4.420020509165734635e-01
2.956491655692645715e-01
2.158941059669269302e-01
6.347415882185880598e-01
2.079521139028538135e-01
2.987477557766167746e-01
8.288085679802602579e-01
2.857752328814943121e-01
4.210215432219282516e-01
4.744507977230917883e-01
4.154411155851704951e-01
5.792361734833670894e-01
4.418113320961482571e-01
2.587751013119280463e-01
5.813599943140312920e-01
5.036436509926628391e-01
3.463981155929735101e-01
3.880688406939135637e-01
2.846461810847773499e-01
2.614099509748530337e-01
5.729667338356192463e-01
4.382130639371019654e-01
3.584023156059606419e-01
4.003096330114790380e-01
5.759635303887717939e-01
5.360715448551961471e-01
3.528480258367251432e-01
5.340609061824372894e-01
2.246316452108649553e-01
1.279036154236571632e-01
4.140003158856839782e-01
4.432451031638593997e-01
2.187267269956425786e-01
4.814775482135966733e-01
3.612681579002661181e-01
3.624741185245166641e-01
6.847639904780736808e-01
4.317795989626222464e-01
4.021298094090656750e-01
4.159634933504668397e-01
6.983284399297792211e-01
2.314232336167345583e-01
2.294932223601286736e-01
5.702334217796423133e-01
2.117980309766775981e-01
3.137003688915783184e-01
3.852494370608625651e-01
7.263497771538106607e-01
1.802675675871909799e-01
3.237684898928073207e-01
1.877817023589913314e-01
1.720194256939744371e-01
3.478913495624419427e-01
1.541948865175532535e-01
1.718794827202662079e-01
2.257768796195935568e-01
4.828938586080502859e-01
5.416741726006085722e-01
3.036483196257027672e-01
4.090078073254274638e-01
2.602493748049906630e-01
3.606163540770233600e-01
2.850476248589288719e-01
3.769857604764154657e-01
3.376214268561930076e-01
5.846019602079876032e-01
1.577084599312417179e-01
2.189558646819596555e-01
5.876460993359086116e-01
3.419968428292485263e-01
2.443397606051663229e-01
3.343875658400161655e-01
4.927956028565749769e-01
8.721063179723845815e-01
1.659184859695864156e-01
4.529397523238536394e-01
3.976476451365995035e-01
3.577582507105918630e-01
7.813664599504761554e-01
4.734383121805432748e-01
3.145834188482171667e-01
3.493923088557225887e-01
3.280704278781377825e-01
1.822678642409057137e-01
2.520422257764292628e-01
3.931445556976512212e-01
6.029277212169995570e-01
5.042465546540265686e-01
4.639417606882480505e-01
2.330479867514846370e-01
3.384934987638494319e-01
3.965936274643532267e-01
8.331013344290516542e-02
2.587685089147092055e-01
5.813599943140312920e-01
5.036436509926628391e-01
3.463981155929735101e-01
3.880688406939135637e-01
2.846461810847773499e-01
2.614099509748530337e-01
5.729652356669209246e-01
4.381963020936538444e-01
3.584023156059606419e-01
4.003096330114790380e-01
5.759635303887717939e-01
5.360715448551961471e-01
3.528480258367251432e-01
5.340609061824372894e-01
2.246316452108649553e-01
3.020712980729972075e-01
3.732830152508648802e-01
6.544974051529393044e-01
3.895706360010778857e-01
3.451927941442201608e-01
2.523772712541186847e-01
4.535720413197628087e-01
3.506990325981175771e-01
8.120722987759935174e-01
2.456233506996550187e-01
4.748309789839964545e-01
4.909267719378503925e-01
3.563045565919309432e-01
5.693193398495794977e-01
3.447596520757996164e-01
2.752940095965871747e-01
3.471956679373453536e-01
4.063148530764293942e-01
5.086489141997216912e-01
2.879859366185208991e-01
4.760415929452399553e-01
2.061429504384648670e-01
3.859348993550469342e-01
4.534379793054507113e-01
5.497335503106044463e-01
3.761388279635002885e-01
4.351571086614398620e-01
4.331951858726791893e-01
3.584916871373667879e-01
4.558730827410061304e-01
4.712469372581987725e-01
2.794062243125527423e-01
3.460576918712873207e-01
5.047911511992405620e-01
4.809796675648752018e-01
3.701021204739317061e-01
3.632663715506297408e-01
2.790265603383353388e-01
4.152119467608064718e-01
2.352050258560961504e-01
7.778810581180041206e-01
4.572547157219110647e-01
4.125221088146043269e-01
5.345311877019585101e-01
3.759631690338002818e-01
4.036724248844350549e-01
4.407713005309740750e-01
3.409607467361551736e-01
3.360381392064294981e-01
4.522055098187577893e-01
6.561837592280379550e-01
3.461439124472278084e-01
3.953182499259293992e-01
2.922655403449887501e-01
4.259071367869081692e-01
2.957001985092623797e-01
6.014141779552526490e-01
3.499899843830163171e-01
4.213236398726137866e-01
6.007407559022192034e-01
3.665185897675068416e-01
5.533394639261925985e-01
4.043694945359934678e-01
3.071161133905760954e-01
3.296258476273041804e-01
4.401154536011445684e-01
5.350709954118190170e-01
3.427771231142598962e-01
4.200609611072351757e-01
1.971533614891890773e-01
3.974635109756898821e-01
4.229594441157948359e-01
5.466360763995646854e-01
3.989191085040946216e-01
4.402778230123007841e-01
4.484573937806428101e-01
3.304307190691491147e-01
4.263286099280917951e-01
4.104180369157822694e-01
2.869525147357215311e-01
1.279036154236571354e-01
4.140003158856839782e-01
4.432451031638594552e-01
2.187267269956426063e-01
4.814775482135967843e-01
3.612681579002661181e-01
3.624741185245167197e-01
6.847639904780735698e-01
4.317795989626221909e-01
4.021298094090656194e-01
4.159634933504667842e-01
6.983284399297792211e-01
2.314232336167345860e-01
2.294932223601286736e-01
5.702334217796423133e-01
2.117980309766776259e-01
3.137003688915783739e-01
3.852494370608625651e-01
7.263497771538107717e-01
1.802675675871909244e-01
3.237684898928073207e-01
1.877817023589913314e-01
1.720194256939744648e-01
3.478913495624418872e-01
1.541948865175532257e-01
1.718794827202661801e-01
2.257768796195935845e-01
4.828938586080502304e-01
5.416741726006085722e-01
3.036483196257027117e-01
4.090078073254275748e-01
2.602493748049906630e-01
3.606163540770233045e-01
2.850476248589288164e-01
3.769857604764155212e-01
3.376214268561930076e-01
5.846019602079877142e-01
1.577084599312417457e-01
2.189558646819596555e-01
5.876460993359086116e-01
3.419968428292484708e-01
2.443397606051663229e-01
3.343875658400161655e-01
4.927956028565749769e-01
8.721063179723844705e-01
1.659184859695864434e-01
4.529397523238536394e-01
3.976476451365996145e-01
3.577582507105919185e-01
7.813664599504760444e-01
4.734383121805433303e-01
3.145834188482171667e-01
3.493923088557225887e-01
3.280704278781377270e-01
1.822678642409057137e-01
2.520422257764292628e-01
3.931445556976511657e-01
6.029277212169995570e-01
5.042465546540265686e-01
4.639417606882481060e-01
2.330479867514846648e-01
3.384934987638494319e-01
3.965936274643532822e-01
8.331013344290516542e-02
