7.113237408353989544e-02
2.067463444153210539e-01
1.869371275322017634e-01
1.000741518671826452e-01
1.022806225760661408e-01
3.447317083901658696e-01
5.333527035370373426e-01
1.346825875155658325e-01
4.777484877825283194e-02
3.810850379247958664e-01
3.572013794816057408e-01
2.915251545151159585e-01
8.345671327999104605e-02
1.817667206876648900e-01
3.013856916787905904e-01
9.978531401420953628e-02
1.645473898004527757e-01
4.162439360644527575e-01
6.507437950939426452e-01
2.097085209776340942e-01
5.524443363668587459e-01
3.351035433648941186e-01
4.664521775010400106e-01
4.743021211214475952e-01
4.600143608729423961e-01
6.906316802838136093e-01
6.645146961353786130e-01
6.946836691121540674e-01
8.407015754283139741e-02
2.726296240972101437e-01
4.085159035602087263e-01
2.390133909866100637e-01
3.257090844437590116e-01
3.807996075320083662e-01
2.098412770577687825e-01
2.224178088564948141e-01
6.294441713388017057e-01
7.190395399239625229e-01
7.836791882276271659e-01
5.575118399948304493e-01
1.990441734628733972e-01
7.443274402293311720e-01
3.092827815788953827e-01
4.571644814890052366e-01
1.984455993117014982e-01
6.141999370538914205e-01
4.000712755978576562e-01
3.438861786689654254e-01
3.516660412014667447e-02
1.236589399706234244e-01
1.792151345410170071e-01
6.349006429218141678e-02
2.783779559578909435e-01
3.344708291167541869e-01
6.249553448692576341e-01
9.198098206202803828e-02
2.005439747900831238e-01
8.048544342905993298e-01
5.130840541633415741e-01
2.973384370960435175e-01
1.790933062638369599e-02
3.744351745075427673e-01
4.586102899421155565e-01
7.946066770288370829e-02
8.677538147641818134e-02
2.227754965868030679e-01
2.872871565611633260e-01
1.025761952350076195e-01
1.486256730601329956e-01
4.895301182344736213e-01
6.298808722097083423e-01
1.782162469372899349e-01
5.884711857626717668e-02
5.047970390781859606e-01
4.259335532099049471e-01
7.307978101034087737e-02
1.678043997259637266e-01
2.359197864733082184e-01
3.387894439093336318e-01
6.152925295538733685e-01
5.942974443527622164e-01
6.531610984974783873e-01
3.119854339325182080e-01
6.149131364281945622e-01
5.332805415531550741e-01
7.960650293476541073e-01
1.085828370106928509e-01
3.089833677704164616e-01
2.973811533174453015e-01
5.049481590432849387e-01
7.926973900997782430e-01
8.096460777153080546e-01
2.171129321821392288e-01
1.614255707073780632e-01
2.425890599369807249e-02
1.904585690817249266e-01
1.187772559204741118e-01
7.075641674528968528e-01
8.257419231382601144e-01
2.226903553627321286e-01
9.610280641057186712e-02
2.966284477041217227e-01
2.213079660396704562e-01
1.488317184656359760e-01
3.113693139007102095e-01
5.683866456736538231e-01
7.286273497032353941e-01
3.912978077539069899e-01
3.092810467002199970e-01
8.609463383448383578e-01
5.514469924144372870e-01
4.264205211641776683e-01
6.659178723392288057e-02
4.962403698511811401e-01
4.567541022075883306e-01
1.670085573755978881e-01
7.113237408353989544e-02
2.067463444153210539e-01
1.869371275322017634e-01
1.000741518671826452e-01
1.022806225760661408e-01
3.447317083901658696e-01
5.333527035370373426e-01
1.346825875155658325e-01
4.777484877825283194e-02
3.810850379247958664e-01
3.572013794816057408e-01
2.915251545151159585e-01
8.345671327999104605e-02
1.817667206876648900e-01
3.013856916787905904e-01
9.978531401420953628e-02
1.645473898004527757e-01
4.162439360644527575e-01
6.507437950939426452e-01
2.097085209776340942e-01
5.524443363668587459e-01
3.351035433648941186e-01
4.664521775010400106e-01
4.743021211214475952e-01
4.600143608729423961e-01
6.906316802838136093e-01
6.645146961353786130e-01
6.946836691121540674e-01
8.407015754283139741e-02
2.726296240972101437e-01
4.085159035602087263e-01
2.390133909866100637e-01
3.257090844437590116e-01
3.807996075320083662e-01
2.098412770577687825e-01
2.224178088564948141e-01
6.294441713388017057e-01
7.190395399239625229e-01
7.836791882276271659e-01
5.575118399948304493e-01
1.990441734628733972e-01
7.443274402293311720e-01
3.092827815788953827e-01
4.571644814890052366e-01
1.984455993117014982e-01
6.141999370538914205e-01
4.000712755978576562e-01
3.438861786689654254e-01
3.516660412014667447e-02
1.236589399706234244e-01
1.792151345410170071e-01
6.349006429218141678e-02
2.783779559578909435e-01
3.344708291167541869e-01
6.249553448692576341e-01
9.198098206202803828e-02
2.005439747900831238e-01
8.048544342905993298e-01
5.130840541633415741e-01
2.973384370960435175e-01
1.790933062638369599e-02
3.744351745075427673e-01
4.586102899421155565e-01
7.946066770288370829e-02
9.610035815387912850e-02
2.966284477041217227e-01
2.213079660396704562e-01
1.488317184656359760e-01
3.113693139007102095e-01
5.683866456736538231e-01
7.286273497032353941e-01
3.912956722327581849e-01
3.092604379565511707e-01
8.609463383448383578e-01
5.514469924144372870e-01
4.264205211641776683e-01
6.659178723392288057e-02
4.962403698511811401e-01
4.567541022075883306e-01
1.670085573755978881e-01
5.409592606844479401e-02
2.528092156998810736e-01
4.447069288588955671e-01
1.089403494982757875e-01
4.243729904752269744e-01
5.112462867003773059e-01
7.710595030255029680e-01
4.599202537863978368e-01
3.958005524005530074e-01
8.179501436407861092e-01
6.765810303210172405e-01
3.876645145823041094e-01
5.985256548714439073e-02
4.090803398991881279e-01
5.705478042657939897e-01
1.096382482123719332e-01
6.055530055299820913e-02
2.337620959923372710e-01
2.160736689167038205e-01
1.022698063614540798e-01
2.579151810284041613e-01
5.243228473616687868e-01
8.212145208729382251e-01
4.576885737820663991e-01
3.479064830202890368e-01
7.441994568318563985e-01
7.440465733428548445e-01
2.638406532513729030e-01
8.808193986600260095e-02
5.397496815392140990e-01
3.011865860294812292e-01
1.220316122899252204e-01
4.450854692132326373e-02
4.853454696189237749e-01
2.069234904036393319e-01
9.478867251283830397e-02
3.038550591022663450e-01
6.065065560444172776e-01
7.958922034041049365e-01
2.797168844211154193e-01
5.920475475706881152e-01
7.826125466047471058e-01
7.357561870991548014e-01
5.669114136658943703e-01
8.751771611016166685e-02
6.331878160419122104e-01
3.491186526526613432e-01
1.297952728633458008e-01
4.352273720128267687e-02
3.774969756384405906e-01
4.594405149285885614e-01
8.080909327813957932e-02
3.935257146165671016e-01
6.027320723842827244e-01
7.662006694247452954e-01
4.702299359210733720e-01
3.350753008781867104e-01
7.781900096916040122e-01
7.170776991415844792e-01
4.521300994219158431e-01
8.015739853521365588e-02
5.593905874752205243e-01
4.613543418906607130e-01
1.183696542715190342e-01
5.328358036547281573e-02
2.598288080157854507e-01
2.688462766248164160e-01
9.954931205481418188e-02
2.555343589623438327e-01
5.096768724283090579e-01
8.157790018815779254e-01
4.070911190970802340e-01
2.631297476479129704e-01
8.037448747039589447e-01
7.597357138598941351e-01
3.014219713153185043e-01
8.603994183828697628e-02
4.498493387084428474e-01
2.364150128463358147e-01
1.502551393259066170e-01
7.113237408353989544e-02
2.067463444153210261e-01
1.869371275322017911e-01
1.000741518671826591e-01
1.022806225760661547e-01
3.447317083901658696e-01
5.333527035370374536e-01
1.346825875155658325e-01
4.777484877825285969e-02
3.810850379247958664e-01
3.572013794816056853e-01
2.915251545151159585e-01
8.345671327999104605e-02
1.817667206876649455e-01
3.013856916787907014e-01
9.978531401420953628e-02
1.645473898004528035e-01
4.162439360644527575e-01
6.507437950939426452e-01
2.097085209776340942e-01
5.524443363668587459e-01
3.351035433648941742e-01
4.664521775010400106e-01
4.743021211214475397e-01
4.600143608729424516e-01
6.906316802838134983e-01
6.645146961353786130e-01
6.946836691121539564e-01
8.407015754283136966e-02
2.726296240972100882e-01
4.085159035602087818e-01
2.390133909866100637e-01
3.257090844437590116e-01
3.807996075320083662e-01
2.098412770577687825e-01
2.224178088564948419e-01
6.294441713388017057e-01
7.190395399239626339e-01
7.836791882276270549e-01
5.575118399948303383e-01
1.990441734628733417e-01
7.443274402293311720e-01
3.092827815788953827e-01
4.571644814890053476e-01
1.984455993117014427e-01
6.141999370538915315e-01
4.000712755978576562e-01
3.438861786689654809e-01
3.516660412014668141e-02
1.236589399706234244e-01
1.792151345410170349e-01
6.349006429218141678e-02
2.783779559578909435e-01
3.344708291167541314e-01
6.249553448692576341e-01
9.198098206202803828e-02
2.005439747900831238e-01
8.048544342905993298e-01
5.130840541633415741e-01
2.973384370960435730e-01
1.790933062638369599e-02
3.744351745075427673e-01
4.586102899421156120e-01
7.946066770288370829e-02
