3.838949398853246375e-01
4.573508164849419133e-01
3.320280483992015252e-01
5.028274164096830923e-01
2.832394635282542983e-01
3.442205045460355883e-01
3.096582939765736286e-01
3.707721709031126522e-01
1.684852449360918492e-01
2.839250929171119320e-01
1.181255044838959573e-01
4.011528178851481719e-01
3.841052198976007692e-01
4.806591327855550544e-01
3.293256001018917134e-01
4.099242209822631655e-01
5.081435550708320870e-01
3.309462070962497227e-01
3.243566370746142624e-01
3.409646698795767428e-01
4.121871224444672577e-01
1.934787293147583465e-01
2.143650724471298230e-01
2.967515335828654899e-01
2.259379065522353902e-01
2.653082052121651935e-01
2.341458199338772028e-01
4.220196536163740575e-01
2.852759804788467801e-01
2.302601366615446010e-01
2.195742180317140912e-01
4.369355422882807982e-01
3.266047968444330540e-01
1.931936002484780923e-01
1.499221667215200060e-01
3.386862175312163603e-01
4.589554433035384906e-01
2.422257509593754021e-01
2.642101229794609485e-01
4.688291407618483397e-01
1.535299057782523735e-01
2.065102112798774259e-01
9.378223924241621545e-02
2.248884137786044124e-01
2.784989348553050803e-01
2.916486997807014592e-01
2.276479800226578754e-01
5.303826599207118742e-01
4.888405319346693090e-01
3.252504530552071671e-01
3.047213129866173098e-01
2.948443172882263541e-01
6.547771472192372988e-01
3.293466677063838777e-01
2.926814864211340628e-01
3.281531090579394849e-01
3.372430055952132522e-01
6.018824120149396384e-01
2.947669143083990750e-01
4.088073048509088814e-01
3.341843307063541713e-01
5.323871906841338708e-01
7.217312620629011688e-01
4.585952283141148111e-01
4.855584710857949737e-01
4.920787334669785573e-01
5.619437260164208414e-01
4.655072790533025806e-01
3.451099939780638559e-01
3.393957326467405000e-01
3.745635765443237619e-01
3.751896781816883020e-01
3.232952798461165012e-01
3.911567517563648289e-01
1.981403237766437009e-01
3.377151450647717379e-01
3.699309466863481832e-01
3.242288507242876427e-01
6.887256752658525993e-01
3.653318961718826641e-01
2.704447583391692000e-01
3.638883051349904862e-01
1.313143732849733625e-01
2.463198641968759317e-01
2.494862362322768923e-01
2.868405945817374403e-01
2.944640143667376364e-01
2.423097589462926971e-01
4.038374527645638423e-01
2.294450048475214499e-01
5.557881105504919317e-01
2.369051251939849334e-01
1.869929230647038310e-01
2.992975594139398732e-01
3.998810191097160183e-01
5.531374569837952393e-01
5.093220316571036577e-01
4.244483718111251580e-01
3.396621531338266387e-01
6.215071540304140107e-01
4.701857549681376369e-01
3.567354918038715961e-01
1.792869591429987475e-01
5.231550602093897329e-01
3.862946151949898654e-01
3.183267880020718144e-01
3.126406366084712452e-01
4.510721192491410347e-01
2.530240892233359129e-01
3.582591370688411048e-01
1.838277234973031415e-01
3.172190900023829641e-01
4.296904823491256020e-01
5.277435353859926126e-01
4.062797650073501354e-01
5.543722384761563537e-01
3.838949398853246375e-01
4.573508164849419133e-01
3.320280483992015252e-01
5.028274164096830923e-01
2.832394635282542983e-01
3.442205045460355883e-01
3.096582939765736286e-01
3.707721709031126522e-01
1.684852449360918492e-01
2.839250929171119320e-01
1.181255044838959573e-01
4.011528178851481719e-01
3.841052198976007692e-01
4.806591327855550544e-01
3.293256001018917134e-01
4.099242209822631655e-01
5.081435550708320870e-01
3.309462070962497227e-01
3.243566370746142624e-01
3.409646698795767428e-01
4.121871224444672577e-01
1.934787293147583465e-01
2.143650724471298230e-01
2.967515335828654899e-01
2.259379065522353902e-01
2.653082052121651935e-01
2.341458199338772028e-01
4.220196536163740575e-01
2.852759804788467801e-01
2.302601366615446010e-01
2.195742180317140912e-01
4.369355422882807982e-01
3.266047968444330540e-01
1.931936002484780923e-01
1.499221667215200060e-01
3.386862175312163603e-01
4.589554433035384906e-01
2.422257509593754021e-01
2.642101229794609485e-01
4.688291407618483397e-01
1.535299057782523735e-01
2.065102112798774259e-01
9.378223924241621545e-02
2.248884137786044124e-01
2.784989348553050803e-01
2.916486997807014592e-01
2.276479800226578754e-01
5.303826599207118742e-01
4.888405319346693090e-01
3.252504530552071671e-01
3.047213129866173098e-01
2.948443172882263541e-01
6.547771472192372988e-01
3.293466677063838777e-01
2.926814864211340628e-01
3.281531090579394849e-01
3.372430055952132522e-01
6.018824120149396384e-01
2.947669143083990750e-01
4.088073048509088814e-01
3.341843307063541713e-01
5.323871906841338708e-01
7.217312620629011688e-01
4.585952283141148111e-01
4.701737768015843422e-01
3.567354918038715961e-01
1.792869591429987475e-01
5.231550602093897329e-01
3.862946151949898654e-01
3.183267880020718144e-01
3.126406366084712452e-01
4.510701934353139597e-01
2.530018019601901202e-01
3.582591370688411048e-01
1.838277234973031415e-01
3.172190900023829641e-01
4.296904823491256020e-01
5.277435353859926126e-01
4.062797650073501354e-01
5.543722384761563537e-01
3.878311190769380135e-01
4.238719109589521028e-01
2.936308386134602322e-01
4.959549030909736200e-01
4.714208314788374543e-01
2.616201032095432089e-01
3.178205990593149233e-01
4.610209690607646738e-01
3.335284836949846676e-01
2.730043722213237323e-01
2.348707169351858526e-01
3.865264743174446904e-01
4.958221912554542921e-01
4.832429579069864589e-01
4.078639052091675987e-01
4.964988951739552347e-01
3.591157069614232533e-01
4.286337243464476976e-01
3.457419996043109012e-01
4.270349168200514578e-01
4.713070246441574129e-01
2.376303444575192936e-01
2.388765872031826110e-01
6.903394875702231204e-01
4.674747862461245962e-01
2.064997422051100262e-01
2.157615881590587426e-01
3.578768059426725157e-01
4.745562103424190159e-01
7.563223657199619199e-01
4.266558688156204537e-01
4.328444022885005182e-01
3.780172675757704770e-01
5.776619409291433582e-01
2.710732828785031856e-01
4.696841193342081722e-01
4.526618406880463241e-01
2.797784542217743309e-01
2.537231048907769293e-01
4.328095584353149894e-01
5.462129567817864961e-01
2.587390498534764549e-01
2.177223050014223116e-01
4.753589982328487729e-01
4.692860260977996800e-01
6.968368906795123774e-01
3.717246978702812288e-01
5.065880335402488388e-01
3.643508463137143383e-01
5.430370514580669106e-01
3.930282152896335535e-01
4.667730358271426350e-01
4.267079550818863587e-01
2.796100524931424136e-01
2.796671051475111969e-01
5.097436244620932033e-01
4.504144103822999012e-01
2.413375166433741892e-01
2.071602813236266827e-01
4.431744098871016613e-01
4.653524618707972627e-01
7.541705271240357611e-01
3.697038218989965319e-01
4.897416838155111418e-01
3.498615263418851651e-01
4.792792145857748265e-01
3.569577720140915122e-01
4.619440095994438167e-01
4.243093543013181645e-01
2.255914632238192330e-01
2.685113875960370988e-01
5.722927642406323567e-01
3.997128130314577810e-01
2.478083559943337066e-01
1.962354812913950641e-01
3.899116448605665641e-01
4.495149679341343685e-01
6.385753462704275574e-01
3.506287196155931651e-01
4.713340455171664001e-01
3.838949398853245820e-01
4.573508164849419688e-01
3.320280483992016363e-01
5.028274164096830923e-01
2.832394635282543538e-01
3.442205045460355883e-01
3.096582939765736842e-01
3.707721709031126522e-01
1.684852449360918769e-01
2.839250929171119875e-01
1.181255044838959434e-01
4.011528178851481163e-01
3.841052198976007692e-01
4.806591327855551654e-01
3.293256001018917689e-01
4.099242209822631655e-01
5.081435550708321980e-01
3.309462070962496671e-01
3.243566370746142624e-01
3.409646698795767983e-01
4.121871224444672577e-01
1.934787293147583465e-01
2.143650724471298230e-01
2.967515335828654344e-01
2.259379065522353902e-01
2.653082052121651935e-01
2.341458199338772306e-01
4.220196536163740020e-01
2.852759804788467246e-01
2.302601366615445733e-01
2.195742180317141468e-01
4.369355422882807427e-01
3.266047968444330540e-01
1.931936002484780923e-01
1.499221667215200060e-01
3.386862175312164158e-01
4.589554433035384906e-01
2.422257509593754299e-01
2.642101229794609485e-01
4.688291407618482842e-01
1.535299057782523735e-01
2.065102112798774259e-01
9.378223924241621545e-02
2.248884137786044679e-01
2.784989348553050248e-01
2.916486997807015147e-01
2.276479800226578754e-01
5.303826599207119852e-01
4.888405319346692535e-01
3.252504530552071116e-01
3.047213129866173653e-01
2.948443172882263541e-01
6.547771472192372988e-01
3.293466677063838777e-01
2.926814864211340073e-01
3.281531090579394294e-01
3.372430055952132522e-01
6.018824120149396384e-01
2.947669143083990750e-01
4.088073048509088814e-01
3.341843307063541713e-01
5.323871906841338708e-01
7.217312620629012798e-01
4.585952283141147556e-01
