5.113513665593480972e-01
5.859148089299250906e-01
6.921413256104186340e-01
4.048937466510132976e-01
5.261084045864645731e-01
2.428713441095389225e-01
2.314014151386875329e-01
7.097358639176531980e-01
7.891848098359723895e-01
3.012185600248377670e-01
4.163824906028552042e-01
8.392742969227833250e-01
5.411352167799534651e-01
1.780139103732699402e-01
4.526377679661545139e-01
3.431929708822722969e-01
3.770802743281810310e-01
2.168811289778285190e-01
4.818581061269140986e-01
1.841632672505211232e-01
2.192652319945735118e-01
1.012304326780370245e-01
4.586715957487252915e-02
3.345759272481304558e-01
1.113202956668581656e-01
3.498041777359903182e-02
7.299647782187175526e-02
1.918089772658691794e-01
8.112281014514306499e-01
2.335347130240251756e-01
1.440713770558833262e-01
3.592782105007530924e-01
6.071454391824285812e-01
2.899084686876906014e-01
3.991802861267196856e-01
2.532122674711069221e-01
3.116477500021052616e-01
6.140833763207969448e-02
4.213621771795820342e-02
3.758641800351454343e-01
3.240496202398812087e-01
8.600821640536725210e-02
1.529774458511942159e-01
2.619984261103837087e-01
6.740789658046723032e-01
1.553966773751241648e-01
2.047340392155275191e-01
4.492914182102299425e-01
6.513517289670026633e-01
5.965847671536395058e-01
8.578759320038737979e-01
5.355997195870517702e-01
3.071175909941320503e-01
2.270897641684158641e-01
9.299667571655173548e-02
3.984512497948005660e-01
3.127534875244762924e-01
2.742119523342186338e-01
2.697533048290254309e-01
3.835389760538434056e-01
4.567992975704123770e-01
3.710965390252151663e-01
3.789369791534989984e-01
2.996071272348000414e-01
4.664258948843860164e-01
5.244574672818380634e-01
7.506039798583619138e-01
3.820563778832313240e-01
4.923424126838744641e-01
2.994990528773552318e-01
2.213309999140981588e-01
8.307994429874479003e-01
8.431439561453304421e-01
3.470761868918583182e-01
3.822067504313800823e-01
5.382583454789831023e-01
1.848501006575299921e-01
2.873815063551456994e-01
4.304551157180886989e-01
2.360034498380801649e-01
3.008862704276513145e-01
1.939488044499061703e-01
1.132222040434179011e-01
6.110530888744612060e-02
9.343524162739770544e-02
4.157847628432732867e-02
9.037256859780105067e-01
4.145594901431111090e-01
4.754294356523868226e-01
2.131526900166272886e-01
2.530292891115445419e-01
6.518722806618629240e-02
2.298248513142725491e-01
6.366861381454245183e-01
5.397617458695194159e-01
3.170717311069170541e-01
7.793301583110709974e-01
2.421309370988821152e-01
3.306377409992564687e-01
5.731660154416791109e-01
6.053887674757102433e-01
5.011894222783315200e-01
6.387909848064282636e-01
5.067129872595570461e-01
2.554024941437872398e-01
1.629113136184348609e-01
9.891950361217100030e-02
5.524029249117762275e-01
5.233726359663668504e-01
1.231485636383508608e-01
2.080855041211000511e-01
3.813172270781200468e-01
7.941398719434434872e-01
3.155958371726916845e-01
2.725163359932680773e-01
4.158445997349543011e-01
5.113513665593480972e-01
5.859148089299250906e-01
6.921413256104186340e-01
4.048937466510132976e-01
5.261084045864645731e-01
2.428713441095389225e-01
2.314014151386875329e-01
7.097358639176531980e-01
7.891848098359723895e-01
3.012185600248377670e-01
4.163824906028552042e-01
8.392742969227833250e-01
5.411352167799534651e-01
1.780139103732699402e-01
4.526377679661545139e-01
3.431929708822722969e-01
3.770802743281810310e-01
2.168811289778285190e-01
4.818581061269140986e-01
1.841632672505211232e-01
2.192652319945735118e-01
1.012304326780370245e-01
4.586715957487252915e-02
3.345759272481304558e-01
1.113202956668581656e-01
3.498041777359903182e-02
7.299647782187175526e-02
1.918089772658691794e-01
8.112281014514306499e-01
2.335347130240251756e-01
1.440713770558833262e-01
3.592782105007530924e-01
6.071454391824285812e-01
2.899084686876906014e-01
3.991802861267196856e-01
2.532122674711069221e-01
3.116477500021052616e-01
6.140833763207969448e-02
4.213621771795820342e-02
3.758641800351454343e-01
3.240496202398812087e-01
8.600821640536725210e-02
1.529774458511942159e-01
2.619984261103837087e-01
6.740789658046723032e-01
1.553966773751241648e-01
2.047340392155275191e-01
4.492914182102299425e-01
6.513517289670026633e-01
5.965847671536395058e-01
8.578759320038737979e-01
5.355997195870517702e-01
3.071175909941320503e-01
2.270897641684158641e-01
9.299667571655173548e-02
3.984512497948005660e-01
3.127534875244762924e-01
2.742119523342186338e-01
2.697533048290254309e-01
3.835389760538434056e-01
4.567992975704123770e-01
3.710965390252151663e-01
3.789369791534989984e-01
2.996071272348000414e-01
6.053733449593755589e-01
5.011894222783315200e-01
6.387909848064282636e-01
5.067129872595570461e-01
2.554024941437872398e-01
1.629113136184348609e-01
9.891950361217100030e-02
5.524013545986870000e-01
5.233584149997581036e-01
1.231485636383508608e-01
2.080855041211000511e-01
3.813172270781200468e-01
7.941398719434434872e-01
3.155958371726916845e-01
2.725163359932680773e-01
4.158445997349543011e-01
6.981434998763493827e-01
3.343562782503885500e-01
6.761258921351354090e-01
5.655260989978656561e-01
4.129219164203342118e-01
1.113304686868155369e-01
1.754475792262102374e-01
3.056171497086668243e-01
7.106878248464313375e-01
1.390334016830848674e-01
2.285502587748560188e-01
2.917072795403791163e-01
5.384320977090841787e-01
3.234735527482641704e-01
2.933677364509329477e-01
4.947867901914160815e-01
7.148239539107156260e-01
3.440312150021235804e-01
5.233319995769731836e-01
5.598365940835853261e-01
4.000854268932351188e-01
9.935417876267381432e-02
1.501796880606433848e-01
3.791735874156357822e-01
6.753112185808236578e-01
1.351859099725822855e-01
2.462359909003100367e-01
2.255988280293860782e-01
6.128709454281231483e-01
3.979552688554893747e-01
2.769624055609430924e-01
4.226502437503313336e-01
7.067519873706858968e-01
4.271147308432741152e-01
5.730176791819425741e-01
5.981114229873223387e-01
3.296604648667386672e-01
1.394961014644764130e-01
1.549704931287287646e-01
2.273901810486975705e-01
7.461546372059438825e-01
2.179079047366185851e-01
1.996210114144619796e-01
3.463049280838031985e-01
6.417275658352845635e-01
3.071135029352601298e-01
2.979503980204342706e-01
4.747071533543373301e-01
7.018805226241444650e-01
4.036052795626760559e-01
6.178933506292139111e-01
6.011300464310805891e-01
3.561437781795520618e-01
1.272297535183068429e-01
1.863267123329049313e-01
2.398524916295132203e-01
6.119552571406223773e-01
1.959775432149378493e-01
1.841895639518218442e-01
3.878023416381047861e-01
6.039091993610069542e-01
4.028871699035321829e-01
3.057891329811565084e-01
4.537809372759013526e-01
6.643632110597611495e-01
3.811456072818710794e-01
6.153670348003824619e-01
6.192186987568001344e-01
3.741347595332636389e-01
9.582596229871709337e-02
1.569637828587478467e-01
3.474475006581832504e-01
6.119526219741820983e-01
1.749016655078819982e-01
2.125572596007287984e-01
2.758178561260989370e-01
6.059003410862773276e-01
2.971273363163777215e-01
2.585799375769968211e-01
4.301285138760615467e-01
5.113513665593480972e-01
5.859148089299250906e-01
6.921413256104187450e-01
4.048937466510133532e-01
5.261084045864646841e-01
2.428713441095389225e-01
2.314014151386875884e-01
7.097358639176531980e-01
7.891848098359723895e-01
3.012185600248377115e-01
4.163824906028551487e-01
8.392742969227832139e-01
5.411352167799534651e-01
1.780139103732699957e-01
4.526377679661544584e-01
3.431929708822722969e-01
3.770802743281810310e-01
2.168811289778285190e-01
4.818581061269141541e-01
1.841632672505211232e-01
2.192652319945735118e-01
1.012304326780370245e-01
4.586715957487252915e-02
3.345759272481304003e-01
1.113202956668581656e-01
3.498041777359903182e-02
7.299647782187176914e-02
1.918089772658691794e-01
8.112281014514305388e-01
2.335347130240251201e-01
1.440713770558833817e-01
3.592782105007530924e-01
6.071454391824286922e-01
2.899084686876905459e-01
3.991802861267197411e-01
2.532122674711069221e-01
3.116477500021053171e-01
6.140833763207970142e-02
4.213621771795820342e-02
3.758641800351453788e-01
3.240496202398812087e-01
8.600821640536725210e-02
1.529774458511942159e-01
2.619984261103837087e-01
6.740789658046720811e-01
1.553966773751241648e-01
2.047340392155275468e-01
4.492914182102300535e-01
6.513517289670026633e-01
5.965847671536392838e-01
8.578759320038739089e-01
5.355997195870517702e-01
3.071175909941320503e-01
2.270897641684158641e-01
9.299667571655173548e-02
3.984512497948004550e-01
3.127534875244763479e-01
2.742119523342186338e-01
2.697533048290254309e-01
3.835389760538434611e-01
4.567992975704124325e-01
3.710965390252151663e-01
3.789369791534989984e-01
2.996071272347999859e-01
