5.589597977649899407e-01
6.471222712575203095e-01
6.572599872650958241e-01
5.989090014609973478e-01
5.563737449165264692e-01
1.782318474391024199e-01
3.455498657542726559e-01
4.971386289058530306e-01
6.077989064060680402e-01
2.116657998957987008e-01
2.504292510577590392e-01
6.314467311748660494e-01
5.652939212492111842e-01
3.369790411484440140e-01
5.863081344583109811e-01
4.922603927673986912e-01
5.385022472291225437e-01
2.495285687991135593e-01
3.796120818859976542e-01
2.738280384600852990e-01
2.404325661316391582e-01
4.854497911251880876e-02
4.140474877424581146e-02
1.672033027812895034e-01
1.819967452839829358e-01
6.509935902200766900e-02
8.139369097436600919e-02
2.970549008103479660e-01
4.591405485702343969e-01
9.962499695080129225e-02
1.202922266630860604e-01
2.497889512218641750e-01
7.202596976158385234e-01
2.261905170653936703e-01
2.173173977763540876e-01
4.143662009709777605e-01
3.622014222365861347e-01
5.714176471574148458e-02
8.601210688081101230e-02
2.460458617694115391e-01
2.359969791565639796e-01
9.987941289825841285e-02
7.354152051412221613e-02
3.164236507991073921e-01
5.010064813142938167e-01
1.315276423442926224e-01
2.916823003380470958e-01
4.965187235103985519e-01
6.683608056826030319e-01
4.880048587876806843e-01
5.585475641955760517e-01
5.090572339199131990e-01
5.043236313382248870e-01
1.465609197218710469e-01
1.606815903047212335e-01
2.097531477067991479e-01
4.580032105087612493e-01
2.749837072099883262e-01
3.889782783588093817e-01
3.650061476786055636e-01
4.987115766692871710e-01
3.793037887168141387e-01
4.766588589217358174e-01
2.925780438916500970e-01
4.896162506940494041e-01
5.912357464126294371e-01
6.309224259498835696e-01
5.567040788030177545e-01
5.004434704901468134e-01
2.938907475201231190e-01
3.355500690125610697e-01
5.862616607453934314e-01
5.677772644320356887e-01
2.139026089256335084e-01
2.000335593402102208e-01
5.360669690529810127e-01
3.526518992710188094e-01
3.979091081177240641e-01
5.815274715550692308e-01
3.523537125720824781e-01
2.261675122733969867e-01
3.090490661356691815e-01
4.637647584114074073e-02
6.232249581063509930e-02
1.640414586314545009e-01
8.128947384683839206e-02
5.347669331844125962e-01
2.089678023851651856e-01
5.533914014961314187e-01
1.644197689898477255e-01
2.850222109991835673e-01
7.024425350341831353e-02
1.308475625099609352e-01
4.938811048805625270e-01
5.710247709248291725e-01
5.786560961606050935e-01
8.260793931635781462e-01
2.094852484302197615e-01
3.106449954322253459e-01
5.834432614120854677e-01
6.983588816988696157e-01
4.750549248585315687e-01
4.248989436940840969e-01
6.688787233327633253e-01
3.550194548030221053e-01
1.088952831161931062e-01
1.535263702929767771e-01
3.007749903477783260e-01
5.285291833050465016e-01
1.204639676872148457e-01
1.772707438780566913e-01
3.655609709940092489e-01
6.947705806924420191e-01
3.042729392239637010e-01
3.741555863320447650e-01
4.480538009260212617e-01
5.589597977649899407e-01
6.471222712575203095e-01
6.572599872650958241e-01
5.989090014609973478e-01
5.563737449165264692e-01
1.782318474391024199e-01
3.455498657542726559e-01
4.971386289058530306e-01
6.077989064060680402e-01
2.116657998957987008e-01
2.504292510577590392e-01
6.314467311748660494e-01
5.652939212492111842e-01
3.369790411484440140e-01
5.863081344583109811e-01
4.922603927673986912e-01
5.385022472291225437e-01
2.495285687991135593e-01
3.796120818859976542e-01
2.738280384600852990e-01
2.404325661316391582e-01
4.854497911251880876e-02
4.140474877424581146e-02
1.672033027812895034e-01
1.819967452839829358e-01
6.509935902200766900e-02
8.139369097436600919e-02
2.970549008103479660e-01
4.591405485702343969e-01
9.962499695080129225e-02
1.202922266630860604e-01
2.497889512218641750e-01
7.202596976158385234e-01
2.261905170653936703e-01
2.173173977763540876e-01
4.143662009709777605e-01
3.622014222365861347e-01
5.714176471574148458e-02
8.601210688081101230e-02
2.460458617694115391e-01
2.359969791565639796e-01
9.987941289825841285e-02
7.354152051412221613e-02
3.164236507991073921e-01
5.010064813142938167e-01
1.315276423442926224e-01
2.916823003380470958e-01
4.965187235103985519e-01
6.683608056826030319e-01
4.880048587876806843e-01
5.585475641955760517e-01
5.090572339199131990e-01
5.043236313382248870e-01
1.465609197218710469e-01
1.606815903047212335e-01
2.097531477067991479e-01
4.580032105087612493e-01
2.749837072099883262e-01
3.889782783588093817e-01
3.650061476786055636e-01
4.987115766692871710e-01
3.793037887168141387e-01
4.766588589217358174e-01
2.925780438916500970e-01
6.983410907324044681e-01
4.750549248585315687e-01
4.248989436940840969e-01
6.688787233327633253e-01
3.550194548030221053e-01
1.088952831161931062e-01
1.535263702929767771e-01
3.007725372437566325e-01
5.285151161925658592e-01
1.204639676872148457e-01
1.772707438780566913e-01
3.655609709940092489e-01
6.947705806924420191e-01
3.042729392239637010e-01
3.741555863320447650e-01
4.480538009260212617e-01
6.994178189805507762e-01
3.520664163003260350e-01
6.923447527630881559e-01
6.443503411191172647e-01
4.368605624703809087e-01
8.382685328824737714e-02
1.434490090400510898e-01
2.641104190811578989e-01
6.625905626683935568e-01
1.211487549741973591e-01
1.825660567451909966e-01
3.587183041637982406e-01
6.493786924898901081e-01
2.473100526818614586e-01
3.412226256451712514e-01
4.344597609898907531e-01
7.350141441665630770e-01
3.476762863620343480e-01
5.588845076434727499e-01
6.179594865926995029e-01
4.051657752781768762e-01
7.310618946497149384e-02
1.178513591925721138e-01
3.397572365237030434e-01
6.220148389750013163e-01
1.089515767087026882e-01
2.354169324771480387e-01
2.585322285261027475e-01
7.268869442427782213e-01
3.427890334387796445e-01
2.364180176914667530e-01
3.928274161225309147e-01
7.592853658954400453e-01
3.959334312081062013e-01
5.875708936726782294e-01
6.456757444092483533e-01
3.298614201680716840e-01
1.229410595373846837e-01
1.222955651462790394e-01
1.773199672208105593e-01
7.288746749174935813e-01
1.887741274596999586e-01
1.861428072755072494e-01
3.549150336408607442e-01
6.886418039919179890e-01
2.574970872590222615e-01
2.938524345458701226e-01
4.771247312718909228e-01
7.352782811064494384e-01
4.060124536771286263e-01
6.121397752117585522e-01
6.609756541160873855e-01
3.037861032508997750e-01
1.145109501129451951e-01
1.743413958921439799e-01
1.953370769664682371e-01
6.404652669759336447e-01
1.345099728539306816e-01
1.776157435211922486e-01
4.091603101550413957e-01
6.817882645021444699e-01
3.819637157156924867e-01
2.673911534520320155e-01
4.331673864618351133e-01
7.349699422401845261e-01
3.322944698675371900e-01
5.804013767278334290e-01
6.820020149610946936e-01
3.449733619774907889e-01
8.802761147105384043e-02
1.391752172351269079e-01
2.858386192817409799e-01
5.924700293933972128e-01
1.382051194722665466e-01
2.113422114539273422e-01
2.796385085799015235e-01
6.501951406143409162e-01
2.690148743823899680e-01
2.447884045896094873e-01
4.306419243290360299e-01
5.589597977649899407e-01
6.471222712575201985e-01
6.572599872650959352e-01
5.989090014609973478e-01
5.563737449165264692e-01
1.782318474391024199e-01
3.455498657542727114e-01
4.971386289058531416e-01
6.077989064060679292e-01
2.116657998957987286e-01
2.504292510577590392e-01
6.314467311748660494e-01
5.652939212492111842e-01
3.369790411484440140e-01
5.863081344583109811e-01
4.922603927673986912e-01
5.385022472291226547e-01
2.495285687991135593e-01
3.796120818859977097e-01
2.738280384600852990e-01
2.404325661316391582e-01
4.854497911251880876e-02
4.140474877424581146e-02
1.672033027812895034e-01
1.819967452839829358e-01
6.509935902200766900e-02
8.139369097436602307e-02
2.970549008103479105e-01
4.591405485702343414e-01
9.962499695080126449e-02
1.202922266630861159e-01
2.497889512218641750e-01
7.202596976158385234e-01
2.261905170653936703e-01
2.173173977763541154e-01
4.143662009709776495e-01
3.622014222365861347e-01
5.714176471574149152e-02
8.601210688081101230e-02
2.460458617694114836e-01
2.359969791565639796e-01
9.987941289825841285e-02
7.354152051412221613e-02
3.164236507991074476e-01
5.010064813142938167e-01
1.315276423442926224e-01
2.916823003380470958e-01
4.965187235103986629e-01
6.683608056826030319e-01
4.880048587876806843e-01
5.585475641955761628e-01
5.090572339199131990e-01
5.043236313382248870e-01
1.465609197218710469e-01
1.606815903047212057e-01
2.097531477067990924e-01
4.580032105087612493e-01
2.749837072099883262e-01
3.889782783588093817e-01
3.650061476786055636e-01
4.987115766692871710e-01
3.793037887168141942e-01
4.766588589217358729e-01
2.925780438916500970e-01
