4.361767066689342109e-01
4.701731258213261988e-01
3.790287169290939562e-01
5.508131796594424312e-01
2.862217832520831395e-01
2.174683622679580708e-01
2.616630357133815643e-01
4.232403783768435845e-01
2.720340569629277061e-01
2.117033501611091939e-01
8.500117509794112569e-02
4.091925458207903432e-01
4.647983000897094041e-01
5.573911497628706302e-01
3.549012626242039614e-01
4.833603097527690018e-01
4.722614940248061055e-01
2.231062382136186628e-01
2.591994279377012877e-01
4.349400656904562346e-01
3.521973756474051642e-01
1.532287384996700863e-01
1.214869475323089032e-01
3.442946330203032757e-01
1.950953769064991961e-01
1.092924119095889240e-01
1.389026732751249826e-01
4.012928299424478040e-01
3.516386947136188046e-01
2.972367891636180093e-01
1.838172215954719801e-01
5.340548948847901878e-01
4.589979681742119011e-01
1.686682220774129159e-01
1.482944272483542603e-01
3.160476271415612048e-01
2.880756760395397631e-01
1.189654903793721241e-01
1.028470221188602235e-01
3.779637364073772376e-01
1.885679469488595328e-01
1.043538170716478558e-01
5.825708202077339165e-02
1.296933109064658252e-01
3.255838099951983144e-01
2.529766984904683880e-01
1.825111383843014135e-01
5.670629597682840251e-01
5.256319285917544493e-01
3.318954067866273228e-01
3.293507377112805390e-01
4.153527985670525946e-01
7.631573296655037586e-01
4.656383890317052354e-01
2.955661808499069898e-01
5.457737315295434488e-01
3.297494107249997475e-01
3.895080760029644984e-01
2.545817018090246742e-01
4.949132586372084752e-01
3.599254218993470644e-01
8.372536418166238725e-01
6.510627484261722886e-01
5.516005567419449696e-01
5.693870358164790924e-01
5.220973332871945427e-01
6.795191281077206380e-01
5.289173794224956149e-01
4.044751385733966753e-01
1.981661607603491526e-01
3.376908150973264577e-01
4.089162776977189329e-01
5.611774852076427678e-01
2.919338427543807235e-01
2.059014357665181483e-01
4.391008172195114412e-01
3.899529659469975762e-01
3.898964351987596055e-01
6.299493368710007424e-01
2.198963893603131103e-01
2.072745640434108805e-01
2.842094786886244506e-01
9.280280745734378889e-02
1.411259734456786208e-01
2.336549582387274226e-01
1.150767720452918058e-01
3.465829435696442529e-01
2.818947163279604817e-01
6.930136936053625796e-01
1.952577227414616368e-01
3.125811694773239502e-01
1.089418871074054607e-01
2.864720534248646477e-01
3.272855142720427768e-01
4.303954297531256690e-01
6.120248788754081293e-01
5.702458648532060526e-01
3.543115318974661143e-01
2.198217232471941784e-01
7.560525344422670546e-01
5.255804253270904836e-01
2.983054245713163133e-01
1.824137913282212753e-01
6.213606973475347406e-01
3.353102088809719605e-01
2.547192183717691960e-01
2.099692731605050378e-01
5.381877255070335320e-01
2.908516304190579826e-01
1.708807945167437059e-01
1.140326683644907607e-01
3.124168654992096061e-01
5.055566417195854756e-01
6.953229094369154373e-01
3.527064120254507773e-01
6.586819411087377896e-01
4.361767066689342109e-01
4.701731258213261988e-01
3.790287169290939562e-01
5.508131796594424312e-01
2.862217832520831395e-01
2.174683622679580708e-01
2.616630357133815643e-01
4.232403783768435845e-01
2.720340569629277061e-01
2.117033501611091939e-01
8.500117509794112569e-02
4.091925458207903432e-01
4.647983000897094041e-01
5.573911497628706302e-01
3.549012626242039614e-01
4.833603097527690018e-01
4.722614940248061055e-01
2.231062382136186628e-01
2.591994279377012877e-01
4.349400656904562346e-01
3.521973756474051642e-01
1.532287384996700863e-01
1.214869475323089032e-01
3.442946330203032757e-01
1.950953769064991961e-01
1.092924119095889240e-01
1.389026732751249826e-01
4.012928299424478040e-01
3.516386947136188046e-01
2.972367891636180093e-01
1.838172215954719801e-01
5.340548948847901878e-01
4.589979681742119011e-01
1.686682220774129159e-01
1.482944272483542603e-01
3.160476271415612048e-01
2.880756760395397631e-01
1.189654903793721241e-01
1.028470221188602235e-01
3.779637364073772376e-01
1.885679469488595328e-01
1.043538170716478558e-01
5.825708202077339165e-02
1.296933109064658252e-01
3.255838099951983144e-01
2.529766984904683880e-01
1.825111383843014135e-01
5.670629597682840251e-01
5.256319285917544493e-01
3.318954067866273228e-01
3.293507377112805390e-01
4.153527985670525946e-01
7.631573296655037586e-01
4.656383890317052354e-01
2.955661808499069898e-01
5.457737315295434488e-01
3.297494107249997475e-01
3.895080760029644984e-01
2.545817018090246742e-01
4.949132586372084752e-01
3.599254218993470644e-01
8.372536418166238725e-01
6.510627484261722886e-01
5.516005567419449696e-01
5.255670359595794316e-01
2.983054245713163133e-01
1.824137913282212753e-01
6.213606973475347406e-01
3.353102088809719605e-01
2.547192183717691960e-01
2.099692731605050378e-01
5.381861053224975544e-01
2.908304718032387881e-01
1.708807945167437059e-01
1.140326683644907607e-01
3.124168654992096061e-01
5.055566417195854756e-01
6.953229094369154373e-01
3.527064120254507773e-01
6.586819411087377896e-01
4.647390384497397386e-01
3.735388111243427844e-01
2.890428622584527152e-01
5.633550206170679919e-01
4.177448288818754185e-01
1.745212054077635300e-01
2.013989827373524333e-01
5.535513321899450112e-01
3.692687680466414379e-01
1.633905063038325889e-01
1.197041427869750679e-01
3.148358433739362194e-01
5.407328718282482516e-01
6.134671977864772918e-01
3.565995766032266090e-01
6.636237900358262776e-01
4.532876471609955660e-01
3.483732638262581616e-01
2.967112357923547550e-01
5.264697750914745233e-01
3.750544551146987038e-01
1.872156993713987583e-01
1.535637313596291409e-01
7.407666976789735180e-01
3.393341765918939101e-01
1.442128981792300535e-01
1.270464801790504861e-01
3.096974015876567399e-01
6.249982189286537038e-01
7.606734424048912091e-01
3.373356621942089628e-01
5.959266689413339479e-01
4.518027854334732418e-01
4.750716871093861871e-01
2.478944006351816443e-01
5.778633755532378569e-01
3.956606891793149061e-01
2.221255709350189456e-01
1.408441635502246658e-01
4.851547663483810613e-01
4.013781850794009287e-01
1.971614521736186898e-01
1.487215250559863478e-01
3.553305829368603730e-01
6.168827172929945979e-01
6.764665108904135415e-01
2.816886694736661645e-01
6.872794809185233111e-01
4.332130964941501849e-01
4.653637677732265776e-01
2.876775571753976135e-01
6.067451253400394373e-01
3.776018744139462702e-01
2.264247585995760037e-01
1.820822353986774611e-01
4.929206192559602573e-01
3.317058170557455332e-01
1.615120497317888981e-01
1.385239633994341801e-01
3.780705324382440669e-01
6.017891995697145502e-01
7.639611845816685065e-01
2.944576415316528806e-01
6.529647582004226569e-01
4.223716483761376095e-01
3.662820761136363901e-01
2.648119607128072150e-01
6.202940427882558394e-01
3.487537811618531269e-01
1.908341091562256731e-01
1.731495912902727419e-01
5.740806914916534165e-01
2.651845040384835928e-01
1.742226055902513782e-01
1.211756439423295056e-01
3.135235019994483951e-01
6.027300412823635156e-01
6.369557526483693444e-01
2.845705962288618274e-01
6.298490378428743819e-01
4.361767066689342109e-01
4.701731258213262543e-01
3.790287169290940117e-01
5.508131796594424312e-01
2.862217832520831395e-01
2.174683622679580153e-01
2.616630357133816198e-01
4.232403783768436956e-01
2.720340569629277061e-01
2.117033501611092217e-01
8.500117509794111181e-02
4.091925458207902877e-01
4.647983000897094041e-01
5.573911497628706302e-01
3.549012626242039059e-01
4.833603097527690573e-01
4.722614940248061055e-01
2.231062382136186628e-01
2.591994279377012877e-01
4.349400656904562346e-01
3.521973756474051642e-01
1.532287384996700863e-01
1.214869475323089032e-01
3.442946330203032201e-01
1.950953769064991961e-01
1.092924119095889240e-01
1.389026732751249826e-01
4.012928299424477485e-01
3.516386947136188046e-01
2.972367891636178983e-01
1.838172215954720634e-01
5.340548948847901878e-01
4.589979681742120121e-01
1.686682220774128882e-01
1.482944272483542603e-01
3.160476271415612048e-01
2.880756760395398186e-01
1.189654903793721519e-01
1.028470221188602235e-01
3.779637364073771266e-01
1.885679469488595328e-01
1.043538170716478558e-01
5.825708202077339859e-02
1.296933109064658529e-01
3.255838099951982034e-01
2.529766984904683880e-01
1.825111383843014412e-01
5.670629597682841361e-01
5.256319285917545603e-01
3.318954067866272672e-01
3.293507377112805945e-01
4.153527985670525946e-01
7.631573296655038696e-01
4.656383890317051799e-01
2.955661808499069898e-01
5.457737315295432268e-01
3.297494107249997475e-01
3.895080760029644984e-01
2.545817018090246742e-01
4.949132586372084752e-01
3.599254218993471199e-01
8.372536418166238725e-01
6.510627484261722886e-01
5.516005567419449696e-01
