5.133309001321286758e-01
6.094675128551391152e-01
6.399687972136627323e-01
4.574024958431459065e-01
3.621071507712806947e-01
1.742995554535912150e-01
4.253681378514702627e-01
4.309388051635557604e-01
5.861372649571445770e-01
2.478119816080122106e-01
3.506609558321562292e-01
5.588439246685563688e-01
5.525210770329800347e-01
2.995527928603601842e-01
4.785835714640360727e-01
3.784722376793959175e-01
4.381067299409607263e-01
2.055614179751747150e-01
3.936723731031354090e-01
1.428491550046089298e-01
1.460338855505642353e-01
9.557605233401882117e-02
1.377436498793704889e-01
1.847505000174886891e-01
2.302619425065789427e-01
9.317248632713744094e-02
2.458739215709618564e-01
3.555649340856471552e-01
3.717299571902392685e-01
1.134762036921357631e-01
1.332186481082741902e-01
2.896109278561367351e-01
7.296315448231842637e-01
2.099887820596153531e-01
3.471448587089740467e-01
4.142245781770111934e-01
4.420511113191590291e-01
9.000692031720143593e-02
1.514021178257789202e-01
2.903017814586600909e-01
3.823547073938915464e-01
1.570576463973241133e-01
2.140639402307245587e-01
3.259051027720344385e-01
4.688786326072128530e-01
1.706582868886447613e-01
2.811996152245379577e-01
5.653448026402349003e-01
5.440326241711472832e-01
3.962314643058617025e-01
4.263383053630300790e-01
5.218897885177206097e-01
4.177194552845515663e-01
2.060167446238183320e-01
1.925526112548277824e-01
2.065339619659966042e-01
4.250585120159977581e-01
3.868808366647496499e-01
3.002151542227666225e-01
4.139968722173432703e-01
3.834892191698955899e-01
3.878597502615354076e-01
5.716504285871925051e-01
3.167630432971987320e-01
4.774999746986060556e-01
6.087257864386952377e-01
6.531437747345567590e-01
4.265236658425178295e-01
4.018430109250074045e-01
2.975294171977292401e-01
4.082675246224999333e-01
5.052602264313277303e-01
5.490729254335920961e-01
2.628404327114638450e-01
2.645264971145759869e-01
5.366015901702108071e-01
3.360958263219688824e-01
2.748056676607381066e-01
5.677504501964587558e-01
3.008745142795118399e-01
2.437327152547419939e-01
1.625285597802267612e-01
1.407869245425045490e-01
2.031899810698313547e-01
2.056276406921198063e-01
1.309152134194602191e-01
4.114342897563567636e-01
3.060650295254161990e-01
5.651304018156367848e-01
1.756820133063717315e-01
4.068194480509529365e-01
1.206797119175628263e-01
2.524778617862572516e-01
4.333921500940943750e-01
4.517674276238998754e-01
4.937584000083264368e-01
7.171692250699162052e-01
2.407398620288752067e-01
4.313040759915967026e-01
5.429375153133155774e-01
6.171438822989572248e-01
3.934205932117061377e-01
4.443277295864260790e-01
5.663051513108967594e-01
2.313055547504105913e-01
1.518490130471076005e-01
2.394505944438643230e-01
3.050751416668614491e-01
5.994050572561517853e-01
1.931381323379575687e-01
2.899235533566059120e-01
3.898969093490637916e-01
5.983146395597594980e-01
3.156525270935313099e-01
3.793103338636794608e-01
4.406296643012303504e-01
5.133309001321286758e-01
6.094675128551391152e-01
6.399687972136627323e-01
4.574024958431459065e-01
3.621071507712806947e-01
1.742995554535912150e-01
4.253681378514702627e-01
4.309388051635557604e-01
5.861372649571445770e-01
2.478119816080122106e-01
3.506609558321562292e-01
5.588439246685563688e-01
5.525210770329800347e-01
2.995527928603601842e-01
4.785835714640360727e-01
3.784722376793959175e-01
4.381067299409607263e-01
2.055614179751747150e-01
3.936723731031354090e-01
1.428491550046089298e-01
1.460338855505642353e-01
9.557605233401882117e-02
1.377436498793704889e-01
1.847505000174886891e-01
2.302619425065789427e-01
9.317248632713744094e-02
2.458739215709618564e-01
3.555649340856471552e-01
3.717299571902392685e-01
1.134762036921357631e-01
1.332186481082741902e-01
2.896109278561367351e-01
7.296315448231842637e-01
2.099887820596153531e-01
3.471448587089740467e-01
4.142245781770111934e-01
4.420511113191590291e-01
9.000692031720143593e-02
1.514021178257789202e-01
2.903017814586600909e-01
3.823547073938915464e-01
1.570576463973241133e-01
2.140639402307245587e-01
3.259051027720344385e-01
4.688786326072128530e-01
1.706582868886447613e-01
2.811996152245379577e-01
5.653448026402349003e-01
5.440326241711472832e-01
3.962314643058617025e-01
4.263383053630300790e-01
5.218897885177206097e-01
4.177194552845515663e-01
2.060167446238183320e-01
1.925526112548277824e-01
2.065339619659966042e-01
4.250585120159977581e-01
3.868808366647496499e-01
3.002151542227666225e-01
4.139968722173432703e-01
3.834892191698955899e-01
3.878597502615354076e-01
5.716504285871925051e-01
3.167630432971987320e-01
6.171281603164611163e-01
3.934205932117061377e-01
4.443277295864260790e-01
5.663051513108967594e-01
2.313055547504105913e-01
1.518490130471076005e-01
2.394505944438643230e-01
3.050727036491400757e-01
5.993931048427272312e-01
1.931381323379575687e-01
2.899235533566059120e-01
3.898969093490637916e-01
5.983146395597594980e-01
3.156525270935313099e-01
3.793103338636794608e-01
4.406296643012303504e-01
6.204659711140642075e-01
3.368418126642370169e-01
7.301941108919507428e-01
5.022555211710983958e-01
3.190047807000731539e-01
1.019742691357077569e-01
2.697284228598858524e-01
2.554317253252239572e-01
7.654766211679887578e-01
1.633706270773026825e-01
3.180134776869733004e-01
4.068555236503237360e-01
5.207217036216682526e-01
2.892956270857202083e-01
3.081588825287544520e-01
4.644606837492098461e-01
5.704002388217396247e-01
3.433100265564375531e-01
6.837442128445396783e-01
5.063395151110080539e-01
4.394604385720378703e-01
8.477026083014115032e-02
1.461882887203757586e-01
3.811837799937675131e-01
7.502839554374487463e-01
1.560778719904210576e-01
3.023792031518813817e-01
3.741568588428695885e-01
5.884739624539636615e-01
3.958276448633502032e-01
4.041401773911336148e-01
3.388479613127422518e-01
6.174557177866745183e-01
3.817089583696000599e-01
6.101091224522561252e-01
5.761732795930443185e-01
2.783412237469144457e-01
1.552623946736987059e-01
1.828357996011937825e-01
1.997237597699694778e-01
8.597654508783675320e-01
2.196651136420306738e-01
3.162227828149957176e-01
4.225000909239398084e-01
5.915256883914061792e-01
3.062764476360819166e-01
3.762149900514267231e-01
4.201348018855608490e-01
6.063460427386870855e-01
3.830068399901532250e-01
7.263906243449600453e-01
5.405502910968356112e-01
3.357673173747207085e-01
1.298318034069769200e-01
2.067484655402467841e-01
2.229930310040966757e-01
7.195968304634230428e-01
1.928737229363252925e-01
2.795967865333678914e-01
4.894088688550330968e-01
5.431246597878347515e-01
4.185498529724406835e-01
3.703922474644000262e-01
4.125490242368284322e-01
5.941873055053373820e-01
3.275785568163971373e-01
7.396395782178885048e-01
5.352338709081222445e-01
3.501879097913359051e-01
8.522822695707252261e-02
1.967443689236172966e-01
3.316210527506276429e-01
7.440447784135836296e-01
2.139178338176490057e-01
2.743493493476405476e-01
3.653861183043315974e-01
5.063003945174541220e-01
3.088071713086370518e-01
3.453821946363687667e-01
4.091591539759718010e-01
5.133309001321286758e-01
6.094675128551391152e-01
6.399687972136629543e-01
4.574024958431459620e-01
3.621071507712807502e-01
1.742995554535912150e-01
4.253681378514703182e-01
4.309388051635557604e-01
5.861372649571445770e-01
2.478119816080122384e-01
3.506609558321562847e-01
5.588439246685563688e-01
5.525210770329800347e-01
2.995527928603601842e-01
4.785835714640360172e-01
3.784722376793959731e-01
4.381067299409608373e-01
2.055614179751747150e-01
3.936723731031354645e-01
1.428491550046089298e-01
1.460338855505642353e-01
9.557605233401882117e-02
1.377436498793704611e-01
1.847505000174886614e-01
2.302619425065789427e-01
9.317248632713742706e-02
2.458739215709618842e-01
3.555649340856470997e-01
3.717299571902391575e-01
1.134762036921357353e-01
1.332186481082742457e-01
2.896109278561367351e-01
7.296315448231841527e-01
2.099887820596153531e-01
3.471448587089741022e-01
4.142245781770110824e-01
4.420511113191590291e-01
9.000692031720144981e-02
1.514021178257789202e-01
2.903017814586600354e-01
3.823547073938915464e-01
1.570576463973241410e-01
2.140639402307245309e-01
3.259051027720344385e-01
4.688786326072127419e-01
1.706582868886447890e-01
2.811996152245380132e-01
5.653448026402350113e-01
5.440326241711472832e-01
3.962314643058616470e-01
4.263383053630301345e-01
5.218897885177206097e-01
4.177194552845515663e-01
2.060167446238183042e-01
1.925526112548277824e-01
2.065339619659965487e-01
4.250585120159978136e-01
3.868808366647497055e-01
3.002151542227666225e-01
4.139968722173432703e-01
3.834892191698956454e-01
3.878597502615354076e-01
5.716504285871926161e-01
3.167630432971987320e-01
