1.175919709688131309e-01
4.125299964949853404e-01
4.003326024684822904e-01
2.796305448598744858e-01
2.431707308053818184e-01
5.398208056940527744e-01
3.864126328425508405e-01
5.958639327073413927e-01
2.466423080005354374e-01
3.236717916447772181e-01
2.650482378063637179e-01
7.886621782239927603e-01
4.702160528246779325e-01
4.467581686354075154e-01
2.492493473158063078e-01
2.296105098441737213e-01
2.836763553898503654e-01
3.560857827004469400e-01
4.082108254122029933e-01
4.760643053943676706e-01
4.718292584961601421e-01
1.655540390989501398e-01
1.133204590047788562e-01
5.725897749399990744e-01
1.816390796887535075e-01
9.444649885472621020e-02
1.420695354067652294e-01
4.805140923709087519e-01
4.383137394991398761e-01
3.873265922594656963e-01
4.096653273610639800e-01
5.891640178095144398e-01
3.228718420491529795e-01
2.243721879503444150e-01
2.210889497460284403e-01
2.262879795352473189e-01
3.518190014644386188e-01
1.951725514896279767e-01
8.889462032072160957e-02
4.513260065837897961e-01
1.158239907923175188e-01
1.403002075219696443e-01
8.805830455451529870e-02
2.829295331312861594e-01
6.705497831357639660e-01
4.573996119713559794e-01
2.813124517844341477e-01
5.489387685713872367e-01
4.513568102884716327e-01
7.429342621309604766e-01
7.083875018771038645e-01
3.177094150022303221e-01
7.081857677270575468e-01
3.467987656956547093e-01
2.475177925664881484e-01
6.648605156529103777e-01
3.471705516937398928e-01
4.878564204742713017e-01
2.183780083521966453e-01
5.968960599451536009e-01
3.522886961685490759e-01
5.684491464022098928e-01
5.252048443815593437e-01
1.779002930341063993e-01
1.704186020538737134e-01
4.749774796613554506e-01
7.424216938074255090e-01
2.597123981797122005e-01
4.433186336437937580e-01
5.000238406827275384e-01
4.455469955709160379e-01
7.371879075853877694e-01
6.294511017704986777e-01
4.058422158350961095e-01
4.290046635642973949e-01
3.909563306588897946e-01
2.867684081329893719e-01
3.674415838254480038e-01
4.474370032099275196e-01
4.418113611602736412e-01
4.605126271499475621e-01
3.467661702282389680e-01
1.140389115182231516e-01
1.374557050799299907e-01
2.039654424862868409e-01
9.945439463152852544e-02
6.047748609764755923e-01
3.863592403143106258e-01
4.256201358269876556e-01
3.339186092446362886e-01
4.156199056321713270e-01
1.732264506832035811e-01
1.745476743499274064e-01
7.042618507768978464e-01
3.941329299206443593e-01
5.953953403418230650e-01
4.562037547717223140e-01
4.553251390243540087e-01
3.401158824076702114e-01
6.381924862365850881e-01
2.638864096739041987e-01
5.240018265774066819e-01
3.792665975572185877e-01
4.316197561258762749e-01
3.724080061822568899e-01
3.392032171501431770e-01
2.143731468053902967e-01
7.518379550812335221e-01
2.467896542654769987e-01
2.303119505307169579e-01
1.597675042841797399e-01
5.785086356498498894e-01
6.186289364175646677e-01
6.580720051348341038e-01
4.158149045246532505e-01
3.869466751151779405e-01
1.175919709688131309e-01
4.125299964949853404e-01
4.003326024684822904e-01
2.796305448598744858e-01
2.431707308053818184e-01
5.398208056940527744e-01
3.864126328425508405e-01
5.958639327073413927e-01
2.466423080005354374e-01
3.236717916447772181e-01
2.650482378063637179e-01
7.886621782239927603e-01
4.702160528246779325e-01
4.467581686354075154e-01
2.492493473158063078e-01
2.296105098441737213e-01
2.836763553898503654e-01
3.560857827004469400e-01
4.082108254122029933e-01
4.760643053943676706e-01
4.718292584961601421e-01
1.655540390989501398e-01
1.133204590047788562e-01
5.725897749399990744e-01
1.816390796887535075e-01
9.444649885472621020e-02
1.420695354067652294e-01
4.805140923709087519e-01
4.383137394991398761e-01
3.873265922594656963e-01
4.096653273610639800e-01
5.891640178095144398e-01
3.228718420491529795e-01
2.243721879503444150e-01
2.210889497460284403e-01
2.262879795352473189e-01
3.518190014644386188e-01
1.951725514896279767e-01
8.889462032072160957e-02
4.513260065837897961e-01
1.158239907923175188e-01
1.403002075219696443e-01
8.805830455451529870e-02
2.829295331312861594e-01
6.705497831357639660e-01
4.573996119713559794e-01
2.813124517844341477e-01
5.489387685713872367e-01
4.513568102884716327e-01
7.429342621309604766e-01
7.083875018771038645e-01
3.177094150022303221e-01
7.081857677270575468e-01
3.467987656956547093e-01
2.475177925664881484e-01
6.648605156529103777e-01
3.471705516937398928e-01
4.878564204742713017e-01
2.183780083521966453e-01
5.968960599451536009e-01
3.522886961685490759e-01
5.684491464022098928e-01
5.252048443815593437e-01
1.779002930341063993e-01
2.638796870640998105e-01
5.240018265774066819e-01
3.792665975572185877e-01
4.316197561258762749e-01
3.724080061822568899e-01
3.392032171501431770e-01
2.143731468053902967e-01
7.518370844497459515e-01
2.467671809876412214e-01
2.303119505307169579e-01
1.597675042841797399e-01
5.785086356498498894e-01
6.186289364175646677e-01
6.580720051348341038e-01
4.158149045246532505e-01
3.869466751151779405e-01
2.731787326458326448e-01
4.902979525705671304e-01
4.175660674479325096e-01
4.264497051848925024e-01
3.841845589144668449e-01
2.266572404755783088e-01
3.102319125291479462e-01
6.976722383192299759e-01
4.612211773523366976e-01
2.723464817115794356e-01
1.875543919518032343e-01
3.559106503976533498e-01
5.045758513863020100e-01
6.312495552513506247e-01
3.897623863708069569e-01
4.578271358524321211e-01
3.172221891586035625e-01
3.853934789048557019e-01
3.048681144248733266e-01
4.074688474568852747e-01
4.383706822673602010e-01
2.563853300727897411e-01
2.761820908690681975e-01
7.678414751500055591e-01
3.758676446305241337e-01
2.623869895886629111e-01
1.963027016109587242e-01
3.774355926915488602e-01
4.641585807800524544e-01
8.186758185599872784e-01
4.519524597297202018e-01
4.396386110730944319e-01
3.216038089178698822e-01
5.337739293090592030e-01
2.347692569354888903e-01
4.614451105969421540e-01
4.603744385946864637e-01
2.957881825637503348e-01
2.997482308931601058e-01
4.493644931728785208e-01
4.528597795043577401e-01
3.291526230492565208e-01
1.975019643318063345e-01
4.910333588251265535e-01
4.610164101973028838e-01
7.487475009553545835e-01
3.586457145751738573e-01
5.293256577006824060e-01
3.134929119425565180e-01
5.884984828338160057e-01
2.826089862102635908e-01
4.450388005367193478e-01
4.257102351835317378e-01
3.123516962971378819e-01
3.255205494949287015e-01
5.169784617207446864e-01
3.614014506953322492e-01
2.577485335673486144e-01
2.297814111957035554e-01
4.548022009921154352e-01
4.559504295596213952e-01
7.514145921713697440e-01
3.669178016167700118e-01
5.305310436347265846e-01
3.021308489461855817e-01
3.905834257870446358e-01
3.005163935312551438e-01
4.774497190449182860e-01
4.182665919800198639e-01
2.709799027084207057e-01
2.821415407946724074e-01
5.754651934352659204e-01
2.764558830564440850e-01
3.090812159535833437e-01
1.900688924358271414e-01
3.991849788124582354e-01
4.465976666396894723e-01
6.452971542220773404e-01
3.882604281385145795e-01
4.842879186189302798e-01
1.175919709688131309e-01
4.125299964949852849e-01
4.003326024684823459e-01
2.796305448598744858e-01
2.431707308053818462e-01
5.398208056940527744e-01
3.864126328425508961e-01
5.958639327073415037e-01
2.466423080005354651e-01
3.236717916447773291e-01
2.650482378063636624e-01
7.886621782239926493e-01
4.702160528246779880e-01
4.467581686354076265e-01
2.492493473158063355e-01
2.296105098441737491e-01
2.836763553898504209e-01
3.560857827004469400e-01
4.082108254122030488e-01
4.760643053943676706e-01
4.718292584961601421e-01
1.655540390989501676e-01
1.133204590047788562e-01
5.725897749399990744e-01
1.816390796887535075e-01
9.444649885472621020e-02
1.420695354067652572e-01
4.805140923709086409e-01
4.383137394991398206e-01
3.873265922594655852e-01
4.096653273610639800e-01
5.891640178095144398e-01
3.228718420491529795e-01
2.243721879503443595e-01
2.210889497460284681e-01
2.262879795352473467e-01
3.518190014644386743e-01
1.951725514896279767e-01
8.889462032072160957e-02
4.513260065837897406e-01
1.158239907923175049e-01
1.403002075219696443e-01
8.805830455451529870e-02
2.829295331312862705e-01
6.705497831357638550e-01
4.573996119713560349e-01
2.813124517844341477e-01
5.489387685713873477e-01
4.513568102884716882e-01
7.429342621309603656e-01
7.083875018771039755e-01
3.177094150022303221e-01
7.081857677270575468e-01
3.467987656956546538e-01
2.475177925664881484e-01
6.648605156529101556e-01
3.471705516937398928e-01
4.878564204742713017e-01
2.183780083521966453e-01
5.968960599451536009e-01
3.522886961685491314e-01
5.684491464022098928e-01
5.252048443815594547e-01
1.779002930341063993e-01
