5.972212387837513292e-01
5.995419342632133386e-01
6.796739460574935388e-01
5.925189260000675029e-01
5.015212794276392438e-01
1.634477932599660011e-01
3.119710873220968295e-01
4.993593143756056563e-01
6.242939376261096296e-01
1.853747743411613969e-01
2.697548612008032753e-01
6.732895849731304061e-01
5.770110707613101964e-01
3.646807833061044279e-01
6.119475684821338302e-01
4.643715743116940131e-01
5.070647966545775986e-01
2.227245337855372209e-01
3.546478923663679006e-01
2.675978309792904630e-01
2.043850226255243263e-01
4.504841175471377412e-02
4.286588875385965308e-02
2.006773624762137609e-01
1.759841320328660030e-01
5.973969306720856853e-02
8.264803094333401934e-02
2.807016433234655328e-01
4.681893849660943574e-01
1.156158550155798881e-01
1.470333610530426272e-01
2.621078104159071387e-01
7.279982364283470453e-01
2.373576469198120376e-01
2.359656658065712731e-01
4.013525819658975702e-01
3.246555252850000794e-01
5.409363091997822920e-02
8.648062770278168443e-02
2.746752776011450181e-01
2.493868341941776756e-01
1.050507044210275687e-01
8.476063220504537199e-02
2.937688228858763573e-01
4.817861816185207147e-01
1.690499238289524808e-01
2.565541955328458079e-01
5.007794038092361344e-01
6.671181895399002082e-01
4.409747019905609355e-01
5.785176177743343029e-01
5.354504221676281706e-01
5.447652479649205404e-01
1.634608334351704828e-01
1.593642312238898184e-01
2.237459381248876333e-01
4.636048729864143958e-01
2.962238787730660516e-01
3.701693882312238060e-01
3.476292848378799150e-01
5.030528113213948993e-01
3.639557619454967807e-01
4.524899225949386428e-01
3.005218719504433866e-01
5.161296307462533983e-01
5.638435111565762714e-01
6.575299512370256227e-01
5.382489426398142651e-01
4.518158624875784346e-01
2.699676399252852743e-01
3.088748448727360318e-01
6.132370398754443119e-01
5.904935768538996932e-01
2.142719642950232095e-01
2.288696679778173815e-01
5.554114505244502897e-01
3.569411819416202780e-01
4.055315455981043371e-01
5.494612437886743361e-01
2.926099764395110325e-01
2.324962583450728149e-01
2.655908852996126113e-01
5.016975539467345702e-02
6.385943149661514606e-02
1.600866905516726835e-01
7.848431514578868562e-02
5.509785356138507950e-01
2.314222947581389134e-01
5.480601705317962313e-01
1.904073898617636429e-01
2.753066186816688354e-01
7.127472504760626326e-02
1.485816091816770101e-01
4.614292521687582416e-01
5.729727412788748753e-01
6.087923184444141711e-01
8.271632713619962995e-01
2.027064416857020657e-01
3.118195570032509245e-01
5.892941628587600178e-01
7.116620274542241331e-01
4.272194634364959165e-01
4.395119549207529008e-01
6.711492608696569828e-01
3.147288190200813185e-01
1.068739437661995334e-01
1.471305833422270892e-01
3.311860240522085386e-01
5.408814871086415899e-01
1.179444619959886809e-01
1.809810546615798210e-01
3.556995666089003971e-01
6.990564462917521205e-01
3.269947084622210065e-01
3.691935863097963177e-01
4.456700438989569801e-01
5.972212387837513292e-01
5.995419342632133386e-01
6.796739460574935388e-01
5.925189260000675029e-01
5.015212794276392438e-01
1.634477932599660011e-01
3.119710873220968295e-01
4.993593143756056563e-01
6.242939376261096296e-01
1.853747743411613969e-01
2.697548612008032753e-01
6.732895849731304061e-01
5.770110707613101964e-01
3.646807833061044279e-01
6.119475684821338302e-01
4.643715743116940131e-01
5.070647966545775986e-01
2.227245337855372209e-01
3.546478923663679006e-01
2.675978309792904630e-01
2.043850226255243263e-01
4.504841175471377412e-02
4.286588875385965308e-02
2.006773624762137609e-01
1.759841320328660030e-01
5.973969306720856853e-02
8.264803094333401934e-02
2.807016433234655328e-01
4.681893849660943574e-01
1.156158550155798881e-01
1.470333610530426272e-01
2.621078104159071387e-01
7.279982364283470453e-01
2.373576469198120376e-01
2.359656658065712731e-01
4.013525819658975702e-01
3.246555252850000794e-01
5.409363091997822920e-02
8.648062770278168443e-02
2.746752776011450181e-01
2.493868341941776756e-01
1.050507044210275687e-01
8.476063220504537199e-02
2.937688228858763573e-01
4.817861816185207147e-01
1.690499238289524808e-01
2.565541955328458079e-01
5.007794038092361344e-01
6.671181895399002082e-01
4.409747019905609355e-01
5.785176177743343029e-01
5.354504221676281706e-01
5.447652479649205404e-01
1.634608334351704828e-01
1.593642312238898184e-01
2.237459381248876333e-01
4.636048729864143958e-01
2.962238787730660516e-01
3.701693882312238060e-01
3.476292848378799150e-01
5.030528113213948993e-01
3.639557619454967807e-01
4.524899225949386428e-01
3.005218719504433866e-01
7.116438975849024295e-01
4.272194634364959165e-01
4.395119549207529008e-01
6.711492608696569828e-01
3.147288190200813185e-01
1.068739437661995334e-01
1.471305833422270892e-01
3.311836776397782955e-01
5.408677885475980940e-01
1.179444619959886809e-01
1.809810546615798210e-01
3.556995666089003971e-01
6.990564462917521205e-01
3.269947084622210065e-01
3.691935863097963177e-01
4.456700438989569801e-01
7.152335452322086118e-01
3.245311955359285183e-01
7.087537329092628013e-01
6.363801876999756191e-01
3.948274049857352641e-01
7.779277812335363973e-02
1.475391284675295067e-01
2.739075657274367970e-01
6.465665909350696294e-01
1.334370659254678348e-01
1.816100030644738350e-01
3.562231413350568365e-01
6.607562315599422309e-01
2.369580975505316545e-01
3.238897475635429402e-01
4.473228321824795350e-01
7.278060255957691238e-01
3.328759556244969553e-01
5.662791862459457537e-01
6.343303596309707304e-01
4.148627249090846014e-01
7.403971633320112489e-02
9.972744941458719370e-02
3.221681453781101157e-01
6.432605653716039207e-01
1.080411105119084419e-01
2.349799192034154605e-01
2.490079441694133533e-01
7.222951895541799283e-01
3.201001058385698483e-01
2.692517213783873764e-01
4.012921765537930119e-01
7.637928097395105809e-01
4.142246451801531171e-01
5.947645575058309042e-01
6.300262736570323430e-01
3.350747090530595274e-01
1.115684500358188891e-01
1.251329907116174867e-01
1.612140650023949906e-01
7.142416522443749693e-01
1.899285633982827903e-01
1.692209003888694996e-01
4.053896329874187021e-01
6.889568602023942168e-01
2.284410408179834984e-01
3.147304809896999678e-01
4.890627689854727400e-01
7.387792590045553220e-01
3.906250996330625225e-01
6.151080833901614309e-01
6.662223605474751897e-01
3.225129943170760849e-01
1.120770096528924259e-01
1.549336887975694688e-01
1.790110051036712946e-01
6.372367396794034189e-01
1.374539136066532941e-01
1.825456400792093148e-01
4.023271660027177843e-01
6.702197330531997066e-01
3.635571877120964968e-01
2.880163966412628840e-01
4.511761235681191473e-01
7.369225127176238788e-01
3.496626975228335210e-01
6.131934631401024793e-01
6.563866880465687448e-01
3.380170577749160299e-01
7.684325581778116143e-02
1.408070331907198269e-01
2.881820034208376069e-01
5.981854309562609773e-01
1.462610140922904756e-01
2.031909127724342845e-01
2.823349337487662258e-01
6.511618804516073888e-01
2.314274378958329215e-01
2.357418405503528547e-01
4.598534980550900153e-01
5.972212387837513292e-01
5.995419342632132276e-01
6.796739460574936498e-01
5.925189260000675029e-01
5.015212794276393549e-01
1.634477932599660011e-01
3.119710873220968850e-01
4.993593143756056563e-01
6.242939376261096296e-01
1.853747743411614246e-01
2.697548612008032753e-01
6.732895849731304061e-01
5.770110707613101964e-01
3.646807833061044279e-01
6.119475684821338302e-01
4.643715743116940686e-01
5.070647966545775986e-01
2.227245337855372209e-01
3.546478923663679561e-01
2.675978309792904630e-01
2.043850226255243263e-01
4.504841175471376719e-02
4.286588875385964614e-02
2.006773624762137331e-01
1.759841320328660030e-01
5.973969306720856159e-02
8.264803094333401934e-02
2.807016433234654773e-01
4.681893849660942464e-01
1.156158550155798603e-01
1.470333610530426549e-01
2.621078104159071387e-01
7.279982364283471563e-01
2.373576469198120376e-01
2.359656658065713009e-01
4.013525819658976257e-01
3.246555252850001350e-01
5.409363091997823614e-02
8.648062770278168443e-02
2.746752776011449626e-01
2.493868341941776756e-01
1.050507044210275687e-01
8.476063220504537199e-02
2.937688228858764128e-01
4.817861816185207147e-01
1.690499238289524808e-01
2.565541955328458079e-01
5.007794038092363564e-01
6.671181895399003192e-01
4.409747019905608245e-01
5.785176177743344139e-01
5.354504221676281706e-01
5.447652479649205404e-01
1.634608334351704551e-01
1.593642312238898184e-01
2.237459381248875778e-01
4.636048729864145068e-01
2.962238787730660516e-01
3.701693882312238060e-01
3.476292848378799150e-01
5.030528113213948993e-01
3.639557619454967807e-01
4.524899225949386983e-01
3.005218719504433866e-01
