3.282924205084203906e-01
4.217414816029908531e-01
4.444690798266450193e-01
5.621196121556214509e-01
2.656447018623967482e-01
2.269526892375329785e-01
2.353049535822936134e-01
3.396275641595853934e-01
5.167924714798330932e-01
1.886107781991160359e-01
1.335804835463994533e-01
5.750535612470807356e-01
3.923557315190131511e-01
6.811362658532373882e-01
4.029037032931234164e-01
5.156768794821295909e-01
4.801058174554073688e-01
1.853015290641311652e-01
4.461294275504293916e-01
4.973615461315762931e-01
4.352331214306667251e-01
9.867873215699198008e-02
7.842705117536630244e-02
2.537938487039419488e-01
3.026029480574191077e-01
8.528688960885080772e-02
9.670466579752730329e-02
2.803283662563398337e-01
1.485116605102375087e-01
2.410480658117245822e-01
2.198515475246173023e-01
5.159164627978687356e-01
8.143737593800528529e-01
2.008197703843929705e-01
2.927053659962678411e-01
4.806962267510542786e-01
3.320827745301161982e-01
1.055024782262834748e-01
8.938350715673584745e-02
2.551836896119552001e-01
2.272592814187123778e-01
9.586191042735335566e-02
4.604782337786372109e-02
9.771978525800589788e-02
3.018076747148328298e-01
2.547805449313211845e-01
1.461921493660636173e-01
5.187990596275706690e-01
2.858307437497311643e-01
2.877585382317196516e-01
3.055421455057623081e-01
3.023524552990020098e-01
8.968321814281959847e-01
3.910262691569785232e-01
3.665317960926463003e-01
5.926719867644862916e-01
5.887915200438910146e-01
3.429010719137042251e-01
2.638967366170161810e-01
3.997787773183488769e-01
2.142884073774876941e-01
9.556027436776819428e-01
7.808880934042303767e-01
4.616722587490881269e-01
4.555003687008677971e-01
4.627384497790753559e-01
7.103132894909396367e-01
5.521576271727942631e-01
3.272110039113189650e-01
1.835174332356655502e-01
2.654935833222304975e-01
4.651564438466190832e-01
7.802472424378830151e-01
2.047842128468850276e-01
1.831954305922450232e-01
3.455798352756381808e-01
5.443773963910071290e-01
4.471028517757950071e-01
7.016734106296622642e-01
1.486855503937900280e-01
3.382615278427980043e-01
3.561517241239063880e-01
5.854285933484329463e-02
9.330295170392835513e-02
3.262739083830310527e-01
9.449985952493462904e-02
2.153246549402343668e-01
3.463952944557385782e-01
9.999999999999998890e-01
2.144890814376458898e-01
3.099888298124606756e-01
9.641810544788767534e-02
2.665553403015348821e-01
2.938034145086773075e-01
2.441626804352306501e-01
9.454253418938238784e-01
5.901107383536821072e-01
3.324949959819095691e-01
2.867256760746139665e-01
6.988208327167844125e-01
4.774963894998813796e-01
2.548363372738383092e-01
3.272456979950345568e-01
6.505211760759954664e-01
4.170798376121024331e-01
2.150833618716677109e-01
2.014850829979059343e-01
4.516962197599068141e-01
6.385584741733494329e-01
1.386133658972272253e-01
1.079844085659291825e-01
2.649640814520526910e-01
3.427246012976581380e-01
7.612202821629294736e-01
4.147233789913681856e-01
6.120142605360452404e-01
3.282924205084203906e-01
4.217414816029908531e-01
4.444690798266450193e-01
5.621196121556214509e-01
2.656447018623967482e-01
2.269526892375329785e-01
2.353049535822936134e-01
3.396275641595853934e-01
5.167924714798330932e-01
1.886107781991160359e-01
1.335804835463994533e-01
5.750535612470807356e-01
3.923557315190131511e-01
6.811362658532373882e-01
4.029037032931234164e-01
5.156768794821295909e-01
4.801058174554073688e-01
1.853015290641311652e-01
4.461294275504293916e-01
4.973615461315762931e-01
4.352331214306667251e-01
9.867873215699198008e-02
7.842705117536630244e-02
2.537938487039419488e-01
3.026029480574191077e-01
8.528688960885080772e-02
9.670466579752730329e-02
2.803283662563398337e-01
1.485116605102375087e-01
2.410480658117245822e-01
2.198515475246173023e-01
5.159164627978687356e-01
8.143737593800528529e-01
2.008197703843929705e-01
2.927053659962678411e-01
4.806962267510542786e-01
3.320827745301161982e-01
1.055024782262834748e-01
8.938350715673584745e-02
2.551836896119552001e-01
2.272592814187123778e-01
9.586191042735335566e-02
4.604782337786372109e-02
9.771978525800589788e-02
3.018076747148328298e-01
2.547805449313211845e-01
1.461921493660636173e-01
5.187990596275706690e-01
2.858307437497311643e-01
2.877585382317196516e-01
3.055421455057623081e-01
3.023524552990020098e-01
8.968321814281959847e-01
3.910262691569785232e-01
3.665317960926463003e-01
5.926719867644862916e-01
5.887915200438910146e-01
3.429010719137042251e-01
2.638967366170161810e-01
3.997787773183488769e-01
2.142884073774876941e-01
9.556027436776819428e-01
7.808880934042303767e-01
4.616722587490881269e-01
4.774842250920454667e-01
2.548363372738383092e-01
3.272456979950345568e-01
6.505211760759954664e-01
4.170798376121024331e-01
2.150833618716677109e-01
2.014850829979059343e-01
4.516942961356229524e-01
6.385476899669491058e-01
1.386133658972272253e-01
1.079844085659291825e-01
2.649640814520526910e-01
3.427246012976581380e-01
7.612202821629294736e-01
4.147233789913681856e-01
6.120142605360452404e-01
4.312860048712728878e-01
3.917788752865589141e-01
3.604654624060609769e-01
6.019475351568185362e-01
4.689135940768333621e-01
1.253867805323541640e-01
2.190548161743435529e-01
5.016826335276018956e-01
5.945865588861612983e-01
1.626775266220072125e-01
1.489867538577495654e-01
3.140481672666954882e-01
4.901692679865566338e-01
6.027619284522166554e-01
4.744183926422684827e-01
5.582615726069400930e-01
4.789249066370510066e-01
3.371010830333769914e-01
3.064232454505607106e-01
5.418515368771648077e-01
3.520975028526184269e-01
1.635109356565562777e-01
2.121994685770424161e-01
6.104557707347717521e-01
3.860924281470735631e-01
1.868720036689059949e-01
1.758603075810614702e-01
3.439648416737137171e-01
6.311366930181956381e-01
6.272268221740021632e-01
3.882763012589011131e-01
5.144678128088401303e-01
4.170258743328450479e-01
4.459636030727163192e-01
2.783847884762591374e-01
6.648047704401651714e-01
4.600987393441602902e-01
1.837587930564932581e-01
1.938623534214350963e-01
3.244272382951789435e-01
4.700939923244635832e-01
2.590698805106859681e-01
1.684902688454087416e-01
4.251375696665331549e-01
6.307268050850507457e-01
5.827203042413395817e-01
3.640761324766915163e-01
5.649884380497250946e-01
4.126834885776746731e-01
5.103335601959575474e-01
3.257985426841750187e-01
6.295352027717983079e-01
3.935357387312712896e-01
1.869917026882397804e-01
2.418615948722643294e-01
3.895079452998227443e-01
4.217116764683871422e-01
1.961730738469758262e-01
1.683417752322568794e-01
4.257993880137777021e-01
6.163645176780931934e-01
6.186323880124906527e-01
3.631820292108942638e-01
5.601813978508003444e-01
4.374232138660513192e-01
3.612146080078966204e-01
2.982925959280247064e-01
6.339703003436301110e-01
3.657483552590691800e-01
1.769563128129015284e-01
2.056763531896030894e-01
4.578749407555796069e-01
3.087496987013069738e-01
2.178321311937732596e-01
1.635229133388366729e-01
3.763339310056136866e-01
6.001205642873633783e-01
4.780095097239973057e-01
3.698541645298323299e-01
5.463269412934053104e-01
3.282924205084203906e-01
4.217414816029907976e-01
4.444690798266450749e-01
5.621196121556214509e-01
2.656447018623967482e-01
2.269526892375329785e-01
2.353049535822936411e-01
3.396275641595854489e-01
5.167924714798329822e-01
1.886107781991160637e-01
1.335804835463994256e-01
5.750535612470807356e-01
3.923557315190131511e-01
6.811362658532374992e-01
4.029037032931233608e-01
5.156768794821297019e-01
4.801058174554074798e-01
1.853015290641311652e-01
4.461294275504294471e-01
4.973615461315762931e-01
4.352331214306667806e-01
9.867873215699198008e-02
7.842705117536630244e-02
2.537938487039419488e-01
3.026029480574191077e-01
8.528688960885079384e-02
9.670466579752730329e-02
2.803283662563397782e-01
1.485116605102374809e-01
2.410480658117244990e-01
2.198515475246173578e-01
5.159164627978687356e-01
8.143737593800528529e-01
2.008197703843929705e-01
2.927053659962678966e-01
4.806962267510542786e-01
3.320827745301162537e-01
1.055024782262834748e-01
8.938350715673584745e-02
2.551836896119551445e-01
2.272592814187123778e-01
9.586191042735336953e-02
4.604782337786372803e-02
9.771978525800593951e-02
3.018076747148327743e-01
2.547805449313211290e-01
1.461921493660636173e-01
5.187990596275706690e-01
2.858307437497312198e-01
2.877585382317196516e-01
3.055421455057623636e-01
3.023524552990020098e-01
8.968321814281962068e-01
3.910262691569784677e-01
3.665317960926463003e-01
5.926719867644860695e-01
5.887915200438911256e-01
3.429010719137042251e-01
2.638967366170161810e-01
3.997787773183488769e-01
2.142884073774877218e-01
9.556027436776820538e-01
7.808880934042304878e-01
4.616722587490881269e-01
