2.732782108765628992e-01
6.931690598401778480e-01
4.760697916567903643e-01
2.869217352161091417e-01
3.634894003412168506e-01
4.448937082094256423e-01
5.417438488924813944e-01
6.639669447357796628e-01
3.933893168291133224e-01
2.016752265376668962e-01
1.725843394985956403e-01
6.290698274086364838e-01
2.289907485515901009e-01
5.216774881127292929e-01
4.636708532872428901e-01
2.546127192461831723e-01
3.615418235069950414e-01
3.499766673910614800e-01
3.294883923846923524e-01
2.985623541655033630e-01
3.610113146612689561e-01
1.258798259351202320e-01
1.547500358179454139e-01
3.065659391904495545e-01
2.699542888012086417e-01
1.157202661254441711e-01
2.192553954058879540e-01
6.400456701657407654e-01
5.236011245705312067e-01
2.543780875346447479e-01
1.949937857785571382e-01
3.744932779264759093e-01
5.652866795300733882e-01
3.478327940148560060e-01
2.446483105511479961e-01
3.776622603636449749e-01
2.390392817146685389e-01
7.386271140976843896e-02
1.389763294478608135e-01
3.198383276008402998e-01
2.799385084222604236e-01
9.619409517224739026e-02
1.642266126830410067e-01
4.950237273439419550e-01
5.048886375405550186e-01
3.739977350299575343e-01
4.071976737768842614e-01
6.380832383366784599e-01
4.647501431952303919e-01
5.724481348505652267e-01
4.275219074960829868e-01
2.822354724521716207e-01
5.895684075026388360e-01
3.579556052975191305e-01
3.282414741033501393e-01
3.754647796130638482e-01
4.518968475304693255e-01
2.774849653469140254e-01
4.589279740625318293e-01
3.959104308772862790e-01
3.685620705561860611e-01
4.729178324939377065e-01
4.531109762168525346e-01
2.189856114030708234e-01
2.833786108759808742e-01
7.049253419411016797e-01
6.102104837511725943e-01
2.770002334075624684e-01
3.907303414132131669e-01
5.770324501200021494e-01
6.087083542869849984e-01
6.762998171070202513e-01
5.276909762191906994e-01
2.512457676674133555e-01
2.333341223445455359e-01
2.566627376755482581e-01
4.116465322245267400e-01
3.585140635116179642e-01
4.589357718647056883e-01
5.603279314915974307e-01
2.547364445661167709e-01
4.602411040588720859e-01
1.315637464039329518e-01
2.011536546358177191e-01
2.904124144920446349e-01
1.373332150572258437e-01
5.004636380123795858e-01
3.216687820594906211e-01
5.168704857116614981e-01
3.604960971576467998e-01
2.099001436663281706e-01
7.804260844179533585e-02
2.789343441059926598e-01
5.359938525935874498e-01
4.091870738401125474e-01
6.247666569411436388e-01
5.510947877351102253e-01
3.826442324456448274e-01
4.233746649019610730e-01
5.499996990368729577e-01
4.175656766124985486e-01
6.335300754713915072e-01
3.141415689676555489e-01
4.145106050086879157e-01
3.034372501077592377e-01
2.548797548374146515e-01
3.012234708165191233e-01
4.976656086661261913e-01
5.069848130995144864e-01
1.421046102638035546e-01
2.643641312424501733e-01
5.797110192629666425e-01
5.028194336322532321e-01
5.556742797970748438e-01
4.118224977438895151e-01
3.795532788134273194e-01
2.732782108765628992e-01
6.931690598401778480e-01
4.760697916567903643e-01
2.869217352161091417e-01
3.634894003412168506e-01
4.448937082094256423e-01
5.417438488924813944e-01
6.639669447357796628e-01
3.933893168291133224e-01
2.016752265376668962e-01
1.725843394985956403e-01
6.290698274086364838e-01
2.289907485515901009e-01
5.216774881127292929e-01
4.636708532872428901e-01
2.546127192461831723e-01
3.615418235069950414e-01
3.499766673910614800e-01
3.294883923846923524e-01
2.985623541655033630e-01
3.610113146612689561e-01
1.258798259351202320e-01
1.547500358179454139e-01
3.065659391904495545e-01
2.699542888012086417e-01
1.157202661254441711e-01
2.192553954058879540e-01
6.400456701657407654e-01
5.236011245705312067e-01
2.543780875346447479e-01
1.949937857785571382e-01
3.744932779264759093e-01
5.652866795300733882e-01
3.478327940148560060e-01
2.446483105511479961e-01
3.776622603636449749e-01
2.390392817146685389e-01
7.386271140976843896e-02
1.389763294478608135e-01
3.198383276008402998e-01
2.799385084222604236e-01
9.619409517224739026e-02
1.642266126830410067e-01
4.950237273439419550e-01
5.048886375405550186e-01
3.739977350299575343e-01
4.071976737768842614e-01
6.380832383366784599e-01
4.647501431952303919e-01
5.724481348505652267e-01
4.275219074960829868e-01
2.822354724521716207e-01
5.895684075026388360e-01
3.579556052975191305e-01
3.282414741033501393e-01
3.754647796130638482e-01
4.518968475304693255e-01
2.774849653469140254e-01
4.589279740625318293e-01
3.959104308772862790e-01
3.685620705561860611e-01
4.729178324939377065e-01
4.531109762168525346e-01
2.189856114030708234e-01
4.175593488068186643e-01
6.335381109151250190e-01
3.141463883839813453e-01
4.145152292062201371e-01
3.034429204197603980e-01
2.548821666198970437e-01
3.012260826310537154e-01
4.976693417758009108e-01
5.069775206340072504e-01
1.420758036656002421e-01
2.643671282062912131e-01
5.797184965518995536e-01
5.027899335073688913e-01
5.556799666331585508e-01
4.118279013608402983e-01
3.795569249764648156e-01
3.467793123497709962e-01
5.432773012672484914e-01
5.974419896273748254e-01
4.226470972492503697e-01
4.861776745462527693e-01
1.900377554826707671e-01
2.728826644540568447e-01
4.848123264283710765e-01
5.443598477265777502e-01
2.138846749818368309e-01
2.986092479054203719e-01
4.980088586486134394e-01
5.268436639355202900e-01
4.267279499991301073e-01
4.319126578650928083e-01
3.564864067734099251e-01
4.058026431112244925e-01
4.220562639137209193e-01
4.624247142254981902e-01
4.048062445185522940e-01
4.762741009058714114e-01
1.835231350802868366e-01
2.558687899999476656e-01
5.952910443490095904e-01
5.320305668333482618e-01
2.712202072633392302e-01
3.013391213043445926e-01
3.319014782305292344e-01
4.807766664997493722e-01
5.504663391840031172e-01
4.172132548857557799e-01
3.729377967200432908e-01
4.178420634300012426e-01
5.716720118166764841e-01
3.789604536852428929e-01
4.651254873892498587e-01
4.159690726516719894e-01
2.439960354740515758e-01
3.044973463065158148e-01
2.875776620652937821e-01
6.829539443780913155e-01
3.056071111197390944e-01
2.779853385095117368e-01
4.941301395726839241e-01
4.695877069968910078e-01
4.946227483276593451e-01
3.908092416177260664e-01
4.496814157479018803e-01
4.057517232952188024e-01
4.702296296356007210e-01
5.554643166967971890e-01
4.648589490385969802e-01
4.154419343709602752e-01
2.492504189517734670e-01
3.129609508361640424e-01
3.664055142549343391e-01
5.181227139702820894e-01
3.051621088524512082e-01
2.669299973098964718e-01
4.671477672536394898e-01
4.786952074775587818e-01
5.550918049161961410e-01
3.700146708758319525e-01
4.261845194656820879e-01
3.968132068602930884e-01
4.181721901720821810e-01
5.003660713476093536e-01
4.648139991237866253e-01
4.161773508933029331e-01
1.881071211910764485e-01
2.790503715842275190e-01
4.845857605469656160e-01
4.839635612763283357e-01
2.956273254727692090e-01
2.900568606406452310e-01
3.754334553080118098e-01
4.526110234798915721e-01
5.024136185738306004e-01
3.458079215239653337e-01
3.904270351673176931e-01
2.732782108765628992e-01
6.931690598401778480e-01
4.760697916567904198e-01
2.869217352161091972e-01
3.634894003412169061e-01
4.448937082094256423e-01
5.417438488924815054e-01
6.639669447357796628e-01
3.933893168291132669e-01
2.016752265376669240e-01
1.725843394985956125e-01
6.290698274086364838e-01
2.289907485515901009e-01
5.216774881127295149e-01
4.636708532872428346e-01
2.546127192461831723e-01
3.615418235069950970e-01
3.499766673910614800e-01
3.294883923846924079e-01
2.985623541655033630e-01
3.610113146612690116e-01
1.258798259351202320e-01
1.547500358179454139e-01
3.065659391904494990e-01
2.699542888012086417e-01
1.157202661254441434e-01
2.192553954058879540e-01
6.400456701657407654e-01
5.236011245705310957e-01
2.543780875346446924e-01
1.949937857785571937e-01
3.744932779264759093e-01
5.652866795300732772e-01
3.478327940148560060e-01
2.446483105511479961e-01
3.776622603636450304e-01
2.390392817146685944e-01
7.386271140976845284e-02
1.389763294478608135e-01
3.198383276008402443e-01
2.799385084222604236e-01
9.619409517224739026e-02
1.642266126830410067e-01
4.950237273439419550e-01
5.048886375405549076e-01
3.739977350299575343e-01
4.071976737768843169e-01
6.380832383366785709e-01
4.647501431952303363e-01
5.724481348505652267e-01
4.275219074960830423e-01
2.822354724521715652e-01
5.895684075026388360e-01
3.579556052975190750e-01
3.282414741033500838e-01
3.754647796130637927e-01
4.518968475304693255e-01
2.774849653469140254e-01
4.589279740625318293e-01
3.959104308772862790e-01
3.685620705561861166e-01
4.729178324939377620e-01
4.531109762168525346e-01
2.189856114030707956e-01
