3.558261452695454241e-01
5.182772494668606011e-01
4.868470133047886894e-01
4.038415145149923391e-01
3.756508843849927781e-01
3.457353320456667545e-01
2.218551021764551823e-01
6.583479061087298412e-01
4.494332502832356080e-01
4.015018056501429844e-01
3.122788234880471969e-01
7.054062102196400064e-01
4.173210311187555144e-01
4.370264081169217274e-01
2.960743221152489779e-01
3.343068009352725967e-01
4.390038078086050954e-01
3.039198081368051918e-01
5.725752126719004798e-01
2.121071707628144898e-01
3.763285988685948769e-01
1.623219109677949412e-01
7.926208977884137419e-02
3.523002751599902949e-01
1.364858647578989503e-01
1.003260621315096995e-01
1.028908464361684288e-01
2.309853128168520842e-01
6.121550710944344553e-01
2.552417321574456666e-01
3.430612510664143300e-01
3.716311021236715084e-01
4.207328174083698746e-01
2.147117088042194144e-01
2.698561755417412944e-01
3.642879514248478778e-01
3.884812339844523343e-01
1.176994511327053433e-01
1.072231958036596738e-01
5.190114635903497753e-01
2.087639120678493332e-01
1.263017751818093781e-01
1.568235246394000248e-01
3.786104909686642261e-01
4.838828367825120935e-01
2.359984750595424674e-01
2.968325080748567824e-01
5.150614307908916167e-01
5.260431799683513709e-01
5.130152406154819822e-01
6.673572723823315567e-01
3.665210991383230366e-01
6.060455164691317398e-01
2.840802796810326658e-01
1.491224808546340874e-01
3.992800042954247619e-01
4.167180898754335172e-01
4.088389096783117127e-01
3.753416469491114293e-01
4.027879050623155432e-01
3.844666244271991440e-01
4.059089730997981205e-01
5.281524564531102639e-01
2.977936935008468899e-01
3.763130354544984568e-01
5.212508586357698093e-01
6.153902341434924761e-01
3.766437985917430176e-01
4.035263550945243916e-01
4.394968056123830791e-01
2.345229047474622075e-01
7.202086271148877561e-01
5.874531122547785866e-01
4.948905644408193027e-01
3.348169939478815582e-01
3.909196327776705560e-01
3.662739636669798404e-01
2.349828937639672211e-01
5.459200434431733528e-01
4.083228853060736352e-01
5.014826614029911367e-01
4.028733994599654755e-01
1.466863333520648516e-01
9.682520102273685370e-02
1.333732833165997833e-01
1.122336389391601769e-01
6.834520278425283424e-01
3.394122179380564819e-01
3.793510839960005931e-01
2.125617313039041001e-01
3.875828278617677869e-01
1.201602752285658993e-01
1.938665260478883434e-01
4.967156060720278599e-01
4.446006718765627697e-01
6.006333661805776103e-01
6.135845190260014181e-01
3.439779693900237856e-01
3.628432389547004977e-01
5.896821136449970080e-01
4.675314669469999851e-01
4.510748323795698567e-01
4.766300008520455433e-01
4.764679673284514805e-01
3.725483047741383613e-01
2.451552777637323599e-01
1.479846778041462863e-01
6.010920604639536924e-01
3.879222158992313152e-01
2.295906902904329971e-01
2.262926655734101011e-01
4.096870673336349689e-01
6.047100847019571956e-01
4.521067145846150437e-01
4.081935291176070346e-01
4.262936959809083826e-01
3.558261452695454241e-01
5.182772494668606011e-01
4.868470133047886894e-01
4.038415145149923391e-01
3.756508843849927781e-01
3.457353320456667545e-01
2.218551021764551823e-01
6.583479061087298412e-01
4.494332502832356080e-01
4.015018056501429844e-01
3.122788234880471969e-01
7.054062102196400064e-01
4.173210311187555144e-01
4.370264081169217274e-01
2.960743221152489779e-01
3.343068009352725967e-01
4.390038078086050954e-01
3.039198081368051918e-01
5.725752126719004798e-01
2.121071707628144898e-01
3.763285988685948769e-01
1.623219109677949412e-01
7.926208977884137419e-02
3.523002751599902949e-01
1.364858647578989503e-01
1.003260621315096995e-01
1.028908464361684288e-01
2.309853128168520842e-01
6.121550710944344553e-01
2.552417321574456666e-01
3.430612510664143300e-01
3.716311021236715084e-01
4.207328174083698746e-01
2.147117088042194144e-01
2.698561755417412944e-01
3.642879514248478778e-01
3.884812339844523343e-01
1.176994511327053433e-01
1.072231958036596738e-01
5.190114635903497753e-01
2.087639120678493332e-01
1.263017751818093781e-01
1.568235246394000248e-01
3.786104909686642261e-01
4.838828367825120935e-01
2.359984750595424674e-01
2.968325080748567824e-01
5.150614307908916167e-01
5.260431799683513709e-01
5.130152406154819822e-01
6.673572723823315567e-01
3.665210991383230366e-01
6.060455164691317398e-01
2.840802796810326658e-01
1.491224808546340874e-01
3.992800042954247619e-01
4.167180898754335172e-01
4.088389096783117127e-01
3.753416469491114293e-01
4.027879050623155432e-01
3.844666244271991440e-01
4.059089730997981205e-01
5.281524564531102639e-01
2.977936935008468899e-01
4.675195563994751780e-01
4.510748323795698567e-01
4.766300008520455433e-01
4.764679673284514805e-01
3.725483047741383613e-01
2.451552777637323599e-01
1.479846778041462863e-01
6.010906609678583479e-01
3.879039535450600762e-01
2.295906902904329971e-01
2.262926655734101011e-01
4.096870673336349689e-01
6.047100847019571956e-01
4.521067145846150437e-01
4.081935291176070346e-01
4.262936959809083826e-01
4.649299227647936128e-01
4.856858769065049430e-01
4.234817968571772950e-01
5.256768156231990119e-01
4.746117149061540030e-01
1.833835399808182720e-01
2.941552476873363631e-01
3.403873134861302163e-01
4.861906804198620202e-01
1.793465341336099583e-01
2.486433803684382493e-01
4.756095159805144856e-01
5.491194607396521210e-01
3.910429219937746614e-01
3.994146690847820702e-01
4.398432457772854520e-01
4.673485439813993558e-01
4.188115072224895541e-01
3.934349557259140817e-01
5.104578503316385962e-01
4.731562001396628636e-01
1.705749348270680921e-01
2.290935765603571150e-01
4.772117876752037802e-01
5.641933561474088421e-01
1.683639529905517351e-01
2.642631237685100221e-01
3.321125470648071398e-01
5.404296145221206826e-01
5.947858013686307954e-01
3.732662091852219088e-01
4.026116237344589122e-01
4.844950588838544125e-01
5.241334683568230624e-01
3.962258436076266932e-01
5.378173419759616491e-01
4.417670276810157781e-01
2.177532308731204846e-01
2.066502612544754425e-01
3.064682922131982679e-01
6.162721976052453199e-01
2.729200296138806769e-01
2.410386198304882432e-01
4.340047410806139316e-01
5.415985272951786555e-01
4.590173417003317602e-01
3.921263676225845152e-01
4.763844869789606307e-01
4.722716101241348774e-01
4.962053710504941706e-01
4.828306658968296028e-01
5.395287574524588736e-01
4.228712547363109864e-01
2.133634269741657707e-01
2.754166758431842998e-01
3.175430596760278612e-01
5.226967253676796377e-01
2.136060667692221970e-01
2.246962583534717339e-01
4.794759851203825862e-01
5.274968132423952794e-01
5.947390643039087710e-01
3.465931266161529356e-01
4.530155633413459060e-01
4.664117032854977474e-01
4.071212124027436818e-01
5.076731210912138748e-01
5.239599034009567724e-01
4.051489453993770140e-01
1.720473049637720464e-01
2.179218818708639205e-01
4.637210643513371422e-01
4.989822238840361246e-01
2.244391116872354042e-01
2.453959472131828079e-01
3.409156656105371552e-01
5.080327021810888688e-01
4.915148643259281136e-01
3.025736508663567914e-01
4.442401314567987480e-01
3.558261452695453686e-01
5.182772494668606011e-01
4.868470133047887449e-01
4.038415145149923946e-01
3.756508843849928336e-01
3.457353320456667545e-01
2.218551021764552100e-01
6.583479061087299522e-01
4.494332502832355525e-01
4.015018056501429289e-01
3.122788234880471414e-01
7.054062102196400064e-01
4.173210311187555699e-01
4.370264081169217274e-01
2.960743221152490889e-01
3.343068009352725967e-01
4.390038078086050954e-01
3.039198081368051363e-01
5.725752126719005908e-01
2.121071707628145453e-01
3.763285988685948769e-01
1.623219109677949412e-01
7.926208977884137419e-02
3.523002751599902949e-01
1.364858647578989503e-01
1.003260621315096995e-01
1.028908464361684288e-01
2.309853128168520842e-01
6.121550710944344553e-01
2.552417321574456111e-01
3.430612510664143855e-01
3.716311021236715084e-01
4.207328174083698746e-01
2.147117088042194144e-01
2.698561755417412944e-01
3.642879514248478223e-01
3.884812339844523899e-01
1.176994511327053711e-01
1.072231958036596738e-01
5.190114635903496643e-01
2.087639120678493332e-01
1.263017751818093781e-01
1.568235246394000248e-01
3.786104909686642817e-01
4.838828367825119825e-01
2.359984750595424674e-01
2.968325080748567824e-01
5.150614307908916167e-01
5.260431799683513709e-01
5.130152406154818712e-01
6.673572723823316677e-01
3.665210991383229810e-01
6.060455164691317398e-01
2.840802796810326658e-01
1.491224808546340874e-01
3.992800042954247064e-01
4.167180898754335727e-01
4.088389096783117682e-01
3.753416469491113738e-01
4.027879050623155988e-01
3.844666244271991995e-01
4.059089730997981205e-01
5.281524564531102639e-01
2.977936935008468899e-01
