8.969967932908894104e-02
4.576981098217061117e-01
6.000277791668451322e-01
1.181986979394337028e-01
3.138360604367099183e-01
4.768467656768223817e-01
4.582293926252709593e-01
6.646535183056362373e-01
3.997031361954160311e-01
3.459926595220166323e-01
4.933676754646834639e-01
5.461012287430520029e-01
1.332011261678975322e-01
2.531035159581774829e-01
4.372126095268256130e-01
1.354192601646258265e-01
3.494912991893737719e-01
3.262318387401950681e-01
5.423343404172813464e-01
2.421944473789551244e-01
3.642502404521790194e-01
1.727756100384912619e-01
2.113144725731784801e-01
4.698440182754707317e-01
3.257474488343745644e-01
1.874623414936200660e-01
2.439662319328049223e-01
5.096127930890574920e-01
5.088591384216740732e-01
3.693562617645497759e-01
6.014703789113451382e-01
2.892448375813712058e-01
4.657468834769962207e-01
6.802738073171370470e-01
4.267915287261662693e-01
2.348991020723271705e-01
3.499382632058097298e-01
1.754261652993573950e-01
2.456114369223299787e-01
6.800224682440760837e-01
4.226703849674862123e-01
3.210405736758998874e-01
2.539856978293234535e-01
5.633212659542459200e-01
3.686865401385984176e-01
6.051723886913168426e-01
4.109841066822889633e-01
3.003189676503172367e-01
2.780100882856150202e-01
3.639009604784579355e-01
2.227215935546413839e-01
2.125369073458789060e-01
6.472027594025969721e-01
4.287896865814975200e-01
2.816507285357602308e-01
3.838826243965605678e-01
4.981658686282929294e-01
4.545519146134058275e-01
6.536324746754570425e-01
2.832377421434378872e-01
1.376092959502385193e-01
4.210919993888775914e-01
2.894838005154816152e-01
5.731586934479581535e-02
8.457686675179987290e-02
3.546262049537389216e-01
6.244371776934980467e-01
1.308919076371603263e-01
2.821434222142207293e-01
6.412073799066784208e-01
4.998127921041672361e-01
6.256030468783655429e-01
5.386339727775246722e-01
5.551377875645198134e-01
4.981250642416799601e-01
1.744329837693573970e-01
2.067755766274718687e-01
3.142548229750726785e-01
3.671865374477405464e-01
5.418497829623674100e-01
6.797836424339613881e-01
6.239763122134764917e-01
2.005715904197789279e-01
2.491241967225197862e-01
2.999343945922378629e-01
2.330170983406375795e-01
3.796325990494966440e-01
5.159486406901139244e-01
4.183646878248226120e-01
6.705609509770440457e-01
3.930037984908312243e-01
2.601428479146453143e-01
4.049595190282430091e-01
3.652056926185295316e-01
1.969716069780781398e-01
7.049280181475465756e-01
4.064380667694505456e-01
4.944367956081480164e-01
6.238264924126448729e-01
3.748181476527003286e-01
2.472862161614291232e-01
5.852533297717412708e-01
4.558919158994508836e-01
2.381189740281638989e-01
3.391405119162465009e-01
3.377146879847884864e-01
3.320380979740724103e-01
7.043327030771283637e-01
6.374400044036510060e-01
3.481238400800027444e-01
4.421686254581810305e-01
4.808694933093972668e-01
2.993550430305568777e-01
5.779703205875195149e-01
5.215247572519416952e-01
1.735713300858036656e-01
8.969967932908894104e-02
4.576981098217061117e-01
6.000277791668451322e-01
1.181986979394337028e-01
3.138360604367099183e-01
4.768467656768223817e-01
4.582293926252709593e-01
6.646535183056362373e-01
3.997031361954160311e-01
3.459926595220166323e-01
4.933676754646834639e-01
5.461012287430520029e-01
1.332011261678975322e-01
2.531035159581774829e-01
4.372126095268256130e-01
1.354192601646258265e-01
3.494912991893737719e-01
3.262318387401950681e-01
5.423343404172813464e-01
2.421944473789551244e-01
3.642502404521790194e-01
1.727756100384912619e-01
2.113144725731784801e-01
4.698440182754707317e-01
3.257474488343745644e-01
1.874623414936200660e-01
2.439662319328049223e-01
5.096127930890574920e-01
5.088591384216740732e-01
3.693562617645497759e-01
6.014703789113451382e-01
2.892448375813712058e-01
4.657468834769962207e-01
6.802738073171370470e-01
4.267915287261662693e-01
2.348991020723271705e-01
3.499382632058097298e-01
1.754261652993573950e-01
2.456114369223299787e-01
6.800224682440760837e-01
4.226703849674862123e-01
3.210405736758998874e-01
2.539856978293234535e-01
5.633212659542459200e-01
3.686865401385984176e-01
6.051723886913168426e-01
4.109841066822889633e-01
3.003189676503172367e-01
2.780100882856150202e-01
3.639009604784579355e-01
2.227215935546413839e-01
2.125369073458789060e-01
6.472027594025969721e-01
4.287896865814975200e-01
2.816507285357602308e-01
3.838826243965605678e-01
4.981658686282929294e-01
4.545519146134058275e-01
6.536324746754570425e-01
2.832377421434378872e-01
1.376092959502385193e-01
4.210919993888775914e-01
2.894838005154816152e-01
5.731586934479581535e-02
2.472799164480664058e-01
5.852533297717412708e-01
4.558919158994508836e-01
2.381189740281638989e-01
3.391405119162465009e-01
3.377146879847884864e-01
3.320380979740724103e-01
7.043316657820873905e-01
6.374291868258532556e-01
3.481238400800027444e-01
4.421686254581810305e-01
4.808694933093972668e-01
2.993550430305568777e-01
5.779703205875195149e-01
5.215247572519416952e-01
1.735713300858036656e-01
2.052498557934073764e-01
4.230943231939151006e-01
7.809265333612216420e-01
2.758902594348910386e-01
5.197658396918825030e-01
2.555897582492854259e-01
5.010909817299339375e-01
4.383702905820451856e-01
5.466131781372368659e-01
4.858285361808428182e-01
4.599984552222159961e-01
4.688157767492651118e-01
3.725014676921184487e-01
4.230374010355939518e-01
3.384879752858923618e-01
2.103964911724444664e-01
2.657056625779534720e-01
4.260542646288538182e-01
4.524742127263451930e-01
2.524523431033979248e-01
4.820565451390118605e-01
2.626269840621371365e-01
4.570503674987087539e-01
5.645045007766545941e-01
5.474313322158799178e-01
4.571069577188283661e-01
4.780747031759866594e-01
3.793704112237611947e-01
2.947085684346584245e-01
5.329900497957335004e-01
4.910403131259672982e-01
1.737131099075425178e-01
2.462726983180750784e-01
5.467508076978149223e-01
4.137759484151659617e-01
3.525884431303089595e-01
4.737304897965916584e-01
3.495332304666611822e-01
4.483211086107058985e-01
2.658957321777364324e-01
8.123456362240327744e-01
5.280519939351824288e-01
4.780939008868009821e-01
4.406911182030139873e-01
2.637744514498844284e-01
4.867873932331325260e-01
4.844594734665482183e-01
2.535253446941582722e-01
2.594608047854223831e-01
5.203742785274376725e-01
5.722362108928560342e-01
2.985709103916246443e-01
4.619405827218562854e-01
3.446701699387363926e-01
5.457808947321565185e-01
3.045974515425921569e-01
5.883994788322253200e-01
4.562243953626226034e-01
4.533579690491187364e-01
5.316104996591349829e-01
2.789546719456585389e-01
5.493906927123117789e-01
4.154823208958089431e-01
2.548442476651449629e-01
2.949106952456780339e-01
3.857959617030926047e-01
4.914913031499285045e-01
2.810941746468951230e-01
3.139986243560549117e-01
2.455186719919637550e-01
5.882599277761556555e-01
4.463681147686867079e-01
5.938565739393469878e-01
5.059411175746151290e-01
4.591234522452581901e-01
3.624083809794072519e-01
2.586199130709910810e-01
5.638882190983314224e-01
2.597623868660543511e-01
2.382248085936057858e-01
8.969967932908894104e-02
4.576981098217060562e-01
6.000277791668453542e-01
1.181986979394337028e-01
3.138360604367099738e-01
4.768467656768223817e-01
4.582293926252710148e-01
6.646535183056362373e-01
3.997031361954160866e-01
3.459926595220167433e-01
4.933676754646834084e-01
5.461012287430518919e-01
1.332011261678975322e-01
2.531035159581775940e-01
4.372126095268256685e-01
1.354192601646258265e-01
3.494912991893738274e-01
3.262318387401950126e-01
5.423343404172813464e-01
2.421944473789551244e-01
3.642502404521790194e-01
1.727756100384912619e-01
2.113144725731784801e-01
4.698440182754706762e-01
3.257474488343745644e-01
1.874623414936200383e-01
2.439662319328049500e-01
5.096127930890573809e-01
5.088591384216739621e-01
3.693562617645496648e-01
6.014703789113452492e-01
2.892448375813712058e-01
4.657468834769962207e-01
6.802738073171369360e-01
4.267915287261662693e-01
2.348991020723271983e-01
3.499382632058097853e-01
1.754261652993574228e-01
2.456114369223299509e-01
6.800224682440760837e-01
4.226703849674862123e-01
3.210405736758998874e-01
2.539856978293234535e-01
5.633212659542459200e-01
3.686865401385983065e-01
6.051723886913169537e-01
4.109841066822890188e-01
3.003189676503173478e-01
2.780100882856150202e-01
3.639009604784578245e-01
2.227215935546414394e-01
2.125369073458789060e-01
6.472027594025969721e-01
4.287896865814974645e-01
2.816507285357602308e-01
3.838826243965605123e-01
4.981658686282929294e-01
4.545519146134058275e-01
6.536324746754570425e-01
2.832377421434378872e-01
1.376092959502385471e-01
4.210919993888775914e-01
2.894838005154816152e-01
5.731586934479581535e-02
