2.775542101601318756e-01
4.294539137409280061e-01
4.816645374186257489e-01
3.251163241427778572e-01
3.205483499727478369e-01
3.725466323945540448e-01
2.936097155065014452e-01
3.649379638881264931e-01
4.485462788436498927e-01
2.617407017159085192e-01
3.183000396604837579e-01
5.042806580583496512e-01
3.244672535493668408e-01
5.242358210519429962e-01
4.932853446462137637e-01
2.864448096731203597e-01
3.783722882220690864e-01
2.804567350442112028e-01
5.259211997019167528e-01
3.521371471331072867e-01
4.319582265012054667e-01
2.025658379388972086e-01
1.407102746255343984e-01
4.161645327431948704e-01
2.075535531957558577e-01
1.291807930863392295e-01
1.898540774998624114e-01
3.729761540801363462e-01
2.704355431111801211e-01
2.737266281010182767e-01
3.593729617808213428e-01
3.975717987358353689e-01
5.408201693076009064e-01
2.850373720769177610e-01
3.042257794552837846e-01
4.150085259716370656e-01
3.965500474714954149e-01
1.835347318695222385e-01
1.532238899349639139e-01
3.847166616386808458e-01
3.523691841863050844e-01
2.007767062667502600e-01
2.083299657853967535e-01
3.578969202869209387e-01
3.923044840466025640e-01
3.225880055927588530e-01
3.353920918373684001e-01
5.078028268534390266e-01
3.322689802121877034e-01
3.751210662167436261e-01
3.035804339519191930e-01
3.208725615861161007e-01
6.067718600157276931e-01
3.931950903940972797e-01
2.593137685832482831e-01
4.554689065112790813e-01
4.533822878773222653e-01
4.531705364009289139e-01
4.655015579238400147e-01
4.817006572462654845e-01
2.555879358993156103e-01
5.280361576389132061e-01
5.679734672086016456e-01
2.588647505596836096e-01
3.089340756521751219e-01
4.610116167172798041e-01
6.341880580626799713e-01
3.127563784919335510e-01
4.188631434841371126e-01
4.430233511018548120e-01
3.422704196435046309e-01
4.354726068495446412e-01
6.280355099540987363e-01
3.274446314090405097e-01
3.729265277159092284e-01
3.225990444645232547e-01
4.354475649552008720e-01
4.025373924511873591e-01
5.285675204867446020e-01
4.244248349210376636e-01
4.878954942177047283e-01
5.205624299429553181e-01
1.931700092132725144e-01
1.779991867514215398e-01
2.238374748542270032e-01
1.523201246057962477e-01
2.852023803440414396e-01
3.741208813715118375e-01
5.381457483469224146e-01
2.978754918640126870e-01
4.211544651795160465e-01
1.993586361657761208e-01
3.424800903077084291e-01
3.829866170645226386e-01
2.877136388291999802e-01
6.367139890311439565e-01
5.076567103998665953e-01
3.965534637987326860e-01
4.546371626084905193e-01
5.480154249116115928e-01
3.826863884538410643e-01
3.782434507630468290e-01
3.722181167034697147e-01
4.790247574820743481e-01
3.747259120692012502e-01
3.184573517880385785e-01
2.322359033797593841e-01
5.151762610688431776e-01
5.210918946766591731e-01
2.478712405028627996e-01
3.063868147130515696e-01
4.234217534865047372e-01
3.906095016036557066e-01
5.698343398723384468e-01
5.034666796907143471e-01
3.941943626228419650e-01
2.775542101601318756e-01
4.294539137409280061e-01
4.816645374186257489e-01
3.251163241427778572e-01
3.205483499727478369e-01
3.725466323945540448e-01
2.936097155065014452e-01
3.649379638881264931e-01
4.485462788436498927e-01
2.617407017159085192e-01
3.183000396604837579e-01
5.042806580583496512e-01
3.244672535493668408e-01
5.242358210519429962e-01
4.932853446462137637e-01
2.864448096731203597e-01
3.783722882220690864e-01
2.804567350442112028e-01
5.259211997019167528e-01
3.521371471331072867e-01
4.319582265012054667e-01
2.025658379388972086e-01
1.407102746255343984e-01
4.161645327431948704e-01
2.075535531957558577e-01
1.291807930863392295e-01
1.898540774998624114e-01
3.729761540801363462e-01
2.704355431111801211e-01
2.737266281010182767e-01
3.593729617808213428e-01
3.975717987358353689e-01
5.408201693076009064e-01
2.850373720769177610e-01
3.042257794552837846e-01
4.150085259716370656e-01
3.965500474714954149e-01
1.835347318695222385e-01
1.532238899349639139e-01
3.847166616386808458e-01
3.523691841863050844e-01
2.007767062667502600e-01
2.083299657853967535e-01
3.578969202869209387e-01
3.923044840466025640e-01
3.225880055927588530e-01
3.353920918373684001e-01
5.078028268534390266e-01
3.322689802121877034e-01
3.751210662167436261e-01
3.035804339519191930e-01
3.208725615861161007e-01
6.067718600157276931e-01
3.931950903940972797e-01
2.593137685832482831e-01
4.554689065112790813e-01
4.533822878773222653e-01
4.531705364009289139e-01
4.655015579238400147e-01
4.817006572462654845e-01
2.555879358993156103e-01
5.280361576389132061e-01
5.679734672086016456e-01
2.588647505596836096e-01
3.826766393679740808e-01
3.782434507630468290e-01
3.722181167034697147e-01
4.790247574820743481e-01
3.747259120692012502e-01
3.184573517880385785e-01
2.322359033797593841e-01
5.151745601527614182e-01
5.210776056603574347e-01
2.478712405028627996e-01
3.063868147130515696e-01
4.234217534865047372e-01
3.906095016036557066e-01
5.698343398723384468e-01
5.034666796907143471e-01
3.941943626228419650e-01
3.802048117217736722e-01
4.298401291302728633e-01
5.528569288331492970e-01
3.783929117894441196e-01
3.734261873361200412e-01
2.060110255704450388e-01
3.564445432885861020e-01
4.725716306460286398e-01
5.850727471663467183e-01
2.756462930775254727e-01
3.201313491264387023e-01
4.355011253359198919e-01
4.275437595844868155e-01
4.661617278144881693e-01
4.001420460311414518e-01
4.324137885516051716e-01
3.859087270819716586e-01
3.673012571586166675e-01
4.233910058705738222e-01
3.864914021592427140e-01
3.913584695193589313e-01
2.057348562638682821e-01
3.189921677075518991e-01
5.777237313265820573e-01
5.848358461802976027e-01
2.764241510562651660e-01
3.218619206156796420e-01
3.522567026201873230e-01
4.240502078149693821e-01
6.265384869955977765e-01
4.282743593441133978e-01
3.808505188438294775e-01
3.551099330960990064e-01
5.022282395521671106e-01
3.765126976535743131e-01
4.831458663145548060e-01
4.177479595221482156e-01
2.523221330346002711e-01
3.174793764126533913e-01
3.064792572671541926e-01
6.722865109518717519e-01
3.423811584497578608e-01
3.076945122059929760e-01
5.151855547735471053e-01
4.545319232198818948e-01
5.587220350058779150e-01
4.288742644605246235e-01
4.111507043880207601e-01
3.510315666353371888e-01
5.058765504062070484e-01
5.013772176554240900e-01
4.454067892559728237e-01
3.939736107012647426e-01
2.609755305825784966e-01
3.404953024596883426e-01
3.860471511211243656e-01
4.903191822379522335e-01
3.030224630719131618e-01
3.151495561898824405e-01
5.215699038305560142e-01
4.768825343671148076e-01
5.637248711700171278e-01
4.065815167645716599e-01
4.031009247320382904e-01
3.586219397966718958e-01
3.894793662568513115e-01
4.977220654788959697e-01
4.301399591854462301e-01
3.700392844656534286e-01
2.047330225954113181e-01
3.195744811719145595e-01
4.839496961889437343e-01
5.091499409595044989e-01
3.112199302702224890e-01
3.045465557098324672e-01
4.195041155678372324e-01
4.165616295285259341e-01
5.292712958930980705e-01
3.689098114077377089e-01
3.948346861658399432e-01
2.775542101601318756e-01
4.294539137409280616e-01
4.816645374186258044e-01
3.251163241427778572e-01
3.205483499727479479e-01
3.725466323945539893e-01
2.936097155065014452e-01
3.649379638881264931e-01
4.485462788436498371e-01
2.617407017159085747e-01
3.183000396604837023e-01
5.042806580583495402e-01
3.244672535493668408e-01
5.242358210519431072e-01
4.932853446462138192e-01
2.864448096731203597e-01
3.783722882220691974e-01
2.804567350442112028e-01
5.259211997019167528e-01
3.521371471331072867e-01
4.319582265012055222e-01
2.025658379388972363e-01
1.407102746255343984e-01
4.161645327431948149e-01
2.075535531957558577e-01
1.291807930863392295e-01
1.898540774998624392e-01
3.729761540801363462e-01
2.704355431111800656e-01
2.737266281010181657e-01
3.593729617808213428e-01
3.975717987358353134e-01
5.408201693076010175e-01
2.850373720769177610e-01
3.042257794552837846e-01
4.150085259716370656e-01
3.965500474714954704e-01
1.835347318695222663e-01
1.532238899349639139e-01
3.847166616386808458e-01
3.523691841863050844e-01
2.007767062667502322e-01
2.083299657853966980e-01
3.578969202869209942e-01
3.923044840466025085e-01
3.225880055927589085e-01
3.353920918373684557e-01
5.078028268534389156e-01
3.322689802121877589e-01
3.751210662167435705e-01
3.035804339519192485e-01
3.208725615861161007e-01
6.067718600157276931e-01
3.931950903940972242e-01
2.593137685832482275e-01
4.554689065112790813e-01
4.533822878773222653e-01
4.531705364009289139e-01
4.655015579238400703e-01
4.817006572462655400e-01
2.555879358993156103e-01
5.280361576389132061e-01
5.679734672086016456e-01
2.588647505596836096e-01
