2.141037096009612284e-01
4.626708767498148855e-01
3.754462598219441283e-01
2.430818718122505495e-01
2.747238001357813486e-01
3.876439530397064459e-01
5.625129128967165659e-01
3.718216765375057520e-01
2.808009927535389250e-01
3.176442857962905042e-01
2.324859795982880950e-01
4.193146084098746118e-01
2.318891211940430075e-01
4.512739000038841208e-01
4.826591724391112725e-01
2.331490481455767150e-01
3.563930594233213900e-01
3.174763911124057203e-01
5.378956232242091406e-01
3.447651957141418810e-01
3.884815202332621009e-01
2.052432200408471907e-01
3.064222709815765944e-01
2.897170439571338796e-01
2.994861017652123980e-01
3.312227948756419904e-01
3.996766775255819470e-01
6.421059815413179273e-01
3.506718230995599095e-01
1.845946522359606379e-01
2.559306923881098372e-01
2.596050650185003361e-01
4.133928099491863684e-01
4.189292229604180129e-01
1.786384781643858555e-01
3.740689570699378685e-01
5.555368622061966910e-01
2.943394837053712187e-01
3.667038833555504307e-01
3.774187999033942753e-01
2.659238972446757998e-01
3.543660691521371975e-01
2.906605652458351674e-01
4.377347992773085172e-01
3.716599900948157620e-01
4.018611971581747544e-01
3.654667644408938210e-01
4.886076789305173196e-01
2.903122211549856169e-01
4.120698931545820343e-01
3.008885670486151631e-01
2.475196362211660450e-01
5.733647979951460583e-01
3.514114741013276144e-01
3.404320302525082886e-01
2.383537671315454909e-01
3.767500902555423470e-01
4.581657531286977836e-01
4.666806067275535708e-01
3.251179271980020324e-01
2.246280610940268319e-01
4.465442853836744663e-01
4.195375599794128330e-01
1.735251262477103262e-01
2.231513597689377681e-01
4.704282721917280585e-01
4.391216249463429366e-01
2.442917941501174250e-01
2.836165283970698558e-01
5.040254385483211585e-01
6.213892136165357627e-01
3.869452387560222140e-01
3.420963453146365074e-01
3.583417313232674095e-01
2.569775913964383873e-01
2.400125071400388277e-01
3.784824698213693495e-01
3.936095435911095564e-01
4.384397758445017779e-01
4.887388910606463854e-01
4.164480554648668509e-01
4.879092496182128036e-01
2.356384441183198564e-01
3.849682599999877386e-01
3.124798482916197329e-01
3.770798036575214174e-01
3.304200276667724756e-01
2.341773507608260751e-01
4.018888438187832035e-01
4.155161362087595456e-01
5.234229453733403314e-01
3.480460649440364485e-01
2.667970319336519514e-01
3.896283590558556886e-01
2.519977454232086300e-01
5.418318669027273327e-01
4.207684283419656501e-01
4.915356937688424299e-01
5.723201177193697475e-01
4.122782265821466896e-01
3.066679110095933414e-01
4.855000740244313495e-01
2.774597456389259476e-01
3.913035454135666558e-01
3.817304010637815326e-01
3.596382050094186766e-01
4.491099776571544910e-01
3.761248946233803903e-01
4.286242171913036691e-01
4.265651504648937942e-01
3.967243495985295354e-01
4.541083364966848612e-01
3.494280460495431395e-01
5.012738019300722048e-01
4.134591495164774977e-01
2.939906731267413198e-01
2.141037096009612284e-01
4.626708767498148855e-01
3.754462598219441283e-01
2.430818718122505495e-01
2.747238001357813486e-01
3.876439530397064459e-01
5.625129128967165659e-01
3.718216765375057520e-01
2.808009927535389250e-01
3.176442857962905042e-01
2.324859795982880950e-01
4.193146084098746118e-01
2.318891211940430075e-01
4.512739000038841208e-01
4.826591724391112725e-01
2.331490481455767150e-01
3.563930594233213900e-01
3.174763911124057203e-01
5.378956232242091406e-01
3.447651957141418810e-01
3.884815202332621009e-01
2.052432200408471907e-01
3.064222709815765944e-01
2.897170439571338796e-01
2.994861017652123980e-01
3.312227948756419904e-01
3.996766775255819470e-01
6.421059815413179273e-01
3.506718230995599095e-01
1.845946522359606379e-01
2.559306923881098372e-01
2.596050650185003361e-01
4.133928099491863684e-01
4.189292229604180129e-01
1.786384781643858555e-01
3.740689570699378685e-01
5.555368622061966910e-01
2.943394837053712187e-01
3.667038833555504307e-01
3.774187999033942753e-01
2.659238972446757998e-01
3.543660691521371975e-01
2.906605652458351674e-01
4.377347992773085172e-01
3.716599900948157620e-01
4.018611971581747544e-01
3.654667644408938210e-01
4.886076789305173196e-01
2.903122211549856169e-01
4.120698931545820343e-01
3.008885670486151631e-01
2.475196362211660450e-01
5.733647979951460583e-01
3.514114741013276144e-01
3.404320302525082886e-01
2.383537671315454909e-01
3.767500902555423470e-01
4.581657531286977836e-01
4.666806067275535708e-01
3.251179271980020324e-01
2.246280610940268319e-01
4.465442853836744663e-01
4.195375599794128330e-01
1.735251262477103262e-01
3.066600985242599609e-01
4.855000740244313495e-01
2.774597456389259476e-01
3.913035454135666558e-01
3.817304010637815326e-01
3.596382050094186766e-01
4.491099776571544910e-01
3.761227058708201954e-01
4.286071692487357088e-01
4.265651504648937942e-01
3.967243495985295354e-01
4.541083364966848612e-01
3.494280460495431395e-01
5.012738019300722048e-01
4.134591495164774977e-01
2.939906731267413198e-01
2.695492072433914310e-01
4.480017066953345117e-01
5.893760119866560121e-01
3.017860972735222358e-01
4.463751216948835254e-01
2.780709213737632135e-01
4.989973950444245299e-01
4.435662947418718693e-01
5.330245042776349251e-01
4.375752418507635189e-01
4.278757947675150830e-01
4.378237483899688476e-01
3.666026522730316262e-01
4.224536036769139802e-01
3.732570671720831790e-01
2.693482179315726532e-01
2.695732937932358020e-01
4.482643356443377081e-01
4.449228556978542248e-01
2.701628656782735227e-01
4.714715056515693670e-01
2.807219927551841687e-01
4.238649848761206762e-01
5.661765617509464388e-01
5.929143241935250774e-01
3.640019340282926175e-01
4.442618934078320647e-01
3.787931094317125713e-01
3.088265372136154152e-01
6.296550670945159078e-01
4.192869343758682810e-01
2.255813574267931942e-01
2.623351072084850744e-01
6.037770043405455977e-01
4.619251407336273374e-01
3.120515168350871948e-01
4.463262676854565236e-01
3.473287792971063714e-01
4.270140705562328054e-01
3.179409260639948220e-01
7.446322924858798098e-01
4.514218588493958406e-01
4.281584967088742366e-01
5.168115287371259914e-01
3.247954951163283810e-01
5.436074588953248021e-01
3.885813561162377305e-01
2.974526201037434037e-01
2.673803585301618990e-01
4.864577298191395394e-01
6.007023704145673104e-01
3.230609571443159855e-01
4.494305991439872527e-01
3.668581022818993009e-01
4.409782063411590292e-01
3.947169230949960084e-01
5.709201200210074489e-01
4.155705434535014176e-01
4.301540888575867694e-01
4.729817715526346555e-01
3.167281491886928535e-01
6.028904303232145434e-01
3.923945986476338188e-01
2.815206099890366631e-01
2.688995208934301662e-01
4.217547727730944773e-01
5.244182551841359841e-01
3.112607849556747741e-01
4.473405328195560471e-01
2.680064259634442614e-01
4.450409803648529561e-01
4.697050905572734414e-01
5.256776216852151462e-01
4.735096343899397042e-01
4.068584525587872758e-01
3.784450474822149135e-01
2.772326193112621961e-01
4.952034039210382876e-01
3.783217050768670209e-01
2.638163073779822843e-01
2.141037096009612006e-01
4.626708767498149411e-01
3.754462598219441283e-01
2.430818718122505773e-01
2.747238001357813486e-01
3.876439530397064459e-01
5.625129128967165659e-01
3.718216765375057520e-01
2.808009927535388695e-01
3.176442857962904487e-01
2.324859795982880672e-01
4.193146084098746118e-01
2.318891211940430075e-01
4.512739000038841208e-01
4.826591724391113281e-01
2.331490481455767150e-01
3.563930594233213900e-01
3.174763911124056648e-01
5.378956232242091406e-01
3.447651957141418810e-01
3.884815202332621009e-01
2.052432200408471907e-01
3.064222709815765944e-01
2.897170439571338241e-01
2.994861017652123980e-01
3.312227948756419904e-01
3.996766775255819470e-01
6.421059815413178162e-01
3.506718230995598540e-01
1.845946522359605824e-01
2.559306923881098372e-01
2.596050650185002806e-01
4.133928099491863684e-01
4.189292229604179574e-01
1.786384781643858555e-01
3.740689570699379241e-01
5.555368622061966910e-01
2.943394837053712743e-01
3.667038833555503752e-01
3.774187999033941643e-01
2.659238972446757443e-01
3.543660691521371975e-01
2.906605652458351119e-01
4.377347992773086283e-01
3.716599900948157065e-01
4.018611971581747544e-01
3.654667644408938210e-01
4.886076789305173196e-01
2.903122211549856169e-01
4.120698931545819788e-01
3.008885670486152186e-01
2.475196362211660728e-01
5.733647979951460583e-01
3.514114741013276144e-01
3.404320302525082886e-01
2.383537671315454354e-01
3.767500902555423470e-01
4.581657531286977836e-01
4.666806067275536263e-01
3.251179271980020880e-01
2.246280610940268596e-01
4.465442853836744663e-01
4.195375599794128330e-01
1.735251262477102985e-01
