5.298573009019674762e-01
4.832280124116807851e-01
6.254097575650466867e-01
4.749549433717726865e-01
3.418239244844814007e-01
2.526048354278210839e-01
3.132394501360978301e-01
3.019089713390859520e-01
5.801293714222917064e-01
2.799491547601213326e-01
3.814083320324358484e-01
4.887468794663651361e-01
4.093411525066440459e-01
4.409321134536773323e-01
6.109394085765659232e-01
3.645633436051764487e-01
4.487652839123948967e-01
1.959781852783597511e-01
4.462348243289749328e-01
2.990882497443422272e-01
3.298434532454708190e-01
1.474793645975805423e-01
1.249861927566140035e-01
2.949434852319556821e-01
2.034292859326336245e-01
9.163761933948257055e-02
1.938579139729742773e-01
2.548716149192095659e-01
3.838765097339376653e-01
1.981146712217841388e-01
2.105784083657217531e-01
2.735489593314056056e-01
8.039162503644328162e-01
2.511541351365952357e-01
3.259277789917148227e-01
4.271035433724961194e-01
3.941151988677826790e-01
1.393045214223676276e-01
1.247620407645692320e-01
3.710195195879756880e-01
5.129191844510088139e-01
1.926944587239958484e-01
2.466369769506277232e-01
2.306209746574643393e-01
3.348775267884319673e-01
2.045370577250643918e-01
2.423353210294717786e-01
3.925473776229216893e-01
4.009389920732932544e-01
3.329527710434619370e-01
4.224414680306629588e-01
3.812266577962293845e-01
5.384915072577922679e-01
3.254071315939417453e-01
1.741554896466634417e-01
2.918162381602675826e-01
4.470522984373631603e-01
3.718284176368273353e-01
4.245943741816110006e-01
3.467361501090570619e-01
3.013029803958700570e-01
4.077109034412392252e-01
4.983693900391524267e-01
3.217139462617618628e-01
4.898325373891628254e-01
4.258817915552328137e-01
6.288754235483997590e-01
4.271799259132720850e-01
3.433425891813977060e-01
2.853917074326305925e-01
2.973448404569091208e-01
3.913405256233219442e-01
6.071513586949153218e-01
3.308141889737297725e-01
3.414382883372855115e-01
3.947296767610880552e-01
4.061319110956029821e-01
4.233397886191142545e-01
5.366830837272502652e-01
2.535548525335137304e-01
3.313191244565352189e-01
4.077017698058545969e-01
1.838425078901414489e-01
1.699201717613100515e-01
1.821945438987815635e-01
1.163258939143402976e-01
4.163670358389059967e-01
3.430009469568459646e-01
6.260238499965353753e-01
2.168255360780542707e-01
3.672622988209549577e-01
1.690133344845475283e-01
3.992311466599598457e-01
3.326892156903522024e-01
3.433359879728659636e-01
5.888730080125794686e-01
6.910140253885372896e-01
2.959110108417490892e-01
4.323317841005980267e-01
5.029010484019458271e-01
6.042518037707680367e-01
3.270029230800393649e-01
4.450997887151799670e-01
5.647686862967127297e-01
3.195637416895894534e-01
2.369446849741747574e-01
1.974592055677236724e-01
3.782767703107299262e-01
6.469125009539811177e-01
2.117828019850578891e-01
3.250613448662233451e-01
2.584830257912205664e-01
4.616341859640538670e-01
4.182955435863149329e-01
4.073596992185550270e-01
4.036951971838338427e-01
5.298573009019674762e-01
4.832280124116807851e-01
6.254097575650466867e-01
4.749549433717726865e-01
3.418239244844814007e-01
2.526048354278210839e-01
3.132394501360978301e-01
3.019089713390859520e-01
5.801293714222917064e-01
2.799491547601213326e-01
3.814083320324358484e-01
4.887468794663651361e-01
4.093411525066440459e-01
4.409321134536773323e-01
6.109394085765659232e-01
3.645633436051764487e-01
4.487652839123948967e-01
1.959781852783597511e-01
4.462348243289749328e-01
2.990882497443422272e-01
3.298434532454708190e-01
1.474793645975805423e-01
1.249861927566140035e-01
2.949434852319556821e-01
2.034292859326336245e-01
9.163761933948257055e-02
1.938579139729742773e-01
2.548716149192095659e-01
3.838765097339376653e-01
1.981146712217841388e-01
2.105784083657217531e-01
2.735489593314056056e-01
8.039162503644328162e-01
2.511541351365952357e-01
3.259277789917148227e-01
4.271035433724961194e-01
3.941151988677826790e-01
1.393045214223676276e-01
1.247620407645692320e-01
3.710195195879756880e-01
5.129191844510088139e-01
1.926944587239958484e-01
2.466369769506277232e-01
2.306209746574643393e-01
3.348775267884319673e-01
2.045370577250643918e-01
2.423353210294717786e-01
3.925473776229216893e-01
4.009389920732932544e-01
3.329527710434619370e-01
4.224414680306629588e-01
3.812266577962293845e-01
5.384915072577922679e-01
3.254071315939417453e-01
1.741554896466634417e-01
2.918162381602675826e-01
4.470522984373631603e-01
3.718284176368273353e-01
4.245943741816110006e-01
3.467361501090570619e-01
3.013029803958700570e-01
4.077109034412392252e-01
4.983693900391524267e-01
3.217139462617618628e-01
6.042364102190296293e-01
3.270029230800393649e-01
4.450997887151799670e-01
5.647686862967127297e-01
3.195637416895894534e-01
2.369446849741747574e-01
1.974592055677236724e-01
3.782745891076348954e-01
6.469019660038024533e-01
2.117828019850578891e-01
3.250613448662233451e-01
2.584830257912205664e-01
4.616341859640538670e-01
4.182955435863149329e-01
4.073596992185550270e-01
4.036951971838338427e-01
5.803007110992541850e-01
3.810699178330771431e-01
7.354509841131875447e-01
4.667814094372188527e-01
4.107328629868073899e-01
1.348939225603684178e-01
2.804470725248491281e-01
3.159013746675657375e-01
7.844226395016157261e-01
2.172960422235674649e-01
2.951663048431275582e-01
3.392870047860259142e-01
4.593383272241914894e-01
3.211517346688410601e-01
3.270576685857964350e-01
4.215464850159868493e-01
5.671933033649115830e-01
4.065807534640247245e-01
5.746142797617281861e-01
4.724203515304771228e-01
4.304917448549744341e-01
1.268997498328581774e-01
2.312530572332588408e-01
3.975264070217748857e-01
7.250894551251541031e-01
1.963271517100143582e-01
3.124748992358351574e-01
3.144436489408634627e-01
5.453506563034404842e-01
4.032163574751250756e-01
3.469840167770883443e-01
3.184019616630462957e-01
5.765740820617861750e-01
4.696623412486941040e-01
6.358739905759493993e-01
5.105975535183014946e-01
3.488017761392329663e-01
1.829138834183746398e-01
2.215874638928947982e-01
2.433799885443197475e-01
8.438642652872253569e-01
2.803807913535029672e-01
2.884860997828448403e-01
3.956763476963333082e-01
5.479853990037307776e-01
3.365810254028501203e-01
3.410195222920438529e-01
3.888101422022298137e-01
5.728392758005853569e-01
4.476565464914867287e-01
6.759464114639390786e-01
5.151307631868748960e-01
3.931875053464949921e-01
1.719240868986408044e-01
2.582892634545600474e-01
2.495638081201176361e-01
6.645038821043136590e-01
2.321247752738024583e-01
2.911943581959501870e-01
4.529484504811328582e-01
5.206736940253439139e-01
4.552168017958371782e-01
3.266781280312192060e-01
3.648451344661567952e-01
5.612003397300420193e-01
3.813909299677689102e-01
6.774883933899032984e-01
5.155455745547588009e-01
3.916992648650022280e-01
1.271574922001551811e-01
2.302330251922640736e-01
3.703396888400610210e-01
6.911959970653359653e-01
2.417215619896407319e-01
3.021784464896716260e-01
3.099236905775002993e-01
4.871608357036637527e-01
3.636836138299878729e-01
2.911442545629717715e-01
3.543307846900017322e-01
5.298573009019674762e-01
4.832280124116807296e-01
6.254097575650467977e-01
4.749549433717726865e-01
3.418239244844815117e-01
2.526048354278210839e-01
3.132394501360978856e-01
3.019089713390860075e-01
5.801293714222917064e-01
2.799491547601213881e-01
3.814083320324358484e-01
4.887468794663651361e-01
4.093411525066440459e-01
4.409321134536774434e-01
6.109394085765660343e-01
3.645633436051765042e-01
4.487652839123950077e-01
1.959781852783597511e-01
4.462348243289749883e-01
2.990882497443422272e-01
3.298434532454708745e-01
1.474793645975805700e-01
1.249861927566139896e-01
2.949434852319556266e-01
2.034292859326336522e-01
9.163761933948255667e-02
1.938579139729742773e-01
2.548716149192095104e-01
3.838765097339375543e-01
1.981146712217841110e-01
2.105784083657218086e-01
2.735489593314056056e-01
8.039162503644327051e-01
2.511541351365951802e-01
3.259277789917148782e-01
4.271035433724961194e-01
3.941151988677827345e-01
1.393045214223676553e-01
1.247620407645692320e-01
3.710195195879756325e-01
5.129191844510088139e-01
1.926944587239958484e-01
2.466369769506277232e-01
2.306209746574643393e-01
3.348775267884319118e-01
2.045370577250643918e-01
2.423353210294717786e-01
3.925473776229218004e-01
4.009389920732932544e-01
3.329527710434619370e-01
4.224414680306630143e-01
3.812266577962294400e-01
5.384915072577922679e-01
3.254071315939416897e-01
1.741554896466634417e-01
2.918162381602675826e-01
4.470522984373632713e-01
3.718284176368273908e-01
4.245943741816110562e-01
3.467361501090571174e-01
3.013029803958701125e-01
4.077109034412392252e-01
4.983693900391525378e-01
3.217139462617618628e-01
