1.055947569180393786e-01
3.134228679242783144e-01
2.294088434051577696e-01
3.363800021024680453e-01
2.682764109838097211e-01
3.181557400518603140e-01
3.239031310867521163e-01
6.965262569537074011e-01
4.420394638881060545e-01
3.970017776717389979e-01
4.448671123809320727e-01
7.302648003790678244e-01
6.018131489919816834e-01
4.455951127258727107e-01
3.162551257470452848e-01
2.812972385224055683e-01
2.124366094330242816e-01
3.359917064285283805e-01
5.665646238532024981e-01
3.399448368702662204e-01
4.242562394706183571e-01
3.085668755281993914e-01
1.291746145506777188e-01
4.873238461622881879e-01
1.917399487418867121e-01
1.915792835123737992e-01
1.828445009917538666e-01
3.205735043172054377e-01
8.411341165409426113e-01
4.418684367857411144e-01
3.093258849521508536e-01
2.551173449287181261e-01
2.202704210757320813e-01
2.438858404973847649e-01
3.983994394306581976e-01
3.300880799417790779e-01
3.702543251862862039e-01
2.645300846499278880e-01
2.200766397768273430e-01
4.933727422338795021e-01
2.141668384886666887e-01
2.944239610626736003e-01
2.848391139312020925e-01
2.839979849925077238e-01
6.147779188154602892e-01
2.754177273034090767e-01
2.381049718201513343e-01
2.977296561534720221e-01
4.591293181219046615e-01
6.523589925893369390e-01
9.873720358039891343e-01
4.948504054447740996e-01
5.595410305129715489e-01
3.412325555676558042e-01
1.953294546693629397e-01
4.765888813655866918e-01
2.996915274930139761e-01
3.749530051271423026e-01
3.145157830569215718e-01
2.958730399818821910e-01
3.285565815590519301e-01
3.180308590541363056e-01
2.821003872226799380e-01
1.156741310445638105e-01
1.274932270287388036e-01
2.622857409252817851e-01
3.314317006403824650e-01
3.152659922941069004e-01
2.597827592938364294e-01
3.611038577098292790e-01
3.345003432639059304e-01
7.564508438875958696e-01
6.386323349955890238e-01
4.768950258541774789e-01
4.810734745856662387e-01
5.462231926681641037e-01
3.492799489319979855e-01
3.179114123755200083e-01
2.778272633010807624e-01
3.803719610593985223e-01
4.726765189527339928e-01
3.895773864926368457e-01
2.860848556764267192e-01
1.672638036064071909e-01
1.854728343812538094e-01
2.222093359188253847e-01
9.921067569359446336e-01
5.406152844696069382e-01
1.920274112625328100e-01
2.497842101398937698e-01
3.544083580063982497e-01
2.978965683976847467e-01
2.300370436998000478e-01
6.318701921326898008e-01
3.839046654280903192e-01
4.584918285114795711e-01
4.987402644848893396e-01
4.500264611758051370e-01
4.391668533366187566e-01
5.080795175320866885e-01
2.210534483054474586e-01
4.440181644335066680e-01
5.242253431953184384e-01
5.298950205461234741e-01
3.249306337218802465e-01
3.639660153436997669e-01
2.403846328258696929e-01
6.854826007006108446e-01
3.629342728171311427e-01
3.342360492286769458e-01
3.176393276075526462e-01
3.607110686841948355e-01
7.418572853766591813e-01
5.130354462596514731e-01
2.832259327372596558e-01
2.476177120917771035e-01
1.055947569180393786e-01
3.134228679242783144e-01
2.294088434051577696e-01
3.363800021024680453e-01
2.682764109838097211e-01
3.181557400518603140e-01
3.239031310867521163e-01
6.965262569537074011e-01
4.420394638881060545e-01
3.970017776717389979e-01
4.448671123809320727e-01
7.302648003790678244e-01
6.018131489919816834e-01
4.455951127258727107e-01
3.162551257470452848e-01
2.812972385224055683e-01
2.124366094330242816e-01
3.359917064285283805e-01
5.665646238532024981e-01
3.399448368702662204e-01
4.242562394706183571e-01
3.085668755281993914e-01
1.291746145506777188e-01
4.873238461622881879e-01
1.917399487418867121e-01
1.915792835123737992e-01
1.828445009917538666e-01
3.205735043172054377e-01
8.411341165409426113e-01
4.418684367857411144e-01
3.093258849521508536e-01
2.551173449287181261e-01
2.202704210757320813e-01
2.438858404973847649e-01
3.983994394306581976e-01
3.300880799417790779e-01
3.702543251862862039e-01
2.645300846499278880e-01
2.200766397768273430e-01
4.933727422338795021e-01
2.141668384886666887e-01
2.944239610626736003e-01
2.848391139312020925e-01
2.839979849925077238e-01
6.147779188154602892e-01
2.754177273034090767e-01
2.381049718201513343e-01
2.977296561534720221e-01
4.591293181219046615e-01
6.523589925893369390e-01
9.873720358039891343e-01
4.948504054447740996e-01
5.595410305129715489e-01
3.412325555676558042e-01
1.953294546693629397e-01
4.765888813655866918e-01
2.996915274930139761e-01
3.749530051271423026e-01
3.145157830569215718e-01
2.958730399818821910e-01
3.285565815590519301e-01
3.180308590541363056e-01
2.821003872226799380e-01
1.156741310445638105e-01
2.210478168821365386e-01
4.440181644335066680e-01
5.242253431953184384e-01
5.298950205461234741e-01
3.249306337218802465e-01
3.639660153436997669e-01
2.403846328258696929e-01
6.854814972734073475e-01
3.629152649063029368e-01
3.342360492286769458e-01
3.176393276075526462e-01
3.607110686841948355e-01
7.418572853766591813e-01
5.130354462596514731e-01
2.832259327372596558e-01
2.476177120917771035e-01
3.548198778116347096e-01
3.893096552886068928e-01
4.063187232251593284e-01
4.822432654726707679e-01
4.956596559734091634e-01
3.177877254904585280e-01
3.406863593552256209e-01
4.088417975628556023e-01
4.362614575052075061e-01
3.270439590400696095e-01
3.858224574803921225e-01
3.258603440225458225e-01
4.517187789480576199e-01
4.138140610890064242e-01
3.916380017061731333e-01
3.671631025919367408e-01
3.829404391464714674e-01
3.971066953828393253e-01
4.472339802780426754e-01
3.389510091096650246e-01
4.380443747641132868e-01
2.529043313652849512e-01
3.393874529438657417e-01
6.278845585628176629e-01
4.936342340236896664e-01
3.330822041545461465e-01
3.123806010563133784e-01
2.969445296305513460e-01
4.231334370640629228e-01
6.161778893890444975e-01
3.169109130913440042e-01
3.565108484012734502e-01
3.753618447101881861e-01
5.502916154895480805e-01
4.130659105687579657e-01
3.965707583619398902e-01
4.361940506228182968e-01
3.168043586092147423e-01
3.167230601694908665e-01
3.868504010028472884e-01
5.807873679327569816e-01
4.128012708765284589e-01
3.090334059028755354e-01
4.205388793963786842e-01
4.426756236869747729e-01
5.190634139350798204e-01
3.488356553793274251e-01
4.063585337819821675e-01
3.656169860808487493e-01
5.382619103307746400e-01
4.859739472000058069e-01
4.001257015223499414e-01
4.284789203417156966e-01
3.134531966361883693e-01
3.795942245921357094e-01
4.231212807009971377e-01
4.769762321377746250e-01
3.438444898545401918e-01
3.056824578259535463e-01
4.238873786575769742e-01
4.261433338545423943e-01
5.994726585208869363e-01
3.269537576843318805e-01
3.969707058144092415e-01
3.535372999557870877e-01
4.313074309722827460e-01
5.074217833648008158e-01
3.872493863349042442e-01
4.224494026762854459e-01
2.440268566908648240e-01
3.443045594100925255e-01
5.251804366634598153e-01
4.695517348255614509e-01
3.662498927072855848e-01
2.860181918453259531e-01
3.355622591165504098e-01
3.894909906738464045e-01
5.423451103396972339e-01
2.981208328870416091e-01
3.707419894655943904e-01
1.055947569180393647e-01
3.134228679242783699e-01
2.294088434051578529e-01
3.363800021024681008e-01
2.682764109838097211e-01
3.181557400518603695e-01
3.239031310867521163e-01
6.965262569537075121e-01
4.420394638881061100e-01
3.970017776717390534e-01
4.448671123809321282e-01
7.302648003790678244e-01
6.018131489919816834e-01
4.455951127258728217e-01
3.162551257470452848e-01
2.812972385224055683e-01
2.124366094330243371e-01
3.359917064285283805e-01
5.665646238532026091e-01
3.399448368702662204e-01
4.242562394706183571e-01
3.085668755281993914e-01
1.291746145506777188e-01
4.873238461622880768e-01
1.917399487418867121e-01
1.915792835123737714e-01
1.828445009917538666e-01
3.205735043172054377e-01
8.411341165409425003e-01
4.418684367857410034e-01
3.093258849521508536e-01
2.551173449287181261e-01
2.202704210757321368e-01
2.438858404973847649e-01
3.983994394306582532e-01
3.300880799417790223e-01
3.702543251862862594e-01
2.645300846499279435e-01
2.200766397768273430e-01
4.933727422338795021e-01
2.141668384886666887e-01
2.944239610626736003e-01
2.848391139312020370e-01
2.839979849925076683e-01
6.147779188154601782e-01
2.754177273034090767e-01
2.381049718201513621e-01
2.977296561534720776e-01
4.591293181219046615e-01
6.523589925893368280e-01
9.873720358039893563e-01
4.948504054447740441e-01
5.595410305129715489e-01
3.412325555676557487e-01
1.953294546693629397e-01
4.765888813655866918e-01
2.996915274930139761e-01
3.749530051271423026e-01
3.145157830569216273e-01
2.958730399818821910e-01
3.285565815590519856e-01
3.180308590541362501e-01
2.821003872226799936e-01
1.156741310445637966e-01
