1.639155910323053800e-01
4.939275835867360520e-01
4.023710640870415411e-01
2.236334604447366980e-01
3.444454242374430097e-01
3.433916378690599069e-01
5.698243206950220907e-01
4.530295010236853326e-01
3.934303412852477311e-01
4.163682735628564946e-01
2.507019972006374608e-01
5.692289024753616200e-01
2.470943962427140372e-01
4.569049292639946191e-01
3.832289884726673979e-01
1.712877184519340512e-01
3.658288169201774354e-01
3.943350120426739047e-01
7.051015652919887522e-01
3.008385516648781621e-01
4.179407410173875959e-01
1.130167475884957945e-01
1.522052085065925264e-01
3.573874531009089694e-01
3.519368448152330187e-01
2.695039712197069837e-01
1.872489756951727646e-01
6.529671247212122109e-01
2.392207278196133713e-01
2.864121848494881606e-01
4.773604377720166991e-01
3.633018383716791755e-01
5.164425606712228500e-01
3.984693944002168364e-01
2.990668919808813775e-01
3.418880165475470800e-01
5.991939791722128428e-01
2.430731744942005723e-01
2.868218906720201855e-01
5.159749467926059152e-01
1.765671140120000371e-01
2.464692287864317655e-01
8.789934429665102744e-02
2.813337102475367280e-01
4.015094413326006917e-01
4.573093747837957412e-01
3.637177518738692328e-01
5.190341605355927035e-01
2.248601934850742445e-01
4.098887191559698051e-01
3.217592513662745346e-01
2.107733273730640067e-01
6.514226606318003210e-01
2.654160970347107518e-01
4.100646718340072994e-01
4.150158747504217316e-01
4.505580676116061056e-01
6.046781821116452571e-01
3.705291253828265075e-01
4.490059661494829601e-01
1.755435777352404580e-01
5.184942252423029307e-01
4.743232840316041199e-01
1.418616772172585916e-01
1.760644832435545870e-01
5.083051483846769969e-01
5.481277824153361067e-01
2.008480741663830060e-01
4.132298708557720079e-01
3.752795403214383430e-01
6.306582187154753383e-01
5.237691673302324880e-01
5.567586575712648589e-01
5.024590655716330012e-01
3.038446614850542349e-01
2.282178550738994949e-01
3.614214948604346223e-01
3.245902116295045214e-01
4.725309575686988950e-01
5.589191670252535715e-01
6.764518828443171206e-01
4.310755400721391073e-01
8.683177222944830909e-02
1.840608602440136632e-01
3.738432404450194313e-01
3.008681848767958411e-01
2.770009818810809099e-01
3.783051002023966602e-01
5.161332118388495260e-01
4.328956117390991287e-01
6.449598226912323096e-01
2.591784786138097707e-01
1.638901326730030639e-01
4.043377356465519545e-01
1.958312510839888831e-01
6.612302564640100133e-01
4.407861149429833092e-01
4.862892904536312288e-01
5.158622863939751335e-01
4.514296391687478427e-01
2.858208811289297824e-01
5.290558331607706499e-01
4.027809539532638539e-01
3.413345162969598223e-01
4.638041046259363531e-01
2.758556649616798473e-01
3.794624298279629104e-01
5.513554268383018542e-01
5.190304416176891866e-01
4.119603561077734288e-01
2.184633494550025090e-01
4.994100957616888770e-01
3.109506317507485518e-01
5.967513120239196223e-01
5.003046370742965099e-01
2.862955343926159579e-01
1.639155910323053800e-01
4.939275835867360520e-01
4.023710640870415411e-01
2.236334604447366980e-01
3.444454242374430097e-01
3.433916378690599069e-01
5.698243206950220907e-01
4.530295010236853326e-01
3.934303412852477311e-01
4.163682735628564946e-01
2.507019972006374608e-01
5.692289024753616200e-01
2.470943962427140372e-01
4.569049292639946191e-01
3.832289884726673979e-01
1.712877184519340512e-01
3.658288169201774354e-01
3.943350120426739047e-01
7.051015652919887522e-01
3.008385516648781621e-01
4.179407410173875959e-01
1.130167475884957945e-01
1.522052085065925264e-01
3.573874531009089694e-01
3.519368448152330187e-01
2.695039712197069837e-01
1.872489756951727646e-01
6.529671247212122109e-01
2.392207278196133713e-01
2.864121848494881606e-01
4.773604377720166991e-01
3.633018383716791755e-01
5.164425606712228500e-01
3.984693944002168364e-01
2.990668919808813775e-01
3.418880165475470800e-01
5.991939791722128428e-01
2.430731744942005723e-01
2.868218906720201855e-01
5.159749467926059152e-01
1.765671140120000371e-01
2.464692287864317655e-01
8.789934429665102744e-02
2.813337102475367280e-01
4.015094413326006917e-01
4.573093747837957412e-01
3.637177518738692328e-01
5.190341605355927035e-01
2.248601934850742445e-01
4.098887191559698051e-01
3.217592513662745346e-01
2.107733273730640067e-01
6.514226606318003210e-01
2.654160970347107518e-01
4.100646718340072994e-01
4.150158747504217316e-01
4.505580676116061056e-01
6.046781821116452571e-01
3.705291253828265075e-01
4.490059661494829601e-01
1.755435777352404580e-01
5.184942252423029307e-01
4.743232840316041199e-01
1.418616772172585916e-01
2.858135997298605901e-01
5.290558331607706499e-01
4.027809539532638539e-01
3.413345162969598223e-01
4.638041046259363531e-01
2.758556649616798473e-01
3.794624298279629104e-01
5.513538528502558433e-01
5.190160910945222916e-01
4.119603561077734288e-01
2.184633494550025090e-01
4.994100957616888770e-01
3.109506317507485518e-01
5.967513120239196223e-01
5.003046370742965099e-01
2.862955343926159579e-01
2.868634569435113413e-01
4.881715551955500554e-01
5.738691327045277735e-01
3.062346686504636151e-01
4.635667963697139293e-01
2.685069070709802386e-01
4.448786177169428147e-01
5.016834061613513196e-01
5.787578036908883616e-01
3.796918943783487155e-01
3.496497983858472547e-01
4.254377805639646404e-01
3.574340606530069797e-01
4.829644713888445740e-01
4.037721121134030255e-01
3.072980553247278701e-01
3.115122136434218536e-01
4.215848347876801072e-01
4.362942341006646463e-01
2.858204263642698528e-01
5.167633309603016922e-01
2.721880580068937738e-01
3.732653956183255572e-01
6.096583526017083088e-01
5.071151189138405346e-01
3.862016758961855367e-01
3.734025099180873219e-01
3.500343030862509974e-01
3.183023965209904604e-01
6.161932188370816688e-01
4.521079993338028569e-01
2.799697890358086028e-01
3.067781013987705419e-01
5.395358252032854685e-01
3.945239808606907372e-01
3.669714034808009839e-01
4.627896788779556903e-01
3.477139284871238467e-01
3.950798324846211407e-01
3.296885484801785893e-01
6.676427978530486973e-01
4.330624208745397774e-01
3.806414731156118614e-01
4.808613611642676977e-01
3.411333004484465303e-01
6.115455404985410404e-01
3.791625150645641651e-01
3.321615642623829134e-01
2.900384327972356791e-01
5.596153395607565972e-01
5.479109912871718002e-01
3.254438259834838143e-01
4.648197423301281828e-01
3.374222030146141194e-01
4.211734595672971260e-01
4.392607535159318011e-01
5.317639625643321155e-01
3.840160411034312382e-01
3.603556123472769768e-01
4.841299713259066273e-01
3.431757022952583447e-01
6.276717779393572449e-01
3.903427170138479285e-01
3.219096188048535256e-01
3.236183451431562386e-01
4.299587675194463943e-01
4.638656357610284608e-01
3.120293598327168461e-01
4.181525509820467890e-01
2.760202843889551505e-01
4.228800686759688343e-01
4.869762389423508142e-01
4.843450799119149996e-01
4.175873543444182379e-01
3.667129426632428912e-01
3.702378122341784539e-01
2.894338407593568530e-01
5.405271992307802975e-01
3.331825222071111980e-01
3.308031511342894859e-01
1.639155910323053800e-01
4.939275835867361075e-01
4.023710640870415967e-01
2.236334604447366980e-01
3.444454242374430653e-01
3.433916378690599069e-01
5.698243206950222017e-01
4.530295010236853326e-01
3.934303412852476756e-01
4.163682735628565501e-01
2.507019972006374608e-01
5.692289024753615090e-01
2.470943962427140650e-01
4.569049292639947302e-01
3.832289884726674534e-01
1.712877184519340512e-01
3.658288169201774909e-01
3.943350120426739047e-01
7.051015652919887522e-01
3.008385516648781621e-01
4.179407410173875959e-01
1.130167475884957945e-01
1.522052085065925264e-01
3.573874531009089139e-01
3.519368448152330187e-01
2.695039712197069282e-01
1.872489756951727646e-01
6.529671247212122109e-01
2.392207278196133158e-01
2.864121848494880496e-01
4.773604377720168657e-01
3.633018383716791200e-01
5.164425606712228500e-01
3.984693944002167809e-01
2.990668919808813775e-01
3.418880165475470800e-01
5.991939791722127318e-01
2.430731744942006001e-01
2.868218906720201855e-01
5.159749467926059152e-01
1.765671140119999816e-01
2.464692287864317655e-01
8.789934429665102744e-02
2.813337102475367280e-01
4.015094413326005807e-01
4.573093747837957967e-01
3.637177518738692328e-01
5.190341605355928145e-01
2.248601934850742445e-01
4.098887191559697496e-01
3.217592513662745901e-01
2.107733273730640067e-01
6.514226606318003210e-01
2.654160970347107518e-01
4.100646718340072994e-01
4.150158747504216761e-01
4.505580676116059946e-01
6.046781821116452571e-01
3.705291253828265075e-01
4.490059661494830157e-01
1.755435777352404858e-01
5.184942252423029307e-01
4.743232840316041754e-01
1.418616772172585916e-01
