4.787749815090200367e-02
2.593748121766000780e-01
2.639467169616409037e-01
7.243246926145252562e-02
1.489910476963567376e-01
4.874207830140417919e-01
4.852297232369843227e-01
1.941382703237469198e-01
2.455171073310942198e-01
4.711937381087941135e-01
4.013618113553431566e-01
3.040275765395649699e-01
8.238524535750116340e-02
4.726113673229013212e-01
2.759011775030397740e-01
6.092665678269888058e-02
2.000295165318404234e-01
3.608211356451249685e-01
7.066232168706875205e-01
2.118849612787604419e-01
5.599725366548932159e-01
3.135615595309098613e-01
3.589204520604823423e-01
5.716399978521760072e-01
5.072410918783174516e-01
3.911084784736817976e-01
5.289289694628129812e-01
6.083555246475196299e-01
1.493122604615421123e-01
4.786629203071174343e-01
4.025701478998446325e-01
3.388542990443159653e-01
3.387616809613627766e-01
5.607580119651004447e-01
3.543376115655941239e-01
3.746384131190526046e-01
4.035069952710482744e-01
4.988207103927833064e-01
4.514799562907623187e-01
6.332744378685031261e-01
3.441426334900489770e-01
5.570254291677941838e-01
3.478293686119522388e-01
4.968613182515028148e-01
1.990737503780638795e-01
6.884734938945379357e-01
3.396091257432108934e-01
2.826104733402616254e-01
5.624097019589603674e-02
1.399902796765720714e-01
2.205543632503402518e-01
7.251996535090846074e-02
5.068472289642040884e-01
4.660794829113754090e-01
6.721030632516676873e-01
2.945271470469733033e-01
3.083731972108697539e-01
4.749027183501381422e-01
5.552289751218524305e-01
2.622248514872341230e-01
3.750836505248720393e-02
3.918627255215185179e-01
4.051139948608521446e-01
5.571952815187170005e-02
5.970228015182087872e-02
2.192264418037876972e-01
4.285509646276403628e-01
6.795301901380199072e-02
1.567921295499918044e-01
6.050020570798559927e-01
5.618376999213270384e-01
2.185224284655034599e-01
3.567192564613080874e-01
6.063557840498075002e-01
5.031891306506703909e-01
7.725812850819671618e-02
3.882181526540708916e-01
2.260159046638052505e-01
3.334027337387694967e-01
5.037726976639503862e-01
6.208324529140584191e-01
6.938833555975684186e-01
3.200983029513196909e-01
4.808847834676594490e-01
5.813474687663230389e-01
4.547694277391467477e-01
1.692083549553630439e-01
5.328754175127358161e-01
3.174250530868854003e-01
6.461744848732953184e-01
4.394818782112455136e-01
5.784156921492861203e-01
3.795844063062107088e-01
1.695054842952574692e-01
4.451269735202727923e-02
4.347583076111381506e-01
2.037382179884214550e-01
6.581955141143129850e-01
7.409422816308168791e-01
2.751941217392151473e-01
1.013105373170298806e-01
3.771728114352669858e-01
3.463948177733785494e-01
1.909772117055388851e-01
3.251905242440679134e-01
5.330499739483404165e-01
5.717280635238396469e-01
5.581583421346144602e-01
5.573787450188159021e-01
5.828435212369129648e-01
5.351626870127501601e-01
3.995146999113489694e-01
9.242646679682862965e-02
7.135939922087470855e-01
4.009347573309178236e-01
1.546610205078723932e-01
4.787749815090200367e-02
2.593748121766000780e-01
2.639467169616409037e-01
7.243246926145252562e-02
1.489910476963567376e-01
4.874207830140417919e-01
4.852297232369843227e-01
1.941382703237469198e-01
2.455171073310942198e-01
4.711937381087941135e-01
4.013618113553431566e-01
3.040275765395649699e-01
8.238524535750116340e-02
4.726113673229013212e-01
2.759011775030397740e-01
6.092665678269888058e-02
2.000295165318404234e-01
3.608211356451249685e-01
7.066232168706875205e-01
2.118849612787604419e-01
5.599725366548932159e-01
3.135615595309098613e-01
3.589204520604823423e-01
5.716399978521760072e-01
5.072410918783174516e-01
3.911084784736817976e-01
5.289289694628129812e-01
6.083555246475196299e-01
1.493122604615421123e-01
4.786629203071174343e-01
4.025701478998446325e-01
3.388542990443159653e-01
3.387616809613627766e-01
5.607580119651004447e-01
3.543376115655941239e-01
3.746384131190526046e-01
4.035069952710482744e-01
4.988207103927833064e-01
4.514799562907623187e-01
6.332744378685031261e-01
3.441426334900489770e-01
5.570254291677941838e-01
3.478293686119522388e-01
4.968613182515028148e-01
1.990737503780638795e-01
6.884734938945379357e-01
3.396091257432108934e-01
2.826104733402616254e-01
5.624097019589603674e-02
1.399902796765720714e-01
2.205543632503402518e-01
7.251996535090846074e-02
5.068472289642040884e-01
4.660794829113754090e-01
6.721030632516676873e-01
2.945271470469733033e-01
3.083731972108697539e-01
4.749027183501381422e-01
5.552289751218524305e-01
2.622248514872341230e-01
3.750836505248720393e-02
3.918627255215185179e-01
4.051139948608521446e-01
5.571952815187170005e-02
1.013079563913494019e-01
3.771728114352669858e-01
3.463948177733785494e-01
1.909772117055388851e-01
3.251905242440679134e-01
5.330499739483404165e-01
5.717280635238396469e-01
5.581567920133618799e-01
5.573655386807783163e-01
5.828435212369129648e-01
5.351626870127501601e-01
3.995146999113489694e-01
9.242646679682862965e-02
7.135939922087470855e-01
4.009347573309178236e-01
1.546610205078723932e-01
9.476372849244166230e-02
4.781630896052886937e-01
4.752535505975573060e-01
9.072680417059135471e-02
5.203058122620676240e-01
4.168465653015603900e-01
6.700245554775128287e-01
5.147412197927798694e-01
3.738730368306103502e-01
7.099263166910898537e-01
5.516662659551668790e-01
4.840190734833190733e-01
1.558740235781411188e-01
3.420952672918892157e-01
6.160479172377916202e-01
1.356724662472892362e-01
1.236502794893432899e-01
2.657617357336248820e-01
2.575722887119173410e-01
1.741266456442120691e-01
3.494213623657081991e-01
4.654044336280424021e-01
7.143124072818760606e-01
4.742486198390791774e-01
2.979439971817368082e-01
7.056546781327227569e-01
6.513744596583610491e-01
2.474438840683929608e-01
1.853459142866673570e-01
4.853592676734356237e-01
3.129363755292712268e-01
1.589661465740427326e-01
8.351302127296790501e-02
5.453808092190692847e-01
2.657930374770416382e-01
1.752946640180423898e-01
3.947455320104241161e-01
5.600166297244878466e-01
6.453168221786145242e-01
3.115838856501071952e-01
6.562707160726851674e-01
6.542369744894289685e-01
6.448181420429192068e-01
5.426991849386380018e-01
1.399325141317429577e-01
6.341561944649325433e-01
4.079226312535033094e-01
1.513674698877138236e-01
8.082447970591664921e-02
4.927707760238524970e-01
5.029364403164302555e-01
1.319338239591920092e-01
4.371962516541269550e-01
5.398892747423984506e-01
6.866716042098793826e-01
4.477615959857995098e-01
4.095799900650037850e-01
6.556269683494077016e-01
5.945381550561255057e-01
5.122836489701049212e-01
1.575260985193305263e-01
5.668985498920429134e-01
4.486571560888237276e-01
1.524924822222245568e-01
1.199088658202484281e-01
2.943833573532597114e-01
3.246741787965107262e-01
1.655263434500826303e-01
2.930146824328190847e-01
4.579644178931085996e-01
7.081638144502188092e-01
4.513580661166659014e-01
3.270627896166542481e-01
7.304414986037609525e-01
6.557610108200756516e-01
2.548020670598660220e-01
1.461803359890360421e-01
4.464244569248207450e-01
2.547726612991395578e-01
1.923334280043034195e-01
4.787749815090199673e-02
2.593748121766001336e-01
2.639467169616409592e-01
7.243246926145252562e-02
1.489910476963567376e-01
4.874207830140419029e-01
4.852297232369843782e-01
1.941382703237469198e-01
2.455171073310941920e-01
4.711937381087940580e-01
4.013618113553431010e-01
3.040275765395649143e-01
8.238524535750116340e-02
4.726113673229014323e-01
2.759011775030397740e-01
6.092665678269888752e-02
2.000295165318404234e-01
3.608211356451249685e-01
7.066232168706876315e-01
2.118849612787604419e-01
5.599725366548933270e-01
3.135615595309098613e-01
3.589204520604823423e-01
5.716399978521760072e-01
5.072410918783174516e-01
3.911084784736817421e-01
5.289289694628129812e-01
6.083555246475195188e-01
1.493122604615420845e-01
4.786629203071173233e-01
4.025701478998446881e-01
3.388542990443159098e-01
3.387616809613627766e-01
5.607580119651003336e-01
3.543376115655941794e-01
3.746384131190525490e-01
4.035069952710483299e-01
4.988207103927834174e-01
4.514799562907623742e-01
6.332744378685030151e-01
3.441426334900489770e-01
5.570254291677941838e-01
3.478293686119521833e-01
4.968613182515028148e-01
1.990737503780638518e-01
6.884734938945379357e-01
3.396091257432109489e-01
2.826104733402616809e-01
5.624097019589604368e-02
1.399902796765720159e-01
2.205543632503403073e-01
7.251996535090846074e-02
5.068472289642040884e-01
4.660794829113753535e-01
6.721030632516676873e-01
2.945271470469733033e-01
3.083731972108697539e-01
4.749027183501381422e-01
5.552289751218524305e-01
2.622248514872341230e-01
3.750836505248721087e-02
3.918627255215185179e-01
4.051139948608521446e-01
5.571952815187170005e-02
