6.904277498677526825e-01
3.651109312879329272e-01
3.955265442984948199e-01
9.618438037589002176e-01
3.110451132975108890e-01
4.180075506726718682e-02
9.185143271249501806e-02
4.632146453233639827e-01
4.582908245070092534e-01
1.167417194723205376e-01
4.331029252916167305e-02
5.194930795176412319e-01
8.106455409243417121e-01
3.956686275718770407e-01
4.092782187511366798e-01
8.256315763161303778e-01
5.278850072351847222e-01
1.133700575188043153e-01
2.350314586818725016e-01
3.494331154761673996e-01
2.585104311435036384e-01
2.678201787596971514e-02
2.710315061022699687e-02
1.390004997894587757e-01
6.300026853992723996e-02
2.580420339092119250e-02
3.570861972538395129e-02
1.028231870677138171e-01
4.358391261412459250e-01
1.575845415430712770e-01
1.087891405984902360e-01
3.630784781229299263e-01
5.723840697213439244e-01
9.529620996083715267e-02
1.552253535257825945e-01
2.793409628195106520e-01
2.152156307329274321e-01
3.988207186879400012e-02
3.204580468518868075e-02
1.857525519911437106e-01
1.510138578701912815e-01
4.292111015199442242e-02
1.304565532104302872e-02
1.551512070806930488e-02
3.189117282646037332e-01
8.328489676265277142e-02
9.404202837748676380e-02
4.329332378390264302e-01
8.211294052709727787e-01
3.528803359172686394e-01
5.031371852424796343e-01
7.491482929921503553e-01
7.158407733208511647e-01
2.771785114144828532e-01
6.995104349124234289e-02
4.930993078663857276e-01
3.820078365038525603e-01
2.234461262625647704e-01
2.096475464702235725e-01
3.903791180483514589e-01
6.426650392637114351e-01
7.304723010385388848e-01
5.603954202454819455e-01
7.043856498416979361e-01
8.035117174072852197e-01
3.757189268836192420e-01
5.430692516977850826e-01
9.135467349677035553e-01
3.516191831619055463e-01
1.388501702715394526e-02
1.005053407748258409e-01
4.987393781601984766e-01
6.630131704272792526e-01
1.184582726069636494e-01
7.115665575617902139e-02
7.786846056190809273e-01
2.964972464187938805e-01
3.641652983140424293e-01
6.180025712191259402e-01
2.992363780312981558e-02
1.372129131669874158e-01
1.745331665920504538e-01
4.949461518488983136e-03
3.112963947303278023e-02
5.589635374234641629e-02
3.116724703553267264e-02
4.908361051344177772e-01
2.017725479967170110e-01
6.940676517531343404e-01
6.472272851013854966e-02
1.602625556857620592e-01
2.908115706442387927e-02
1.554186169740658929e-01
3.337228283060985068e-01
7.189194387011363929e-01
6.339304937693788222e-01
8.365167113571263524e-01
1.474109844507255351e-01
6.469965859603837854e-02
8.783594945823336442e-01
7.761765028685303491e-01
1.709459618159956396e-01
2.331657495432170046e-01
9.271180069757454234e-01
2.669657701782688353e-01
9.249771390708763641e-02
5.357612794673002887e-02
3.740240907307897933e-01
2.956179249243118812e-01
4.091817823603924320e-02
3.420345957067931486e-02
1.428546547154509461e-01
8.177319778615527168e-01
4.780188151294634258e-01
2.644899997408964309e-01
7.954572934975836507e-01
6.904277498677526825e-01
3.651109312879329272e-01
3.955265442984948199e-01
9.618438037589002176e-01
3.110451132975108890e-01
4.180075506726718682e-02
9.185143271249501806e-02
4.632146453233639827e-01
4.582908245070092534e-01
1.167417194723205376e-01
4.331029252916167305e-02
5.194930795176412319e-01
8.106455409243417121e-01
3.956686275718770407e-01
4.092782187511366798e-01
8.256315763161303778e-01
5.278850072351847222e-01
1.133700575188043153e-01
2.350314586818725016e-01
3.494331154761673996e-01
2.585104311435036384e-01
2.678201787596971514e-02
2.710315061022699687e-02
1.390004997894587757e-01
6.300026853992723996e-02
2.580420339092119250e-02
3.570861972538395129e-02
1.028231870677138171e-01
4.358391261412459250e-01
1.575845415430712770e-01
1.087891405984902360e-01
3.630784781229299263e-01
5.723840697213439244e-01
9.529620996083715267e-02
1.552253535257825945e-01
2.793409628195106520e-01
2.152156307329274321e-01
3.988207186879400012e-02
3.204580468518868075e-02
1.857525519911437106e-01
1.510138578701912815e-01
4.292111015199442242e-02
1.304565532104302872e-02
1.551512070806930488e-02
3.189117282646037332e-01
8.328489676265277142e-02
9.404202837748676380e-02
4.329332378390264302e-01
8.211294052709727787e-01
3.528803359172686394e-01
5.031371852424796343e-01
7.491482929921503553e-01
7.158407733208511647e-01
2.771785114144828532e-01
6.995104349124234289e-02
4.930993078663857276e-01
3.820078365038525603e-01
2.234461262625647704e-01
2.096475464702235725e-01
3.903791180483514589e-01
6.426650392637114351e-01
7.304723010385388848e-01
5.603954202454819455e-01
7.043856498416979361e-01
7.762044931660100344e-01
1.709726906409776981e-01
2.331926053763395124e-01
9.269540190427179027e-01
2.670006072924809848e-01
9.250443937280206086e-02
5.357945543879957806e-02
3.740507927176252023e-01
2.952835206373177201e-01
4.092591047547552985e-02
3.421025327531759808e-02
1.428791740712712643e-01
8.177808650364323251e-01
4.780514905296449069e-01
2.645169957844551445e-01
7.955039016492403414e-01
7.577999408018386562e-01
1.572733260546744227e-01
2.068891512018086742e-01
9.359180028665957662e-01
3.305874819251859997e-01
4.137952651710431751e-02
7.789893446440643299e-02
2.783436346505266390e-01
3.749004278395249301e-01
4.654801389714333798e-02
3.531487723114137833e-02
1.216212361467055025e-01
7.928448764754095768e-01
4.102833399333034592e-01
1.943071476222714145e-01
8.337643088651311984e-01
7.180931153713818738e-01
1.607774070020099866e-01
1.595996678108336231e-01
9.942621098135472346e-01
3.172889771279074900e-01
4.759656552738970869e-02
4.621579101005060530e-02
3.176535208551435341e-01
3.382332566660419815e-01
3.139143714981557087e-02
5.719643624078177280e-02
8.882913232698863570e-02
9.740343020873845070e-01
5.003937827763670354e-01
1.915174351464573599e-01
7.032731128226482609e-01
7.186476909361799725e-01
3.570632801206261586e-01
1.762859739151569904e-01
9.340553971442486780e-01
2.850598356371521480e-01
5.654709510765946329e-02
2.503156101036146941e-02
2.420055881995051283e-01
4.027224965847644444e-01
3.080104898756558240e-02
1.601671703676053882e-02
2.440514636976058860e-01
9.441365575622059358e-01
3.901706628079137373e-01
2.165993876634408344e-01
7.913813456613559838e-01
7.099889179122617078e-01
3.233740721196000645e-01
2.994362579579074590e-01
9.103038164432947221e-01
2.165907975549314357e-01
7.032619534584276522e-02
3.170922636424679253e-02
2.859097870809737540e-01
3.334535204457400592e-01
2.748256991429046114e-02
2.508987722230802964e-02
2.527552611635945912e-01
9.390469384726523039e-01
4.763304555680410446e-01
1.398101153128781249e-01
7.791845527367785573e-01
7.589142270480702113e-01
2.481230586619579404e-01
2.283485188974948565e-01
8.942544837108372668e-01
1.867619922078065930e-01
5.702753953937512998e-02
4.511839783209631305e-02
3.821168101290055019e-01
2.016832012456474255e-01
4.636364644925354550e-02
4.749099992731438402e-02
1.336960979103956615e-01
9.140898946117169688e-01
3.034410130581362552e-01
9.330811126128346622e-02
8.251507635466529544e-01
6.904277498677526825e-01
3.651109312879329272e-01
3.955265442984948754e-01
9.618438037589002176e-01
3.110451132975108335e-01
4.180075506726715906e-02
9.185143271249503194e-02
4.632146453233640937e-01
4.582908245070093090e-01
1.167417194723205376e-01
4.331029252916168693e-02
5.194930795176412319e-01
8.106455409243418231e-01
3.956686275718770407e-01
4.092782187511366243e-01
8.256315763161303778e-01
5.278850072351848333e-01
1.133700575188043014e-01
2.350314586818725293e-01
3.494331154761673996e-01
2.585104311435036384e-01
2.678201787596971514e-02
2.710315061022699687e-02
1.390004997894587480e-01
6.300026853992723996e-02
2.580420339092119250e-02
3.570861972538395129e-02
1.028231870677138032e-01
4.358391261412459250e-01
1.575845415430712493e-01
1.087891405984902637e-01
3.630784781229299263e-01
5.723840697213439244e-01
9.529620996083715267e-02
1.552253535257825945e-01
2.793409628195107075e-01
2.152156307329274321e-01
3.988207186879400012e-02
3.204580468518868075e-02
1.857525519911437106e-01
1.510138578701912815e-01
4.292111015199442242e-02
1.304565532104303219e-02
1.551512070806930488e-02
3.189117282646036222e-01
8.328489676265277142e-02
9.404202837748677768e-02
4.329332378390265412e-01
8.211294052709727787e-01
3.528803359172685283e-01
5.031371852424796343e-01
7.491482929921502443e-01
7.158407733208512758e-01
2.771785114144828532e-01
6.995104349124232901e-02
4.930993078663856166e-01
3.820078365038525603e-01
2.234461262625647981e-01
2.096475464702235725e-01
3.903791180483514589e-01
6.426650392637115461e-01
7.304723010385388848e-01
5.603954202454819455e-01
7.043856498416979361e-01
