6.634486750200276894e-01
6.418300970846985143e-01
3.555556347653534011e-01
5.414003724396597717e-01
5.385721362275082136e-01
3.517754249749459050e-01
4.873697116408876040e-01
4.583953195932273239e-01
4.366401159538025323e-01
9.246952614840900364e-02
3.755986299049844379e-01
5.287160308690106447e-01
4.585747769230139603e-01
3.171820195981900348e-01
2.949680399963231503e-01
4.413217323833532046e-01
4.761462844739087208e-01
2.253758181157413665e-01
4.964683823203198121e-01
1.687455111445808620e-01
3.583011597735576981e-01
1.267341179555541708e-01
1.510130962178804770e-01
2.165717066646361544e-01
3.916979436784185364e-01
8.717085986365986916e-02
2.020085156164246609e-01
3.111538526477148903e-01
2.192662795594595149e-01
1.618981816406707963e-01
1.546936630686636394e-01
1.868789527674817874e-01
5.277608648088575327e-01
4.534259529658590804e-01
3.588642657368832922e-01
2.901055007227874016e-01
3.053195956429883284e-01
1.234059676274225220e-01
1.160721697971080352e-01
1.048622319179515067e-01
4.396950288553203023e-01
1.552211941494685554e-01
2.333577547124951190e-01
3.776613267156932463e-01
5.205097307011046226e-01
2.151730933371019394e-01
1.722195125079620248e-01
4.800478157253962874e-01
5.628915328713341992e-01
5.706995270912159635e-01
2.800754260502284487e-01
4.107790418943155220e-01
2.786160302074265349e-01
2.622385841082974789e-01
2.787736505594963776e-01
1.543117930753461764e-01
2.139740012369683586e-01
2.438597181449889406e-01
4.301493968477352325e-01
3.102976754013448968e-01
4.377637982422848961e-01
2.948454265254570883e-01
4.843668142067860116e-01
3.965891404189473834e-01
6.097183882635331953e-01
5.780491723890854860e-01
3.619558648716373894e-01
5.012030784021554997e-01
4.519798026092249899e-01
4.426887895217503366e-01
4.221546309724226176e-01
5.017735060255501534e-01
3.979570691583736997e-01
5.533646003476055952e-02
2.955372091738577289e-01
4.337346995783498693e-01
2.684936276319619397e-01
2.093684256906615249e-01
5.465683577333361187e-01
2.118632588636215341e-01
3.170172737619198489e-01
4.343139685933578020e-01
1.665038137702127830e-01
1.904364348557639197e-01
3.353071105673874341e-01
1.093126236320448724e-01
2.425414963511101363e-01
3.434926645086576746e-01
3.734615536565034644e-01
3.374410902259625811e-01
2.295432804003728344e-01
1.392672398998076044e-01
3.191119717357255858e-01
5.434036383240381518e-01
4.908915880792983355e-01
2.036577475177243080e-01
7.471264545514251232e-01
2.896461119340898449e-01
3.804279748764106683e-01
5.024110549696734207e-01
6.691825225830434487e-01
5.927148506340269574e-01
3.321664372732061610e-01
5.235708492569008943e-01
3.086332817728729694e-01
2.316029936925833588e-01
2.676187508221057887e-01
2.313105237642326395e-01
5.556126803125283065e-01
1.154515703912294966e-01
3.237785332305635477e-01
3.371277386597249515e-01
5.660866067935717005e-01
3.189866595531434257e-01
2.566758458157649692e-01
4.636828963884091492e-01
6.634486750200276894e-01
6.418300970846985143e-01
3.555556347653534011e-01
5.414003724396597717e-01
5.385721362275082136e-01
3.517754249749459050e-01
4.873697116408876040e-01
4.583953195932273239e-01
4.366401159538025323e-01
9.246952614840900364e-02
3.755986299049844379e-01
5.287160308690106447e-01
4.585747769230139603e-01
3.171820195981900348e-01
2.949680399963231503e-01
4.413217323833532046e-01
4.761462844739087208e-01
2.253758181157413665e-01
4.964683823203198121e-01
1.687455111445808620e-01
3.583011597735576981e-01
1.267341179555541708e-01
1.510130962178804770e-01
2.165717066646361544e-01
3.916979436784185364e-01
8.717085986365986916e-02
2.020085156164246609e-01
3.111538526477148903e-01
2.192662795594595149e-01
1.618981816406707963e-01
1.546936630686636394e-01
1.868789527674817874e-01
5.277608648088575327e-01
4.534259529658590804e-01
3.588642657368832922e-01
2.901055007227874016e-01
3.053195956429883284e-01
1.234059676274225220e-01
1.160721697971080352e-01
1.048622319179515067e-01
4.396950288553203023e-01
1.552211941494685554e-01
2.333577547124951190e-01
3.776613267156932463e-01
5.205097307011046226e-01
2.151730933371019394e-01
1.722195125079620248e-01
4.800478157253962874e-01
5.628915328713341992e-01
5.706995270912159635e-01
2.800754260502284487e-01
4.107790418943155220e-01
2.786160302074265349e-01
2.622385841082974789e-01
2.787736505594963776e-01
1.543117930753461764e-01
2.139740012369683586e-01
2.438597181449889406e-01
4.301493968477352325e-01
3.102976754013448968e-01
4.377637982422848961e-01
2.948454265254570883e-01
4.843668142067860116e-01
3.965891404189473834e-01
6.691654748957721610e-01
5.927148506340269574e-01
3.321664372732061610e-01
5.235708492569008943e-01
3.086332817728729694e-01
2.316029936925833588e-01
2.676187508221057887e-01
2.313078269567392098e-01
5.555994212810257959e-01
1.154515703912294966e-01
3.237785332305635477e-01
3.371277386597249515e-01
5.660866067935717005e-01
3.189866595531434257e-01
2.566758458157649692e-01
4.636828963884091492e-01
6.838867240317415552e-01
3.617646361729080495e-01
5.258656380086306203e-01
5.679568473457717870e-01
5.289472632321943202e-01
1.253792324734895602e-01
2.913872280927083391e-01
2.143934376672453901e-01
6.462875490738276829e-01
2.488439147069770319e-01
2.723272809061312305e-01
2.608273759397768954e-01
4.603420278829368217e-01
2.763369330621259223e-01
3.359290630360998176e-01
4.368249545618348439e-01
6.124868098297993058e-01
4.638299632574172660e-01
5.377818547778732139e-01
5.288357789196902470e-01
5.268410259008390328e-01
1.181480171549821462e-01
1.920947017793364076e-01
3.540918308227114508e-01
6.715305867413905450e-01
1.913050668670732701e-01
2.625953283180718634e-01
2.796989124187413966e-01
5.930695705538239215e-01
3.225342759789829872e-01
3.587687025484113112e-01
3.052197413464287079e-01
6.316674720328834258e-01
5.533633432771845051e-01
5.083038748875605695e-01
5.841608370221692548e-01
4.297467457520325884e-01
1.717876696628130029e-01
2.300005873934692913e-01
1.478348235503551544e-01
7.525235128470547652e-01
2.534726479496466345e-01
2.486003974903377989e-01
3.919273269590024533e-01
5.979625328692795838e-01
2.885054273478457332e-01
3.154633337308241914e-01
3.789418044053710077e-01
6.200457626079882711e-01
4.772774682139039881e-01
6.678387731020705154e-01
5.656684363645057001e-01
4.398590311932398245e-01
1.662662156922682100e-01
2.441204824323626177e-01
2.096452702894193165e-01
6.627750408241870339e-01
2.220423093849081819e-01
2.168693181332528863e-01
4.181071440485981672e-01
5.591811315665821125e-01
4.222131220696478393e-01
3.001767619807721443e-01
3.569213599883112598e-01
6.329348442266291563e-01
4.160427685852137181e-01
6.291899040805454257e-01
5.578652400727167615e-01
4.243971612159720963e-01
1.264746846420146675e-01
2.054985629499472832e-01
3.530998034981138178e-01
6.588810112652206952e-01
2.202238179081142944e-01
2.525790405290356255e-01
2.719976537834876695e-01
5.205938291938596585e-01
3.332586997639665483e-01
2.745929190586814395e-01
3.457783831173524836e-01
6.634486750200275784e-01
6.418300970846985143e-01
3.555556347653534566e-01
5.414003724396597717e-01
5.385721362275083246e-01
3.517754249749459050e-01
4.873697116408876595e-01
4.583953195932273239e-01
4.366401159538024768e-01
9.246952614840900364e-02
3.755986299049843824e-01
5.287160308690105337e-01
4.585747769230139603e-01
3.171820195981900348e-01
2.949680399963231503e-01
4.413217323833532046e-01
4.761462844739088318e-01
2.253758181157413665e-01
4.964683823203198121e-01
1.687455111445808620e-01
3.583011597735577536e-01
1.267341179555541986e-01
1.510130962178804770e-01
2.165717066646361544e-01
3.916979436784185364e-01
8.717085986365985528e-02
2.020085156164246887e-01
3.111538526477148348e-01
2.192662795594595149e-01
1.618981816406707408e-01
1.546936630686636949e-01
1.868789527674817597e-01
5.277608648088575327e-01
4.534259529658590804e-01
3.588642657368832922e-01
2.901055007227874016e-01
3.053195956429883284e-01
1.234059676274225359e-01
1.160721697971080352e-01
1.048622319179514789e-01
4.396950288553201913e-01
1.552211941494685554e-01
2.333577547124950635e-01
3.776613267156932463e-01
5.205097307011046226e-01
2.151730933371019394e-01
1.722195125079620248e-01
4.800478157253962874e-01
5.628915328713341992e-01
5.706995270912158524e-01
2.800754260502285042e-01
4.107790418943155220e-01
2.786160302074265349e-01
2.622385841082974234e-01
2.787736505594964331e-01
1.543117930753461764e-01
2.139740012369684141e-01
2.438597181449889406e-01
4.301493968477352325e-01
3.102976754013448968e-01
4.377637982422848961e-01
2.948454265254571438e-01
4.843668142067860671e-01
3.965891404189473279e-01
