4.438172507566306990e-01
4.943292644328525220e-01
5.152391818455915873e-01
6.128031097220281165e-01
3.976413644330626385e-01
2.078639420285149919e-01
2.347696697323091719e-01
6.461713412327285688e-01
4.268792628150487878e-01
1.537299210401720795e-01
1.321282755663109598e-01
7.238965592875088451e-01
5.412671823661016068e-01
4.201430995107890976e-01
7.677043313197264851e-01
5.235349738009669185e-01
4.293665272142896949e-01
2.345058539812748255e-01
4.087224929502172865e-01
3.524625780671344910e-01
3.139454566671953661e-01
6.209858150104603097e-02
5.266001587632969383e-02
1.835809003289515795e-01
1.148602658589492204e-01
4.249665441918382830e-02
6.864358970084784295e-02
3.278118728994611764e-01
4.712985395821653878e-01
1.254627976159429781e-01
2.258285131714772576e-01
2.719008824471251806e-01
7.104209471813862642e-01
1.273746990594945283e-01
1.455797966673065269e-01
4.501424661821666895e-01
3.556247221082270427e-01
5.232433504247745171e-02
5.690950767356557638e-02
2.418783523209602493e-01
2.124004621823667449e-01
7.180591394123093940e-02
8.415726493774872141e-02
3.048444763069507735e-01
6.776553723915464955e-01
1.425211644439939862e-01
2.768699438234271670e-01
5.276574068740328416e-01
5.750423724081099586e-01
6.148835665710642440e-01
4.672005093788603736e-01
5.703164343820383841e-01
5.816489135932138010e-01
2.468644802693051310e-01
1.585252842814580121e-01
2.942467686086187029e-01
5.914105826043538627e-01
3.615362950584434243e-01
4.360882543225075847e-01
4.606027602330858284e-01
4.224879234872328526e-01
4.963831925902696951e-01
6.036829951577312725e-01
2.888494204236521368e-01
4.215189851015878619e-01
5.137181089603370943e-01
5.491399450649896430e-01
5.805985975171226166e-01
4.568886743079818569e-01
3.050853494199252114e-01
2.877015796277810344e-01
7.249122584412599490e-01
4.933280621842695002e-01
1.749455374134298857e-01
1.441293781430097176e-01
5.563644638797605735e-01
4.109716698793756118e-01
5.229537839339990501e-01
5.787828789580139466e-01
3.236811346681507384e-01
3.220058764523822115e-01
4.049223556795799039e-01
5.867256738724446752e-02
6.332739747047090584e-02
1.256830348841263267e-01
5.345738707748298735e-02
4.917744586163070863e-01
1.756659516551669631e-01
6.255724782614943136e-01
1.139676725164357474e-01
3.366549513660125337e-01
5.211973119763092105e-02
1.745838776555456717e-01
6.472546094332934929e-01
4.873774662044235706e-01
7.555371017165737335e-01
7.311252070461922159e-01
2.244080217255160492e-01
2.975243210870416322e-01
6.742529590984964738e-01
5.833075351427254862e-01
4.050097967252716535e-01
3.213059859057845191e-01
7.389345592261715723e-01
3.370843870870194880e-01
1.419826089547069625e-01
1.247964491561528028e-01
3.815770948665326845e-01
4.579563019785946598e-01
1.027475072831314507e-01
1.604884060000112411e-01
4.470303699595862823e-01
6.953357891730805873e-01
3.952360300869739440e-01
5.130156873251916494e-01
4.685536382721485205e-01
4.438172507566306990e-01
4.943292644328525220e-01
5.152391818455915873e-01
6.128031097220281165e-01
3.976413644330626385e-01
2.078639420285149919e-01
2.347696697323091719e-01
6.461713412327285688e-01
4.268792628150487878e-01
1.537299210401720795e-01
1.321282755663109598e-01
7.238965592875088451e-01
5.412671823661016068e-01
4.201430995107890976e-01
7.677043313197264851e-01
5.235349738009669185e-01
4.293665272142896949e-01
2.345058539812748255e-01
4.087224929502172865e-01
3.524625780671344910e-01
3.139454566671953661e-01
6.209858150104603097e-02
5.266001587632969383e-02
1.835809003289515795e-01
1.148602658589492204e-01
4.249665441918382830e-02
6.864358970084784295e-02
3.278118728994611764e-01
4.712985395821653878e-01
1.254627976159429781e-01
2.258285131714772576e-01
2.719008824471251806e-01
7.104209471813862642e-01
1.273746990594945283e-01
1.455797966673065269e-01
4.501424661821666895e-01
3.556247221082270427e-01
5.232433504247745171e-02
5.690950767356557638e-02
2.418783523209602493e-01
2.124004621823667449e-01
7.180591394123093940e-02
8.415726493774872141e-02
3.048444763069507735e-01
6.776553723915464955e-01
1.425211644439939862e-01
2.768699438234271670e-01
5.276574068740328416e-01
5.750423724081099586e-01
6.148835665710642440e-01
4.672005093788603736e-01
5.703164343820383841e-01
5.816489135932138010e-01
2.468644802693051310e-01
1.585252842814580121e-01
2.942467686086187029e-01
5.914105826043538627e-01
3.615362950584434243e-01
4.360882543225075847e-01
4.606027602330858284e-01
4.224879234872328526e-01
4.963831925902696951e-01
6.036829951577312725e-01
2.888494204236521368e-01
5.832926751544464938e-01
4.050097967252716535e-01
3.213059859057845191e-01
7.389345592261715723e-01
3.370843870870194880e-01
1.419826089547069625e-01
1.247964491561528028e-01
3.815749252420272963e-01
4.579401292073445595e-01
1.027475072831314507e-01
1.604884060000112411e-01
4.470303699595862823e-01
6.953357891730805873e-01
3.952360300869739440e-01
5.130156873251916494e-01
4.685536382721485205e-01
5.517271425407399565e-01
3.047340293219785168e-01
5.667887869638785769e-01
7.096150834581044231e-01
3.537494266216539285e-01
8.104259102698606332e-02
1.866510934957268941e-01
3.203140533151259683e-01
7.316299465920607092e-01
8.539134740299567095e-02
1.393283514439869197e-01
3.817842820786535585e-01
6.354221708535517932e-01
4.421803875852322596e-01
4.007306544175942564e-01
4.955643772780224388e-01
6.466455297625538501e-01
2.770697625833408728e-01
4.215629268258213602e-01
6.300943831609424617e-01
3.356028800064523310e-01
8.903830416165987860e-02
1.506758041765166034e-01
3.887533739230745189e-01
4.617899197783044141e-01
1.836070426084023266e-01
2.196127013751921486e-01
2.463901550480424585e-01
7.314948395674223391e-01
3.110571387555557399e-01
3.134996363730058189e-01
5.312107050822929555e-01
6.051998063781434123e-01
4.108527267850855536e-01
4.334840662723000726e-01
6.903490615837526434e-01
3.436269279288019507e-01
1.149637123455439780e-01
1.251472594644232605e-01
2.339089713975529561e-01
6.386052974371984048e-01
1.973325669308145791e-01
1.572664539565691300e-01
4.304293868516154697e-01
7.023349752985159622e-01
3.235171314053689184e-01
4.092115740743594299e-01
5.450784362537481886e-01
6.051639544202468413e-01
4.073899071715207376e-01
5.024347570715839151e-01
6.677860177982050116e-01
3.120495221620870896e-01
1.281122716328817746e-01
1.669797457607270497e-01
2.315773920421836940e-01
5.546247483486792529e-01
1.181436554134578376e-01
1.671601447103405469e-01
4.845838970249070066e-01
6.708983088873786693e-01
4.618010804339865438e-01
3.491559172344639306e-01
5.379698434404625029e-01
6.092711489937132630e-01
3.036068631373362026e-01
4.777837870487916527e-01
6.884624488270703058e-01
2.941583911342731672e-01
9.475380184987686194e-02
1.615465701611353833e-01
3.424046521068226379e-01
4.791948348590998608e-01
1.580870892640585668e-01
2.051008984925376533e-01
2.992905162851490775e-01
6.720726264211289713e-01
3.258078890720281229e-01
2.557488839940451619e-01
5.552873494194008330e-01
4.438172507566306990e-01
4.943292644328525776e-01
5.152391818455916983e-01
6.128031097220281165e-01
3.976413644330626385e-01
2.078639420285149919e-01
2.347696697323092274e-01
6.461713412327285688e-01
4.268792628150488433e-01
1.537299210401721072e-01
1.321282755663109598e-01
7.238965592875087340e-01
5.412671823661016068e-01
4.201430995107892086e-01
7.677043313197264851e-01
5.235349738009670295e-01
4.293665272142897504e-01
2.345058539812747977e-01
4.087224929502173421e-01
3.524625780671344910e-01
3.139454566671953661e-01
6.209858150104603097e-02
5.266001587632969383e-02
1.835809003289515517e-01
1.148602658589492342e-01
4.249665441918382830e-02
6.864358970084784295e-02
3.278118728994611764e-01
4.712985395821652768e-01
1.254627976159429226e-01
2.258285131714773131e-01
2.719008824471251806e-01
7.104209471813862642e-01
1.273746990594945006e-01
1.455797966673065269e-01
4.501424661821666895e-01
3.556247221082270427e-01
5.232433504247745865e-02
5.690950767356558332e-02
2.418783523209602215e-01
2.124004621823666894e-01
7.180591394123093940e-02
8.415726493774872141e-02
3.048444763069507735e-01
6.776553723915463845e-01
1.425211644439939862e-01
2.768699438234272225e-01
5.276574068740329526e-01
5.750423724081099586e-01
6.148835665710642440e-01
4.672005093788603736e-01
5.703164343820384952e-01
5.816489135932138010e-01
2.468644802693051032e-01
1.585252842814580121e-01
2.942467686086186474e-01
5.914105826043538627e-01
3.615362950584434243e-01
4.360882543225075847e-01
4.606027602330858284e-01
4.224879234872329081e-01
4.963831925902696951e-01
6.036829951577313835e-01
2.888494204236521368e-01
