6.349981507788076129e-01
5.771784183580476180e-01
7.896632569479314911e-01
4.672429805060142605e-01
4.625049197558616099e-01
7.842267499951288690e-02
4.173118340084394084e-01
5.905343379851869523e-01
6.859823016595461009e-01
5.534693523951781380e-01
1.915057594377883032e-01
5.830973587806353997e-01
3.858761097483009439e-01
2.941864484849671113e-01
4.094320655940517639e-01
3.469917315378004963e-01
6.322390842917839926e-01
2.057619165497032165e-01
5.732009028752040880e-01
1.098945243846748271e-01
1.799912461869380698e-01
3.845824605500154647e-02
6.149090571685465745e-02
1.229914808906216322e-01
2.276999948493486914e-01
1.902949448007049127e-01
1.469148344595883893e-01
2.714198783120583824e-01
5.241947904135605407e-01
2.014539212658095491e-01
1.935454614344020996e-01
3.261287595294578012e-01
6.815017462350081434e-01
4.231433414615871635e-01
2.763482623752075429e-01
3.315103608876400765e-01
6.338842463296281426e-01
8.033136046202052349e-02
2.339842378988660210e-01
5.605968340272523553e-01
2.417703885474096204e-01
1.861613930043484744e-01
8.920568283032526136e-02
1.366389426430075493e-01
2.920760697796203620e-01
2.373891097678229589e-01
2.070235854914240226e-01
3.429155604294948367e-01
5.064081027501883270e-01
3.270352909444138589e-01
4.868639838278259746e-01
3.635949604768304311e-01
4.993414025921890653e-01
1.354828031685753886e-01
1.759062663162796747e-01
2.464363924173180176e-01
4.362476925426859165e-01
3.971043930808595412e-01
3.209024747337752559e-01
2.598871320645248506e-01
3.672742552525101178e-01
2.572731953786245307e-01
5.255140793431481994e-01
3.239461944768803336e-01
5.513352617607227835e-01
4.553039827613481472e-01
7.911918613596145011e-01
4.137996983005677309e-01
3.670192988822457147e-01
1.150721591410965861e-01
3.638383597543494719e-01
6.077243276614550105e-01
6.536879582437600256e-01
6.152028184807938338e-01
1.436444228401552725e-01
3.742963009871423941e-01
2.835134311280147479e-01
2.254106709946420983e-01
6.651923111433220015e-01
2.278601708072452714e-01
3.889504743060167025e-01
2.059254510343218880e-01
4.898514222837696552e-02
1.067883020866552263e-01
1.965103794238447499e-01
2.286403148325972801e-01
5.333347909551301447e-01
3.111638303289272489e-01
4.467605789339246236e-01
3.318426682079496648e-01
5.329183393698210258e-01
1.308656368244291990e-01
1.279075194985617170e-01
3.073057318583510278e-01
4.263407120747035872e-01
5.544681153997068623e-01
7.785472188487911893e-01
2.855110603880517406e-01
3.895416761720897902e-01
4.669114636461837997e-01
7.092180510559568107e-01
4.473215607378275283e-01
5.454282914342859501e-01
4.627138331839887875e-01
3.817308169191969691e-01
8.922993388968905593e-02
2.320816972790573085e-01
4.470879170718065065e-01
5.883269316070336430e-01
3.357520765198903079e-01
1.738858107696634736e-01
2.153767477088719962e-01
5.090919758486501800e-01
3.207882975110480928e-01
3.366982854918017520e-01
4.026583599852393558e-01
6.349981507788076129e-01
5.771784183580476180e-01
7.896632569479314911e-01
4.672429805060142605e-01
4.625049197558616099e-01
7.842267499951288690e-02
4.173118340084394084e-01
5.905343379851869523e-01
6.859823016595461009e-01
5.534693523951781380e-01
1.915057594377883032e-01
5.830973587806353997e-01
3.858761097483009439e-01
2.941864484849671113e-01
4.094320655940517639e-01
3.469917315378004963e-01
6.322390842917839926e-01
2.057619165497032165e-01
5.732009028752040880e-01
1.098945243846748271e-01
1.799912461869380698e-01
3.845824605500154647e-02
6.149090571685465745e-02
1.229914808906216322e-01
2.276999948493486914e-01
1.902949448007049127e-01
1.469148344595883893e-01
2.714198783120583824e-01
5.241947904135605407e-01
2.014539212658095491e-01
1.935454614344020996e-01
3.261287595294578012e-01
6.815017462350081434e-01
4.231433414615871635e-01
2.763482623752075429e-01
3.315103608876400765e-01
6.338842463296281426e-01
8.033136046202052349e-02
2.339842378988660210e-01
5.605968340272523553e-01
2.417703885474096204e-01
1.861613930043484744e-01
8.920568283032526136e-02
1.366389426430075493e-01
2.920760697796203620e-01
2.373891097678229589e-01
2.070235854914240226e-01
3.429155604294948367e-01
5.064081027501883270e-01
3.270352909444138589e-01
4.868639838278259746e-01
3.635949604768304311e-01
4.993414025921890653e-01
1.354828031685753886e-01
1.759062663162796747e-01
2.464363924173180176e-01
4.362476925426859165e-01
3.971043930808595412e-01
3.209024747337752559e-01
2.598871320645248506e-01
3.672742552525101178e-01
2.572731953786245307e-01
5.255140793431481994e-01
3.239461944768803336e-01
7.091999834478925901e-01
4.473215607378275283e-01
5.454282914342859501e-01
4.627138331839887875e-01
3.817308169191969691e-01
8.922993388968905593e-02
2.320816972790573085e-01
4.470859772801292209e-01
5.883146486593870961e-01
3.357520765198903079e-01
1.738858107696634736e-01
2.153767477088719962e-01
5.090919758486501800e-01
3.207882975110480928e-01
3.366982854918017520e-01
4.026583599852393558e-01
6.828399612018298814e-01
4.155076314374208102e-01
6.995398937807304485e-01
5.233081128697346651e-01
5.329988332244399718e-01
1.463417774555302864e-01
2.528029087395770036e-01
2.130302151027721469e-01
6.647484488378087031e-01
2.401593647680985155e-01
2.574079921124100556e-01
3.107993093352433567e-01
5.187191872882492838e-01
1.661445008196157369e-01
3.084448091294357264e-01
3.855997089805085487e-01
6.682124105045761375e-01
4.732001580997222123e-01
6.053970766263800929e-01
4.895694553579229558e-01
5.098389157745869538e-01
1.018755378774008485e-01
2.239072970971090482e-01
3.421327883625128186e-01
7.474695170455385451e-01
1.890122506760538168e-01
2.607545176017647126e-01
2.618046354093010453e-01
5.693835215518002757e-01
3.472936229009569997e-01
2.636254956528494287e-01
2.875330398879095140e-01
6.586859250133821897e-01
5.661465477344862496e-01
6.165475789660139760e-01
5.623452635595743709e-01
4.282718226177671395e-01
1.799475501094369434e-01
1.914796648624847442e-01
1.771672237351585855e-01
8.453774182987155994e-01
2.328491854937124739e-01
2.495910009018807996e-01
3.717206667652303009e-01
5.908846645000023212e-01
2.671439163030572828e-01
3.229437055332676221e-01
3.241662767032341685e-01
6.646065583170502888e-01
5.070589843719832679e-01
6.786585073401281143e-01
5.580007050356275977e-01
4.396367461571650259e-01
1.594281431756450762e-01
2.787260400211756250e-01
1.625533950102212577e-01
6.593016361180974449e-01
2.364217926595327535e-01
2.138042761776343670e-01
4.344492581818123478e-01
5.758113279414616148e-01
3.500285720805833001e-01
2.792504177751427008e-01
3.166317963335696373e-01
6.618923615981996411e-01
4.459767318180236639e-01
6.389957780834406575e-01
5.719082411307427893e-01
4.479332751919761768e-01
1.229709871076452299e-01
2.117651931752175809e-01
3.149744186599686135e-01
6.876139398087129928e-01
2.051473503037946622e-01
2.805845259743790510e-01
2.537800160010402206e-01
5.299362214272954619e-01
3.145377119577448810e-01
2.358290135558028799e-01
2.976241714190083210e-01
6.349981507788075019e-01
5.771784183580476180e-01
7.896632569479316022e-01
4.672429805060142605e-01
4.625049197558617209e-01
7.842267499951291465e-02
4.173118340084395195e-01
5.905343379851870633e-01
6.859823016595459899e-01
5.534693523951781380e-01
1.915057594377883310e-01
5.830973587806353997e-01
3.858761097483009439e-01
2.941864484849671113e-01
4.094320655940517084e-01
3.469917315378004963e-01
6.322390842917841036e-01
2.057619165497032165e-01
5.732009028752041990e-01
1.098945243846748271e-01
1.799912461869380698e-01
3.845824605500154647e-02
6.149090571685465051e-02
1.229914808906216184e-01
2.276999948493487191e-01
1.902949448007048849e-01
1.469148344595884170e-01
2.714198783120583269e-01
5.241947904135605407e-01
2.014539212658094935e-01
1.935454614344021551e-01
3.261287595294578012e-01
6.815017462350081434e-01
4.231433414615871635e-01
2.763482623752075429e-01
3.315103608876400765e-01
6.338842463296281426e-01
8.033136046202052349e-02
2.339842378988660487e-01
5.605968340272522443e-01
2.417703885474096204e-01
1.861613930043484744e-01
8.920568283032526136e-02
1.366389426430075771e-01
2.920760697796203065e-01
2.373891097678229589e-01
2.070235854914240226e-01
3.429155604294948922e-01
5.064081027501883270e-01
3.270352909444138034e-01
4.868639838278260856e-01
3.635949604768304866e-01
4.993414025921890653e-01
1.354828031685753609e-01
1.759062663162796469e-01
2.464363924173179621e-01
4.362476925426859720e-01
3.971043930808595968e-01
3.209024747337752559e-01
2.598871320645248506e-01
3.672742552525101178e-01
2.572731953786245307e-01
5.255140793431481994e-01
3.239461944768803336e-01
