1.020943715998310075e-01
3.818674799198333858e-01
3.020268318911722427e-01
9.721158956121477013e-02
2.433708834537940957e-01
6.548693473339040061e-01
3.364306354877031335e-01
1.943574926356820831e-01
2.125051982580902221e-01
5.697930762697636098e-01
3.671217041443694540e-01
3.209877656517485245e-01
1.055040250590615625e-01
4.475075985062720862e-01
3.547319318163839608e-01
7.460331472926005902e-02
4.090655391013549580e-01
4.584617146251194764e-01
7.458589602906940952e-01
3.499009669184233173e-01
7.682963117554948429e-01
4.535692340819636459e-01
4.061653943989006477e-01
5.543906406985005253e-01
3.601470617118096018e-01
4.238014655752181947e-01
4.417002299599411819e-01
2.942747232821879000e-01
1.824855068833423077e-01
3.599296343865410197e-01
5.625510231726593702e-01
1.729521550738545854e-01
2.580929384302947383e-01
4.068043278255342177e-01
3.854607470187717544e-01
2.542185080869859837e-01
7.027912238525759747e-01
6.630312482444431499e-01
3.846308192922117675e-01
6.205065144735877336e-01
3.141924141231660639e-01
6.160600948698167212e-01
4.617022394854727319e-01
3.813465109444095780e-01
1.471157569480822380e-01
3.070147868153260684e-01
3.580905114815753909e-01
2.045254068223152366e-01
6.970456381836100113e-02
1.794911017097177708e-01
1.324248056008862084e-01
1.060248853297507399e-01
4.819032115543073758e-01
3.162926000815534100e-01
3.723457401452585636e-01
1.974385143475763660e-01
2.745428230384263646e-01
6.460229658833064326e-01
6.570611508963039027e-01
1.878065075599507916e-01
5.029309461887152000e-02
2.529242562457699184e-01
2.748948153283486406e-01
6.561728775776975997e-02
9.648474850265156832e-02
2.495834577441907731e-01
3.118389771229694296e-01
8.729452077630449336e-02
1.709813400766630187e-01
6.359602809695881209e-01
3.290930841582725974e-01
2.290829236330712559e-01
2.605376264495947725e-01
6.609114705882956908e-01
4.750230488780842752e-01
1.057747230492046969e-01
3.040565333979737273e-01
3.405387475753440807e-01
3.968671290542419294e-01
6.133605943299968999e-01
7.633962267471415819e-01
9.393478301340305592e-01
4.492184488309485246e-01
4.688078365633506217e-01
3.609841155926816758e-01
4.389314481427371017e-01
1.402091208177289050e-01
4.819890732345630813e-01
1.726123185343722000e-01
3.589852813019104305e-01
7.361244845755290367e-01
7.068960956928832529e-01
2.753627097660094059e-01
1.608415696106709758e-01
5.760277977065906413e-02
3.866461191718396084e-01
2.774358430670969544e-01
6.958663749732151294e-01
7.059940128850745733e-01
1.887066862231304154e-01
1.693520166031912411e-01
4.283114023917386493e-01
3.630340065581132425e-01
2.205189559501115060e-01
5.517918179838263715e-01
6.546356272598121695e-01
4.578121034567856906e-01
5.069587334117905408e-01
4.059073112855046683e-01
6.886897041728685664e-01
5.623298836191964467e-01
2.068835697597407042e-01
1.025879453976926564e-01
4.620444790595650275e-01
4.527970413157157981e-01
1.099535386810172599e-01
1.020943715998310075e-01
3.818674799198333858e-01
3.020268318911722427e-01
9.721158956121477013e-02
2.433708834537940957e-01
6.548693473339040061e-01
3.364306354877031335e-01
1.943574926356820831e-01
2.125051982580902221e-01
5.697930762697636098e-01
3.671217041443694540e-01
3.209877656517485245e-01
1.055040250590615625e-01
4.475075985062720862e-01
3.547319318163839608e-01
7.460331472926005902e-02
4.090655391013549580e-01
4.584617146251194764e-01
7.458589602906940952e-01
3.499009669184233173e-01
7.682963117554948429e-01
4.535692340819636459e-01
4.061653943989006477e-01
5.543906406985005253e-01
3.601470617118096018e-01
4.238014655752181947e-01
4.417002299599411819e-01
2.942747232821879000e-01
1.824855068833423077e-01
3.599296343865410197e-01
5.625510231726593702e-01
1.729521550738545854e-01
2.580929384302947383e-01
4.068043278255342177e-01
3.854607470187717544e-01
2.542185080869859837e-01
7.027912238525759747e-01
6.630312482444431499e-01
3.846308192922117675e-01
6.205065144735877336e-01
3.141924141231660639e-01
6.160600948698167212e-01
4.617022394854727319e-01
3.813465109444095780e-01
1.471157569480822380e-01
3.070147868153260684e-01
3.580905114815753909e-01
2.045254068223152366e-01
6.970456381836100113e-02
1.794911017097177708e-01
1.324248056008862084e-01
1.060248853297507399e-01
4.819032115543073758e-01
3.162926000815534100e-01
3.723457401452585636e-01
1.974385143475763660e-01
2.745428230384263646e-01
6.460229658833064326e-01
6.570611508963039027e-01
1.878065075599507916e-01
5.029309461887152000e-02
2.529242562457699184e-01
2.748948153283486406e-01
6.561728775776975997e-02
1.693477022941344834e-01
4.283114023917386493e-01
3.630340065581132425e-01
2.205189559501115060e-01
5.517918179838263715e-01
6.546356272598121695e-01
4.578121034567856906e-01
5.069570036660046020e-01
4.058895855464342284e-01
6.886897041728685664e-01
5.623298836191964467e-01
2.068835697597407042e-01
1.025879453976926564e-01
4.620444790595650275e-01
4.527970413157157981e-01
1.099535386810172599e-01
1.466186204692176420e-01
6.323462812594624616e-01
4.329557651107692196e-01
1.113718085061487922e-01
6.680001818301715133e-01
4.677468239315425436e-01
7.228711787684420909e-01
3.888082825948614984e-01
4.269216972851109793e-01
6.773640200863215721e-01
5.809625734265814190e-01
3.431374849146320294e-01
1.514657596359910152e-01
2.925265811810111583e-01
3.578561828173533188e-01
1.134250716110258433e-01
1.853101831470813921e-01
3.724590121998681558e-01
3.780638330685286985e-01
1.340755734888152417e-01
3.933185306332938058e-01
5.119672298989362824e-01
7.302298183031757928e-01
4.497178653404744209e-01
5.528379204634219501e-01
6.655722923537206182e-01
5.664201882083157447e-01
1.626341847599095947e-01
1.311243916416837685e-01
4.846452542593325807e-01
1.977983527666634656e-01
8.871464894098847476e-02
1.642399643258066755e-01
6.306674443776824068e-01
4.115146573354786508e-01
1.261681949943891934e-01
4.863330049212277184e-01
6.171469228714688837e-01
6.398478301795151868e-01
2.787393986169323101e-01
7.003307648630759941e-01
6.879568132475490927e-01
6.072555638111526433e-01
3.723012772412537252e-01
1.259943687995038752e-01
5.514686209227113167e-01
2.485864886693970877e-01
1.222109059320851815e-01
1.405553980763913913e-01
5.589995295984266921e-01
6.082241452509185020e-01
1.295651120880809137e-01
5.048526176534040566e-01
6.045154076572146762e-01
6.916146912590065421e-01
4.096270599630194575e-01
4.999084524710707411e-01
6.641358334805863572e-01
5.660923627074151421e-01
3.430220746376133611e-01
1.612075087068715606e-01
5.124836526379272783e-01
2.718299155131025380e-01
9.745646869327924400e-02
1.961438203669496894e-01
3.973509035762750052e-01
4.030712520028597590e-01
1.428477931687137936e-01
4.047442113572045641e-01
5.107841982398371172e-01
7.182047533434883224e-01
3.646179628115192028e-01
3.989307260454474369e-01
7.238900168532929058e-01
5.803816051891885763e-01
2.239987840369572214e-01
1.209949037741872846e-01
3.744530092980536407e-01
1.892307609116370415e-01
1.105448295735450420e-01
1.020943715998309936e-01
3.818674799198333303e-01
3.020268318911722982e-01
9.721158956121478401e-02
2.433708834537941235e-01
6.548693473339040061e-01
3.364306354877032446e-01
1.943574926356821386e-01
2.125051982580902499e-01
5.697930762697637208e-01
3.671217041443693985e-01
3.209877656517485245e-01
1.055040250590615764e-01
4.475075985062721973e-01
3.547319318163840163e-01
7.460331472926005902e-02
4.090655391013550690e-01
4.584617146251194764e-01
7.458589602906942062e-01
3.499009669184232618e-01
7.682963117554948429e-01
4.535692340819636459e-01
4.061653943989005922e-01
5.543906406985005253e-01
3.601470617118096573e-01
4.238014655752181392e-01
4.417002299599412374e-01
2.942747232821879000e-01
1.824855068833422800e-01
3.599296343865409642e-01
5.625510231726594812e-01
1.729521550738545854e-01
2.580929384302946827e-01
4.068043278255341622e-01
3.854607470187717544e-01
2.542185080869860947e-01
7.027912238525759747e-01
6.630312482444432609e-01
3.846308192922117675e-01
6.205065144735876226e-01
3.141924141231660639e-01
6.160600948698167212e-01
4.617022394854727319e-01
3.813465109444095780e-01
1.471157569480821825e-01
3.070147868153261239e-01
3.580905114815753909e-01
2.045254068223152921e-01
6.970456381836100113e-02
1.794911017097177153e-01
1.324248056008862084e-01
1.060248853297507399e-01
4.819032115543073758e-01
3.162926000815534100e-01
3.723457401452585080e-01
1.974385143475763105e-01
2.745428230384263646e-01
6.460229658833065436e-01
6.570611508963039027e-01
1.878065075599507916e-01
5.029309461887152694e-02
2.529242562457699184e-01
2.748948153283486961e-01
6.561728775776975997e-02
