5.992475437882023304e-01
6.111460401382228236e-01
4.868557586558963091e-01
5.457803836761485616e-01
4.198159611752975140e-01
2.300502520789484695e-01
3.705072682134020190e-01
3.367718273113217142e-01
3.288644352672611681e-01
3.029557176163738541e-01
1.874341032641922422e-01
4.682823684718869783e-01
3.556988118507317664e-01
4.230899634379401419e-01
4.112849166315032390e-01
4.952982500687698741e-01
6.432316514140715702e-01
3.397784590806740557e-01
4.417822640178330484e-01
2.743775716630733608e-01
3.669834007334519255e-01
1.253608677900885648e-01
1.371319451926159838e-01
1.857423982733447665e-01
2.347783749977459533e-01
1.992934818710390132e-01
1.729208217753035182e-01
3.554281837161110680e-01
2.646684655566926558e-01
1.141434506821977779e-01
1.618073031530970207e-01
2.835508286956421875e-01
5.693500025052553593e-01
1.427982813126635331e-01
1.498486124419661780e-01
3.502887461752209886e-01
6.653999064539052322e-01
2.007092444152051847e-01
2.271787635042735176e-01
3.172794635834766952e-01
1.574248320551021596e-01
2.529513636644505348e-01
1.515803353018563004e-01
2.094419068122073124e-01
3.008085154208661738e-01
1.587574118675750823e-01
3.479140535688702851e-01
3.756426775980404864e-01
4.640609758258845141e-01
2.880622871964356735e-01
3.433657117801479086e-01
3.781369138956199305e-01
5.671278480253203469e-01
1.961667165437875615e-01
2.124212202949257999e-01
1.827139163750378936e-01
3.622097120981443985e-01
5.298166412992824092e-01
3.730940550593950245e-01
3.373441336001048452e-01
4.046409748030470599e-01
3.988486320066019220e-01
5.632658867802401437e-01
3.759146503385696336e-01
5.609741358204894945e-01
4.962635213671206524e-01
5.390619331939290326e-01
5.331239189790016875e-01
3.897720815538482375e-01
2.575263939480821884e-01
3.772864922284159261e-01
3.978645357249777637e-01
3.375056768031522436e-01
3.135272284575881252e-01
1.756160548733278759e-01
3.673601910496879785e-01
3.516412134173418913e-01
3.215468297601913328e-01
6.914872108802326833e-01
4.922817474127866300e-01
2.920264936914295228e-01
3.937836526229068213e-01
1.249848288416695319e-01
1.675345909903708241e-01
2.173214520045729237e-01
2.302509019298266124e-01
3.036527592016090571e-01
1.717038999361599760e-01
4.698214275755713265e-01
1.312370468802399881e-01
6.380050652125116573e-01
2.378648461657626445e-01
1.125455606295041044e-01
2.934205195492303186e-01
4.295151111712041669e-01
5.238908494465284171e-01
6.888654199982151560e-01
3.353404256897016822e-01
3.600203226090803454e-01
5.263526262324078608e-01
6.589247748654757375e-01
3.922520220450577688e-01
2.880479684725605338e-01
5.639082052966604142e-01
4.732268642721021434e-01
2.193822006441614181e-01
2.599856752696299567e-01
2.804009872696966443e-01
3.494145117962317859e-01
3.325434599724587104e-01
2.202769803889058631e-01
2.751114676862613240e-01
4.566451685321916698e-01
3.562955939782552761e-01
3.976886891549342162e-01
4.784717952543383057e-01
5.992475437882023304e-01
6.111460401382228236e-01
4.868557586558963091e-01
5.457803836761485616e-01
4.198159611752975140e-01
2.300502520789484695e-01
3.705072682134020190e-01
3.367718273113217142e-01
3.288644352672611681e-01
3.029557176163738541e-01
1.874341032641922422e-01
4.682823684718869783e-01
3.556988118507317664e-01
4.230899634379401419e-01
4.112849166315032390e-01
4.952982500687698741e-01
6.432316514140715702e-01
3.397784590806740557e-01
4.417822640178330484e-01
2.743775716630733608e-01
3.669834007334519255e-01
1.253608677900885648e-01
1.371319451926159838e-01
1.857423982733447665e-01
2.347783749977459533e-01
1.992934818710390132e-01
1.729208217753035182e-01
3.554281837161110680e-01
2.646684655566926558e-01
1.141434506821977779e-01
1.618073031530970207e-01
2.835508286956421875e-01
5.693500025052553593e-01
1.427982813126635331e-01
1.498486124419661780e-01
3.502887461752209886e-01
6.653999064539052322e-01
2.007092444152051847e-01
2.271787635042735176e-01
3.172794635834766952e-01
1.574248320551021596e-01
2.529513636644505348e-01
1.515803353018563004e-01
2.094419068122073124e-01
3.008085154208661738e-01
1.587574118675750823e-01
3.479140535688702851e-01
3.756426775980404864e-01
4.640609758258845141e-01
2.880622871964356735e-01
3.433657117801479086e-01
3.781369138956199305e-01
5.671278480253203469e-01
1.961667165437875615e-01
2.124212202949257999e-01
1.827139163750378936e-01
3.622097120981443985e-01
5.298166412992824092e-01
3.730940550593950245e-01
3.373441336001048452e-01
4.046409748030470599e-01
3.988486320066019220e-01
5.632658867802401437e-01
3.759146503385696336e-01
6.589079884983515267e-01
3.922520220450577688e-01
2.880479684725605338e-01
5.639082052966604142e-01
4.732268642721021434e-01
2.193822006441614181e-01
2.599856752696299567e-01
2.803984626871833807e-01
3.493951005009472977e-01
3.325434599724587104e-01
2.202769803889058631e-01
2.751114676862613240e-01
4.566451685321916698e-01
3.562955939782552761e-01
3.976886891549342162e-01
4.784717952543383057e-01
5.659271115735552415e-01
4.292381789332711528e-01
4.927553264992023396e-01
5.636195944713918715e-01
5.354093384505635989e-01
1.881286775316833026e-01
2.610742750250194533e-01
3.043880633327930019e-01
5.776511285662370154e-01
2.301491316696290812e-01
2.822973339940607063e-01
2.654508440782528123e-01
5.115488911729675348e-01
3.078978370198046655e-01
3.261637451939667365e-01
4.260544134695526952e-01
5.665938750636141386e-01
4.089455028280966631e-01
5.322973710522969082e-01
4.904287452536465475e-01
5.327680796477041181e-01
1.526739718767687326e-01
1.855993381503918127e-01
5.010266227582923504e-01
6.483266809860785962e-01
1.893472565348600645e-01
2.504417404189419605e-01
2.537746702112516073e-01
5.169489191122138561e-01
5.724822128819132550e-01
3.177560447017055978e-01
3.357045623483580488e-01
5.684217981715649071e-01
5.870313390548066446e-01
4.923337520333119777e-01
5.234310854431220017e-01
4.806357290990652120e-01
1.993931261059043447e-01
2.150568541704037107e-01
2.546879139001527736e-01
7.797224967645718374e-01
2.302603207428873811e-01
2.244354634257433867e-01
3.669657312778700220e-01
5.030390453247507443e-01
4.616141531132405551e-01
3.219610651289505632e-01
4.272800125341360000e-01
5.643224337568870652e-01
5.204266496210023796e-01
5.969899904912270294e-01
5.209645388741421801e-01
4.308429330823783654e-01
2.152333631438032302e-01
2.330013532556595712e-01
3.245482630273520130e-01
6.470994657043807052e-01
2.044436509023882798e-01
2.050831481483956220e-01
4.108048910122992226e-01
5.133682782974908765e-01
5.322312505145283534e-01
3.278877542374423193e-01
3.823218182212102523e-01
5.410922796336685714e-01
5.120169448713748350e-01
5.719167741550564843e-01
5.129443275212610676e-01
4.717688713197488171e-01
1.543441476744425445e-01
2.235092702059874314e-01
4.036892295616218429e-01
5.870157011064017771e-01
2.021633355452127079e-01
2.356496835415832769e-01
3.167917089711269063e-01
5.081036995672904011e-01
4.206007729275473284e-01
2.491170492224037414e-01
3.784459358574242538e-01
5.992475437882022193e-01
6.111460401382227126e-01
4.868557586558963646e-01
5.457803836761485616e-01
4.198159611752975140e-01
2.300502520789484695e-01
3.705072682134021300e-01
3.367718273113217697e-01
3.288644352672611681e-01
3.029557176163738541e-01
1.874341032641922145e-01
4.682823684718869228e-01
3.556988118507317664e-01
4.230899634379402530e-01
4.112849166315031835e-01
4.952982500687699297e-01
6.432316514140715702e-01
3.397784590806740002e-01
4.417822640178330484e-01
2.743775716630734163e-01
3.669834007334519255e-01
1.253608677900885371e-01
1.371319451926159838e-01
1.857423982733447387e-01
2.347783749977459811e-01
1.992934818710390132e-01
1.729208217753035459e-01
3.554281837161110125e-01
2.646684655566926003e-01
1.141434506821977501e-01
1.618073031530970762e-01
2.835508286956421875e-01
5.693500025052552482e-01
1.427982813126635053e-01
1.498486124419661780e-01
3.502887461752209886e-01
6.653999064539051211e-01
2.007092444152052124e-01
2.271787635042734899e-01
3.172794635834766397e-01
1.574248320551021041e-01
2.529513636644505348e-01
1.515803353018562727e-01
2.094419068122073679e-01
3.008085154208661183e-01
1.587574118675750823e-01
3.479140535688702851e-01
3.756426775980405419e-01
4.640609758258845696e-01
2.880622871964356180e-01
3.433657117801479641e-01
3.781369138956199305e-01
5.671278480253203469e-01
1.961667165437875338e-01
2.124212202949257999e-01
1.827139163750378659e-01
3.622097120981443985e-01
5.298166412992824092e-01
3.730940550593950245e-01
3.373441336001048452e-01
4.046409748030471154e-01
3.988486320066019220e-01
5.632658867802401437e-01
3.759146503385695781e-01
