9.684174660600991524e-02
4.964298321914096812e-01
5.873222139430628319e-01
1.446566613662733092e-01
3.698873699169134555e-01
4.133325453655649628e-01
4.443822789262287243e-01
6.432424765388133903e-01
3.634786628764709038e-01
3.492717907853386539e-01
4.863931092117143584e-01
5.645513930330942065e-01
1.168541104027944755e-01
3.047106797401119005e-01
4.974003325952788268e-01
1.400104409458779453e-01
4.220867588095816303e-01
3.690146743375896654e-01
5.420797792600186016e-01
2.491645687093934636e-01
3.885999805769297377e-01
1.801750104023485122e-01
1.802683297407933483e-01
4.695500507954309954e-01
2.732440740577007920e-01
2.104052911586388741e-01
1.886632298351905435e-01
5.696664517205864975e-01
4.594708388024627554e-01
4.209454759604582263e-01
5.052341185850135474e-01
2.769188980111829679e-01
4.453965400485748738e-01
5.602075172176916862e-01
4.198123136676876199e-01
2.414137493085338204e-01
4.501722877011597457e-01
2.112296466564557162e-01
2.400901319879208129e-01
5.857172727732231632e-01
3.445477337193197376e-01
3.113172167653809885e-01
2.457099610097428222e-01
5.220221659954145110e-01
3.834711446731615681e-01
4.531531495177480995e-01
4.907115206528588902e-01
4.018882555811366664e-01
2.757136026414506724e-01
3.685390403101663215e-01
2.174767564781072970e-01
2.247469948914106175e-01
6.135878322622585479e-01
3.904038509855042305e-01
2.923522696584958669e-01
3.707982368106134685e-01
5.448872886085159850e-01
4.725653159014016058e-01
6.158703529794193887e-01
3.226940953554994773e-01
1.733861084061646129e-01
3.988702113017102979e-01
3.321957668016973231e-01
6.032191628500858244e-02
9.040856486648131407e-02
4.397791890718588115e-01
6.047240601447816388e-01
1.460091162410256105e-01
3.462868290766836221e-01
5.745679329858126572e-01
5.204779665418440837e-01
6.252170530965364126e-01
5.017012198375340182e-01
5.014373390396444918e-01
4.941426538615874553e-01
1.729274733090645222e-01
2.334416646128553152e-01
3.446635838727795109e-01
4.344912998571587304e-01
6.605563579837716581e-01
6.069870604460816388e-01
6.115411389272933373e-01
2.002624031643995550e-01
2.026175910310563655e-01
2.756604554003301288e-01
2.432148137463231719e-01
3.480166233205361781e-01
5.425283606633459765e-01
3.904321002618882375e-01
5.227151433719015028e-01
4.670503091877939994e-01
2.758424589777120350e-01
3.362026686619048466e-01
3.752045050772041535e-01
2.164367031071137149e-01
7.298172076839648525e-01
4.198995720402939891e-01
4.876632890972173451e-01
6.019121642483127310e-01
3.898790440018193304e-01
2.644633534069299463e-01
5.729167506669718968e-01
4.462654930685643340e-01
2.604910644032030764e-01
3.990379815665635599e-01
3.313208690330972650e-01
3.177533062022713795e-01
6.562123136690003466e-01
5.740104797622374022e-01
3.606264369059579145e-01
4.047915056297203829e-01
5.098852261096658012e-01
3.038525511264724699e-01
5.544991477422659409e-01
5.470743695460509315e-01
1.915893130950190315e-01
9.684174660600991524e-02
4.964298321914096812e-01
5.873222139430628319e-01
1.446566613662733092e-01
3.698873699169134555e-01
4.133325453655649628e-01
4.443822789262287243e-01
6.432424765388133903e-01
3.634786628764709038e-01
3.492717907853386539e-01
4.863931092117143584e-01
5.645513930330942065e-01
1.168541104027944755e-01
3.047106797401119005e-01
4.974003325952788268e-01
1.400104409458779453e-01
4.220867588095816303e-01
3.690146743375896654e-01
5.420797792600186016e-01
2.491645687093934636e-01
3.885999805769297377e-01
1.801750104023485122e-01
1.802683297407933483e-01
4.695500507954309954e-01
2.732440740577007920e-01
2.104052911586388741e-01
1.886632298351905435e-01
5.696664517205864975e-01
4.594708388024627554e-01
4.209454759604582263e-01
5.052341185850135474e-01
2.769188980111829679e-01
4.453965400485748738e-01
5.602075172176916862e-01
4.198123136676876199e-01
2.414137493085338204e-01
4.501722877011597457e-01
2.112296466564557162e-01
2.400901319879208129e-01
5.857172727732231632e-01
3.445477337193197376e-01
3.113172167653809885e-01
2.457099610097428222e-01
5.220221659954145110e-01
3.834711446731615681e-01
4.531531495177480995e-01
4.907115206528588902e-01
4.018882555811366664e-01
2.757136026414506724e-01
3.685390403101663215e-01
2.174767564781072970e-01
2.247469948914106175e-01
6.135878322622585479e-01
3.904038509855042305e-01
2.923522696584958669e-01
3.707982368106134685e-01
5.448872886085159850e-01
4.725653159014016058e-01
6.158703529794193887e-01
3.226940953554994773e-01
1.733861084061646129e-01
3.988702113017102979e-01
3.321957668016973231e-01
6.032191628500858244e-02
2.644566160992576354e-01
5.729167506669718968e-01
4.462654930685643340e-01
2.604910644032030764e-01
3.990379815665635599e-01
3.313208690330972650e-01
3.177533062022713795e-01
6.562111075523079373e-01
5.739977696595448542e-01
3.606264369059579145e-01
4.047915056297203829e-01
5.098852261096658012e-01
3.038525511264724699e-01
5.544991477422659409e-01
5.470743695460509315e-01
1.915893130950190315e-01
2.093276621064691367e-01
4.334732470953960859e-01
7.893374755067055215e-01
2.892912889679671862e-01
5.165731253357970232e-01
2.903088156027278099e-01
4.297903837867587118e-01
4.535041628151082471e-01
5.487443983526550939e-01
4.318340996409126831e-01
4.800418464277023678e-01
4.570588372593220594e-01
3.970603266334150061e-01
4.038751592608814667e-01
3.450843616463060703e-01
2.230073604680408161e-01
2.902111089093543095e-01
4.185705995303373173e-01
4.960237595748810402e-01
2.340462745759491481e-01
4.772265937264394964e-01
2.482355592373608477e-01
4.366100063747715421e-01
6.189016619086460391e-01
5.790392528717989151e-01
4.357063709746269442e-01
4.356031810229147316e-01
3.951771224177327846e-01
2.825528389223867509e-01
6.045232798649263772e-01
4.875314947547588762e-01
1.869549086144143279e-01
2.827280811253733983e-01
5.269358157905799089e-01
3.880236660509117641e-01
3.601500183850493420e-01
4.369441084886778737e-01
3.368451163096317091e-01
4.866456219357789270e-01
2.379623251644604753e-01
7.943259933645657744e-01
5.281900534999435237e-01
4.394109677932359070e-01
4.427979107276543980e-01
2.801730229486559809e-01
5.017940128392972543e-01
4.304396214705794033e-01
2.897465267747801887e-01
2.624740360670216321e-01
4.911835358700530896e-01
6.203344785235778147e-01
3.151439764331990245e-01
4.891959178363232685e-01
3.183067742205787365e-01
5.184282190533021639e-01
3.358249549264992750e-01
5.665332784494774288e-01
4.789011918398139445e-01
4.117299263114389540e-01
5.072240924573030441e-01
2.997079563669202695e-01
5.665283886378360556e-01
4.059094151176336762e-01
2.626107640812922472e-01
3.035436922179325370e-01
4.270072416124570669e-01
4.554051179313300945e-01
2.952091737755583312e-01
3.320870127039594055e-01
2.203974582353631084e-01
6.188471508192135984e-01
4.188644204362327872e-01
5.790398333388654395e-01
5.196121035446669145e-01
4.003439140412844433e-01
3.836332222601564479e-01
2.747806723542873808e-01
5.332630050023869916e-01
2.701902569951819544e-01
2.602149497012263835e-01
9.684174660600991524e-02
4.964298321914097367e-01
5.873222139430630540e-01
1.446566613662733369e-01
3.698873699169135110e-01
4.133325453655649628e-01
4.443822789262287798e-01
6.432424765388133903e-01
3.634786628764709038e-01
3.492717907853386539e-01
4.863931092117143029e-01
5.645513930330942065e-01
1.168541104027944894e-01
3.047106797401119005e-01
4.974003325952788823e-01
1.400104409458779731e-01
4.220867588095816303e-01
3.690146743375896654e-01
5.420797792600186016e-01
2.491645687093934636e-01
3.885999805769297377e-01
1.801750104023484844e-01
1.802683297407933483e-01
4.695500507954309399e-01
2.732440740577007365e-01
2.104052911586388186e-01
1.886632298351905435e-01
5.696664517205864975e-01
4.594708388024626444e-01
4.209454759604581153e-01
5.052341185850136585e-01
2.769188980111830234e-01
4.453965400485749848e-01
5.602075172176915752e-01
4.198123136676876199e-01
2.414137493085338482e-01
4.501722877011597457e-01
2.112296466564557440e-01
2.400901319879208129e-01
5.857172727732231632e-01
3.445477337193196821e-01
3.113172167653810440e-01
2.457099610097427667e-01
5.220221659954145110e-01
3.834711446731615125e-01
4.531531495177480995e-01
4.907115206528588902e-01
4.018882555811367219e-01
2.757136026414506724e-01
3.685390403101662660e-01
2.174767564781073248e-01
2.247469948914105897e-01
6.135878322622585479e-01
3.904038509855041750e-01
2.923522696584958669e-01
3.707982368106134130e-01
5.448872886085159850e-01
4.725653159014016058e-01
6.158703529794193887e-01
3.226940953554995328e-01
1.733861084061646407e-01
3.988702113017102979e-01
3.321957668016973231e-01
6.032191628500858244e-02
