4.004600285046395203e-01
5.187461295910702486e-01
5.434106717495018612e-01
4.847559060147126897e-01
3.541596231659752125e-01
2.294153569742721777e-01
3.325601911820583734e-01
5.951939356281867877e-01
4.890457788087044233e-01
1.991723688324633645e-01
4.048299160822380061e-01
6.222923387837808740e-01
6.075930305469016135e-01
2.788156189818223885e-01
5.560907914014681097e-01
3.693200891927322371e-01
4.084129232106454843e-01
1.985343285225135423e-01
3.605154814987442946e-01
2.884941605532311271e-01
2.479407798200534974e-01
1.415400085669006880e-01
7.959667218639569775e-02
3.481522612352913049e-01
1.108189790512919132e-01
6.112548399553737605e-02
1.802197621850053777e-01
2.831887889840376538e-01
6.069890894528691128e-01
1.774291446360762858e-01
1.530872356770973941e-01
3.853515044917490417e-01
5.886678907925155801e-01
1.918190437978692930e-01
2.803728968339481709e-01
3.207443773672430387e-01
3.251523993415355585e-01
1.107834255555889547e-01
8.351012864602244679e-02
2.775979496179011852e-01
3.944275291015147955e-01
1.495868848239954307e-01
2.334671036255472620e-01
3.659064114934407197e-01
4.730961689382328084e-01
1.719069007130262228e-01
2.314260007132411257e-01
5.435636436385360426e-01
5.701973319599407120e-01
6.035028206301210618e-01
6.394036330367910415e-01
5.300557792555922187e-01
5.316285899534413106e-01
2.679043996030433528e-01
1.290240431821642331e-01
3.690861685998015340e-01
3.602676837022759648e-01
3.043206220013488505e-01
3.770025046075327624e-01
3.199149848244602357e-01
4.449508428744248234e-01
5.455311362884551762e-01
3.858228115511472267e-01
3.353284284891959177e-01
4.236212020776423115e-01
5.386017638664288842e-01
6.674853683503279012e-01
4.344692461425798680e-01
3.338114406114464083e-01
3.580423275482053636e-01
3.216566313826430545e-01
6.344074283073812826e-01
5.951686885862844667e-01
2.246910764539535865e-01
3.832756501027468343e-01
5.672958927790168193e-01
2.702125402383929176e-01
3.931699522106457678e-01
4.535595044981791668e-01
2.451802383318237577e-01
2.403243812146252378e-01
3.049398835911495409e-01
1.742034557220506208e-01
1.344193810201490813e-01
1.098028490135083413e-01
7.774248683741223631e-02
6.651241908241537493e-01
2.993148261318602787e-01
5.805243818154386393e-01
1.660007187145536856e-01
2.808295764936231675e-01
1.287936848811389035e-01
2.953591780657066068e-01
5.339589901254950810e-01
4.981373991864349593e-01
5.003292852749166020e-01
6.777624340965218153e-01
2.717054789584537611e-01
3.580221465932840186e-01
6.151006770193847562e-01
5.293477360086156214e-01
4.213304470621275777e-01
4.262533372133165965e-01
5.970978835517857242e-01
2.642697853514042183e-01
2.038613601259144648e-01
1.568726911093548670e-01
4.755433438778609023e-01
4.394517282925076151e-01
1.422264131799804987e-01
3.069399246664440972e-01
3.572611070115089826e-01
7.114479844206251791e-01
4.025851232794359635e-01
3.202578646116715499e-01
4.667244498576754164e-01
4.004600285046395203e-01
5.187461295910702486e-01
5.434106717495018612e-01
4.847559060147126897e-01
3.541596231659752125e-01
2.294153569742721777e-01
3.325601911820583734e-01
5.951939356281867877e-01
4.890457788087044233e-01
1.991723688324633645e-01
4.048299160822380061e-01
6.222923387837808740e-01
6.075930305469016135e-01
2.788156189818223885e-01
5.560907914014681097e-01
3.693200891927322371e-01
4.084129232106454843e-01
1.985343285225135423e-01
3.605154814987442946e-01
2.884941605532311271e-01
2.479407798200534974e-01
1.415400085669006880e-01
7.959667218639569775e-02
3.481522612352913049e-01
1.108189790512919132e-01
6.112548399553737605e-02
1.802197621850053777e-01
2.831887889840376538e-01
6.069890894528691128e-01
1.774291446360762858e-01
1.530872356770973941e-01
3.853515044917490417e-01
5.886678907925155801e-01
1.918190437978692930e-01
2.803728968339481709e-01
3.207443773672430387e-01
3.251523993415355585e-01
1.107834255555889547e-01
8.351012864602244679e-02
2.775979496179011852e-01
3.944275291015147955e-01
1.495868848239954307e-01
2.334671036255472620e-01
3.659064114934407197e-01
4.730961689382328084e-01
1.719069007130262228e-01
2.314260007132411257e-01
5.435636436385360426e-01
5.701973319599407120e-01
6.035028206301210618e-01
6.394036330367910415e-01
5.300557792555922187e-01
5.316285899534413106e-01
2.679043996030433528e-01
1.290240431821642331e-01
3.690861685998015340e-01
3.602676837022759648e-01
3.043206220013488505e-01
3.770025046075327624e-01
3.199149848244602357e-01
4.449508428744248234e-01
5.455311362884551762e-01
3.858228115511472267e-01
3.353284284891959177e-01
5.293342506673871517e-01
4.213304470621275777e-01
4.262533372133165965e-01
5.970978835517857242e-01
2.642697853514042183e-01
2.038613601259144648e-01
1.568726911093548670e-01
4.755415039168833236e-01
4.394350034066615840e-01
1.422264131799804987e-01
3.069399246664440972e-01
3.572611070115089826e-01
7.114479844206251791e-01
4.025851232794359635e-01
3.202578646116715499e-01
4.667244498576754164e-01
5.511605911027174232e-01
2.925085311641392738e-01
6.849986567912800250e-01
5.502447266778672796e-01
3.595451390234706834e-01
1.161383781972770701e-01
2.103631768409614244e-01
3.912950306742887796e-01
6.413672406758955669e-01
1.650650215633020224e-01
2.473292730034573617e-01
3.643073607423027438e-01
5.622158301651457579e-01
4.477697161942350013e-01
2.949857339060110162e-01
4.922515991441174799e-01
5.603545586304764514e-01
3.373965652254491965e-01
5.652405550694135083e-01
4.986170572090103947e-01
4.156981887052193514e-01
1.225647329525721557e-01
1.124527905393478411e-01
5.237421432411197841e-01
6.563474514578562236e-01
1.463313522791501731e-01
2.462474500390550991e-01
3.155795766662202184e-01
5.656525942511723137e-01
4.850931211558789924e-01
4.215763466372894896e-01
4.471161470380718983e-01
5.466725738902394882e-01
4.443285052618459741e-01
4.795422274237066684e-01
6.052366608662806957e-01
4.039559044168370971e-01
1.455627812539588561e-01
1.562242539617241244e-01
2.624844286634813173e-01
7.314300170618158736e-01
2.143208737824147114e-01
2.067797428013605776e-01
4.656334968526291140e-01
5.751192126819063555e-01
4.338741630520626669e-01
4.474250169879528394e-01
4.764734466069483476e-01
5.528446901774431987e-01
4.026645013179923072e-01
5.793298323123590166e-01
5.823311158069663929e-01
3.136397404932008137e-01
1.574021961393219926e-01
2.076446875231136580e-01
3.159994259692927021e-01
6.086877265771046819e-01
1.866854474262842623e-01
2.122258642335837497e-01
4.540491029525514088e-01
5.904163319425091982e-01
5.093762906614005548e-01
3.591827481376753672e-01
4.742010931322416245e-01
5.464926811056614042e-01
3.216201033241261609e-01
5.672608586492594585e-01
5.910626129834219977e-01
3.470646830205203481e-01
1.238220135358549800e-01
1.762052253714917471e-01
3.975654250279932467e-01
5.924512876839428399e-01
1.857573164241285157e-01
2.545138546493018183e-01
2.936897702195755966e-01
5.464970678756093658e-01
4.216482047327290705e-01
2.868362712190183350e-01
4.953434124399196392e-01
4.004600285046394648e-01
5.187461295910701375e-01
5.434106717495019723e-01
4.847559060147126897e-01
3.541596231659752680e-01
2.294153569742721777e-01
3.325601911820584844e-01
5.951939356281867877e-01
4.890457788087043678e-01
1.991723688324633923e-01
4.048299160822379505e-01
6.222923387837807629e-01
6.075930305469017245e-01
2.788156189818223885e-01
5.560907914014681097e-01
3.693200891927322926e-01
4.084129232106455398e-01
1.985343285225135146e-01
3.605154814987442946e-01
2.884941605532311271e-01
2.479407798200534974e-01
1.415400085669006880e-01
7.959667218639569775e-02
3.481522612352913049e-01
1.108189790512919271e-01
6.112548399553736911e-02
1.802197621850054055e-01
2.831887889840375983e-01
6.069890894528690017e-01
1.774291446360762303e-01
1.530872356770974219e-01
3.853515044917490417e-01
5.886678907925155801e-01
1.918190437978692930e-01
2.803728968339482264e-01
3.207443773672430387e-01
3.251523993415356140e-01
1.107834255555889685e-01
8.351012864602244679e-02
2.775979496179011852e-01
3.944275291015147955e-01
1.495868848239954307e-01
2.334671036255472620e-01
3.659064114934407197e-01
4.730961689382326973e-01
1.719069007130262228e-01
2.314260007132411534e-01
5.435636436385360426e-01
5.701973319599408230e-01
6.035028206301210618e-01
6.394036330367911525e-01
5.300557792555922187e-01
5.316285899534414217e-01
2.679043996030432973e-01
1.290240431821642608e-01
3.690861685998014785e-01
3.602676837022760203e-01
3.043206220013488505e-01
3.770025046075327624e-01
3.199149848244602357e-01
4.449508428744249344e-01
5.455311362884551762e-01
3.858228115511472822e-01
3.353284284891959177e-01
