4.271392065203476474e-01
5.117651292829982212e-01
5.964275500191098534e-01
6.043106322306869282e-01
3.423090701875593500e-01
2.441655533185361771e-01
1.808299076058566546e-01
5.794710277689715250e-01
4.614618938231310197e-01
2.441946917071223799e-01
2.644999550582840531e-01
6.531294105330319733e-01
6.209904596609128191e-01
3.040252028060214107e-01
5.413643587760290643e-01
5.338922568200605845e-01
4.498543657139832397e-01
1.797257573645941187e-01
3.361367982116862385e-01
2.330209739525684332e-01
2.878560017579903096e-01
1.187416959890746498e-01
6.748372611305177016e-02
3.027673896783844576e-01
8.726705007200782904e-02
4.557435664275748255e-02
1.058641477674461123e-01
1.610147331035383378e-01
5.874332749119077768e-01
1.797824181172738289e-01
1.692556070162818116e-01
3.908371232044791643e-01
4.784190409539407218e-01
2.084396220202160976e-01
1.946788967126542869e-01
3.826116884885645275e-01
2.440634697796796870e-01
9.572305794233321175e-02
6.021540052829402190e-02
3.728401389933258536e-01
2.559768272369581932e-01
1.184389520911089400e-01
1.710003038011445597e-01
2.915125870500867022e-01
4.272682181203613649e-01
1.711848728180614676e-01
1.908607939469306458e-01
5.224465097944485104e-01
7.925324849755126522e-01
4.278512093980636477e-01
6.149433088162258310e-01
6.175361947023182418e-01
5.190011953784638976e-01
2.536088257292445913e-01
7.946000887154999748e-02
3.454339192336459696e-01
4.156848029343581108e-01
2.901796680914510707e-01
3.661292689124048261e-01
3.562212467769123592e-01
6.160587496954335052e-01
4.204188481675392164e-01
5.021458465767363322e-01
3.530966373002746850e-01
4.491944037178772775e-01
5.215721068204366428e-01
7.099228660839174143e-01
5.822864714633640970e-01
3.499878253630475111e-01
3.193500884034750076e-01
1.782339427315716707e-01
6.447663013426720990e-01
5.569956839433418683e-01
3.093697452650735480e-01
2.816350051137463950e-01
6.191952323526827007e-01
3.188698786240758420e-01
3.545691502884389390e-01
5.393068785525466646e-01
1.875510871363762766e-01
2.389961034488529146e-01
3.268107209176633887e-01
1.312582661845052290e-01
9.076100343605351950e-02
7.379470698034278076e-02
5.690892904150457454e-02
6.403369703386366796e-01
2.422099896165793853e-01
4.260311463452930436e-01
1.750764405752406883e-01
2.212042834921413570e-01
1.029862782274097721e-01
2.044811698810251599e-01
4.264468561547999914e-01
6.914295259689491324e-01
5.464844468512988218e-01
7.275876157055964910e-01
2.328850429382796627e-01
2.754094775646017679e-01
6.885988840094539043e-01
5.923195939528440590e-01
3.485932368913532975e-01
3.929915331753922603e-01
6.963945138716711725e-01
2.437561911640121481e-01
1.898380288769322966e-01
1.000796718342096686e-01
4.810297686328611766e-01
3.787887363831294318e-01
1.303591522909168243e-01
2.178924973893555106e-01
3.084699570224706533e-01
7.910566423379503664e-01
3.593956027104686646e-01
3.487326991279200983e-01
5.333643957369230693e-01
4.271392065203476474e-01
5.117651292829982212e-01
5.964275500191098534e-01
6.043106322306869282e-01
3.423090701875593500e-01
2.441655533185361771e-01
1.808299076058566546e-01
5.794710277689715250e-01
4.614618938231310197e-01
2.441946917071223799e-01
2.644999550582840531e-01
6.531294105330319733e-01
6.209904596609128191e-01
3.040252028060214107e-01
5.413643587760290643e-01
5.338922568200605845e-01
4.498543657139832397e-01
1.797257573645941187e-01
3.361367982116862385e-01
2.330209739525684332e-01
2.878560017579903096e-01
1.187416959890746498e-01
6.748372611305177016e-02
3.027673896783844576e-01
8.726705007200782904e-02
4.557435664275748255e-02
1.058641477674461123e-01
1.610147331035383378e-01
5.874332749119077768e-01
1.797824181172738289e-01
1.692556070162818116e-01
3.908371232044791643e-01
4.784190409539407218e-01
2.084396220202160976e-01
1.946788967126542869e-01
3.826116884885645275e-01
2.440634697796796870e-01
9.572305794233321175e-02
6.021540052829402190e-02
3.728401389933258536e-01
2.559768272369581932e-01
1.184389520911089400e-01
1.710003038011445597e-01
2.915125870500867022e-01
4.272682181203613649e-01
1.711848728180614676e-01
1.908607939469306458e-01
5.224465097944485104e-01
7.925324849755126522e-01
4.278512093980636477e-01
6.149433088162258310e-01
6.175361947023182418e-01
5.190011953784638976e-01
2.536088257292445913e-01
7.946000887154999748e-02
3.454339192336459696e-01
4.156848029343581108e-01
2.901796680914510707e-01
3.661292689124048261e-01
3.562212467769123592e-01
6.160587496954335052e-01
4.204188481675392164e-01
5.021458465767363322e-01
3.530966373002746850e-01
5.923045043788317532e-01
3.485932368913532975e-01
3.929915331753922603e-01
6.963945138716711725e-01
2.437561911640121481e-01
1.898380288769322966e-01
1.000796718342096686e-01
4.810279479200089137e-01
3.787702015164736147e-01
1.303591522909168243e-01
2.178924973893555106e-01
3.084699570224706533e-01
7.910566423379503664e-01
3.593956027104686646e-01
3.487326991279200983e-01
5.333643957369230693e-01
5.613411788135155289e-01
3.244152230300702544e-01
5.518047420595515451e-01
6.857548567034968956e-01
3.812299302112415744e-01
9.880522144686240682e-02
1.730449451788208526e-01
3.194088679333126901e-01
4.465642218996472845e-01
1.500425877210821712e-01
1.632227817930282376e-01
3.936967280844031469e-01
7.412375121147799506e-01
2.988736393728668173e-01
3.087477440307949683e-01
5.366739523762050768e-01
6.221447259050102430e-01
3.534088916121535529e-01
4.392931554179796971e-01
5.951093473877016038e-01
3.631564235667206209e-01
8.755598730812126640e-02
1.357535044903376842e-01
4.374885900977548703e-01
4.923747958365038979e-01
1.241245975734148604e-01
1.849539880659669677e-01
3.068090722218824173e-01
7.229531809809116583e-01
3.945738168275860769e-01
3.092062969878753842e-01
5.369299362612498516e-01
6.030995342859695185e-01
3.842443295050326224e-01
4.297468666499373313e-01
7.007233681987075080e-01
2.997057146423290352e-01
1.216404038133578613e-01
1.308876185713867824e-01
2.888877940183993687e-01
6.195524920053856466e-01
2.068256832883487162e-01
1.419834176487293487e-01
3.713172996085214450e-01
7.332354239320828526e-01
3.635421696409629200e-01
3.534168304739456201e-01
5.575460970325344379e-01
5.896882923641912910e-01
3.891927770529244879e-01
5.071625144291680432e-01
6.858366235488191354e-01
3.331363473722139257e-01
1.128743580992013357e-01
1.752592791158200658e-01
2.646731172703846169e-01
4.525281304062854781e-01
1.685440844773553604e-01
1.388895782701115855e-01
4.584747437068840137e-01
7.206890728970395399e-01
4.631753763106508104e-01
3.041110114144032206e-01
5.429755769280618649e-01
5.947127325474084181e-01
3.361907465979055987e-01
4.928381690967785778e-01
6.729728324475295897e-01
3.422578306214443811e-01
9.564902820297865871e-02
1.351364975543122293e-01
3.701386812073059196e-01
4.970832144567377542e-01
1.484967609263028732e-01
1.599152170831161790e-01
3.060770583242005682e-01
6.460023415456545015e-01
3.513100369943316648e-01
2.916921227152841078e-01
5.763843442386989979e-01
4.271392065203476474e-01
5.117651292829982212e-01
5.964275500191099644e-01
6.043106322306869282e-01
3.423090701875594055e-01
2.441655533185361771e-01
1.808299076058566823e-01
5.794710277689715250e-01
4.614618938231310752e-01
2.441946917071224077e-01
2.644999550582840531e-01
6.531294105330318622e-01
6.209904596609129301e-01
3.040252028060214107e-01
5.413643587760292863e-01
5.338922568200606955e-01
4.498543657139832397e-01
1.797257573645941187e-01
3.361367982116862385e-01
2.330209739525684887e-01
2.878560017579903096e-01
1.187416959890746637e-01
6.748372611305177016e-02
3.027673896783844021e-01
8.726705007200782904e-02
4.557435664275747561e-02
1.058641477674461262e-01
1.610147331035383100e-01
5.874332749119077768e-01
1.797824181172738012e-01
1.692556070162818671e-01
3.908371232044791643e-01
4.784190409539407218e-01
2.084396220202160976e-01
1.946788967126542869e-01
3.826116884885645275e-01
2.440634697796796870e-01
9.572305794233323950e-02
6.021540052829402190e-02
3.728401389933258536e-01
2.559768272369581932e-01
1.184389520911089400e-01
1.710003038011445320e-01
2.915125870500867578e-01
4.272682181203613094e-01
1.711848728180614676e-01
1.908607939469306458e-01
5.224465097944483993e-01
7.925324849755127632e-01
4.278512093980635922e-01
6.149433088162259420e-01
6.175361947023182418e-01
5.190011953784640086e-01
2.536088257292445358e-01
7.946000887154999748e-02
3.454339192336459141e-01
4.156848029343581108e-01
2.901796680914510707e-01
3.661292689124048816e-01
3.562212467769124147e-01
6.160587496954336162e-01
4.204188481675392164e-01
5.021458465767363322e-01
3.530966373002746850e-01
