3.027737988428750859e-01
4.539143594180559127e-01
3.592369032837345877e-01
3.576232781010383888e-01
3.438331439789936717e-01
2.474448003943214291e-01
3.760040893428976405e-01
4.015473165269595190e-01
3.235187528806680590e-01
4.434534194456852263e-01
2.708638603389021959e-01
4.286065734905005753e-01
3.365005461092700489e-01
4.451829769824767746e-01
4.943216097457189262e-01
2.986375804067282203e-01
3.792054539283209458e-01
3.134823823378351526e-01
6.513889745629413142e-01
3.476182790130595279e-01
3.384061830049294728e-01
1.902189179932965990e-01
1.803601344406237095e-01
2.905067096957445472e-01
2.634109882882276765e-01
2.550976000255529286e-01
2.916679513597332241e-01
3.619932812060341898e-01
3.502742203498979690e-01
2.830563219194976443e-01
3.583717109756323072e-01
2.936963229348319437e-01
4.551811149162942050e-01
2.792049696437701178e-01
2.792925503246239116e-01
3.703961276933456781e-01
6.572494651628312257e-01
2.259759214071035693e-01
3.065489314811582489e-01
5.736380574206900729e-01
2.716887011520241479e-01
3.515348198072465458e-01
2.441626290055689263e-01
2.850747344009298412e-01
2.918852113141262028e-01
2.397472252033236995e-01
2.952213784400231633e-01
3.713040795646459502e-01
3.566954371853987560e-01
3.256444914675873381e-01
3.049280471337210696e-01
3.067602311541735571e-01
5.977633516460448826e-01
2.968220729499998489e-01
2.940447209316011112e-01
3.105780877460705414e-01
4.058310914098002820e-01
5.445196567877294003e-01
4.473298979295553535e-01
2.892781696812618542e-01
2.460080980564133268e-01
4.652843877572604425e-01
4.216969079144031185e-01
2.402801945920164106e-01
3.126078947309351985e-01
3.947229157725197779e-01
4.571454097045470344e-01
3.349517075486751483e-01
3.064301890125077366e-01
3.172631655327566302e-01
3.834963592240236419e-01
4.089689322373810110e-01
4.273454822781392881e-01
5.536176533399208566e-01
2.784397360350818196e-01
3.210441100214958543e-01
3.735720525372094869e-01
4.003725367209439723e-01
4.537923122543746635e-01
4.156793338162816376e-01
5.567984063961866070e-01
4.331518108854102156e-01
2.046764347499279990e-01
2.524689296976476705e-01
2.709702531697025796e-01
3.028371036360884005e-01
3.324027029936281741e-01
3.627587863628040643e-01
4.412205177196697470e-01
2.512064287505121896e-01
6.423942628229806218e-01
3.064083228849320828e-01
2.387695929475173173e-01
3.065451817007153190e-01
2.927272778392364661e-01
5.849946914576822365e-01
5.021423084881122545e-01
4.385103710355777729e-01
5.013501137490480319e-01
4.597307618271682661e-01
3.853573439162589764e-01
3.844923030283559640e-01
3.549417131948175985e-01
4.719180648504426867e-01
4.340955516676217041e-01
2.799550988636913540e-01
3.277644832090232940e-01
4.907327768522845579e-01
4.411708717232035171e-01
4.406043486860788394e-01
3.417816799797507299e-01
2.738677644387829679e-01
3.822350308710557587e-01
4.931253408166301755e-01
4.320136262791469117e-01
3.395626306924930393e-01
3.027737988428750859e-01
4.539143594180559127e-01
3.592369032837345877e-01
3.576232781010383888e-01
3.438331439789936717e-01
2.474448003943214291e-01
3.760040893428976405e-01
4.015473165269595190e-01
3.235187528806680590e-01
4.434534194456852263e-01
2.708638603389021959e-01
4.286065734905005753e-01
3.365005461092700489e-01
4.451829769824767746e-01
4.943216097457189262e-01
2.986375804067282203e-01
3.792054539283209458e-01
3.134823823378351526e-01
6.513889745629413142e-01
3.476182790130595279e-01
3.384061830049294728e-01
1.902189179932965990e-01
1.803601344406237095e-01
2.905067096957445472e-01
2.634109882882276765e-01
2.550976000255529286e-01
2.916679513597332241e-01
3.619932812060341898e-01
3.502742203498979690e-01
2.830563219194976443e-01
3.583717109756323072e-01
2.936963229348319437e-01
4.551811149162942050e-01
2.792049696437701178e-01
2.792925503246239116e-01
3.703961276933456781e-01
6.572494651628312257e-01
2.259759214071035693e-01
3.065489314811582489e-01
5.736380574206900729e-01
2.716887011520241479e-01
3.515348198072465458e-01
2.441626290055689263e-01
2.850747344009298412e-01
2.918852113141262028e-01
2.397472252033236995e-01
2.952213784400231633e-01
3.713040795646459502e-01
3.566954371853987560e-01
3.256444914675873381e-01
3.049280471337210696e-01
3.067602311541735571e-01
5.977633516460448826e-01
2.968220729499998489e-01
2.940447209316011112e-01
3.105780877460705414e-01
4.058310914098002820e-01
5.445196567877294003e-01
4.473298979295553535e-01
2.892781696812618542e-01
2.460080980564133268e-01
4.652843877572604425e-01
4.216969079144031185e-01
2.402801945920164106e-01
3.853475267867538800e-01
3.844923030283559640e-01
3.549417131948175985e-01
4.719180648504426867e-01
4.340955516676217041e-01
2.799550988636913540e-01
3.277644832090232940e-01
4.907309901806753416e-01
4.411541981308482741e-01
4.406043486860788394e-01
3.417816799797507299e-01
2.738677644387829679e-01
3.822350308710557587e-01
4.931253408166301755e-01
4.320136262791469117e-01
3.395626306924930393e-01
3.760063234356612050e-01
4.395765120351173283e-01
5.016161427027363562e-01
3.898582012182136292e-01
4.038591736514804409e-01
2.648320213930306366e-01
4.495505791787406391e-01
3.755863185390002079e-01
5.660709360490739916e-01
3.339573087000937135e-01
3.903632801664161378e-01
4.063641975323829536e-01
4.151137285963341639e-01
4.093574542431571706e-01
3.321977681286565343e-01
3.373971770402821035e-01
3.637217447296648976e-01
4.301179213898537745e-01
4.907739409427743227e-01
3.255779062085547571e-01
4.516668582620739780e-01
2.394643967746044044e-01
3.674280942404828942e-01
5.376221550046534903e-01
6.665876978996458924e-01
2.727816371247854255e-01
3.794223993989349619e-01
3.471470534242521722e-01
3.614656238463057614e-01
6.830991375522591502e-01
3.216888132807111944e-01
2.911887270920963111e-01
3.973026728514240102e-01
5.920173881379982017e-01
4.013961348167681686e-01
3.613513865755412779e-01
4.440635836560807292e-01
3.086988646909255563e-01
3.547804828607912797e-01
2.892395512484291498e-01
6.899461985305762601e-01
3.780002082741141245e-01
3.830446912899028167e-01
4.853716294483653160e-01
3.666888222143386278e-01
4.922154122163365231e-01
3.867862820545837077e-01
3.728241678569187978e-01
3.627862243333575543e-01
5.372144328841432781e-01
5.710204157015961179e-01
3.695930425453157198e-01
4.421487903370783790e-01
3.125152366244492996e-01
3.604175976412102300e-01
3.897849548461958524e-01
5.649938071959070829e-01
3.237752914071014843e-01
3.734065938602874613e-01
4.836344523306056464e-01
3.854093886081351172e-01
5.819331055853518286e-01
3.789643969687971348e-01
3.246392282527676421e-01
3.493487712375827892e-01
4.645455532456134184e-01
5.499281184982870441e-01
3.612500147289180452e-01
4.677276533800001634e-01
2.345150598149594035e-01
3.595562164831328511e-01
4.397145022863785946e-01
5.887289984639484386e-01
3.431475140145843206e-01
3.481772310850069774e-01
3.937457385134899845e-01
3.221044913096924311e-01
5.152666582073415213e-01
3.489598331148957566e-01
3.215442674302294024e-01
3.027737988428750859e-01
4.539143594180558572e-01
3.592369032837346987e-01
3.576232781010383888e-01
3.438331439789937827e-01
2.474448003943214847e-01
3.760040893428976960e-01
4.015473165269596301e-01
3.235187528806680035e-01
4.434534194456852818e-01
2.708638603389021959e-01
4.286065734905005198e-01
3.365005461092699934e-01
4.451829769824768857e-01
4.943216097457189817e-01
2.986375804067282203e-01
3.792054539283210013e-01
3.134823823378350971e-01
6.513889745629414252e-01
3.476182790130595834e-01
3.384061830049294728e-01
1.902189179932966268e-01
1.803601344406236817e-01
2.905067096957445472e-01
2.634109882882277320e-01
2.550976000255529286e-01
2.916679513597332796e-01
3.619932812060341343e-01
3.502742203498979134e-01
2.830563219194975333e-01
3.583717109756323072e-01
2.936963229348319437e-01
4.551811149162942050e-01
2.792049696437701178e-01
2.792925503246239116e-01
3.703961276933457336e-01
6.572494651628313367e-01
2.259759214071036248e-01
3.065489314811582489e-01
5.736380574206900729e-01
2.716887011520241479e-01
3.515348198072465458e-01
2.441626290055689263e-01
2.850747344009298412e-01
2.918852113141261473e-01
2.397472252033236995e-01
2.952213784400232188e-01
3.713040795646460057e-01
3.566954371853987560e-01
3.256444914675872271e-01
3.049280471337211251e-01
3.067602311541735571e-01
5.977633516460449936e-01
2.968220729499998489e-01
2.940447209316010557e-01
3.105780877460705414e-01
4.058310914098002820e-01
5.445196567877294003e-01
4.473298979295553535e-01
2.892781696812618542e-01
2.460080980564133546e-01
4.652843877572604425e-01
4.216969079144031740e-01
2.402801945920163829e-01
