4.161040271930587231e-01
5.374493030960622031e-01
4.039614662741164985e-01
6.511546974384261333e-01
4.181216319567875317e-01
2.418775910243929350e-01
1.639982658148945449e-01
4.632927302400198233e-01
3.283096969558710887e-01
6.752086789511702047e-02
1.453678754890914693e-01
5.453750811421653744e-01
5.901824553852775823e-01
4.804793011985105666e-01
5.668718822676076519e-01
5.948621123698363267e-01
4.358984787955859641e-01
2.333620208450331301e-01
2.233322144341907678e-01
4.418294171996099418e-01
3.085663524036372785e-01
1.132366398619241016e-01
3.251649340113536152e-02
2.866233001954643922e-01
8.674564685343794102e-02
2.584003201671224853e-02
4.422270199004804669e-02
2.076096466994267753e-01
4.557405052923000910e-01
2.083896833334581422e-01
1.235427597979293912e-01
5.074258657743985212e-01
4.692338785767872222e-01
8.606334308332788674e-02
1.408536358277214795e-01
3.595311457353109197e-01
1.263159127278126737e-01
1.530170396030334189e-02
4.041000696775861462e-02
2.219072222790214044e-01
1.487130735703110496e-01
3.820507134587684817e-02
6.839675946108378368e-02
2.217624349762300495e-01
4.128132924106411861e-01
1.533627196147431260e-01
2.126891461620862289e-01
6.412554143289079800e-01
7.372683428651771731e-01
4.503279046424936705e-01
4.415459825940299954e-01
5.953559633306784171e-01
7.397038705345052589e-01
3.338447634460581237e-01
1.013126062006653311e-01
5.994772007522588542e-01
4.312890826501016295e-01
2.084937153075969163e-01
2.826896510874736812e-01
5.576375252603200661e-01
5.833309763848214535e-01
7.562297704869795911e-01
5.767380531248791353e-01
5.834023981736208286e-01
5.763189824827033014e-01
6.088306540558054980e-01
6.741628864684974243e-01
6.382623854587212708e-01
5.353530860309297923e-01
2.729219307252039317e-01
1.908370766055243750e-01
5.147145015980536531e-01
6.430570935825451473e-01
1.088345200402723589e-01
2.075491180420940829e-01
5.928711960737473863e-01
3.825080343377963432e-01
4.867571471845391073e-01
5.689907485700987921e-01
2.592730510766501073e-01
1.418560786388329831e-01
2.737360752571448286e-01
7.721281619688134812e-02
3.869307378961042015e-02
8.360162452166551572e-02
3.549431929794857193e-02
4.686591768152252868e-01
2.228262694815114631e-01
6.452567191763027843e-01
9.614383921811553435e-02
9.524849027749046626e-02
1.209483856812467589e-02
1.867108394895951595e-01
4.294868512680292683e-01
6.489882500798800358e-01
6.964007910231180265e-01
6.770305938063907458e-01
2.353665945603796716e-01
1.487400098903979284e-01
8.562051414393279103e-01
5.662112334341855568e-01
3.419293300665658397e-01
2.086779489835161039e-01
7.659499501298827617e-01
3.113823171841646475e-01
1.724239752973890649e-01
8.154791133855088248e-02
4.884663145798769923e-01
2.773780467582721010e-01
2.264159573044510765e-02
1.036932781898362715e-01
3.547025310290154443e-01
7.252973092933772126e-01
5.629893193814996533e-01
3.731955105419792473e-01
7.220380542022448722e-01
4.161040271930587231e-01
5.374493030960622031e-01
4.039614662741164985e-01
6.511546974384261333e-01
4.181216319567875317e-01
2.418775910243929350e-01
1.639982658148945449e-01
4.632927302400198233e-01
3.283096969558710887e-01
6.752086789511702047e-02
1.453678754890914693e-01
5.453750811421653744e-01
5.901824553852775823e-01
4.804793011985105666e-01
5.668718822676076519e-01
5.948621123698363267e-01
4.358984787955859641e-01
2.333620208450331301e-01
2.233322144341907678e-01
4.418294171996099418e-01
3.085663524036372785e-01
1.132366398619241016e-01
3.251649340113536152e-02
2.866233001954643922e-01
8.674564685343794102e-02
2.584003201671224853e-02
4.422270199004804669e-02
2.076096466994267753e-01
4.557405052923000910e-01
2.083896833334581422e-01
1.235427597979293912e-01
5.074258657743985212e-01
4.692338785767872222e-01
8.606334308332788674e-02
1.408536358277214795e-01
3.595311457353109197e-01
1.263159127278126737e-01
1.530170396030334189e-02
4.041000696775861462e-02
2.219072222790214044e-01
1.487130735703110496e-01
3.820507134587684817e-02
6.839675946108378368e-02
2.217624349762300495e-01
4.128132924106411861e-01
1.533627196147431260e-01
2.126891461620862289e-01
6.412554143289079800e-01
7.372683428651771731e-01
4.503279046424936705e-01
4.415459825940299954e-01
5.953559633306784171e-01
7.397038705345052589e-01
3.338447634460581237e-01
1.013126062006653311e-01
5.994772007522588542e-01
4.312890826501016295e-01
2.084937153075969163e-01
2.826896510874736812e-01
5.576375252603200661e-01
5.833309763848214535e-01
7.562297704869795911e-01
5.767380531248791353e-01
5.834023981736208286e-01
5.661968089808991911e-01
3.419293300665658397e-01
2.086779489835161039e-01
7.659499501298827617e-01
3.113823171841646475e-01
1.724239752973890649e-01
8.154791133855088248e-02
4.884645199567962948e-01
2.773564861357747380e-01
2.264159573044510765e-02
1.036932781898362715e-01
3.547025310290154443e-01
7.252973092933772126e-01
5.629893193814996533e-01
3.731955105419792473e-01
7.220380542022448722e-01
5.343055177458806426e-01
3.210233542110838001e-01
3.773961515908069164e-01
6.946607671131972417e-01
3.249462685968119158e-01
1.091503719076134526e-01
8.630662388503404503e-02
4.649320194997816347e-01
3.228623954099578697e-01
4.794282652702271802e-02
9.940850397219870571e-02
3.401511786006469196e-01
7.535700133939351453e-01
4.825053549910842676e-01
2.431958351519221129e-01
7.723205668975521299e-01
5.661314217566325580e-01
2.795265144188083251e-01
2.715743018159745836e-01
6.861555487237461781e-01
2.871700878047925842e-01
1.076646446464549906e-01
8.048995392875588073e-02
5.817681704491116657e-01
2.859172122510610370e-01
6.586692000955880755e-02
1.191808068995917069e-01
2.437832454614998201e-01
8.222603403086785612e-01
5.814877837679853778e-01
2.141306160195618480e-01
7.369091218380711128e-01
5.577129162853240452e-01
3.532512255742019658e-01
2.652115490440801748e-01
7.386824493451930040e-01
3.011524926977491856e-01
1.276817730569281273e-01
5.793489472544857688e-02
3.992123641175502335e-01
3.800866100646757006e-01
1.323305597080325080e-01
9.417573596141008696e-02
2.950532244623135236e-01
7.904885575536346742e-01
5.158920589616275976e-01
2.518699110006981656e-01
8.092729036956078925e-01
5.800142425015643033e-01
3.480444123433006909e-01
2.784542614934921168e-01
7.256692295108744251e-01
2.810460719276706709e-01
1.297203190785965465e-01
1.124178143297734495e-01
3.701890114857813718e-01
3.303513020686092982e-01
7.781475001508691980e-02
8.355442097002827029e-02
3.669295374475245453e-01
7.126408407792269584e-01
6.730851172109750813e-01
2.438234068899616247e-01
8.024474949327566886e-01
5.769029880569177537e-01
2.286566714333131412e-01
2.476295481517462038e-01
7.578343091135708587e-01
2.728047601436718872e-01
1.096616045509316850e-01
8.401434972535906653e-02
4.815424263459074372e-01
2.364142972995723069e-01
1.116204361619943103e-01
9.664540571989592432e-02
2.196371385872895599e-01
7.102508998642398375e-01
5.210077843898999195e-01
2.305472500963035021e-01
7.999988328504590296e-01
4.161040271930587231e-01
5.374493030960620921e-01
4.039614662741165541e-01
6.511546974384262443e-01
4.181216319567876427e-01
2.418775910243929905e-01
1.639982658148945449e-01
4.632927302400198233e-01
3.283096969558710887e-01
6.752086789511702047e-02
1.453678754890914970e-01
5.453750811421653744e-01
5.901824553852775823e-01
4.804793011985105666e-01
5.668718822676075408e-01
5.948621123698363267e-01
4.358984787955859641e-01
2.333620208450331301e-01
2.233322144341907678e-01
4.418294171996100528e-01
3.085663524036373340e-01
1.132366398619241016e-01
3.251649340113536152e-02
2.866233001954643922e-01
8.674564685343794102e-02
2.584003201671224506e-02
4.422270199004804669e-02
2.076096466994267475e-01
4.557405052923000355e-01
2.083896833334580867e-01
1.235427597979294467e-01
5.074258657743984102e-01
4.692338785767871112e-01
8.606334308332788674e-02
1.408536358277214795e-01
3.595311457353109752e-01
1.263159127278127014e-01
1.530170396030334362e-02
4.041000696775861462e-02
2.219072222790214044e-01
1.487130735703110496e-01
3.820507134587684817e-02
6.839675946108378368e-02
2.217624349762300495e-01
4.128132924106411306e-01
1.533627196147431260e-01
2.126891461620862289e-01
6.412554143289079800e-01
7.372683428651771731e-01
4.503279046424935594e-01
4.415459825940300509e-01
5.953559633306784171e-01
7.397038705345053700e-01
3.338447634460580682e-01
1.013126062006653172e-01
5.994772007522588542e-01
4.312890826501016295e-01
2.084937153075969163e-01
2.826896510874736812e-01
5.576375252603201771e-01
5.833309763848215646e-01
7.562297704869795911e-01
5.767380531248792463e-01
5.834023981736207176e-01
