1.269994666704634401e-01
3.332146132627784585e-01
5.109130234062557452e-02
1.415139228713746533e-01
6.028562738688773848e-02
3.678189467691459491e-01
6.635582522835877795e-01
6.496725287779026026e-01
3.070762243136874181e-01
2.262573202280126483e-01
2.850477067990260793e-01
3.971244899530372297e-01
1.168976121777746124e-01
4.517323036581850637e-01
1.989175948988334552e-01
6.954830725713780082e-02
1.348288032345009990e-01
2.923234499652030971e-01
5.202092126829135355e-01
8.018661421707622139e-02
2.566948775824640649e-01
4.833999755944593524e-01
4.083725102425444509e-01
4.988066825775656632e-01
5.969872179995260320e-01
4.541072134106426406e-01
7.397968585225064286e-01
5.851977361338162043e-01
2.509232287126927363e-01
6.272113966328974888e-01
1.652765275897118968e-01
2.768139247332302988e-01
3.648746277676197525e-01
8.238320243395825804e-01
5.061147645557322328e-01
2.807730270834439268e-01
4.005154820966786988e-01
4.170156216098936941e-01
4.241660804377942462e-01
2.117511427531248713e-01
6.898459848683046181e-01
4.274213973136777311e-01
5.564937221846854021e-01
3.802714834824927892e-01
1.442859122858032861e-01
7.404076564588111253e-01
3.325526932084308940e-01
2.499840979269911667e-01
6.711956735101666516e-02
1.681365725523746302e-01
1.965361569983280765e-01
1.728472279373440001e-01
4.330109128141451658e-01
4.275485850664848542e-01
9.244624193188096806e-01
3.336270383996424171e-01
1.627028997555599044e-01
1.868605576215056074e-01
3.896413848681152259e-01
2.797723292469351808e-01
8.819960609178120747e-02
4.364558472553698998e-01
1.795851331596885481e-01
8.786140647715827423e-02
1.236354493842999891e-01
2.461693521643911753e-01
2.234902182127549986e-01
1.055632196952913660e-01
1.085574690899888395e-01
4.544768093205802661e-01
6.513546753393142374e-01
5.256800788014575065e-01
4.318632489070509672e-01
2.028138746433360562e-01
3.997485541371493811e-01
1.459753694721744599e-01
3.220385560354558363e-01
1.159636717197926881e-01
1.766099349879258762e-01
4.327248204482239125e-01
3.381877344520312079e-01
3.221771737207200781e-01
5.119260481849016164e-01
6.143145529831873786e-01
7.478957365946000690e-01
4.765136464847135045e-01
2.151758200192215031e-01
7.268114343136696798e-01
3.640456627909682830e-01
8.229853881187638720e-01
2.521512458321484296e-01
4.598075988600932584e-01
5.637135579288962139e-01
1.539616654047460953e-01
7.816138879470015122e-02
2.480880619631364303e-01
2.312758004122196787e-01
6.470411218191590708e-01
7.428499418325742454e-01
2.587584982191540317e-01
1.342540628475676068e-01
5.006941469587413707e-01
2.651396995373602739e-01
1.961071898599627272e-01
1.343034920174385749e-01
5.193868374123503662e-01
6.837003268450076998e-01
5.077229573091058823e-01
7.222687297864580636e-01
4.297323084316760355e-01
6.128996248914576617e-01
3.798233803068298831e-01
1.429134975265286545e-01
8.199604772247495177e-01
1.888145436003175193e-01
1.527942735517430761e-01
1.269994666704634401e-01
3.332146132627784585e-01
5.109130234062557452e-02
1.415139228713746533e-01
6.028562738688773848e-02
3.678189467691459491e-01
6.635582522835877795e-01
6.496725287779026026e-01
3.070762243136874181e-01
2.262573202280126483e-01
2.850477067990260793e-01
3.971244899530372297e-01
1.168976121777746124e-01
4.517323036581850637e-01
1.989175948988334552e-01
6.954830725713780082e-02
1.348288032345009990e-01
2.923234499652030971e-01
5.202092126829135355e-01
8.018661421707622139e-02
2.566948775824640649e-01
4.833999755944593524e-01
4.083725102425444509e-01
4.988066825775656632e-01
5.969872179995260320e-01
4.541072134106426406e-01
7.397968585225064286e-01
5.851977361338162043e-01
2.509232287126927363e-01
6.272113966328974888e-01
1.652765275897118968e-01
2.768139247332302988e-01
3.648746277676197525e-01
8.238320243395825804e-01
5.061147645557322328e-01
2.807730270834439268e-01
4.005154820966786988e-01
4.170156216098936941e-01
4.241660804377942462e-01
2.117511427531248713e-01
6.898459848683046181e-01
4.274213973136777311e-01
5.564937221846854021e-01
3.802714834824927892e-01
1.442859122858032861e-01
7.404076564588111253e-01
3.325526932084308940e-01
2.499840979269911667e-01
6.711956735101666516e-02
1.681365725523746302e-01
1.965361569983280765e-01
1.728472279373440001e-01
4.330109128141451658e-01
4.275485850664848542e-01
9.244624193188096806e-01
3.336270383996424171e-01
1.627028997555599044e-01
1.868605576215056074e-01
3.896413848681152259e-01
2.797723292469351808e-01
8.819960609178120747e-02
4.364558472553698998e-01
1.795851331596885481e-01
8.786140647715827423e-02
1.281546807363876384e-01
5.026412828215067741e-01
2.663808161948675313e-01
1.968885073703303679e-01
1.354973542511097584e-01
5.206985610114472918e-01
6.853503105486168367e-01
5.092939901642077327e-01
7.096885757974906728e-01
4.309967153037539966e-01
6.145770487970866336e-01
3.814529980696261258e-01
1.434212245127441943e-01
8.221946472973655773e-01
1.898045142919554396e-01
1.532799962103435498e-01
1.434132535037025147e-01
3.345732172901637047e-01
3.561677955298340748e-01
2.230863396754525496e-01
4.147505204652141564e-01
5.152411381531267764e-01
6.608204953498302281e-01
4.047172124870838661e-01
5.268609067375873423e-01
6.958038015620857664e-01
6.793671227763262710e-01
2.133863858184417150e-01
1.253989836677413816e-01
2.380044469631827919e-01
5.620287830800131390e-01
2.040262210288452671e-01
8.414660994318817755e-02
2.664058171588430945e-01
4.924718101435370810e-01
1.518321558081847933e-01
2.467156402699576256e-01
4.897807414154480288e-01
7.105522992626348566e-01
4.541591456077015421e-01
5.499677024522360291e-01
6.324509463970658940e-01
6.108176214431185747e-01
2.697143458083811063e-01
2.299560204439984323e-01
4.847444934350474410e-01
2.101023795683836237e-01
1.352235050885282619e-01
1.470871762686202233e-01
4.085185700805914477e-01
5.361799567579221826e-01
9.536434167100375781e-02
4.286031106391646195e-01
5.007350254590595684e-01
7.178944728116813945e-01
2.391453725574403943e-01
5.118178934010153558e-01
8.178432743473595945e-01
5.767801371785207243e-01
5.666534798178541887e-01
1.652820351874835225e-01
5.651857246904588017e-01
2.517207297844807345e-01
2.061355696942896998e-01
1.541594695330714693e-01
4.173929544497396171e-01
4.757192047653757139e-01
1.483031367612725471e-01
4.756049492514309862e-01
4.796771088948958428e-01
7.914140206193021054e-01
3.562093130783762773e-01
3.259280997798973400e-01
7.576504230648699600e-01
6.631297774120282762e-01
3.036724619966002514e-01
1.470734177089151329e-01
4.871936028538246810e-01
2.685089477791227086e-01
2.487877066762367861e-01
1.139974246346567299e-01
2.900111046759108469e-01
5.511617806333853897e-01
1.164685071269569716e-01
2.682873092306891638e-01
4.310381043196555018e-01
7.686740528967028752e-01
3.968242471213062061e-01
5.312123683205828284e-01
6.667187079833519769e-01
5.868477670841985017e-01
3.692147617590723629e-01
1.447338926498391298e-01
5.535911918779619079e-01
1.663324687117584411e-01
1.665873225437848881e-01
1.269994666704634401e-01
3.332146132627785140e-01
5.109130234062558840e-02
1.415139228713746811e-01
6.028562738688772460e-02
3.678189467691460046e-01
6.635582522835878905e-01
6.496725287779027136e-01
3.070762243136874181e-01
2.262573202280126761e-01
2.850477067990260238e-01
3.971244899530371741e-01
1.168976121777745986e-01
4.517323036581850637e-01
1.989175948988334830e-01
6.954830725713781470e-02
1.348288032345010268e-01
2.923234499652030416e-01
5.202092126829136465e-01
8.018661421707622139e-02
2.566948775824640649e-01
4.833999755944593524e-01
4.083725102425444509e-01
4.988066825775655522e-01
5.969872179995260320e-01
4.541072134106425850e-01
7.397968585225064286e-01
5.851977361338160932e-01
2.509232287126927363e-01
6.272113966328972667e-01
1.652765275897119523e-01
2.768139247332302988e-01
3.648746277676197525e-01
8.238320243395824694e-01
5.061147645557322328e-01
2.807730270834438713e-01
4.005154820966786988e-01
4.170156216098938051e-01
4.241660804377942462e-01
2.117511427531248713e-01
6.898459848683046181e-01
4.274213973136777311e-01
5.564937221846854021e-01
3.802714834824929002e-01
1.442859122858032306e-01
7.404076564588112364e-01
3.325526932084309495e-01
2.499840979269912222e-01
6.711956735101667904e-02
1.681365725523746302e-01
1.965361569983280765e-01
1.728472279373440001e-01
4.330109128141451658e-01
4.275485850664848542e-01
9.244624193188096806e-01
3.336270383996423616e-01
1.627028997555599044e-01
1.868605576215056074e-01
3.896413848681152259e-01
2.797723292469351808e-01
8.819960609178120747e-02
4.364558472553698998e-01
1.795851331596885481e-01
8.786140647715826035e-02
