4.576946026896172581e-01
4.352901689360814119e-01
7.154225428243978779e-01
4.541155738420969978e-01
3.638386928947283105e-01
1.856088316507911173e-01
3.429548357094529543e-01
3.758722881287350770e-01
6.565396997785859501e-01
4.057604870753916404e-01
3.270169076629357852e-01
5.574757111536449150e-01
3.779830850347841720e-01
4.898174381653751519e-01
4.411117690918332501e-01
3.425343880191327184e-01
5.188465774772523798e-01
1.909208120217873450e-01
5.004842636355473218e-01
1.883027333331545594e-01
2.755252251017530907e-01
7.245935137826695072e-02
7.651636508799143643e-02
2.510093524812183619e-01
2.104736364461492204e-01
1.144448507499521150e-01
1.536166532561744624e-01
2.948787032712483769e-01
4.745193428465166452e-01
2.217534976213665909e-01
2.474327151175947648e-01
3.284098951269587285e-01
6.703024848351751830e-01
3.312352685534310504e-01
3.666327777005947697e-01
4.059898733622182565e-01
4.506433451082949015e-01
1.143865831618169765e-01
1.486296769914951521e-01
4.995348013301537660e-01
3.397815755049501396e-01
1.999850260957896919e-01
1.451642782671176413e-01
2.881746096881059871e-01
3.685847602123200617e-01
2.831113130410368717e-01
2.296571475010080743e-01
4.325246944388694836e-01
4.459766287200774282e-01
3.493924847359545782e-01
4.361347137095175630e-01
3.770681225544533777e-01
5.331091800926103241e-01
2.326986398382115684e-01
2.144574537925059421e-01
3.790446801254162001e-01
4.863163258706056924e-01
3.585216843895135397e-01
4.338685794197625900e-01
3.308326897291331004e-01
3.109166820080672688e-01
3.244429396432769730e-01
6.293293498694964017e-01
2.851709438053793844e-01
4.273345189027971114e-01
4.196375657950454641e-01
7.403998948667791513e-01
4.050943622842375080e-01
3.476215191661240489e-01
2.803169752379419122e-01
3.330560392799474800e-01
4.742153296388384454e-01
7.288326356421922503e-01
4.860558037358207462e-01
2.876841586486275082e-01
3.775075668998452150e-01
4.148253710178523290e-01
2.847307465648558633e-01
6.478436689260095305e-01
2.363116664401407607e-01
3.892618355000114772e-01
3.733659948673379025e-01
9.446710221401871665e-02
1.195975265189875431e-01
2.047364824500541025e-01
1.415787626128017784e-01
4.766214784595473875e-01
3.851687764281617743e-01
4.846133773909394593e-01
3.034935822633318403e-01
3.939124754367074877e-01
1.583722368878451026e-01
2.424480651646809815e-01
3.582682951820894135e-01
3.681727098061449155e-01
6.237510080835804160e-01
6.770440725610005206e-01
2.919280356989896186e-01
4.357589248446936958e-01
5.185555625046400774e-01
5.694106786502174389e-01
3.451415999552766567e-01
5.197701410404869105e-01
5.115740973367568500e-01
3.245443042439757342e-01
1.630118656766263718e-01
2.031922069761824545e-01
4.677565982196663086e-01
6.325456655268764106e-01
2.559717813556610100e-01
2.628783092557123724e-01
3.125335892581718178e-01
4.849408282026796413e-01
4.373142802109686311e-01
4.173202453823807168e-01
3.977054091373676825e-01
4.576946026896172581e-01
4.352901689360814119e-01
7.154225428243978779e-01
4.541155738420969978e-01
3.638386928947283105e-01
1.856088316507911173e-01
3.429548357094529543e-01
3.758722881287350770e-01
6.565396997785859501e-01
4.057604870753916404e-01
3.270169076629357852e-01
5.574757111536449150e-01
3.779830850347841720e-01
4.898174381653751519e-01
4.411117690918332501e-01
3.425343880191327184e-01
5.188465774772523798e-01
1.909208120217873450e-01
5.004842636355473218e-01
1.883027333331545594e-01
2.755252251017530907e-01
7.245935137826695072e-02
7.651636508799143643e-02
2.510093524812183619e-01
2.104736364461492204e-01
1.144448507499521150e-01
1.536166532561744624e-01
2.948787032712483769e-01
4.745193428465166452e-01
2.217534976213665909e-01
2.474327151175947648e-01
3.284098951269587285e-01
6.703024848351751830e-01
3.312352685534310504e-01
3.666327777005947697e-01
4.059898733622182565e-01
4.506433451082949015e-01
1.143865831618169765e-01
1.486296769914951521e-01
4.995348013301537660e-01
3.397815755049501396e-01
1.999850260957896919e-01
1.451642782671176413e-01
2.881746096881059871e-01
3.685847602123200617e-01
2.831113130410368717e-01
2.296571475010080743e-01
4.325246944388694836e-01
4.459766287200774282e-01
3.493924847359545782e-01
4.361347137095175630e-01
3.770681225544533777e-01
5.331091800926103241e-01
2.326986398382115684e-01
2.144574537925059421e-01
3.790446801254162001e-01
4.863163258706056924e-01
3.585216843895135397e-01
4.338685794197625900e-01
3.308326897291331004e-01
3.109166820080672688e-01
3.244429396432769730e-01
6.293293498694964017e-01
2.851709438053793844e-01
5.693961726898091325e-01
3.451415999552766567e-01
5.197701410404869105e-01
5.115740973367568500e-01
3.245443042439757342e-01
1.630118656766263718e-01
2.031922069761824545e-01
4.677547309403050635e-01
6.325347019183742425e-01
2.559717813556610100e-01
2.628783092557123724e-01
3.125335892581718178e-01
4.849408282026796413e-01
4.373142802109686311e-01
4.173202453823807168e-01
3.977054091373676825e-01
5.523152736788256023e-01
4.060855760542054216e-01
6.997415328656262368e-01
4.732585395582952770e-01
4.734912658890629289e-01
1.263492746170662151e-01
2.637173272150002967e-01
2.956232114031928093e-01
6.632903469769640958e-01
2.478865823175110394e-01
2.776051442622428644e-01
4.191736076841718894e-01
4.916812758956213281e-01
2.372597048803347652e-01
4.397927538364835298e-01
4.140505800684602389e-01
5.570393985571767681e-01
4.045983301395434384e-01
5.565159190626678409e-01
4.648430516190941164e-01
4.360511070682430157e-01
1.120240711045133869e-01
2.324458005427209040e-01
4.147003488104669122e-01
7.008304891935714931e-01
1.991995258265180091e-01
3.127311698406263218e-01
3.395332237538807862e-01
5.326097425686587838e-01
4.307411168212427199e-01
3.800820733838736754e-01
3.333334676902277582e-01
5.536127066665579299e-01
5.121867872667028587e-01
5.892643335264378113e-01
5.082845244935925155e-01
3.666510943325171357e-01
1.820341799755870738e-01
2.263768651971174162e-01
2.042770815113998939e-01
7.993001916979159960e-01
2.496628006455938187e-01
3.086001014026080180e-01
4.654920130101114495e-01
5.553889853886324612e-01
3.249945056822635681e-01
3.485790704454482802e-01
4.121679950751271915e-01
5.399182747335200538e-01
4.364689766445172814e-01
6.962341539562704185e-01
5.205273413439112096e-01
3.962290914237989736e-01
1.657486971359937999e-01
2.665581128885168294e-01
2.318625061167199353e-01
6.508966729940910412e-01
2.458532720781414216e-01
2.739150539934330220e-01
4.851099264949920720e-01
5.351395950638631049e-01
4.348357352625208949e-01
3.392359937281358429e-01
3.828933772236560173e-01
5.372179440147664131e-01
3.907139196594734409e-01
6.024891631498782152e-01
5.448743535984560404e-01
3.858727319596047534e-01
1.317181060674026960e-01
2.347710997094531460e-01
3.420807613979139350e-01
6.421424867392447888e-01
2.330828878150022487e-01
3.256255258399704533e-01
3.315244568428413197e-01
5.109246826531356200e-01
3.327747872396297768e-01
3.127197451111962678e-01
3.655055432466819965e-01
4.576946026896172581e-01
4.352901689360813564e-01
7.154225428243979890e-01
4.541155738420969978e-01
3.638386928947283661e-01
1.856088316507911729e-01
3.429548357094529543e-01
3.758722881287351880e-01
6.565396997785860611e-01
4.057604870753915849e-01
3.270169076629357852e-01
5.574757111536448040e-01
3.779830850347841720e-01
4.898174381653751519e-01
4.411117690918333056e-01
3.425343880191327184e-01
5.188465774772524908e-01
1.909208120217873450e-01
5.004842636355473218e-01
1.883027333331545594e-01
2.755252251017531462e-01
7.245935137826695072e-02
7.651636508799142256e-02
2.510093524812183619e-01
2.104736364461492482e-01
1.144448507499521150e-01
1.536166532561744624e-01
2.948787032712483769e-01
4.745193428465165342e-01
2.217534976213665077e-01
2.474327151175948203e-01
3.284098951269587285e-01
6.703024848351751830e-01
3.312352685534310504e-01
3.666327777005947697e-01
4.059898733622182565e-01
4.506433451082950126e-01
1.143865831618170043e-01
1.486296769914951521e-01
4.995348013301537660e-01
3.397815755049500841e-01
1.999850260957896919e-01
1.451642782671176413e-01
2.881746096881059871e-01
3.685847602123200617e-01
2.831113130410368717e-01
2.296571475010081020e-01
4.325246944388695947e-01
4.459766287200773727e-01
3.493924847359545227e-01
4.361347137095175630e-01
3.770681225544533222e-01
5.331091800926103241e-01
2.326986398382115684e-01
2.144574537925059421e-01
3.790446801254161446e-01
4.863163258706056924e-01
3.585216843895135952e-01
4.338685794197625345e-01
3.308326897291331004e-01
3.109166820080673799e-01
3.244429396432769175e-01
6.293293498694964017e-01
2.851709438053793289e-01
