5.966380998199196650e-01
5.270275341916863532e-01
6.036096997653077612e-01
5.295368035193835921e-01
3.778847584466303311e-01
1.577395057528991340e-01
3.172910219622446792e-01
3.382199406587423907e-01
4.374796768370837197e-01
3.027660922809802813e-01
2.888575493509287218e-01
4.800866343888765542e-01
3.952273744832923708e-01
4.441409217829006550e-01
5.784904774652396275e-01
4.407477743614476862e-01
5.404764943729047921e-01
2.026992690629578486e-01
3.765262380303405210e-01
2.990159382440850666e-01
2.772040043996196745e-01
7.732207616753247748e-02
1.083158412498989726e-01
2.019250999368819577e-01
2.236661031880193551e-01
9.217837881707777181e-02
1.980423607568429500e-01
2.885978178664209137e-01
3.058558098284605009e-01
1.720023914450900249e-01
1.641052295128129501e-01
3.182123755908016216e-01
7.955164496778146521e-01
1.963732771638281860e-01
2.718525154412688161e-01
4.216101081969061415e-01
4.250022830795326390e-01
1.106083214127164122e-01
1.399527480312234562e-01
3.524603597934202748e-01
4.158493641983075362e-01
1.579058838285134769e-01
1.632338821357100789e-01
2.307714188390069254e-01
2.986095212364773266e-01
1.954735795259698039e-01
2.146635238958111147e-01
4.824253463484043380e-01
4.020004919477526695e-01
3.111698327885609738e-01
3.404352420002002555e-01
3.933133580485162484e-01
6.050205443943915684e-01
2.869766463286345659e-01
2.272709434276701246e-01
2.795013501969299541e-01
5.083742376242520455e-01
3.914425238353615444e-01
3.640692305136922213e-01
3.331707272043832324e-01
3.323712893373224619e-01
5.057529455081001268e-01
6.182751344445600594e-01
3.915508111888237885e-01
5.685397423542005724e-01
5.072277582775246429e-01
6.520877735675334463e-01
4.952453710038483004e-01
3.586671270750947382e-01
2.257406511411409467e-01
3.156160292259604927e-01
4.059251941054457524e-01
4.904992647709041087e-01
3.342114624841583947e-01
2.400183561637437291e-01
3.942326347591255664e-01
4.042086050368479677e-01
4.090814330120167153e-01
6.556563902606988847e-01
2.325344696126641908e-01
2.575316679152452881e-01
3.168654645155067895e-01
1.059953756135066927e-01
1.613257963641143711e-01
2.179987426451222010e-01
1.244549164479475944e-01
3.260153087060273513e-01
2.901973933040828957e-01
6.863650882459072511e-01
1.809238599526493685e-01
3.991348855140667284e-01
1.332245670876229249e-01
3.191395343309331722e-01
3.032242883491742536e-01
3.615516043444784167e-01
6.890962393738164771e-01
7.089913840615589269e-01
2.713641466511959033e-01
3.796482205498703522e-01
5.634983396776640507e-01
6.606910613532523957e-01
3.170772824930140898e-01
3.663110883703826204e-01
5.943044885365855734e-01
3.442327318335890451e-01
1.692144867327745605e-01
2.111087824541321434e-01
3.402131475562764074e-01
5.850265625251993562e-01
2.084544249050203635e-01
2.567185093746797708e-01
2.616625707822368141e-01
4.437496854244597499e-01
4.457208415209876762e-01
4.103695642676249977e-01
4.937896471273754417e-01
5.966380998199196650e-01
5.270275341916863532e-01
6.036096997653077612e-01
5.295368035193835921e-01
3.778847584466303311e-01
1.577395057528991340e-01
3.172910219622446792e-01
3.382199406587423907e-01
4.374796768370837197e-01
3.027660922809802813e-01
2.888575493509287218e-01
4.800866343888765542e-01
3.952273744832923708e-01
4.441409217829006550e-01
5.784904774652396275e-01
4.407477743614476862e-01
5.404764943729047921e-01
2.026992690629578486e-01
3.765262380303405210e-01
2.990159382440850666e-01
2.772040043996196745e-01
7.732207616753247748e-02
1.083158412498989726e-01
2.019250999368819577e-01
2.236661031880193551e-01
9.217837881707777181e-02
1.980423607568429500e-01
2.885978178664209137e-01
3.058558098284605009e-01
1.720023914450900249e-01
1.641052295128129501e-01
3.182123755908016216e-01
7.955164496778146521e-01
1.963732771638281860e-01
2.718525154412688161e-01
4.216101081969061415e-01
4.250022830795326390e-01
1.106083214127164122e-01
1.399527480312234562e-01
3.524603597934202748e-01
4.158493641983075362e-01
1.579058838285134769e-01
1.632338821357100789e-01
2.307714188390069254e-01
2.986095212364773266e-01
1.954735795259698039e-01
2.146635238958111147e-01
4.824253463484043380e-01
4.020004919477526695e-01
3.111698327885609738e-01
3.404352420002002555e-01
3.933133580485162484e-01
6.050205443943915684e-01
2.869766463286345659e-01
2.272709434276701246e-01
2.795013501969299541e-01
5.083742376242520455e-01
3.914425238353615444e-01
3.640692305136922213e-01
3.331707272043832324e-01
3.323712893373224619e-01
5.057529455081001268e-01
6.182751344445600594e-01
3.915508111888237885e-01
6.606742299892870429e-01
3.170772824930140898e-01
3.663110883703826204e-01
5.943044885365855734e-01
3.442327318335890451e-01
1.692144867327745605e-01
2.111087824541321434e-01
3.402108328138703230e-01
5.850141811055764585e-01
2.084544249050203635e-01
2.567185093746797708e-01
2.616625707822368141e-01
4.437496854244597499e-01
4.457208415209876762e-01
4.103695642676249977e-01
4.937896471273754417e-01
5.904685437537773307e-01
3.717311274873691951e-01
6.614767324083439259e-01
5.322866411930194941e-01
4.257201906328415553e-01
1.095076255735478177e-01
2.406053187558660211e-01
3.155259470213340744e-01
7.248390116570674335e-01
1.749551146969667292e-01
2.392505199678702787e-01
3.642029393357684164e-01
5.071427752104117337e-01
3.539604367982890354e-01
3.606997458970245818e-01
4.614280728864226799e-01
6.000632965182548517e-01
3.723508671833463679e-01
5.585059528767821746e-01
5.032247183327731577e-01
3.975031673813473887e-01
1.123033932543845009e-01
1.801605770234721571e-01
4.455657859039202640e-01
6.609997343602087572e-01
1.702388283209069764e-01
2.835371107481003961e-01
2.778826391429182752e-01
5.993800739762160656e-01
4.129190136929135058e-01
3.026874883633010604e-01
4.004719589264397195e-01
6.092031888483898650e-01
4.333776431021435505e-01
5.895160792160880625e-01
5.512275251437015466e-01
3.579457566046974626e-01
1.709752510284400506e-01
1.726496459110967441e-01
2.333818436258681128e-01
7.493440619406993575e-01
2.420608905693175661e-01
2.561201669659065594e-01
3.959424490462408741e-01
5.873859634730272949e-01
3.379380652629729309e-01
3.309122320762845626e-01
4.725475338927145330e-01
5.818229153330186643e-01
4.364253063703165680e-01
6.345199185449343915e-01
5.686442339903096110e-01
3.667238974176463828e-01
1.524308054377610522e-01
2.195160660183378964e-01
2.599930381890503406e-01
6.617213805865747034e-01
1.901004212477789557e-01
2.366854736378549706e-01
4.364359968482114382e-01
5.659451890294768805e-01
4.715943426900209290e-01
3.264479706413332405e-01
4.307640199584760743e-01
5.735557072882290219e-01
3.874106086942582516e-01
5.913041764709318082e-01
5.799728103686291325e-01
3.738416668659356179e-01
1.169327273142820867e-01
2.099115524699427526e-01
3.404770730328327555e-01
6.156631465408989312e-01
1.993375346285493066e-01
2.622699579281655979e-01
3.204348665596479795e-01
5.578672418709670344e-01
3.359464019084165698e-01
2.769547391855498031e-01
4.270987372050805142e-01
5.966380998199195540e-01
5.270275341916863532e-01
6.036096997653079832e-01
5.295368035193835921e-01
3.778847584466303866e-01
1.577395057528991340e-01
3.172910219622447348e-01
3.382199406587424462e-01
4.374796768370837752e-01
3.027660922809802813e-01
2.888575493509286662e-01
4.800866343888764987e-01
3.952273744832923708e-01
4.441409217829007661e-01
5.784904774652397386e-01
4.407477743614477417e-01
5.404764943729049032e-01
2.026992690629578209e-01
3.765262380303405765e-01
2.990159382440850666e-01
2.772040043996197300e-01
7.732207616753247748e-02
1.083158412498989587e-01
2.019250999368819299e-01
2.236661031880193828e-01
9.217837881707775793e-02
1.980423607568429500e-01
2.885978178664209137e-01
3.058558098284605009e-01
1.720023914450899694e-01
1.641052295128129779e-01
3.182123755908016216e-01
7.955164496778147631e-01
1.963732771638281305e-01
2.718525154412688716e-01
4.216101081969061415e-01
4.250022830795327500e-01
1.106083214127164260e-01
1.399527480312234562e-01
3.524603597934202193e-01
4.158493641983075362e-01
1.579058838285134769e-01
1.632338821357100511e-01
2.307714188390069809e-01
2.986095212364772711e-01
1.954735795259698039e-01
2.146635238958111425e-01
4.824253463484043380e-01
4.020004919477526695e-01
3.111698327885608628e-01
3.404352420002003110e-01
3.933133580485163039e-01
6.050205443943915684e-01
2.869766463286345659e-01
2.272709434276700968e-01
2.795013501969298986e-01
5.083742376242521566e-01
3.914425238353615999e-01
3.640692305136922213e-01
3.331707272043832324e-01
3.323712893373225730e-01
5.057529455081001268e-01
6.182751344445601704e-01
3.915508111888237330e-01
