3.416887646447473448e-01
4.261444655290309580e-01
5.513373746125257435e-01
4.890217707623785715e-01
3.253471888596204953e-01
4.014010586587296592e-01
1.683238654118289213e-01
5.865867749747247784e-01
3.273276021146940273e-01
2.653652091481076836e-01
2.286137952251106054e-01
7.068754191489404759e-01
4.981375168110881990e-01
5.505600597507199767e-01
5.022906240513655973e-01
4.294714349548816590e-01
4.388164282908678104e-01
2.649642660771566738e-01
3.715199356097360073e-01
4.218840976186586933e-01
3.669425069770024250e-01
1.229543367126841452e-01
5.612070267973327115e-02
3.881024535149985022e-01
9.909637691101647050e-02
5.481575415953052893e-02
6.552505871907968182e-02
2.350001072143536041e-01
5.375008889863606143e-01
1.942707103192575502e-01
2.628737461309492152e-01
4.849154549460233943e-01
4.200875607033525139e-01
1.355290647794885617e-01
1.696332793057144794e-01
3.649938503483650121e-01
3.336947358432878485e-01
1.094233258307819451e-01
6.235855873032875724e-02
4.255780792640280752e-01
9.214322200207651636e-02
1.157134250020624283e-01
7.975448771469542675e-02
3.150204942093624561e-01
6.169943257886246757e-01
2.031791521043797566e-01
3.007644283064242474e-01
4.536085089297327566e-01
6.133379283273407978e-01
6.400763432455881530e-01
5.351271034038703744e-01
4.915782640823602168e-01
7.568127537327858922e-01
2.196591599073158818e-01
1.326840843029343797e-01
4.218646306639503019e-01
4.960808971167401937e-01
4.238027505809114359e-01
3.243312617776566986e-01
4.967491449967199602e-01
4.602510182161023145e-01
4.583464368078982720e-01
6.022720363188788228e-01
3.124386149430463111e-01
3.767027799569843682e-01
4.264989063012589177e-01
7.594063327871019009e-01
4.697492831794881640e-01
4.321278310795719779e-01
4.335421951584563227e-01
2.062592194349266439e-01
6.817537805783235871e-01
5.119206254518944288e-01
3.538904011587568066e-01
3.084814473707592763e-01
4.947285861814625374e-01
4.166650572825008059e-01
4.469038636842884715e-01
5.839558522981064259e-01
3.757576857621763855e-01
3.293192268044986548e-01
3.533727839537045279e-01
8.789850151940728495e-02
6.402395899267152024e-02
1.049702458989263260e-01
6.326518568255672104e-02
5.675314473409963645e-01
2.339056287811253909e-01
4.140889839216265189e-01
1.503488913059848886e-01
3.630847260858498515e-01
1.095360780053090399e-01
8.712314994594927420e-02
6.272116042292337212e-01
5.254100391893262723e-01
7.698234134003423268e-01
6.378904092582087237e-01
3.071550911699000297e-01
2.734960948522536794e-01
6.930005892637483011e-01
4.839361475619718966e-01
4.040674578659037564e-01
3.532121914700859788e-01
6.382076346693266178e-01
3.728399973727067884e-01
2.261976426057434875e-01
1.078238145860520858e-01
5.678661775103894804e-01
2.957873339079236108e-01
1.704484616157900811e-01
1.488806140830561398e-01
4.287410290553934078e-01
6.969416395910693618e-01
4.729467972212567650e-01
4.620977182205526224e-01
4.857059493209309742e-01
3.416887646447473448e-01
4.261444655290309580e-01
5.513373746125257435e-01
4.890217707623785715e-01
3.253471888596204953e-01
4.014010586587296592e-01
1.683238654118289213e-01
5.865867749747247784e-01
3.273276021146940273e-01
2.653652091481076836e-01
2.286137952251106054e-01
7.068754191489404759e-01
4.981375168110881990e-01
5.505600597507199767e-01
5.022906240513655973e-01
4.294714349548816590e-01
4.388164282908678104e-01
2.649642660771566738e-01
3.715199356097360073e-01
4.218840976186586933e-01
3.669425069770024250e-01
1.229543367126841452e-01
5.612070267973327115e-02
3.881024535149985022e-01
9.909637691101647050e-02
5.481575415953052893e-02
6.552505871907968182e-02
2.350001072143536041e-01
5.375008889863606143e-01
1.942707103192575502e-01
2.628737461309492152e-01
4.849154549460233943e-01
4.200875607033525139e-01
1.355290647794885617e-01
1.696332793057144794e-01
3.649938503483650121e-01
3.336947358432878485e-01
1.094233258307819451e-01
6.235855873032875724e-02
4.255780792640280752e-01
9.214322200207651636e-02
1.157134250020624283e-01
7.975448771469542675e-02
3.150204942093624561e-01
6.169943257886246757e-01
2.031791521043797566e-01
3.007644283064242474e-01
4.536085089297327566e-01
6.133379283273407978e-01
6.400763432455881530e-01
5.351271034038703744e-01
4.915782640823602168e-01
7.568127537327858922e-01
2.196591599073158818e-01
1.326840843029343797e-01
4.218646306639503019e-01
4.960808971167401937e-01
4.238027505809114359e-01
3.243312617776566986e-01
4.967491449967199602e-01
4.602510182161023145e-01
4.583464368078982720e-01
6.022720363188788228e-01
3.124386149430463111e-01
4.839238190987732446e-01
4.040674578659037564e-01
3.532121914700859788e-01
6.382076346693266178e-01
3.728399973727067884e-01
2.261976426057434875e-01
1.078238145860520858e-01
5.678646614473150667e-01
2.957663225569905907e-01
1.704484616157900811e-01
1.488806140830561398e-01
4.287410290553934078e-01
6.969416395910693618e-01
4.729467972212567650e-01
4.620977182205526224e-01
4.857059493209309742e-01
4.432489117499085474e-01
4.513963966145443929e-01
4.815722559318328932e-01
5.967921991186565522e-01
4.053815637251299564e-01
1.284532679475834105e-01
1.904693340345128549e-01
4.894510876213233330e-01
4.668444917685977691e-01
1.439081783229869960e-01
1.580975137716530976e-01
3.889873007706213803e-01
6.723261664400194126e-01
4.473598541134660156e-01
3.435124113800288592e-01
5.197526279587708631e-01
4.953758009002576790e-01
3.381831630238495978e-01
3.696453514090525805e-01
5.935280375404173858e-01
3.815512523410978796e-01
1.423946705953061387e-01
1.670851999960351608e-01
5.907433195467584053e-01
4.453792425333192861e-01
1.521823199773745250e-01
1.868102553717402581e-01
2.879633103522598048e-01
6.805286971649681105e-01
6.230333874961652141e-01
3.168419104398001451e-01
4.973681152856103127e-01
4.747074924375589977e-01
4.453008937103178910e-01
3.724764355093650448e-01
6.553930953581086349e-01
4.135364037132464587e-01
1.768942727117246150e-01
1.437286547963468053e-01
3.571486250047997135e-01
5.107281980875794103e-01
2.293329555388663454e-01
1.520030365808878181e-01
4.122868902504662758e-01
6.746201665574671491e-01
5.174467096354760098e-01
3.545576521706908513e-01
5.494955992435788250e-01
4.627774438490643849e-01
4.975867718298499498e-01
3.886791943667488591e-01
6.467831826984782317e-01
3.858021391986914961e-01
1.702479056940412738e-01
2.126778735712054891e-01
3.620565395105319051e-01
4.509917648220397313e-01
1.639514486719109709e-01
1.490069263010548317e-01
4.428155954302825936e-01
6.495075753053992651e-01
6.050350457353408373e-01
3.341379486125648501e-01
5.407669260100327335e-01
4.906114637428786729e-01
3.558041275391768954e-01
3.658942720418636441e-01
6.475141713529375398e-01
3.705475563318416099e-01
1.481884162018918261e-01
1.761116256425697690e-01
4.618282692058494621e-01
3.864274076079032838e-01
1.815006308100299837e-01
1.690511783423245262e-01
3.138713223805502106e-01
6.047399386211683714e-01
5.090248772767089758e-01
3.036561316592197857e-01
5.510611886143895743e-01
3.416887646447472893e-01
4.261444655290310135e-01
5.513373746125259656e-01
4.890217707623786270e-01
3.253471888596205508e-01
4.014010586587296592e-01
1.683238654118289490e-01
5.865867749747247784e-01
3.273276021146940273e-01
2.653652091481077946e-01
2.286137952251105776e-01
7.068754191489404759e-01
4.981375168110881990e-01
5.505600597507200877e-01
5.022906240513655973e-01
4.294714349548817145e-01
4.388164282908678104e-01
2.649642660771566738e-01
3.715199356097360628e-01
4.218840976186586933e-01
3.669425069770024805e-01
1.229543367126841452e-01
5.612070267973327115e-02
3.881024535149985022e-01
9.909637691101647050e-02
5.481575415953052199e-02
6.552505871907968182e-02
2.350001072143535763e-01
5.375008889863605033e-01
1.942707103192574947e-01
2.628737461309492152e-01
4.849154549460233943e-01
4.200875607033525139e-01
1.355290647794885339e-01
1.696332793057144794e-01
3.649938503483650676e-01
3.336947358432879041e-01
1.094233258307819590e-01
6.235855873032876417e-02
4.255780792640280752e-01
9.214322200207650249e-02
1.157134250020624422e-01
7.975448771469542675e-02
3.150204942093625116e-01
6.169943257886245647e-01
2.031791521043797566e-01
3.007644283064242474e-01
4.536085089297328676e-01
6.133379283273407978e-01
6.400763432455880420e-01
5.351271034038704855e-01
4.915782640823602723e-01
7.568127537327857812e-01
2.196591599073158541e-01
1.326840843029343797e-01
4.218646306639502463e-01
4.960808971167401937e-01
4.238027505809114359e-01
3.243312617776566986e-01
4.967491449967200157e-01
4.602510182161023700e-01
4.583464368078982720e-01
6.022720363188789339e-01
3.124386149430463111e-01
