1.339815713577048317e-01
3.937285770039303801e-01
2.943067454161061303e-01
2.352855211592074780e-01
2.465534256643152067e-01
4.892990051202046331e-01
3.567934870017787641e-01
4.570178054197061579e-01
3.047749965653394066e-01
4.861733833670254801e-01
2.973307588603615881e-01
5.388009740547913262e-01
1.868232597842214016e-01
3.734677513353313882e-01
4.457360789083091301e-01
2.027484004287679054e-01
3.287432634152008259e-01
4.117396561987282100e-01
8.273837508374426442e-01
4.036676157723295133e-01
6.179592181328498190e-01
2.118570782454836376e-01
2.253422267245668575e-01
4.486548848315090599e-01
2.246921551086361879e-01
1.707334137179339073e-01
2.835553038955494487e-01
4.477704138190462535e-01
1.913525148250273256e-01
3.206968113934144382e-01
6.492704152013986096e-01
2.836844333845895405e-01
4.258657755332054817e-01
3.662603446491017323e-01
3.499243716084327049e-01
2.062361365716007811e-01
6.496731806585287483e-01
3.512404774166998367e-01
1.917177366966837104e-01
5.980903232953181936e-01
2.622026204129488947e-01
3.672119205825248311e-01
1.847838781900430771e-01
4.106665071358551744e-01
3.668650049591287710e-01
4.307251099578909836e-01
3.604773448077718823e-01
4.314544571348409296e-01
1.865166587053932734e-01
3.279644676806396375e-01
2.467147674421674153e-01
1.990815004058633375e-01
7.162584983419616469e-01
3.906736385743175832e-01
2.691838205712912546e-01
3.545024368092692391e-01
4.425028065046238135e-01
6.811597498059341893e-01
5.583996407251661243e-01
3.823737933494182895e-01
1.534316900053475929e-01
4.975390734862791264e-01
4.162321440390842620e-01
1.179073518259503989e-01
1.450430201859748136e-01
3.928428249635404490e-01
4.023174967675743896e-01
2.237795098666460203e-01
3.027219855264493553e-01
5.505914405155463154e-01
4.133332651687964265e-01
5.072260047624219670e-01
4.454530962299780850e-01
5.949855918678275124e-01
3.791441732700652767e-01
1.931940299997700616e-01
2.423409632364189048e-01
4.115691539893094886e-01
4.194774760732109531e-01
5.720045091335688170e-01
8.741285405961629618e-01
7.413619866493613708e-01
1.862172204034587830e-01
2.771958160437121288e-01
2.379357694545354562e-01
1.957587498549425153e-01
2.080120963195894734e-01
4.338764290023678361e-01
4.440631008825162152e-01
4.006636285267355935e-01
7.256549787943818997e-01
3.884187090975296242e-01
2.872087449571685269e-01
3.471944317340703856e-01
1.667248655614922415e-01
6.929859126345514486e-01
3.805023923377366946e-01
5.336919745701468321e-01
5.560666827159350678e-01
4.182826653320340093e-01
2.319749446948905225e-01
4.483326065733352350e-01
4.027880007920863203e-01
3.284958333791415108e-01
5.421775029747022412e-01
4.189404287493443402e-01
2.948681055315341970e-01
5.946497832479388235e-01
4.205199555825510083e-01
4.479808343767813228e-01
3.569629191339599439e-01
4.378952439421771037e-01
2.532921315247859684e-01
5.663938620243635924e-01
5.700316207860582907e-01
2.505896059732123926e-01
1.339815713577048317e-01
3.937285770039303801e-01
2.943067454161061303e-01
2.352855211592074780e-01
2.465534256643152067e-01
4.892990051202046331e-01
3.567934870017787641e-01
4.570178054197061579e-01
3.047749965653394066e-01
4.861733833670254801e-01
2.973307588603615881e-01
5.388009740547913262e-01
1.868232597842214016e-01
3.734677513353313882e-01
4.457360789083091301e-01
2.027484004287679054e-01
3.287432634152008259e-01
4.117396561987282100e-01
8.273837508374426442e-01
4.036676157723295133e-01
6.179592181328498190e-01
2.118570782454836376e-01
2.253422267245668575e-01
4.486548848315090599e-01
2.246921551086361879e-01
1.707334137179339073e-01
2.835553038955494487e-01
4.477704138190462535e-01
1.913525148250273256e-01
3.206968113934144382e-01
6.492704152013986096e-01
2.836844333845895405e-01
4.258657755332054817e-01
3.662603446491017323e-01
3.499243716084327049e-01
2.062361365716007811e-01
6.496731806585287483e-01
3.512404774166998367e-01
1.917177366966837104e-01
5.980903232953181936e-01
2.622026204129488947e-01
3.672119205825248311e-01
1.847838781900430771e-01
4.106665071358551744e-01
3.668650049591287710e-01
4.307251099578909836e-01
3.604773448077718823e-01
4.314544571348409296e-01
1.865166587053932734e-01
3.279644676806396375e-01
2.467147674421674153e-01
1.990815004058633375e-01
7.162584983419616469e-01
3.906736385743175832e-01
2.691838205712912546e-01
3.545024368092692391e-01
4.425028065046238135e-01
6.811597498059341893e-01
5.583996407251661243e-01
3.823737933494182895e-01
1.534316900053475929e-01
4.975390734862791264e-01
4.162321440390842620e-01
1.179073518259503989e-01
2.319690350421747538e-01
4.483326065733352350e-01
4.027880007920863203e-01
3.284958333791415108e-01
5.421775029747022412e-01
4.189404287493443402e-01
2.948681055315341970e-01
5.946483611502834110e-01
4.205026658359188318e-01
4.479808343767813228e-01
3.569629191339599439e-01
4.378952439421771037e-01
2.532921315247859684e-01
5.663938620243635924e-01
5.700316207860582907e-01
2.505896059732123926e-01
2.099240781477182960e-01
5.061058094900874327e-01
4.443200349859883214e-01
3.215114386798466617e-01
4.223278449354314623e-01
2.697601820745693102e-01
6.106010104397708860e-01
4.729044383632988180e-01
5.795120268122696539e-01
4.607856920722917526e-01
3.569905283753242453e-01
4.110248794472874945e-01
3.429649964678940233e-01
5.282101368031119071e-01
3.538275859832008541e-01
2.592398536296771083e-01
2.397086861946602088e-01
4.355484571078694356e-01
4.091118792217386946e-01
2.432211331029072998e-01
4.566994519692765264e-01
3.226038893765061921e-01
4.591013179070632111e-01
6.140269667586317759e-01
5.375579093692641752e-01
4.012664580763083966e-01
4.141980828565963169e-01
3.635476499387143012e-01
2.851086928912731633e-01
6.753394294063849168e-01
3.951063605272912005e-01
2.473673947684673635e-01
2.594307423512907662e-01
5.185361643975510137e-01
3.823125846680114348e-01
3.085479013786569524e-01
4.525628575958428601e-01
3.853680383230667084e-01
4.635711437110263122e-01
3.554964553503968672e-01
6.589203306069989496e-01
5.162287626573884847e-01
4.011371660897197766e-01
4.784375297309176878e-01
2.770211921224908780e-01
6.541683759686200972e-01
3.790354182750014789e-01
3.071948375815185539e-01
2.269416131949287818e-01
5.168717385629864047e-01
5.102948093459991341e-01
3.141522224537133257e-01
4.470524780146212795e-01
3.828886181328928773e-01
5.050647373372334492e-01
4.571950074807314413e-01
5.233057008088828344e-01
4.581428064730933558e-01
3.869733441626038162e-01
4.602311325755085170e-01
3.031742777546954648e-01
6.678648361938839262e-01
4.030002199872462221e-01
2.729803544666447035e-01
2.379205540211984105e-01
4.245219177007003575e-01
4.552584928360113858e-01
2.886467686273634925e-01
4.246986808832639571e-01
3.193377844946425625e-01
4.713244925234664207e-01
5.008440921340517882e-01
4.445882858818727135e-01
4.874448882866980193e-01
3.968852284399355668e-01
3.778934641974102671e-01
2.736903386706673880e-01
5.324157936619864362e-01
3.504339520837285171e-01
2.765708790219305602e-01
1.339815713577048317e-01
3.937285770039303245e-01
2.943067454161061303e-01
2.352855211592075058e-01
2.465534256643151789e-01
4.892990051202046331e-01
3.567934870017788751e-01
4.570178054197062689e-01
3.047749965653394622e-01
4.861733833670255356e-01
2.973307588603616436e-01
5.388009740547913262e-01
1.868232597842214016e-01
3.734677513353313882e-01
4.457360789083090746e-01
2.027484004287679054e-01
3.287432634152008815e-01
4.117396561987282100e-01
8.273837508374426442e-01
4.036676157723295133e-01
6.179592181328497080e-01
2.118570782454836376e-01
2.253422267245668298e-01
4.486548848315090043e-01
2.246921551086361879e-01
1.707334137179339073e-01
2.835553038955495042e-01
4.477704138190461980e-01
1.913525148250272978e-01
3.206968113934143827e-01
6.492704152013987207e-01
2.836844333845895405e-01
4.258657755332054817e-01
3.662603446491016213e-01
3.499243716084327049e-01
2.062361365716008088e-01
6.496731806585287483e-01
3.512404774166998922e-01
1.917177366966837104e-01
5.980903232953181936e-01
2.622026204129488947e-01
3.672119205825248867e-01
1.847838781900430771e-01
4.106665071358552854e-01
3.668650049591287154e-01
4.307251099578909836e-01
3.604773448077719378e-01
4.314544571348410407e-01
1.865166587053932734e-01
3.279644676806395820e-01
2.467147674421674708e-01
1.990815004058633375e-01
7.162584983419617579e-01
3.906736385743175832e-01
2.691838205712912546e-01
3.545024368092691835e-01
4.425028065046239245e-01
6.811597498059341893e-01
5.583996407251661243e-01
3.823737933494182895e-01
1.534316900053475929e-01
4.975390734862791264e-01
4.162321440390843175e-01
1.179073518259503850e-01
