2.612845360518319393e-01
3.808155718435315418e-01
5.056157114705253086e-01
3.380591022132293788e-01
4.116982198361118783e-01
3.768449066498671951e-01
1.968399553409217739e-01
4.152192054623291551e-01
4.997276404070710165e-01
1.629167947678805684e-01
7.539695274877887821e-01
5.339238134696134841e-01
3.984592720643593822e-01
4.820698215411581833e-01
7.184710548923899376e-01
2.516847461425958943e-01
3.279961138149378175e-01
3.433986008346834318e-01
5.975049529564765427e-01
3.927974694981278825e-01
4.119466609485328279e-01
3.762462217642500995e-01
1.010347489736962701e-01
5.614867341858035266e-01
1.375488105160838914e-01
9.137479959550247333e-02
1.309554904142175291e-01
2.000743478356315774e-01
3.141807496366925689e-01
3.152267914256813852e-01
2.887193994899519001e-01
2.554362997149950409e-01
6.463434591985304234e-01
3.054231002979188592e-01
5.352382038989258461e-01
5.196361450824649175e-01
3.176108863260520554e-01
1.727253576788219946e-01
1.089129956434552321e-01
2.412725399579728203e-01
7.344703543930855005e-01
2.078369081111976213e-01
4.926036066677685898e-01
3.579391455380177001e-01
2.742323216632699401e-01
2.420625860031995757e-01
3.682420205043833716e-01
3.191588856439459554e-01
2.999730343525529030e-01
3.705790309426648665e-01
3.135679397062705043e-01
3.217689940888837641e-01
7.487227091395716183e-01
4.482745413458960604e-01
1.335228382263292934e-01
2.320890192787285478e-01
6.417606531980861728e-01
2.986763006964541223e-01
5.185185185185186008e-01
2.993210666933901476e-01
2.175480941874312069e-01
3.712273545520701767e-01
3.883147636228794775e-01
1.466409532593607179e-01
2.345923968452699460e-01
3.175186559538683562e-01
5.280307794289178513e-01
2.996944162794222266e-01
3.589632874977443100e-01
4.457577247802607112e-01
2.057725059440288218e-01
4.812982235248680074e-01
5.026493063259247496e-01
1.803739322142325907e-01
6.908900133190591930e-01
3.586023175609760472e-01
4.804174693638307847e-01
5.247594736130841708e-01
4.046406855574067318e-01
5.157296419800855292e-01
4.742971441721253179e-01
5.489853567163334169e-01
4.247133483068488147e-01
1.242585083708588889e-01
1.267569430929096352e-01
1.080158739328954121e-01
3.161338674500774326e-01
5.571344724805568083e-01
5.006271274991114240e-01
2.673306189043018199e-01
2.724967455927121973e-01
1.968665821626733037e-01
6.022961313286847584e-01
3.185537751626705827e-01
2.520993694804409824e-01
9.064830268786348011e-01
5.773436442459058959e-01
3.747611409399345117e-01
5.441766979016973149e-01
4.189625666571207829e-01
3.741112762444596118e-01
3.966826012575497828e-01
5.123199963699038850e-01
5.329200354325049904e-01
4.217910171628719285e-01
3.876377650986812529e-01
1.480673851024401633e-01
4.377610901261598242e-01
7.652424834013928923e-01
1.701247441067734179e-01
5.067009999343242699e-01
2.848635871091075855e-01
3.792024340505939506e-01
4.804280690729058056e-01
4.854210274758148924e-01
2.563140863711150241e-01
2.612845360518319393e-01
3.808155718435315418e-01
5.056157114705253086e-01
3.380591022132293788e-01
4.116982198361118783e-01
3.768449066498671951e-01
1.968399553409217739e-01
4.152192054623291551e-01
4.997276404070710165e-01
1.629167947678805684e-01
7.539695274877887821e-01
5.339238134696134841e-01
3.984592720643593822e-01
4.820698215411581833e-01
7.184710548923899376e-01
2.516847461425958943e-01
3.279961138149378175e-01
3.433986008346834318e-01
5.975049529564765427e-01
3.927974694981278825e-01
4.119466609485328279e-01
3.762462217642500995e-01
1.010347489736962701e-01
5.614867341858035266e-01
1.375488105160838914e-01
9.137479959550247333e-02
1.309554904142175291e-01
2.000743478356315774e-01
3.141807496366925689e-01
3.152267914256813852e-01
2.887193994899519001e-01
2.554362997149950409e-01
6.463434591985304234e-01
3.054231002979188592e-01
5.352382038989258461e-01
5.196361450824649175e-01
3.176108863260520554e-01
1.727253576788219946e-01
1.089129956434552321e-01
2.412725399579728203e-01
7.344703543930855005e-01
2.078369081111976213e-01
4.926036066677685898e-01
3.579391455380177001e-01
2.742323216632699401e-01
2.420625860031995757e-01
3.682420205043833716e-01
3.191588856439459554e-01
2.999730343525529030e-01
3.705790309426648665e-01
3.135679397062705043e-01
3.217689940888837641e-01
7.487227091395716183e-01
4.482745413458960604e-01
1.335228382263292934e-01
2.320890192787285478e-01
6.417606531980861728e-01
2.986763006964541223e-01
5.185185185185186008e-01
2.993210666933901476e-01
2.175480941874312069e-01
3.712273545520701767e-01
3.883147636228794775e-01
1.466409532593607179e-01
3.741017456129400731e-01
3.966826012575497828e-01
5.123199963699038850e-01
5.329200354325049904e-01
4.217910171628719285e-01
3.876377650986812529e-01
1.480673851024401633e-01
4.377591176130032347e-01
7.652354790221720382e-01
1.701247441067734179e-01
5.067009999343242699e-01
2.848635871091075855e-01
3.792024340505939506e-01
4.804280690729058056e-01
4.854210274758148924e-01
2.563140863711150241e-01
4.257899516403295115e-01
3.526970088341613851e-01
8.441438993649719169e-01
3.812142886875605208e-01
2.896003714517134120e-01
2.678620071928403679e-01
3.052208809750192042e-01
4.182189473500390053e-01
7.468311799243972926e-01
2.602576670136755865e-01
5.099200913244904543e-01
3.559108035021391059e-01
4.843437780210042010e-01
3.416857654444285242e-01
2.476427129115749137e-01
2.714249386290739086e-01
4.612680403176069310e-01
4.371126658007162269e-01
5.459715776303408763e-01
3.423766518989546093e-01
4.072834037158615805e-01
2.080126346386221847e-01
3.392827636055785190e-01
3.904406695265819627e-01
6.426318750290631598e-01
2.846407590096362017e-01
4.430590641789691198e-01
3.716393419767370365e-01
4.588700802042519067e-01
3.539401589276555127e-01
3.442062248358188636e-01
2.490005241838283978e-01
4.285022365633887609e-01
4.834902791727430094e-01
5.390545922327529826e-01
4.798690517935010336e-01
3.837201356978335309e-01
2.489752109539662972e-01
3.602855417004441341e-01
1.916573292849033106e-01
8.828121491036790003e-01
4.114629815267131230e-01
3.960813069386159846e-01
3.947631556387923846e-01
4.386452619940824915e-01
3.608750346736807058e-01
3.941760542693432678e-01
2.874189547121707156e-01
4.326168005430149899e-01
5.060437306246727829e-01
6.781537768830467883e-01
4.092430210755632625e-01
5.116808712392773018e-01
2.568689959290637592e-01
3.227714801373846587e-01
2.189943501732508069e-01
6.657856712508891661e-01
3.425075742087624331e-01
3.886755115126299676e-01
4.890578696797781566e-01
3.736495864793059618e-01
3.720100218929934255e-01
4.612520977860873339e-01
3.041582690549618495e-01
4.433899058992799569e-01
3.992151200873601535e-01
6.114061278341397232e-01
4.235950011755195144e-01
4.644395195742076488e-01
1.903600461613871864e-01
3.282183060570481037e-01
3.343473732661131348e-01
6.713232208451104244e-01
3.532236548849478353e-01
4.134984454021120026e-01
3.442513393395068566e-01
3.406968831835806011e-01
3.571554992731225675e-01
3.837419083495419159e-01
2.757045328615445601e-01
2.612845360518319393e-01
3.808155718435315973e-01
5.056157114705255307e-01
3.380591022132293788e-01
4.116982198361118783e-01
3.768449066498671951e-01
1.968399553409218294e-01
4.152192054623291551e-01
4.997276404070709610e-01
1.629167947678805961e-01
7.539695274877887821e-01
5.339238134696134841e-01
3.984592720643593822e-01
4.820698215411581833e-01
7.184710548923900486e-01
2.516847461425958943e-01
3.279961138149378730e-01
3.433986008346834873e-01
5.975049529564766537e-01
3.927974694981278825e-01
4.119466609485328279e-01
3.762462217642500995e-01
1.010347489736962701e-01
5.614867341858034155e-01
1.375488105160838914e-01
9.137479959550247333e-02
1.309554904142175291e-01
2.000743478356315774e-01
3.141807496366925134e-01
3.152267914256813297e-01
2.887193994899519556e-01
2.554362997149950409e-01
6.463434591985304234e-01
3.054231002979188037e-01
5.352382038989258461e-01
5.196361450824648065e-01
3.176108863260520554e-01
1.727253576788220224e-01
1.089129956434552321e-01
2.412725399579727925e-01
7.344703543930855005e-01
2.078369081111976213e-01
4.926036066677684788e-01
3.579391455380177556e-01
2.742323216632698846e-01
2.420625860031995757e-01
3.682420205043834271e-01
3.191588856439460109e-01
2.999730343525529030e-01
3.705790309426648110e-01
3.135679397062705598e-01
3.217689940888837641e-01
7.487227091395715073e-01
4.482745413458960604e-01
1.335228382263292934e-01
2.320890192787285478e-01
6.417606531980861728e-01
2.986763006964541223e-01
5.185185185185186008e-01
2.993210666933901476e-01
2.175480941874312346e-01
3.712273545520701767e-01
3.883147636228795885e-01
1.466409532593606901e-01
