6.940796939337937066e-02
3.816659489030027608e-01
5.463571701749776466e-01
9.421315477598812826e-02
2.764638345907839967e-01
5.721483026584924803e-01
5.123193825829776005e-01
3.556014594214950697e-01
3.010963289397191045e-01
4.121909529406069805e-01
5.092810278883800335e-01
3.963124839180809933e-01
6.487758376972568852e-02
4.025426708201075288e-01
3.858644932277990325e-01
6.961071789686551492e-02
4.366441086285030027e-01
3.975451132140530586e-01
4.982432791140080641e-01
2.981276168045593478e-01
5.294834728121451395e-01
2.933722192632632897e-01
3.125014891164051289e-01
6.037844864942943923e-01
3.965420549835722008e-01
2.834011172376903476e-01
3.642349722921124355e-01
6.163095287216326934e-01
2.548044405990609884e-01
4.352260559032125609e-01
5.202974281895728081e-01
2.378328928607946202e-01
3.891260919075485991e-01
6.070282176044495825e-01
4.779043315988663609e-01
2.576450589016256454e-01
5.482017984917800790e-01
3.588143441492784302e-01
3.193800201858782439e-01
5.771378382546999974e-01
4.210404639051069653e-01
4.690009854183783689e-01
3.081550510806125298e-01
4.394749223296948726e-01
2.794130619042357044e-01
4.687103906419105015e-01
4.455626055225750393e-01
2.554473663329660527e-01
1.317438439492419622e-01
3.156789784579848712e-01
9.408197345490643126e-02
9.107794939739433104e-02
5.262569148579384626e-01
5.320850787230969603e-01
4.221202798379326548e-01
2.605279343873290188e-01
4.411707429611435582e-01
4.868671667411291204e-01
5.783994064580516570e-01
2.245455040471455999e-01
6.206186403649526645e-02
4.127433013144590768e-01
2.065545807327262839e-01
3.057635325077185523e-02
5.746331254958689932e-02
2.799285500368480228e-01
5.417331013869077783e-01
8.310901856845617774e-02
2.178060825867397521e-01
6.213523191044618699e-01
5.808743738757338182e-01
3.638893226196125430e-01
3.736859230873254001e-01
5.359955765830486385e-01
5.798513442267869689e-01
7.849426124647103375e-02
2.863493862803526135e-01
3.241737793580286020e-01
3.789056269461281712e-01
6.426924661155292151e-01
5.940216542183566206e-01
6.894867111280107430e-01
2.898745417879009523e-01
3.717073897700090557e-01
4.042368107550620704e-01
3.255313334952635307e-01
1.612788485728212651e-01
5.908863683814826739e-01
3.636853833884647891e-01
5.574874569172927341e-01
5.373335392436424662e-01
4.483324133544069889e-01
4.635317209172592490e-01
2.952384247108522097e-01
9.097268538370288649e-02
5.756864237541845508e-01
3.328643612020927844e-01
6.124082153756175151e-01
6.798031239145927440e-01
2.564140080196099514e-01
2.028600036975098664e-01
5.377415062873256435e-01
4.076848688805952969e-01
1.974967234894552393e-01
4.250808880571559367e-01
5.029698217514374514e-01
4.462952693909293389e-01
5.794591768797523468e-01
6.102144798294879546e-01
4.808196348661857855e-01
4.902225251813060458e-01
3.908494191194818446e-01
1.455033157284545409e-01
6.034953801948425012e-01
4.555857270237413936e-01
1.153583141971805670e-01
6.940796939337937066e-02
3.816659489030027608e-01
5.463571701749776466e-01
9.421315477598812826e-02
2.764638345907839967e-01
5.721483026584924803e-01
5.123193825829776005e-01
3.556014594214950697e-01
3.010963289397191045e-01
4.121909529406069805e-01
5.092810278883800335e-01
3.963124839180809933e-01
6.487758376972568852e-02
4.025426708201075288e-01
3.858644932277990325e-01
6.961071789686551492e-02
4.366441086285030027e-01
3.975451132140530586e-01
4.982432791140080641e-01
2.981276168045593478e-01
5.294834728121451395e-01
2.933722192632632897e-01
3.125014891164051289e-01
6.037844864942943923e-01
3.965420549835722008e-01
2.834011172376903476e-01
3.642349722921124355e-01
6.163095287216326934e-01
2.548044405990609884e-01
4.352260559032125609e-01
5.202974281895728081e-01
2.378328928607946202e-01
3.891260919075485991e-01
6.070282176044495825e-01
4.779043315988663609e-01
2.576450589016256454e-01
5.482017984917800790e-01
3.588143441492784302e-01
3.193800201858782439e-01
5.771378382546999974e-01
4.210404639051069653e-01
4.690009854183783689e-01
3.081550510806125298e-01
4.394749223296948726e-01
2.794130619042357044e-01
4.687103906419105015e-01
4.455626055225750393e-01
2.554473663329660527e-01
1.317438439492419622e-01
3.156789784579848712e-01
9.408197345490643126e-02
9.107794939739433104e-02
5.262569148579384626e-01
5.320850787230969603e-01
4.221202798379326548e-01
2.605279343873290188e-01
4.411707429611435582e-01
4.868671667411291204e-01
5.783994064580516570e-01
2.245455040471455999e-01
6.206186403649526645e-02
4.127433013144590768e-01
2.065545807327262839e-01
3.057635325077185523e-02
2.028548357593372709e-01
5.377415062873256435e-01
4.076848688805952969e-01
1.974967234894552393e-01
4.250808880571559367e-01
5.029698217514374514e-01
4.462952693909293389e-01
5.794577014886118649e-01
6.102028499330840461e-01
4.808196348661857855e-01
4.902225251813060458e-01
3.908494191194818446e-01
1.455033157284545409e-01
6.034953801948425012e-01
4.555857270237413936e-01
1.153583141971805670e-01
1.430645467299233864e-01
5.132164630676689931e-01
7.642229660581123518e-01
1.503004741587942727e-01
6.166538872491742485e-01
3.648519258268605459e-01
5.663208534099276603e-01
5.142334423607131111e-01
5.505586418072566657e-01
5.745723764085799434e-01
5.518616656030729262e-01
3.710044044465743429e-01
2.407949966864866842e-01
4.596139678986193022e-01
2.912305404319636137e-01
1.103530402036404928e-01
2.194329702645294866e-01
3.584021184608766064e-01
4.856238166022571190e-01
1.666245267475600367e-01
4.917568170534036831e-01
3.751103023414047999e-01
5.770706623379596723e-01
6.128922937890239897e-01
4.674232112824809882e-01
6.825321329525495528e-01
5.182865997527172919e-01
2.015033133469146809e-01
2.069477167166383080e-01
4.449862949675167378e-01
3.699036946868942133e-01
1.019403831993867388e-01
1.755206284681380402e-01
6.685125368722687478e-01
4.349624633266750973e-01
2.036500752207182630e-01
5.361475560491375525e-01
4.233759137325132649e-01
6.090950304118962766e-01
2.976677198221797660e-01
7.703418379053003084e-01
6.949590152131535081e-01
4.944022072869002637e-01
4.048535267779586055e-01
1.700738674897937508e-01
5.241093065997626255e-01
3.697926052384177820e-01
1.579309387926268182e-01
1.726875792711255464e-01
5.929791557092491949e-01
6.249458956449731595e-01
1.813860660661034685e-01
5.774601707776534365e-01
4.684823004242680278e-01
6.207231194887037340e-01
3.500927873818270863e-01
4.871357103100996122e-01
6.305470174294856012e-01
5.062185555645333235e-01
4.250904629532614720e-01
2.073550067828752730e-01
4.300799343875112979e-01
3.691080627216258847e-01
1.683755288832536889e-01
2.327818801509966840e-01
4.313925812149840278e-01
4.229584846732195036e-01
1.958492590257227828e-01
3.616953309160937935e-01
3.552344750094049153e-01
7.613172959688349062e-01
3.733295822779466033e-01
4.904734289396267544e-01
6.848953656466106876e-01
4.661483203228787842e-01
3.419204047694811011e-01
1.865876870780982799e-01
4.560862290553504006e-01
2.232074649371833530e-01
1.352478594345866147e-01
6.940796939337937066e-02
3.816659489030027608e-01
5.463571701749777576e-01
9.421315477598812826e-02
2.764638345907840522e-01
5.721483026584924803e-01
5.123193825829777115e-01
3.556014594214951252e-01
3.010963289397190490e-01
4.121909529406069250e-01
5.092810278883799224e-01
3.963124839180809933e-01
6.487758376972568852e-02
4.025426708201075288e-01
3.858644932277990880e-01
6.961071789686551492e-02
4.366441086285030027e-01
3.975451132140530586e-01
4.982432791140080641e-01
2.981276168045593478e-01
5.294834728121451395e-01
2.933722192632633452e-01
3.125014891164051289e-01
6.037844864942942813e-01
3.965420549835722008e-01
2.834011172376903476e-01
3.642349722921124355e-01
6.163095287216326934e-01
2.548044405990609329e-01
4.352260559032124498e-01
5.202974281895729192e-01
2.378328928607946202e-01
3.891260919075485991e-01
6.070282176044494715e-01
4.779043315988663609e-01
2.576450589016257009e-01
5.482017984917799680e-01
3.588143441492785413e-01
3.193800201858782439e-01
5.771378382546998864e-01
4.210404639051069653e-01
4.690009854183784244e-01
3.081550510806125298e-01
4.394749223296948726e-01
2.794130619042356489e-01
4.687103906419106125e-01
4.455626055225750393e-01
2.554473663329661082e-01
1.317438439492419899e-01
3.156789784579848157e-01
9.408197345490644514e-02
9.107794939739433104e-02
5.262569148579384626e-01
5.320850787230968493e-01
4.221202798379326548e-01
2.605279343873289633e-01
4.411707429611435582e-01
4.868671667411291759e-01
5.783994064580516570e-01
2.245455040471455999e-01
6.206186403649526645e-02
4.127433013144590768e-01
2.065545807327262839e-01
3.057635325077185176e-02
