1.931435645691904346e-01
3.641603938572887111e-01
5.257436418231022923e-01
1.597660276370153620e-01
2.749465140232555949e-01
4.812205977611446750e-01
4.607569695060901860e-01
2.103465536207745346e-01
3.672775700168929847e-01
4.914948501383936130e-01
4.327297532316143891e-01
3.499107862921375656e-01
1.415894246239715604e-01
3.656438820021791214e-01
5.638912569870346836e-01
1.279635210931189260e-01
3.566061061533794541e-01
3.223146214303435619e-01
6.261553669268115074e-01
3.202753626241554574e-01
4.282930781266509612e-01
2.487746687117209643e-01
3.486541349660852163e-01
3.947796054611364402e-01
3.549423283939376339e-01
2.758195781201197572e-01
4.578325875826800284e-01
4.545331319050169294e-01
2.227357150176394740e-01
3.091121375802712290e-01
5.236479525073101104e-01
1.671584297147075959e-01
6.045200298217681123e-01
4.788175411795434488e-01
4.318028132805719621e-01
3.455122145982912341e-01
6.870129233314269390e-01
3.394838212634822550e-01
3.390340722393170858e-01
6.335286941457120014e-01
5.348029012195655296e-01
4.724338279683275021e-01
2.600944881337828862e-01
3.142749691297468395e-01
2.389993233441070064e-01
3.705527822974880037e-01
3.157195728769944254e-01
3.080308313021409838e-01
9.598727374052544448e-02
3.057239777686578952e-01
1.011229866198139482e-01
1.572524947300469045e-01
4.440951084649036318e-01
4.136477483692054258e-01
3.225438871852305267e-01
2.463631137110077196e-01
4.622217955940138845e-01
6.033784753023009317e-01
5.123984159859326093e-01
2.781685240661870284e-01
6.475056809527610091e-02
3.602484849466895955e-01
3.222814114101741345e-01
1.099309923077625706e-01
1.743006964963966232e-01
3.003786398093892251e-01
4.658315710458070247e-01
1.465331422718963161e-01
2.524965088144953684e-01
4.833332977719224099e-01
4.751265574523634849e-01
2.556568078571773706e-01
4.132120309891332832e-01
6.192934089032668954e-01
4.239799002259008742e-01
1.497297298762329532e-01
3.234609219373276168e-01
4.150059295646537638e-01
3.885105257413762336e-01
4.441714819501392242e-01
6.675670806155119541e-01
5.565615166164351590e-01
2.428624756955203856e-01
4.399780276218626107e-01
3.350764785117396061e-01
3.313418602625953224e-01
1.464758384921965861e-01
4.827657364933715112e-01
4.664756649393295707e-01
4.331957272964941930e-01
6.988360016299006716e-01
4.388659675556105810e-01
4.631595793105820480e-01
2.691987082587575242e-01
7.715416720631272651e-02
5.459842157773184823e-01
3.981735733288510048e-01
5.426503558762338919e-01
6.808293233757054530e-01
2.721892788576947830e-01
2.812674409337977410e-01
4.305082836374459210e-01
4.224592988822494233e-01
2.942989975521566604e-01
4.055135879715846547e-01
4.301918624676531744e-01
4.308937092379628853e-01
4.747690778376938425e-01
6.730431239867946669e-01
5.263137535320447924e-01
4.717000151348536008e-01
2.888404714835742237e-01
1.599471902601290463e-01
4.804397326738130136e-01
4.957734491873985738e-01
1.687835647029985175e-01
1.931435645691904346e-01
3.641603938572887111e-01
5.257436418231022923e-01
1.597660276370153620e-01
2.749465140232555949e-01
4.812205977611446750e-01
4.607569695060901860e-01
2.103465536207745346e-01
3.672775700168929847e-01
4.914948501383936130e-01
4.327297532316143891e-01
3.499107862921375656e-01
1.415894246239715604e-01
3.656438820021791214e-01
5.638912569870346836e-01
1.279635210931189260e-01
3.566061061533794541e-01
3.223146214303435619e-01
6.261553669268115074e-01
3.202753626241554574e-01
4.282930781266509612e-01
2.487746687117209643e-01
3.486541349660852163e-01
3.947796054611364402e-01
3.549423283939376339e-01
2.758195781201197572e-01
4.578325875826800284e-01
4.545331319050169294e-01
2.227357150176394740e-01
3.091121375802712290e-01
5.236479525073101104e-01
1.671584297147075959e-01
6.045200298217681123e-01
4.788175411795434488e-01
4.318028132805719621e-01
3.455122145982912341e-01
6.870129233314269390e-01
3.394838212634822550e-01
3.390340722393170858e-01
6.335286941457120014e-01
5.348029012195655296e-01
4.724338279683275021e-01
2.600944881337828862e-01
3.142749691297468395e-01
2.389993233441070064e-01
3.705527822974880037e-01
3.157195728769944254e-01
3.080308313021409838e-01
9.598727374052544448e-02
3.057239777686578952e-01
1.011229866198139482e-01
1.572524947300469045e-01
4.440951084649036318e-01
4.136477483692054258e-01
3.225438871852305267e-01
2.463631137110077196e-01
4.622217955940138845e-01
6.033784753023009317e-01
5.123984159859326093e-01
2.781685240661870284e-01
6.475056809527610091e-02
3.602484849466895955e-01
3.222814114101741345e-01
1.099309923077625706e-01
2.812602755354037254e-01
4.305082836374459210e-01
4.224592988822494233e-01
2.942989975521566604e-01
4.055135879715846547e-01
4.301918624676531744e-01
4.308937092379628853e-01
4.747672351603444696e-01
6.730333686870215715e-01
5.263137535320447924e-01
4.717000151348536008e-01
2.888404714835742237e-01
1.599471902601290463e-01
4.804397326738130136e-01
4.957734491873985738e-01
1.687835647029985175e-01
2.494259861757733288e-01
4.898413894366958066e-01
7.639117340973684556e-01
1.727761121418456836e-01
4.583429593947872527e-01
2.993785438406364463e-01
6.562631851997414723e-01
3.689418498909709521e-01
7.736384383618867266e-01
5.124512681143307269e-01
4.784591632830708652e-01
4.054584361547494131e-01
2.194778813614511881e-01
4.251185330959277309e-01
2.499660653394241150e-01
1.904905138814383392e-01
2.985057659715736333e-01
3.566476187400512976e-01
5.094082917319002757e-01
2.059657892620579689e-01
4.328685035276069737e-01
3.748362316495868485e-01
4.985131755139663445e-01
4.450495641112893752e-01
6.283353030706058107e-01
4.980031413529092399e-01
5.780925387701071338e-01
2.597863985203195392e-01
2.191316432340712494e-01
4.302944963250053823e-01
3.511922218534161422e-01
1.329204789999087755e-01
2.221254253235570020e-01
7.133003040155704300e-01
4.445965865995369359e-01
2.627802525640980935e-01
5.105666452192332283e-01
3.850817268742173782e-01
5.385128540398476105e-01
2.207475863416250572e-01
8.653548045431934677e-01
5.271154205330628173e-01
5.759321490862786552e-01
4.354973794739918080e-01
2.268750377223972547e-01
4.823839212423151612e-01
3.516038295546915493e-01
1.660790996527302110e-01
2.307725356917697535e-01
5.896216578888893167e-01
7.134399567522209384e-01
2.082448090679385744e-01
5.467143592529908336e-01
3.925904200809604561e-01
5.396430097948250459e-01
3.400579174076797107e-01
6.004799095892192629e-01
5.330952499350229967e-01
5.302661874816956278e-01
4.550391948149309362e-01
2.404171032214474368e-01
4.493714282841351770e-01
3.632941470617985225e-01
1.643128909708809759e-01
2.900161887968087937e-01
3.860455825593074319e-01
5.739622857523668520e-01
2.276121338913238701e-01
3.741182524697156953e-01
3.408061415058331045e-01
5.663791721505254673e-01
3.943369368676181153e-01
5.770094263872230789e-01
5.809567535382759162e-01
5.410939226501579880e-01
3.044358757205005150e-01
2.178607969014965950e-01
3.705405237932237195e-01
2.821166423941903201e-01
1.445769966991495292e-01
1.931435645691904068e-01
3.641603938572886556e-01
5.257436418231022923e-01
1.597660276370153898e-01
2.749465140232556504e-01
4.812205977611446750e-01
4.607569695060902415e-01
2.103465536207745346e-01
3.672775700168929847e-01
4.914948501383936685e-01
4.327297532316143336e-01
3.499107862921375656e-01
1.415894246239715881e-01
3.656438820021791214e-01
5.638912569870346836e-01
1.279635210931189260e-01
3.566061061533795651e-01
3.223146214303435619e-01
6.261553669268115074e-01
3.202753626241554574e-01
4.282930781266509612e-01
2.487746687117209643e-01
3.486541349660851608e-01
3.947796054611363847e-01
3.549423283939376339e-01
2.758195781201197017e-01
4.578325875826800839e-01
4.545331319050168739e-01
2.227357150176394185e-01
3.091121375802711735e-01
5.236479525073103325e-01
1.671584297147075959e-01
6.045200298217682233e-01
4.788175411795434488e-01
4.318028132805719621e-01
3.455122145982912896e-01
6.870129233314268280e-01
3.394838212634823105e-01
3.390340722393170303e-01
6.335286941457120014e-01
5.348029012195655296e-01
4.724338279683275021e-01
2.600944881337828307e-01
3.142749691297468950e-01
2.389993233441069509e-01
3.705527822974880037e-01
3.157195728769944254e-01
3.080308313021410394e-01
9.598727374052545835e-02
3.057239777686578397e-01
1.011229866198139343e-01
1.572524947300469045e-01
4.440951084649036318e-01
4.136477483692053703e-01
3.225438871852304712e-01
2.463631137110077196e-01
4.622217955940138845e-01
6.033784753023009317e-01
5.123984159859326093e-01
2.781685240661870839e-01
6.475056809527610091e-02
3.602484849466895955e-01
3.222814114101741345e-01
1.099309923077625706e-01
