1.133158902684286151e-01
3.931784508676301471e-01
2.193651675756914665e-01
1.934728387393119808e-01
2.929894252105182395e-01
4.854902317439706572e-01
5.865585956239989240e-01
3.811358285619165231e-01
3.008513767158025320e-01
2.787691777845862640e-01
1.961302376508161083e-01
4.889586284028790142e-01
1.833704566639582645e-01
5.136623383205113358e-01
2.252588019867613756e-01
1.638947723268519840e-01
2.806065564754554043e-01
4.753782718702548316e-01
5.962413606812074773e-01
2.020631099433509714e-01
4.756217083902799514e-01
3.130519161886838875e-01
3.722083180537976710e-01
3.973773950590024917e-01
4.587176201405671061e-01
3.518927481032549931e-01
5.065186303445171623e-01
6.583722568701571021e-01
2.617057251478231983e-01
4.938204505055034943e-01
3.340198088369424889e-01
2.290866533734692845e-01
4.668401515764110110e-01
5.018599184286423043e-01
2.968854932741717412e-01
3.273158685979930538e-01
4.094965316532850896e-01
3.200724400106161882e-01
3.260230833084118984e-01
4.951951204603602386e-01
3.564746084424728068e-01
3.936710352177084649e-01
2.458237588567279419e-01
3.466353339310470627e-01
3.394400212298133157e-01
6.235774001267309075e-01
3.429848230314442303e-01
3.044346701511042586e-01
9.197274997969236143e-02
3.513532803303818786e-01
2.566135216474899616e-01
2.005530980002013242e-01
5.720180179022339439e-01
5.486371776943647083e-01
6.319461892664471891e-01
3.461790340532854282e-01
2.693873081664853730e-01
3.442110742351567332e-01
4.097722644863294184e-01
3.198641145550902842e-01
8.364940038590558402e-02
5.159496822943500094e-01
2.685735087983320279e-01
9.754187497618718727e-02
1.214085600079707339e-01
3.164874635040249573e-01
3.017334200101522979e-01
1.824216461957555713e-01
2.924560016825129560e-01
5.068940478800896265e-01
6.426509383819473120e-01
4.349248977997411392e-01
4.363825361103740308e-01
4.035002530791788611e-01
2.957352992869931030e-01
1.923005032365577294e-01
3.775509618168965131e-01
1.981364390072799797e-01
3.134205848556067542e-01
6.142798366782105113e-01
5.077959446483495398e-01
5.081884031340264674e-01
2.689306427233558172e-01
4.785144284218688093e-01
5.357890416307896642e-01
3.678820238948419807e-01
2.543793232122587566e-01
5.028418903888446367e-01
4.826525024222872995e-01
5.787130376388855968e-01
3.590627190422703841e-01
3.845581923342197839e-01
4.345357335126674991e-01
3.438260619373580407e-01
8.623340125035143522e-02
4.366542710804682259e-01
3.233344087665901978e-01
6.207345239676057558e-01
5.936585479089163675e-01
3.373361245497722982e-01
1.914673177591134368e-01
5.500152220751830523e-01
2.773859145489856459e-01
2.875617009291295267e-01
3.749256898180585162e-01
4.767194661517180632e-01
5.427821756861721525e-01
5.103543071167222500e-01
5.330407754064994119e-01
4.161084666262936937e-01
3.969942589471313066e-01
4.420653052480129630e-01
2.240346982522751218e-01
7.624255385060721979e-01
3.074509998119863696e-01
1.902145672093190631e-01
1.133158902684286151e-01
3.931784508676301471e-01
2.193651675756914665e-01
1.934728387393119808e-01
2.929894252105182395e-01
4.854902317439706572e-01
5.865585956239989240e-01
3.811358285619165231e-01
3.008513767158025320e-01
2.787691777845862640e-01
1.961302376508161083e-01
4.889586284028790142e-01
1.833704566639582645e-01
5.136623383205113358e-01
2.252588019867613756e-01
1.638947723268519840e-01
2.806065564754554043e-01
4.753782718702548316e-01
5.962413606812074773e-01
2.020631099433509714e-01
4.756217083902799514e-01
3.130519161886838875e-01
3.722083180537976710e-01
3.973773950590024917e-01
4.587176201405671061e-01
3.518927481032549931e-01
5.065186303445171623e-01
6.583722568701571021e-01
2.617057251478231983e-01
4.938204505055034943e-01
3.340198088369424889e-01
2.290866533734692845e-01
4.668401515764110110e-01
5.018599184286423043e-01
2.968854932741717412e-01
3.273158685979930538e-01
4.094965316532850896e-01
3.200724400106161882e-01
3.260230833084118984e-01
4.951951204603602386e-01
3.564746084424728068e-01
3.936710352177084649e-01
2.458237588567279419e-01
3.466353339310470627e-01
3.394400212298133157e-01
6.235774001267309075e-01
3.429848230314442303e-01
3.044346701511042586e-01
9.197274997969236143e-02
3.513532803303818786e-01
2.566135216474899616e-01
2.005530980002013242e-01
5.720180179022339439e-01
5.486371776943647083e-01
6.319461892664471891e-01
3.461790340532854282e-01
2.693873081664853730e-01
3.442110742351567332e-01
4.097722644863294184e-01
3.198641145550902842e-01
8.364940038590558402e-02
5.159496822943500094e-01
2.685735087983320279e-01
9.754187497618718727e-02
1.914624400540842486e-01
5.500152220751830523e-01
2.773859145489856459e-01
2.875617009291295267e-01
3.749256898180585162e-01
4.767194661517180632e-01
5.427821756861721525e-01
5.103525892836903166e-01
5.330268429048394818e-01
4.161084666262936937e-01
3.969942589471313066e-01
4.420653052480129630e-01
2.240346982522751218e-01
7.624255385060721979e-01
3.074509998119863696e-01
1.902145672093190631e-01
2.072266066395306305e-01
4.644950230851376261e-01
3.743982573698949046e-01
2.616275954194112741e-01
5.368892876522417534e-01
4.324424304105707328e-01
6.180727967387926736e-01
4.149359070205111411e-01
5.254410091134095184e-01
5.369163654931033980e-01
4.250728042902178205e-01
3.533714778609364782e-01
1.919119628226713670e-01
4.735083299660068912e-01
4.396773757529343074e-01
2.306286178370463014e-01
2.045995681097516339e-01
3.962945825528101929e-01
3.706631344298745856e-01
2.031813901114546128e-01
4.905390476693058943e-01
4.260820170928502626e-01
5.452462719640813749e-01
5.552141477028768035e-01
4.765203213441624452e-01
5.247080781062526400e-01
4.471683765344742767e-01
2.809181222139316980e-01
1.986862930373731184e-01
6.185552310809324661e-01
3.589517761041852717e-01
1.985698481902544721e-01
1.903852118960478457e-01
6.671460531285150486e-01
3.071083284952768055e-01
2.262849678491473671e-01
4.554852069644417800e-01
5.132105233109311992e-01
5.421433137434956695e-01
3.477165021690289404e-01
6.305042672464152842e-01
5.488475376119437144e-01
4.990034877633810484e-01
4.136210737700181106e-01
2.471881520087245709e-01
5.983395040986507762e-01
2.812255303911055937e-01
2.581840454389629502e-01
1.746765924257873137e-01
5.884962942512939055e-01
4.985294114504233431e-01
2.241776901534662803e-01
5.358325578629761221e-01
4.815366813812048119e-01
5.558264701063785340e-01
4.782652296310000994e-01
4.136569925193811503e-01
5.794891131460220279e-01
4.428573544144860374e-01
3.800737735960921793e-01
2.448854005461582051e-01
5.558440024719066841e-01
3.773092400699772364e-01
2.315393337055822731e-01
2.142971423756405425e-01
4.385588869296390691e-01
4.065127677356474845e-01
2.020827752679090483e-01
3.987138771962008277e-01
4.200141997138577277e-01
5.621356048887483636e-01
5.059595257523816780e-01
4.104731307045345057e-01
5.606359682467596528e-01
4.453944484598227893e-01
3.259775607444354573e-01
2.024870450288873969e-01
5.277924567937846145e-01
2.864610737187466283e-01
2.163016041078699714e-01
1.133158902684286290e-01
3.931784508676301471e-01
2.193651675756914943e-01
1.934728387393120086e-01
2.929894252105182950e-01
4.854902317439706572e-01
5.865585956239989240e-01
3.811358285619166342e-01
3.008513767158024210e-01
2.787691777845863195e-01
1.961302376508161360e-01
4.889586284028789587e-01
1.833704566639582645e-01
5.136623383205114468e-01
2.252588019867614033e-01
1.638947723268520118e-01
2.806065564754554598e-01
4.753782718702548316e-01
5.962413606812075884e-01
2.020631099433509159e-01
4.756217083902799514e-01
3.130519161886838875e-01
3.722083180537976710e-01
3.973773950590024362e-01
4.587176201405671061e-01
3.518927481032549376e-01
5.065186303445172733e-01
6.583722568701569910e-01
2.617057251478231983e-01
4.938204505055033278e-01
3.340198088369424889e-01
2.290866533734692845e-01
4.668401515764110110e-01
5.018599184286421933e-01
2.968854932741717412e-01
3.273158685979931093e-01
4.094965316532852007e-01
3.200724400106162437e-01
3.260230833084118984e-01
4.951951204603602386e-01
3.564746084424728623e-01
3.936710352177084649e-01
2.458237588567278864e-01
3.466353339310471182e-01
3.394400212298132602e-01
6.235774001267309075e-01
3.429848230314442858e-01
3.044346701511043141e-01
9.197274997969236143e-02
3.513532803303818230e-01
2.566135216474900171e-01
2.005530980002013242e-01
5.720180179022339439e-01
5.486371776943645973e-01
6.319461892664470781e-01
3.461790340532854282e-01
2.693873081664853730e-01
3.442110742351567887e-01
4.097722644863294184e-01
3.198641145550903397e-01
8.364940038590559790e-02
5.159496822943500094e-01
2.685735087983320279e-01
9.754187497618718727e-02
