6.107113905516262653e-01
6.726788486765159503e-01
6.842898057974478032e-01
5.887182508970087991e-01
5.509785463948311257e-01
1.323688131362038001e-01
3.612777831895193081e-01
5.089543031451326804e-01
6.475826903709749338e-01
2.220794758699713434e-01
2.373354251674171245e-01
7.529492731443897524e-01
5.670505054612694495e-01
3.181301505668296947e-01
5.888842623235714946e-01
4.666307281445543076e-01
5.322869678204792399e-01
2.218936267198404477e-01
3.944280895379262963e-01
2.649221721573031818e-01
1.889367796531716270e-01
3.388571325777465365e-02
3.714614237089466919e-02
1.541345296991672720e-01
1.861810406966260545e-01
7.310941381674468387e-02
8.485985983482317863e-02
3.236663283932477153e-01
4.514879308095151589e-01
1.136074775792748903e-01
8.677681146785390376e-02
2.622991662444337235e-01
7.281486360869108276e-01
2.218614159458670021e-01
2.382087370245051794e-01
3.961520188932636244e-01
3.965276495848191751e-01
5.090787418169650386e-02
1.038741536514298375e-01
2.721304907723711142e-01
2.195655816184589049e-01
1.134263876358696105e-01
6.994875365626027075e-02
2.608453363536146763e-01
5.278988693185074910e-01
1.592925138486093739e-01
2.625320483453203457e-01
4.648465920181166777e-01
6.942996705924188161e-01
4.707435403292263287e-01
6.390273503549823708e-01
5.015310561301171699e-01
4.964153699685064369e-01
1.248775124877512521e-01
1.692094529362709598e-01
1.732460617134334857e-01
4.390458870885380893e-01
3.061349453421766675e-01
3.517720299823978158e-01
2.957316604838490792e-01
5.263706020714551403e-01
3.078230682823068221e-01
4.415560649397072268e-01
2.978930866648655806e-01
5.223316457265805290e-01
5.883655163830547874e-01
6.609766556838121421e-01
5.376908157349744588e-01
4.506589159926668309e-01
2.291586255647141690e-01
3.570285534805767158e-01
6.675361193183810826e-01
5.709871110464275201e-01
2.358867195460046529e-01
1.857346647053176314e-01
5.329991787479465559e-01
3.332981707750358735e-01
3.938764554775698867e-01
5.595784438320120513e-01
2.977319574364526433e-01
2.090902051520231453e-01
2.384071792931920786e-01
3.701419201734465481e-02
6.128579804619010279e-02
1.703103934647173523e-01
9.503946104025894070e-02
5.744248842489375617e-01
2.317341187574666062e-01
5.105281855127332680e-01
1.764871545878512471e-01
3.264660754597168424e-01
7.397076922876044680e-02
1.085406414929808716e-01
4.998758141250996823e-01
5.979749768294354562e-01
5.554014486076506163e-01
8.525881219676971767e-01
1.994679437192712346e-01
3.127931627432083417e-01
5.664719524266483841e-01
7.325197662506399698e-01
4.634613976983935069e-01
4.723574715376667177e-01
6.516642355099926398e-01
3.405645522554491267e-01
8.534177638832694812e-02
1.635423687177844643e-01
2.944055425284858307e-01
5.326109584012896914e-01
1.399208694342409243e-01
1.632149923136017033e-01
3.594707647736442024e-01
7.157438860899604238e-01
2.841422344571811198e-01
3.349081206588050974e-01
4.388931625873540021e-01
6.107113905516262653e-01
6.726788486765159503e-01
6.842898057974478032e-01
5.887182508970087991e-01
5.509785463948311257e-01
1.323688131362038001e-01
3.612777831895193081e-01
5.089543031451326804e-01
6.475826903709749338e-01
2.220794758699713434e-01
2.373354251674171245e-01
7.529492731443897524e-01
5.670505054612694495e-01
3.181301505668296947e-01
5.888842623235714946e-01
4.666307281445543076e-01
5.322869678204792399e-01
2.218936267198404477e-01
3.944280895379262963e-01
2.649221721573031818e-01
1.889367796531716270e-01
3.388571325777465365e-02
3.714614237089466919e-02
1.541345296991672720e-01
1.861810406966260545e-01
7.310941381674468387e-02
8.485985983482317863e-02
3.236663283932477153e-01
4.514879308095151589e-01
1.136074775792748903e-01
8.677681146785390376e-02
2.622991662444337235e-01
7.281486360869108276e-01
2.218614159458670021e-01
2.382087370245051794e-01
3.961520188932636244e-01
3.965276495848191751e-01
5.090787418169650386e-02
1.038741536514298375e-01
2.721304907723711142e-01
2.195655816184589049e-01
1.134263876358696105e-01
6.994875365626027075e-02
2.608453363536146763e-01
5.278988693185074910e-01
1.592925138486093739e-01
2.625320483453203457e-01
4.648465920181166777e-01
6.942996705924188161e-01
4.707435403292263287e-01
6.390273503549823708e-01
5.015310561301171699e-01
4.964153699685064369e-01
1.248775124877512521e-01
1.692094529362709598e-01
1.732460617134334857e-01
4.390458870885380893e-01
3.061349453421766675e-01
3.517720299823978158e-01
2.957316604838490792e-01
5.263706020714551403e-01
3.078230682823068221e-01
4.415560649397072268e-01
2.978930866648655806e-01
7.325011050222403064e-01
4.634613976983935069e-01
4.723574715376667177e-01
6.516642355099926398e-01
3.405645522554491267e-01
8.534177638832694812e-02
1.635423687177844643e-01
2.944030670784125725e-01
5.325970130753276965e-01
1.399208694342409243e-01
1.632149923136017033e-01
3.594707647736442024e-01
7.157438860899604238e-01
2.841422344571811198e-01
3.349081206588050974e-01
4.388931625873540021e-01
7.362553990494354883e-01
3.417370848670438499e-01
7.113965639437505040e-01
6.530692335468083476e-01
4.043545427972498607e-01
7.929747825819416507e-02
1.350293323461534134e-01
2.701887010487811769e-01
6.880651101299269934e-01
1.292521883031896857e-01
1.877266997774542090e-01
3.253162716249212716e-01
6.647597384340587778e-01
2.069735429646720748e-01
3.389920159641024444e-01
4.100985723724201448e-01
7.537974401419513804e-01
3.478683402942348013e-01
6.161158059039397727e-01
6.234695497050311008e-01
4.097757629235809773e-01
6.157904740690554879e-02
1.098023498585048163e-01
3.316802103250477973e-01
6.838522648927474190e-01
1.187899333965299203e-01
2.354657529180027853e-01
2.044667680482885053e-01
7.341398328285692054e-01
2.982273408045257312e-01
1.953569852582943689e-01
3.876511698917431969e-01
7.987142997276821532e-01
4.393135806814222333e-01
5.927140805120858502e-01
6.313741552014993097e-01
3.443509040912729469e-01
1.219942481106153775e-01
1.114484358948404641e-01
1.417550265270117182e-01
7.493158979738988590e-01
1.629728778298026037e-01
1.861584038181614553e-01
3.867352620029600452e-01
6.803558845898912688e-01
2.050038796275675534e-01
3.150203318946537823e-01
4.636302077248142250e-01
7.531370952709799393e-01
4.063462586009723432e-01
6.421974879659781976e-01
6.809428273936051212e-01
3.281238897501295715e-01
1.023187235063218598e-01
1.598622382189830438e-01
1.734342486218778401e-01
6.943118510039616442e-01
1.234965232553211500e-01
1.770948894067534973e-01
3.890358708791634701e-01
6.770696428510475373e-01
3.806682245801574216e-01
2.697485233486058842e-01
4.052538927539318658e-01
7.534432206395165199e-01
3.629105575913693649e-01
6.233530833359702816e-01
6.822296843287383172e-01
3.629999582274338610e-01
7.377770373815331628e-02
1.239329659047666843e-01
2.848825645514300731e-01
6.572391735519197420e-01
1.323630872761509814e-01
2.187866109210804821e-01
2.308338045264400340e-01
6.481543872651632787e-01
2.348694220538432575e-01
2.290654995921892478e-01
4.212264847145049673e-01
6.107113905516262653e-01
6.726788486765159503e-01
6.842898057974479142e-01
5.887182508970087991e-01
5.509785463948313478e-01
1.323688131362038001e-01
3.612777831895193636e-01
5.089543031451327915e-01
6.475826903709749338e-01
2.220794758699713711e-01
2.373354251674170967e-01
7.529492731443897524e-01
5.670505054612695606e-01
3.181301505668298057e-01
5.888842623235714946e-01
4.666307281445543076e-01
5.322869678204792399e-01
2.218936267198404200e-01
3.944280895379262963e-01
2.649221721573032373e-01
1.889367796531716270e-01
3.388571325777465365e-02
3.714614237089466919e-02
1.541345296991672442e-01
1.861810406966260545e-01
7.310941381674468387e-02
8.485985983482317863e-02
3.236663283932476598e-01
4.514879308095151034e-01
1.136074775792748626e-01
8.677681146785390376e-02
2.622991662444337235e-01
7.281486360869108276e-01
2.218614159458669466e-01
2.382087370245051794e-01
3.961520188932636799e-01
3.965276495848192306e-01
5.090787418169651080e-02
1.038741536514298236e-01
2.721304907723710587e-01
2.195655816184588494e-01
1.134263876358696105e-01
6.994875365626027075e-02
2.608453363536147318e-01
5.278988693185073799e-01
1.592925138486093739e-01
2.625320483453203457e-01
4.648465920181167887e-01
6.942996705924188161e-01
4.707435403292263287e-01
6.390273503549824818e-01
5.015310561301171699e-01
4.964153699685065479e-01
1.248775124877512382e-01
1.692094529362709598e-01
1.732460617134334580e-01
4.390458870885382003e-01
3.061349453421767230e-01
3.517720299823978158e-01
2.957316604838490792e-01
5.263706020714552514e-01
3.078230682823068221e-01
4.415560649397072268e-01
2.978930866648655806e-01
