8.565367092946414573e-02
2.801817916712165957e-01
1.366897670490500039e-01
1.104023342793948453e-01
1.242130904428436905e-01
4.554228660822143837e-01
4.267146745886214454e-01
1.338376395567391075e-01
1.798380543904833928e-01
2.893778848859769326e-01
4.254945696397927635e-01
2.969943684737302858e-01
7.947894933932488082e-02
4.088060525927172950e-01
1.808763144722176086e-01
9.661356697198990318e-02
1.998249269465261491e-01
2.989252545651014947e-01
6.214457562719881700e-01
1.904932014488376901e-01
5.134190295888948485e-01
4.764978618992657400e-01
5.640415208402141944e-01
5.136712749615975904e-01
4.735999945818913370e-01
5.408106524881900468e-01
6.837523724365434097e-01
6.370120782062086429e-01
5.135646631850388638e-02
4.839127932015240274e-01
2.768349916342140449e-01
2.402837773686253842e-01
3.156844609115577183e-01
4.999015190314700652e-01
3.617117496566708001e-01
3.028378990179341756e-01
3.915775099263937298e-01
5.763860007701649968e-01
5.648850842909641790e-01
3.941349525876590154e-01
4.208179184946709839e-01
5.552418427791497857e-01
4.162818807810389488e-01
5.094610358453154353e-01
1.674041604961573615e-01
7.286973577364729282e-01
2.970065414539238002e-01
3.654189150772906847e-01
3.556670988795714028e-02
8.556813845602238844e-02
1.812140819579120543e-01
5.722572405553495722e-02
3.933863103932424554e-01
6.790578597030210162e-01
6.317695378132900386e-01
2.589912267701399151e-01
2.148331500872412980e-01
4.643079961909669096e-01
4.030650027717476713e-01
2.631304286295529926e-01
2.995766809864298594e-02
4.273297491039426133e-01
3.984341061122819716e-01
1.149846230491391869e-01
1.156743719648194724e-01
2.818729903107821122e-01
2.526732525748864866e-01
1.057332789481358198e-01
1.406573347284329756e-01
5.929756382732753739e-01
5.424469195126773169e-01
1.811195210151129165e-01
2.810838131985141097e-01
3.504221135859021397e-01
4.848179024619413968e-01
6.791365304488208854e-02
3.165450249174189268e-01
1.719864726973811819e-01
3.298365668648974847e-01
4.038218982334117468e-01
4.786165673800178988e-01
5.318707679782597175e-01
4.383913165130269851e-01
6.863662174298847951e-01
5.439896029579637249e-01
5.982511863999520063e-01
9.064091258878795299e-02
5.411024120810709048e-01
3.264171135039273253e-01
6.326097801711787483e-01
4.252277453788614325e-01
6.229352575174967876e-01
5.481219561784592686e-01
1.269799720312378422e-01
3.131799157855572058e-02
2.745653848883695125e-01
1.537668474270301178e-01
7.087532199935501209e-01
7.593466110997506568e-01
2.483919052120747151e-01
1.106053084995217151e-01
3.064697713905743526e-01
2.618593871929491002e-01
1.718631875957352118e-01
2.561405746462204203e-01
6.639388621536722601e-01
6.708111420808207104e-01
4.114455949429632886e-01
4.860408356884536318e-01
6.064344355783322094e-01
5.812613045064352058e-01
4.132424506402258557e-01
5.505413769189279605e-02
7.240198802123775090e-01
2.982574918474619197e-01
1.879501550349890471e-01
8.565367092946414573e-02
2.801817916712165957e-01
1.366897670490500039e-01
1.104023342793948453e-01
1.242130904428436905e-01
4.554228660822143837e-01
4.267146745886214454e-01
1.338376395567391075e-01
1.798380543904833928e-01
2.893778848859769326e-01
4.254945696397927635e-01
2.969943684737302858e-01
7.947894933932488082e-02
4.088060525927172950e-01
1.808763144722176086e-01
9.661356697198990318e-02
1.998249269465261491e-01
2.989252545651014947e-01
6.214457562719881700e-01
1.904932014488376901e-01
5.134190295888948485e-01
4.764978618992657400e-01
5.640415208402141944e-01
5.136712749615975904e-01
4.735999945818913370e-01
5.408106524881900468e-01
6.837523724365434097e-01
6.370120782062086429e-01
5.135646631850388638e-02
4.839127932015240274e-01
2.768349916342140449e-01
2.402837773686253842e-01
3.156844609115577183e-01
4.999015190314700652e-01
3.617117496566708001e-01
3.028378990179341756e-01
3.915775099263937298e-01
5.763860007701649968e-01
5.648850842909641790e-01
3.941349525876590154e-01
4.208179184946709839e-01
5.552418427791497857e-01
4.162818807810389488e-01
5.094610358453154353e-01
1.674041604961573615e-01
7.286973577364729282e-01
2.970065414539238002e-01
3.654189150772906847e-01
3.556670988795714028e-02
8.556813845602238844e-02
1.812140819579120543e-01
5.722572405553495722e-02
3.933863103932424554e-01
6.790578597030210162e-01
6.317695378132900386e-01
2.589912267701399151e-01
2.148331500872412980e-01
4.643079961909669096e-01
4.030650027717476713e-01
2.631304286295529926e-01
2.995766809864298594e-02
4.273297491039426133e-01
3.984341061122819716e-01
1.149846230491391869e-01
1.106024907858991768e-01
3.064697713905743526e-01
2.618593871929491002e-01
1.718631875957352118e-01
2.561405746462204203e-01
6.639388621536722601e-01
6.708111420808207104e-01
4.114435301066686756e-01
4.860255008657693998e-01
6.064344355783322094e-01
5.812613045064352058e-01
4.132424506402258557e-01
5.505413769189279605e-02
7.240198802123775090e-01
2.982574918474619197e-01
1.879501550349890471e-01
9.488993205204646064e-02
3.712723131194790027e-01
3.368976619282278429e-01
1.126835717543487464e-01
4.233996885581522984e-01
5.134673594652917616e-01
7.800490560812480823e-01
4.488216882097107452e-01
3.796217774339323281e-01
7.367688347844475460e-01
6.254869095314907756e-01
3.913204168999557808e-01
9.298372645130902059e-02
4.298325492856106544e-01
4.766460734868345206e-01
1.580011639820367852e-01
6.543092928313903878e-02
3.152369379670323934e-01
2.205907339974323977e-01
1.221658773683851618e-01
3.132081311883052610e-01
4.907896368179452962e-01
8.257101994288684743e-01
5.002489654442072720e-01
3.508930851281113483e-01
7.502973997992357091e-01
6.118660244807158088e-01
2.765027352741908362e-01
1.334604638888148842e-01
5.365590278319311013e-01
3.197188662736596410e-01
1.293252446939385791e-01
4.922328681687913876e-02
4.841152399619582658e-01
2.826096724899967993e-01
1.309303042024171360e-01
3.754060449334967742e-01
6.095520558786716725e-01
7.024802013518469668e-01
3.542593409050194264e-01
5.762556934783590323e-01
7.783238625376858177e-01
6.489860275255340261e-01
4.829189814129872804e-01
1.219811613120478228e-01
6.398130914049571238e-01
3.578462170208991933e-01
1.410309465242428617e-01
6.079433887747469345e-02
4.397378335096772672e-01
4.659478569268248882e-01
9.738726975294810517e-02
3.922527446296555920e-01
6.065075464643919778e-01
7.360584784694220728e-01
5.064791116780860136e-01
4.030490700636102375e-01
7.068030938664940921e-01
6.292191063165465392e-01
4.334557744467425477e-01
1.022254280116797337e-01
6.305154841273621358e-01
4.172148088212013217e-01
1.402201930467875113e-01
8.928552905936054662e-02
3.008150377970201239e-01
2.773337125955279703e-01
1.074453143410807610e-01
2.951753296767233858e-01
5.161506894100086340e-01
7.511147035409591055e-01
4.536716869896984528e-01
2.792044165825043889e-01
7.702781391273891831e-01
6.601196934973487807e-01
2.877157023063859342e-01
9.017307669977317475e-02
4.521292644026645990e-01
2.824010430807868399e-01
1.727828366793044412e-01
8.565367092946414573e-02
2.801817916712165402e-01
1.366897670490500594e-01
1.104023342793948592e-01
1.242130904428437044e-01
4.554228660822143837e-01
4.267146745886215009e-01
1.338376395567391075e-01
1.798380543904833651e-01
2.893778848859769326e-01
4.254945696397928190e-01
2.969943684737302303e-01
7.947894933932488082e-02
4.088060525927174060e-01
1.808763144722175809e-01
9.661356697198990318e-02
1.998249269465261491e-01
2.989252545651014947e-01
6.214457562719882810e-01
1.904932014488377456e-01
5.134190295888948485e-01
4.764978618992657400e-01
5.640415208402141944e-01
5.136712749615974793e-01
4.735999945818913925e-01
5.408106524881900468e-01
6.837523724365434097e-01
6.370120782062085318e-01
5.135646631850387944e-02
4.839127932015239164e-01
2.768349916342141004e-01
2.402837773686253842e-01
3.156844609115577183e-01
4.999015190314700652e-01
3.617117496566708557e-01
3.028378990179342312e-01
3.915775099263937853e-01
5.763860007701651078e-01
5.648850842909642900e-01
3.941349525876589599e-01
4.208179184946709839e-01
5.552418427791497857e-01
4.162818807810388932e-01
5.094610358453155463e-01
1.674041604961573337e-01
7.286973577364729282e-01
2.970065414539238002e-01
3.654189150772907957e-01
3.556670988795714028e-02
8.556813845602236068e-02
1.812140819579120821e-01
5.722572405553495722e-02
3.933863103932424554e-01
6.790578597030209052e-01
6.317695378132900386e-01
2.589912267701399151e-01
2.148331500872413535e-01
4.643079961909669651e-01
4.030650027717476713e-01
2.631304286295529926e-01
2.995766809864299288e-02
4.273297491039426133e-01
3.984341061122820271e-01
1.149846230491391869e-01
