4.622912761236578350e-01
4.822736114967008936e-01
5.703489919853117485e-01
3.996984668556018971e-01
3.787971977298445481e-01
1.163803052922353920e-01
3.959468620952337203e-01
5.326264678616139392e-01
4.680411300050626999e-01
2.830740651416929765e-01
2.363885856603261670e-01
5.307777679778915569e-01
1.982877550859215854e-01
4.865887170194838074e-01
3.656235737468184199e-01
3.145262081626519768e-01
5.765007193214641834e-01
2.689927487944928641e-01
5.149426236852228111e-01
2.276197760601116893e-01
2.733227082540526376e-01
1.049523253592089395e-01
1.477715029878584330e-01
2.442450167578056053e-01
3.065026070639844114e-01
2.255847842702593531e-01
2.506117863916499378e-01
3.668347039735138648e-01
2.592368919626013013e-01
3.034746697920636671e-01
2.622419817575633028e-01
4.107326154359802195e-01
7.189192804899660061e-01
4.038588662109298677e-01
3.034861279108396759e-01
3.291753814039748427e-01
5.172505088944806539e-01
1.533758158405362504e-01
2.671911648229943204e-01
3.912671053693743128e-01
3.988017259501375200e-01
2.215321181671277562e-01
1.328629338397262494e-01
1.575909990948672901e-01
1.845033221441869098e-01
2.973495655664473714e-01
2.621783095512813522e-01
4.911767050696457804e-01
2.137115638345613300e-01
2.353310329426923642e-01
1.762990870162050305e-01
2.223694908587336150e-01
7.290769237756457022e-01
3.726217775873800209e-01
3.449600053604895411e-01
4.196179414265682195e-01
4.355364907981909561e-01
4.744079387283758331e-01
3.489071344954217113e-01
3.486571010679954119e-01
1.747907156317274890e-01
6.854989857117657071e-01
6.022732657080751562e-01
3.274781908579756373e-01
4.544805148579408871e-01
4.843013988753862020e-01
7.086290879411227817e-01
3.637392457158243886e-01
3.695981349333651300e-01
1.524922039881967395e-01
3.970299630207753672e-01
5.437566572633178996e-01
6.164216369022139652e-01
3.447556037163047038e-01
2.343313361655670612e-01
2.108033525305730016e-01
3.667657575283462812e-01
2.744438104946129720e-01
6.699082133357654456e-01
3.414472057934498928e-01
4.084695304703721552e-01
3.013079075594752299e-01
1.051061441586794709e-01
2.118669055581367811e-01
3.184767703875350797e-01
2.657969941640855871e-01
2.089218780735218328e-01
3.916913587273783137e-01
7.577894830053175657e-01
3.522520038399593045e-01
5.100278906124707801e-01
1.929816332130488699e-01
3.583347758857668985e-01
2.070557466335892216e-01
1.906131655566558891e-01
6.940409786704824224e-01
5.703460552018166929e-01
3.958866974147269291e-01
4.436502122024701400e-01
4.956602407323673076e-01
5.324012042864850747e-01
3.946061863264732072e-01
3.664981945089454962e-01
4.035670629202869342e-01
4.128196788962973374e-01
2.069264390215128369e-01
3.184213107565420087e-01
4.831957690954903351e-01
6.113473626890078005e-01
3.147649911174962289e-01
2.491976900632221770e-01
2.832852895016582662e-01
2.359606120263320617e-01
6.272844971900971567e-01
4.058329586658591670e-01
4.395529229998487719e-01
4.622912761236578350e-01
4.822736114967008936e-01
5.703489919853117485e-01
3.996984668556018971e-01
3.787971977298445481e-01
1.163803052922353920e-01
3.959468620952337203e-01
5.326264678616139392e-01
4.680411300050626999e-01
2.830740651416929765e-01
2.363885856603261670e-01
5.307777679778915569e-01
1.982877550859215854e-01
4.865887170194838074e-01
3.656235737468184199e-01
3.145262081626519768e-01
5.765007193214641834e-01
2.689927487944928641e-01
5.149426236852228111e-01
2.276197760601116893e-01
2.733227082540526376e-01
1.049523253592089395e-01
1.477715029878584330e-01
2.442450167578056053e-01
3.065026070639844114e-01
2.255847842702593531e-01
2.506117863916499378e-01
3.668347039735138648e-01
2.592368919626013013e-01
3.034746697920636671e-01
2.622419817575633028e-01
4.107326154359802195e-01
7.189192804899660061e-01
4.038588662109298677e-01
3.034861279108396759e-01
3.291753814039748427e-01
5.172505088944806539e-01
1.533758158405362504e-01
2.671911648229943204e-01
3.912671053693743128e-01
3.988017259501375200e-01
2.215321181671277562e-01
1.328629338397262494e-01
1.575909990948672901e-01
1.845033221441869098e-01
2.973495655664473714e-01
2.621783095512813522e-01
4.911767050696457804e-01
2.137115638345613300e-01
2.353310329426923642e-01
1.762990870162050305e-01
2.223694908587336150e-01
7.290769237756457022e-01
3.726217775873800209e-01
3.449600053604895411e-01
4.196179414265682195e-01
4.355364907981909561e-01
4.744079387283758331e-01
3.489071344954217113e-01
3.486571010679954119e-01
1.747907156317274890e-01
6.854989857117657071e-01
6.022732657080751562e-01
3.274781908579756373e-01
5.323876411569542499e-01
3.946061863264732072e-01
3.664981945089454962e-01
4.035670629202869342e-01
4.128196788962973374e-01
2.069264390215128369e-01
3.184213107565420087e-01
4.831939559816575969e-01
6.113357665940399865e-01
3.147649911174962289e-01
2.491976900632221770e-01
2.832852895016582662e-01
2.359606120263320617e-01
6.272844971900971567e-01
4.058329586658591670e-01
4.395529229998487719e-01
4.627380784345956899e-01
3.427115941665706544e-01
5.613689944478068572e-01
4.582772431177279393e-01
4.961176724129643945e-01
2.210514652156551352e-01
3.498355163772597365e-01
3.695201973874565060e-01
6.585397573819989914e-01
2.950600862656801993e-01
3.223768707381012844e-01
3.083947918075492511e-01
3.635896314819513364e-01
4.902136806928781843e-01
3.560633467840730315e-01
3.990572308863476469e-01
4.381922715598306484e-01
4.406301510617327000e-01
4.442995315514172705e-01
4.075070584370432680e-01
4.721191938348034967e-01
1.879993669325693562e-01
3.201231948994482379e-01
5.350467740512888648e-01
6.202529712475994828e-01
2.717787368617947674e-01
3.168282099638199956e-01
3.054303954424361645e-01
4.433279957104484525e-01
5.898641761704620512e-01
3.659009976579709056e-01
3.102342127012030493e-01
4.471758410821550789e-01
5.347019707348340534e-01
4.139707283195861454e-01
4.741184232091781858e-01
4.068684293460708701e-01
2.575045102202738190e-01
3.443635990758285303e-01
2.632339760017935459e-01
6.944856138662071077e-01
3.695482370085229062e-01
2.925243760860818387e-01
4.330235933775703483e-01
4.760729747080820751e-01
4.655971159011684235e-01
3.443064742412192403e-01
3.798100582157191707e-01
4.317528892269880680e-01
5.023205557498731100e-01
5.628723963950568177e-01
4.537548503963702573e-01
4.512630051406312792e-01
2.496520634800923899e-01
3.590379027990995842e-01
3.285546467588099095e-01
5.150921878606526949e-01
3.397720242850152950e-01
2.853471700826706869e-01
4.501562390488929033e-01
4.695713654911806145e-01
5.164875668139885523e-01
3.382265232940828703e-01
3.649234808536115371e-01
4.400580557717568286e-01
4.093789944391031943e-01
5.179433205040450128e-01
4.503648437197443899e-01
4.238709570925070502e-01
2.072537086709294596e-01
3.152990742902594956e-01
4.341151819627050990e-01
5.804530940298798791e-01
2.985032105382913747e-01
3.207286235140627273e-01
3.097066273469066267e-01
3.934307691992566802e-01
5.191470005356195738e-01
2.874127196497112680e-01
3.585613694378822491e-01
4.622912761236578350e-01
4.822736114967008381e-01
5.703489919853118595e-01
3.996984668556018971e-01
3.787971977298446591e-01
1.163803052922353642e-01
3.959468620952337758e-01
5.326264678616139392e-01
4.680411300050626444e-01
2.830740651416929765e-01
2.363885856603261948e-01
5.307777679778914459e-01
1.982877550859215854e-01
4.865887170194839184e-01
3.656235737468183644e-01
3.145262081626519768e-01
5.765007193214642944e-01
2.689927487944928641e-01
5.149426236852228111e-01
2.276197760601117448e-01
2.733227082540525821e-01
1.049523253592089395e-01
1.477715029878584330e-01
2.442450167578055775e-01
3.065026070639844114e-01
2.255847842702593253e-01
2.506117863916499933e-01
3.668347039735137538e-01
2.592368919626012458e-01
3.034746697920636116e-01
2.622419817575633028e-01
4.107326154359801640e-01
7.189192804899660061e-01
4.038588662109298122e-01
3.034861279108397314e-01
3.291753814039748427e-01
5.172505088944807650e-01
1.533758158405362781e-01
2.671911648229943204e-01
3.912671053693742573e-01
3.988017259501375200e-01
2.215321181671277562e-01
1.328629338397262494e-01
1.575909990948672901e-01
1.845033221441868820e-01
2.973495655664473714e-01
2.621783095512813522e-01
4.911767050696458914e-01
2.137115638345613577e-01
2.353310329426923087e-01
1.762990870162050583e-01
2.223694908587336150e-01
7.290769237756457022e-01
3.726217775873799654e-01
3.449600053604895411e-01
4.196179414265681640e-01
4.355364907981909561e-01
4.744079387283758331e-01
3.489071344954217113e-01
3.486571010679954674e-01
1.747907156317275168e-01
6.854989857117657071e-01
6.022732657080752672e-01
3.274781908579756373e-01
