3.630760922711083194e-01
4.763831636168815997e-01
5.390187495776438409e-01
4.032641423497736466e-01
3.598993544408272682e-01
1.583276073289167363e-01
3.940120232985890869e-01
3.649005141573498090e-01
3.779914349277387342e-01
3.917889798871044271e-01
3.216033835417725917e-01
4.070408326165616542e-01
3.247951200473555566e-01
5.114346977011023920e-01
5.742719314872820613e-01
3.449095069139100911e-01
5.142148284619367793e-01
2.751920845441386265e-01
5.367146235213157146e-01
3.239671140686256057e-01
2.742359920837288967e-01
6.898475951509738802e-02
1.524023083279134050e-01
1.955156034526789044e-01
2.494645607157193745e-01
2.657726687129967069e-01
2.502820778863872886e-01
3.602597272452016108e-01
2.344547901472948392e-01
1.556119163441603281e-01
2.638067602562919056e-01
2.995447279071108970e-01
5.465557644500861345e-01
2.426160476491785456e-01
3.097955185820535084e-01
4.792409137274608044e-01
6.788529281650280689e-01
1.662744430550162356e-01
3.611832879583589118e-01
4.162689921691936634e-01
3.476889349080968250e-01
2.982410956191246520e-01
1.327261019197684688e-01
3.031912282818244320e-01
2.593834588698753496e-01
1.572012983964371780e-01
2.818622336684182272e-01
5.643577900908647305e-01
3.742174770782460413e-01
3.070157827862029509e-01
1.883841274428334489e-01
3.178718188466123085e-01
6.366535939312187864e-01
2.691148679707850433e-01
1.996326772120385618e-01
2.274175761374441773e-01
5.011556875481918416e-01
5.209521713172021729e-01
4.669567115044412353e-01
3.431296446197621974e-01
2.883574012668068676e-01
4.267071862710046792e-01
6.500020369419110544e-01
2.434462974891629661e-01
3.489747413308199597e-01
5.243864649257332644e-01
5.899994750592636450e-01
3.822305050188889997e-01
3.531507647830989249e-01
2.728200665407317094e-01
3.928227265071146390e-01
3.755937264378386709e-01
4.073852687857221211e-01
4.280174838847100038e-01
2.544700736546433029e-01
3.211969885989406359e-01
4.688135988055992520e-01
4.216934009933072103e-01
6.555934122537387942e-01
3.666725218019760701e-01
4.217385482339741642e-01
3.997682107468361057e-01
8.646588292362911154e-02
2.146568292076678208e-01
2.195854554809612558e-01
3.370358404755294246e-01
2.011239347294389856e-01
3.061557160782649722e-01
4.738944570075381835e-01
1.871977584218063040e-01
6.406788551393330922e-01
2.423504571375579841e-01
2.681600269418279447e-01
2.805633460518551781e-01
3.244604110020133936e-01
7.013933333574562390e-01
5.755547706590218304e-01
3.563212720515176457e-01
5.015707823001495091e-01
4.828294101997264165e-01
4.740608037282783016e-01
3.512083180677611494e-01
3.677909650893426141e-01
5.274519485686874898e-01
4.334745578386470788e-01
1.856494738117916155e-01
3.146669873668669348e-01
3.485174727990496546e-01
5.416578072911824027e-01
4.052366439951397559e-01
3.047495655549437021e-01
2.989396661940817990e-01
3.633183475234872950e-01
4.141055761001160018e-01
4.928696819482764613e-01
3.934867504213437894e-01
3.630760922711083194e-01
4.763831636168815997e-01
5.390187495776438409e-01
4.032641423497736466e-01
3.598993544408272682e-01
1.583276073289167363e-01
3.940120232985890869e-01
3.649005141573498090e-01
3.779914349277387342e-01
3.917889798871044271e-01
3.216033835417725917e-01
4.070408326165616542e-01
3.247951200473555566e-01
5.114346977011023920e-01
5.742719314872820613e-01
3.449095069139100911e-01
5.142148284619367793e-01
2.751920845441386265e-01
5.367146235213157146e-01
3.239671140686256057e-01
2.742359920837288967e-01
6.898475951509738802e-02
1.524023083279134050e-01
1.955156034526789044e-01
2.494645607157193745e-01
2.657726687129967069e-01
2.502820778863872886e-01
3.602597272452016108e-01
2.344547901472948392e-01
1.556119163441603281e-01
2.638067602562919056e-01
2.995447279071108970e-01
5.465557644500861345e-01
2.426160476491785456e-01
3.097955185820535084e-01
4.792409137274608044e-01
6.788529281650280689e-01
1.662744430550162356e-01
3.611832879583589118e-01
4.162689921691936634e-01
3.476889349080968250e-01
2.982410956191246520e-01
1.327261019197684688e-01
3.031912282818244320e-01
2.593834588698753496e-01
1.572012983964371780e-01
2.818622336684182272e-01
5.643577900908647305e-01
3.742174770782460413e-01
3.070157827862029509e-01
1.883841274428334489e-01
3.178718188466123085e-01
6.366535939312187864e-01
2.691148679707850433e-01
1.996326772120385618e-01
2.274175761374441773e-01
5.011556875481918416e-01
5.209521713172021729e-01
4.669567115044412353e-01
3.431296446197621974e-01
2.883574012668068676e-01
4.267071862710046792e-01
6.500020369419110544e-01
2.434462974891629661e-01
4.740487268433376533e-01
3.512083180677611494e-01
3.677909650893426141e-01
5.274519485686874898e-01
4.334745578386470788e-01
1.856494738117916155e-01
3.146669873668669348e-01
3.485151871908613863e-01
5.416441318929368087e-01
4.052366439951397559e-01
3.047495655549437021e-01
2.989396661940817990e-01
3.633183475234872950e-01
4.141055761001160018e-01
4.928696819482764613e-01
3.934867504213437894e-01
4.217014965073332400e-01
4.139182778803643381e-01
6.810788750821352711e-01
4.215869239559331683e-01
3.964959457756925265e-01
1.928102413025398754e-01
3.580471302031815739e-01
3.361664926244743445e-01
6.500162314880989500e-01
2.582832819926949020e-01
3.807292415016496623e-01
4.788785152164212189e-01
4.796152770065316706e-01
3.591619651027725402e-01
3.569973562268338174e-01
3.374337038183144455e-01
4.397410639735550575e-01
4.131206609689642151e-01
5.955310701527376516e-01
3.518074937673113523e-01
4.049778025213283117e-01
1.625603183458363965e-01
3.014497850762978826e-01
5.120208592074065868e-01
7.507664914329743588e-01
2.406816681397967450e-01
3.727150996477263112e-01
3.481202313644265467e-01
4.296339236139664619e-01
5.446067702898947926e-01
3.441924412107624232e-01
3.202599478024574231e-01
4.461840678093514367e-01
5.074920724942842964e-01
5.285129162111339429e-01
4.469966850533756419e-01
4.447706088839273320e-01
2.268050806382955198e-01
2.666490251910982878e-01
2.440722375250414800e-01
7.671694721360481362e-01
3.501484508300171106e-01
3.659437726398995783e-01
4.906345829514819901e-01
4.310066971484008969e-01
3.928888327748987774e-01
4.584863053234423114e-01
3.653715085166373000e-01
4.294380132701782760e-01
4.447794553043352139e-01
6.693151740583531684e-01
4.462324535168366579e-01
4.020000895320868239e-01
2.426337669356323778e-01
3.152259649171956224e-01
2.816837552309977011e-01
6.654134167391276833e-01
2.841643014770796061e-01
3.492350207654212335e-01
5.074104665592115149e-01
4.376918671652334503e-01
5.019728352827959039e-01
3.973463615905735713e-01
3.458422288441026504e-01
4.413248716367308422e-01
4.233967026415583756e-01
6.190600261691993067e-01
4.045221096697061425e-01
3.982588900460846681e-01
1.590764964797331815e-01
3.224534865386300408e-01
4.005534760436403885e-01
6.446326927940714269e-01
3.103046215372627370e-01
3.557059977487170843e-01
3.901016991544386525e-01
3.900805070397255214e-01
4.143031559817596521e-01
3.400183056918407720e-01
3.531348659014936775e-01
3.630760922711083194e-01
4.763831636168815442e-01
5.390187495776440629e-01
4.032641423497736466e-01
3.598993544408273237e-01
1.583276073289167363e-01
3.940120232985891424e-01
3.649005141573498090e-01
3.779914349277386787e-01
3.917889798871044826e-01
3.216033835417725362e-01
4.070408326165616542e-01
3.247951200473556121e-01
5.114346977011023920e-01
5.742719314872819503e-01
3.449095069139101466e-01
5.142148284619367793e-01
2.751920845441386265e-01
5.367146235213157146e-01
3.239671140686256057e-01
2.742359920837288967e-01
6.898475951509738802e-02
1.524023083279134050e-01
1.955156034526788766e-01
2.494645607157193745e-01
2.657726687129967069e-01
2.502820778863873441e-01
3.602597272452016108e-01
2.344547901472948392e-01
1.556119163441602726e-01
2.638067602562919056e-01
2.995447279071108970e-01
5.465557644500861345e-01
2.426160476491784901e-01
3.097955185820535640e-01
4.792409137274608044e-01
6.788529281650281799e-01
1.662744430550162633e-01
3.611832879583589118e-01
4.162689921691936079e-01
3.476889349080967695e-01
2.982410956191247076e-01
1.327261019197684688e-01
3.031912282818244875e-01
2.593834588698752941e-01
1.572012983964372057e-01
2.818622336684182272e-01
5.643577900908647305e-01
3.742174770782460969e-01
3.070157827862028954e-01
1.883841274428334767e-01
3.178718188466123085e-01
6.366535939312187864e-01
2.691148679707849878e-01
1.996326772120385618e-01
2.274175761374441773e-01
5.011556875481917306e-01
5.209521713172021729e-01
4.669567115044412908e-01
3.431296446197621974e-01
2.883574012668068676e-01
4.267071862710046792e-01
6.500020369419111654e-01
2.434462974891629661e-01
