2.559034363283149149e-01
4.709347059328932161e-01
4.043285376113831542e-01
4.291524529440914892e-01
2.530660963725028800e-01
2.999541649399128374e-01
3.056853914437429043e-01
5.352206342485111845e-01
4.462133937154925678e-01
3.623141835089159768e-01
2.164848503967472526e-01
6.907901297710233868e-01
4.634637908982832677e-01
5.388950197710771217e-01
3.486009462377319679e-01
3.818988129692545974e-01
3.403361449714842890e-01
2.574512156214492364e-01
5.588661183447506398e-01
3.770308783615451964e-01
4.367981666970442434e-01
1.330417463974694348e-01
8.939735190623274153e-02
3.419200776573370071e-01
1.727208325595871730e-01
9.879037351838951264e-02
1.203348050602684599e-01
3.567446223831592378e-01
4.996769117401124172e-01
2.824409002580911543e-01
3.076579830794186066e-01
4.459460545412764487e-01
4.978886957821206938e-01
1.664034138286853703e-01
2.592285049430220756e-01
3.578941932768893719e-01
4.123775000585155892e-01
1.320719036343045438e-01
1.121283230152017446e-01
4.764085763095763371e-01
2.445699496366151027e-01
1.176352751700679017e-01
9.825524062920024115e-02
2.190915717287918452e-01
4.573916637769804283e-01
2.309696063673338240e-01
2.369141039480233413e-01
5.365343121474074328e-01
4.926684587558825545e-01
4.777058904149660834e-01
6.280863905444018513e-01
4.138690826727067229e-01
6.560629360125905807e-01
3.824960362400905978e-01
2.054947227351647809e-01
5.225973894108792983e-01
3.517940553110379676e-01
4.860470383734099009e-01
3.133494727243311684e-01
3.825767434295994085e-01
3.946191036750197334e-01
6.071177802944507373e-01
5.029083295466173498e-01
3.211465893232597901e-01
3.326230607753126733e-01
5.043081176843882130e-01
6.211424913652614510e-01
4.149866733347646885e-01
3.072565845643919769e-01
3.077770810244717103e-01
3.413809371181849017e-01
6.436789970845124831e-01
6.755585252730745838e-01
4.450144916544795382e-01
2.766624480411647435e-01
4.376887633258509380e-01
4.072210150058016565e-01
3.535755050252538112e-01
4.713307775084273343e-01
3.057169118012821318e-01
4.671431512194350599e-01
3.983128583234789577e-01
1.023397180849683896e-01
1.117127065391028129e-01
1.795854184914836282e-01
1.138864017411440194e-01
5.964714111924076523e-01
3.486797511558153428e-01
5.636561760283282929e-01
1.824529289092060025e-01
4.521840813926499836e-01
1.238666730818627215e-01
2.719702952711955946e-01
4.659897620348841252e-01
4.360715885040015727e-01
5.680659345682603778e-01
5.659997359017183705e-01
3.643177704644521286e-01
3.274960015720691509e-01
6.470146494039137330e-01
3.971521011484361319e-01
3.712994750087004747e-01
4.244496155725483444e-01
5.587003968926613773e-01
3.674505212509335816e-01
2.532941657220059706e-01
1.855877522003063218e-01
5.970795071378331986e-01
3.928896574163990851e-01
2.329745628381336142e-01
1.706333687769368002e-01
3.740700966256072513e-01
5.949908036636284425e-01
5.791962896201812150e-01
3.730464702678630284e-01
4.777198061024143239e-01
2.559034363283149149e-01
4.709347059328932161e-01
4.043285376113831542e-01
4.291524529440914892e-01
2.530660963725028800e-01
2.999541649399128374e-01
3.056853914437429043e-01
5.352206342485111845e-01
4.462133937154925678e-01
3.623141835089159768e-01
2.164848503967472526e-01
6.907901297710233868e-01
4.634637908982832677e-01
5.388950197710771217e-01
3.486009462377319679e-01
3.818988129692545974e-01
3.403361449714842890e-01
2.574512156214492364e-01
5.588661183447506398e-01
3.770308783615451964e-01
4.367981666970442434e-01
1.330417463974694348e-01
8.939735190623274153e-02
3.419200776573370071e-01
1.727208325595871730e-01
9.879037351838951264e-02
1.203348050602684599e-01
3.567446223831592378e-01
4.996769117401124172e-01
2.824409002580911543e-01
3.076579830794186066e-01
4.459460545412764487e-01
4.978886957821206938e-01
1.664034138286853703e-01
2.592285049430220756e-01
3.578941932768893719e-01
4.123775000585155892e-01
1.320719036343045438e-01
1.121283230152017446e-01
4.764085763095763371e-01
2.445699496366151027e-01
1.176352751700679017e-01
9.825524062920024115e-02
2.190915717287918452e-01
4.573916637769804283e-01
2.309696063673338240e-01
2.369141039480233413e-01
5.365343121474074328e-01
4.926684587558825545e-01
4.777058904149660834e-01
6.280863905444018513e-01
4.138690826727067229e-01
6.560629360125905807e-01
3.824960362400905978e-01
2.054947227351647809e-01
5.225973894108792983e-01
3.517940553110379676e-01
4.860470383734099009e-01
3.133494727243311684e-01
3.825767434295994085e-01
3.946191036750197334e-01
6.071177802944507373e-01
5.029083295466173498e-01
3.211465893232597901e-01
3.971419835428636746e-01
3.712994750087004747e-01
4.244496155725483444e-01
5.587003968926613773e-01
3.674505212509335816e-01
2.532941657220059706e-01
1.855877522003063218e-01
5.970780935644229848e-01
3.928715432740707558e-01
2.329745628381336142e-01
1.706333687769368002e-01
3.740700966256072513e-01
5.949908036636284425e-01
5.791962896201812150e-01
3.730464702678630284e-01
4.777198061024143239e-01
3.941380697207739203e-01
4.667694685206075778e-01
3.946586333145566949e-01
5.357513473565003181e-01
4.224398401008589432e-01
1.690635691954339437e-01
2.915039255851026301e-01
4.748867066872597964e-01
5.453238016913407593e-01
1.687263823143951569e-01
2.020114388922775728e-01
3.988848651662627587e-01
5.313692856137084419e-01
5.582228552476125039e-01
3.711032011845230016e-01
4.930930195207502975e-01
4.459706626851180911e-01
3.599807062667713109e-01
3.136613335790642831e-01
5.093834198743631969e-01
4.104101365787303779e-01
1.870302376549715095e-01
2.459709047005749771e-01
5.778132757714679046e-01
4.327240048007585660e-01
2.100723817908883850e-01
2.190261738752794229e-01
3.300499344554235770e-01
5.552880715907058118e-01
6.548705237815718450e-01
3.885983394269156843e-01
4.679738558197105158e-01
4.138957962571431781e-01
4.783615954212764310e-01
3.118534046898009393e-01
5.828407736912333270e-01
4.433026593055275355e-01
2.212277550100459345e-01
2.191998624989976441e-01
3.609509558857986189e-01
5.325609662040775572e-01
2.859417078202183826e-01
2.030586670725941789e-01
4.211239169466644006e-01
5.621810632265845653e-01
5.818163178900568333e-01
3.787956423702882325e-01
5.199839097651389741e-01
3.971979685013011796e-01
5.242246819749953879e-01
4.136225423939175472e-01
5.467445038796299173e-01
3.829560439065204380e-01
2.223827655834127448e-01
2.641336894718592232e-01
4.338816300379946811e-01
4.632638468096380580e-01
2.145000473875346148e-01
2.010159380180964739e-01
4.451825326768706903e-01
5.680942709374724453e-01
6.482349779915690391e-01
3.405003318157642234e-01
5.054057274541672307e-01
4.253543419647157764e-01
3.701574849718700655e-01
3.917477827213547981e-01
5.428987435196647171e-01
3.691714167258928758e-01
1.925558955199770661e-01
2.323677372086518367e-01
5.082232282850556171e-01
3.913825003250246404e-01
2.442295114411779933e-01
2.000297005314598531e-01
3.482066132006801928e-01
5.204304614639635451e-01
5.434615884418245724e-01
3.299765619944740047e-01
5.081666967856290906e-01
2.559034363283148594e-01
4.709347059328931606e-01
4.043285376113832097e-01
4.291524529440915448e-01
2.530660963725028800e-01
2.999541649399127818e-01
3.056853914437429598e-01
5.352206342485111845e-01
4.462133937154926233e-01
3.623141835089159768e-01
2.164848503967471693e-01
6.907901297710232758e-01
4.634637908982832677e-01
5.388950197710772327e-01
3.486009462377320234e-01
3.818988129692546529e-01
3.403361449714843445e-01
2.574512156214491809e-01
5.588661183447506398e-01
3.770308783615451964e-01
4.367981666970442434e-01
1.330417463974694348e-01
8.939735190623274153e-02
3.419200776573369516e-01
1.727208325595872007e-01
9.879037351838949876e-02
1.203348050602684599e-01
3.567446223831591823e-01
4.996769117401124172e-01
2.824409002580910988e-01
3.076579830794186621e-01
4.459460545412765042e-01
4.978886957821206938e-01
1.664034138286853426e-01
2.592285049430220756e-01
3.578941932768894274e-01
4.123775000585155892e-01
1.320719036343045716e-01
1.121283230152017446e-01
4.764085763095763371e-01
2.445699496366151027e-01
1.176352751700679156e-01
9.825524062920024115e-02
2.190915717287918452e-01
4.573916637769803173e-01
2.309696063673338240e-01
2.369141039480233413e-01
5.365343121474075438e-01
4.926684587558826101e-01
4.777058904149659724e-01
6.280863905444019624e-01
4.138690826727066674e-01
6.560629360125906917e-01
3.824960362400905423e-01
2.054947227351647809e-01
5.225973894108792983e-01
3.517940553110379676e-01
4.860470383734099009e-01
3.133494727243312239e-01
3.825767434295994085e-01
3.946191036750197889e-01
6.071177802944508484e-01
5.029083295466173498e-01
3.211465893232597346e-01
