5.941799720616063318e-01
4.770170057692453280e-01
5.641132581366342658e-01
5.703914902285942556e-01
3.903651628279384278e-01
7.674058360095309395e-02
5.016059556018229726e-01
2.409741166329854023e-01
4.780696574912852159e-01
3.855496854460532252e-01
9.774047397814293603e-02
4.509501797637391340e-01
3.519797334998286953e-01
4.638114535328030641e-01
3.233421179220752339e-01
4.327690901077125285e-01
5.434209459236241102e-01
2.955377333182611088e-01
4.328299693631806333e-01
1.173347501747646487e-01
1.480941696127004714e-01
1.261629087534829607e-01
1.776357273077454613e-01
7.928494152799960004e-02
3.268456159879478129e-01
3.445172411714473304e-01
3.017839139980384999e-01
5.009701586852665089e-01
2.323252298901728186e-01
5.291547273732470635e-02
6.453385338082648359e-02
2.755430793613490303e-01
6.914719134750092477e-01
2.712146210316283557e-01
2.229186542890230216e-01
3.896194232359099230e-01
5.736901877510339753e-01
1.582094756700533345e-01
4.698273978802309792e-01
3.257731248440692839e-01
1.924113951440215575e-01
2.542234594971924388e-01
2.025255138927085641e-01
1.553053202038347513e-01
2.367993976134058487e-01
2.048792258422984514e-01
3.022533993725755042e-01
4.332010571797799137e-01
4.595986935663788908e-01
2.218342026778549747e-01
3.093844193974712997e-01
3.264649680208580040e-01
5.474304395876399276e-01
1.624851888104683062e-01
2.934820573876992245e-01
1.157923171990876410e-01
4.093122835583755115e-01
4.342996380836349202e-01
2.618486323039974084e-01
2.655975729297219146e-01
3.632226505703265995e-01
3.836999639379733429e-01
5.778013478579054896e-01
3.882754802336483291e-01
5.652342915668058243e-01
4.463005974507499585e-01
5.870352206829430042e-01
5.102587003769480933e-01
3.220910265129515171e-01
1.260521041248516827e-01
5.201600923819139632e-01
3.346525459314841355e-01
4.009310191035277970e-01
3.705741516281663706e-01
6.843680088598927402e-02
3.387193715125499938e-01
3.934414781821360396e-01
1.920050519356652219e-01
6.366607793631798851e-01
4.058306024809927859e-01
2.136179470364638622e-01
1.323518557427918740e-01
1.508224599215148010e-01
2.556238808697640641e-01
3.060122497994534618e-01
4.377343276245197479e-01
2.662054800436494117e-01
1.844118749885793607e-01
5.378970903861094444e-01
2.284147403974764456e-01
5.193657457152717205e-01
2.136322459805061469e-01
1.140121841775891820e-01
2.282358773069840807e-01
4.039226057651402191e-01
5.576478013580703497e-01
6.698808056401461819e-01
3.260549584643338550e-01
4.513520469363884180e-01
4.705660106416925115e-01
6.548151500156998983e-01
3.420159310204558545e-01
3.384387962454203924e-01
5.169215052523412623e-01
3.299509118897059334e-01
1.577931218347602971e-01
4.093395659454928670e-01
1.882107680008983375e-01
5.254077961166596644e-01
4.047249782640122695e-01
2.338286073038079449e-01
2.661556385806638780e-01
4.078010198586271562e-01
3.532202968430498968e-01
3.159478647127396678e-01
4.700059004539140495e-01
5.941799720616063318e-01
4.770170057692453280e-01
5.641132581366342658e-01
5.703914902285942556e-01
3.903651628279384278e-01
7.674058360095309395e-02
5.016059556018229726e-01
2.409741166329854023e-01
4.780696574912852159e-01
3.855496854460532252e-01
9.774047397814293603e-02
4.509501797637391340e-01
3.519797334998286953e-01
4.638114535328030641e-01
3.233421179220752339e-01
4.327690901077125285e-01
5.434209459236241102e-01
2.955377333182611088e-01
4.328299693631806333e-01
1.173347501747646487e-01
1.480941696127004714e-01
1.261629087534829607e-01
1.776357273077454613e-01
7.928494152799960004e-02
3.268456159879478129e-01
3.445172411714473304e-01
3.017839139980384999e-01
5.009701586852665089e-01
2.323252298901728186e-01
5.291547273732470635e-02
6.453385338082648359e-02
2.755430793613490303e-01
6.914719134750092477e-01
2.712146210316283557e-01
2.229186542890230216e-01
3.896194232359099230e-01
5.736901877510339753e-01
1.582094756700533345e-01
4.698273978802309792e-01
3.257731248440692839e-01
1.924113951440215575e-01
2.542234594971924388e-01
2.025255138927085641e-01
1.553053202038347513e-01
2.367993976134058487e-01
2.048792258422984514e-01
3.022533993725755042e-01
4.332010571797799137e-01
4.595986935663788908e-01
2.218342026778549747e-01
3.093844193974712997e-01
3.264649680208580040e-01
5.474304395876399276e-01
1.624851888104683062e-01
2.934820573876992245e-01
1.157923171990876410e-01
4.093122835583755115e-01
4.342996380836349202e-01
2.618486323039974084e-01
2.655975729297219146e-01
3.632226505703265995e-01
3.836999639379733429e-01
5.778013478579054896e-01
3.882754802336483291e-01
6.547984683428809127e-01
3.420159310204558545e-01
3.384387962454203924e-01
5.169215052523412623e-01
3.299509118897059334e-01
1.577931218347602971e-01
4.093395659454928670e-01
1.882079199857353002e-01
5.253936358724238254e-01
4.047249782640122695e-01
2.338286073038079449e-01
2.661556385806638780e-01
4.078010198586271562e-01
3.532202968430498968e-01
3.159478647127396678e-01
4.700059004539140495e-01
5.877387112385068502e-01
3.607572124846783468e-01
5.243949572612807142e-01
5.231556409242522632e-01
4.098114541845959136e-01
2.227577828144120253e-01
3.005332441282473344e-01
2.472001640720178917e-01
5.881157181197457229e-01
2.553697909331167359e-01
4.399557958859987017e-01
2.881964903875708917e-01
5.007092788012726947e-01
2.166675353167416551e-01
3.101127614234162611e-01
3.831420570529365244e-01
5.586297133888452615e-01
3.864763088172342154e-01
5.965833990333007097e-01
4.359748067201960620e-01
4.472558402328848937e-01
1.348450834332423631e-01
2.836583147305062891e-01
4.184500196708412778e-01
7.036321734655419657e-01
2.682146150856513644e-01
3.169450830681964648e-01
2.751686452373953151e-01
5.046994587470596816e-01
4.297821801753711757e-01
2.937353790812128329e-01
3.016164762699839463e-01
5.659598187467371755e-01
5.708402428070644685e-01
5.719616228944854885e-01
4.550599067803290376e-01
3.696949021080174203e-01
2.122988033257906804e-01
2.618381852681310740e-01
2.279948522968973101e-01
8.394433206567081251e-01
2.490206929224108579e-01
3.362489436906170304e-01
4.381616128548002642e-01
5.040503897592168991e-01
3.696754011360605108e-01
3.136199737230712103e-01
3.664275616409776726e-01
5.466364642773421378e-01
4.843446085807375234e-01
7.107128360157182190e-01
4.651710329180600012e-01
3.496011455729056139e-01
2.058072284208048441e-01
2.963299528915322445e-01
2.996281031915217219e-01
7.327497925261297063e-01
2.548046455579472402e-01
2.834388190735837032e-01
4.364675823658502596e-01
4.981284741483460454e-01
4.429366564673958284e-01
3.240859393536232869e-01
3.306693820623154423e-01
5.253538980599281594e-01
4.773675296839147153e-01
6.978278704856967218e-01
4.476877533821449484e-01
4.432783871295054579e-01
1.477481064004129985e-01
2.494202906461890912e-01
3.697292733666618925e-01
6.532455406942158094e-01
2.426536917382193792e-01
3.170891882649732874e-01
3.830524917566867082e-01
4.710917850998624923e-01
3.494982787518516321e-01
2.850102788670484388e-01
3.152194220652634327e-01
5.941799720616063318e-01
4.770170057692453836e-01
5.641132581366344878e-01
5.703914902285943667e-01
3.903651628279384278e-01
7.674058360095306619e-02
5.016059556018230836e-01
2.409741166329854023e-01
4.780696574912852714e-01
3.855496854460532807e-01
9.774047397814292215e-02
4.509501797637391340e-01
3.519797334998286953e-01
4.638114535328030641e-01
3.233421179220752895e-01
4.327690901077125285e-01
5.434209459236241102e-01
2.955377333182611088e-01
4.328299693631806888e-01
1.173347501747646765e-01
1.480941696127004714e-01
1.261629087534829607e-01
1.776357273077454613e-01
7.928494152799958616e-02
3.268456159879478129e-01
3.445172411714473304e-01
3.017839139980385554e-01
5.009701586852665089e-01
2.323252298901727630e-01
5.291547273732469248e-02
6.453385338082648359e-02
2.755430793613490303e-01
6.914719134750092477e-01
2.712146210316283002e-01
2.229186542890230216e-01
3.896194232359099230e-01
5.736901877510338643e-01
1.582094756700533622e-01
4.698273978802309236e-01
3.257731248440692284e-01
1.924113951440215575e-01
2.542234594971924388e-01
2.025255138927085363e-01
1.553053202038348068e-01
2.367993976134057932e-01
2.048792258422984514e-01
3.022533993725755042e-01
4.332010571797800247e-01
4.595986935663788353e-01
2.218342026778549192e-01
3.093844193974713552e-01
3.264649680208580040e-01
5.474304395876399276e-01
1.624851888104682784e-01
2.934820573876992245e-01
1.157923171990876132e-01
4.093122835583755115e-01
4.342996380836349757e-01
2.618486323039974084e-01
2.655975729297219146e-01
3.632226505703266550e-01
3.836999639379733429e-01
5.778013478579054896e-01
3.882754802336482736e-01
