2.781231779803831072e-01
5.096583399597088837e-01
3.919114460190414873e-01
5.028496808717177746e-01
2.796716585003232169e-01
3.002525578052100963e-01
3.241797850768627365e-01
5.115312673015715017e-01
3.856986570056633590e-01
3.215391568050162685e-01
1.173646952593368903e-01
6.195215512035009420e-01
4.659505213452568850e-01
5.628409158360460074e-01
4.271745039392996768e-01
4.433591345309566001e-01
4.432183329227263879e-01
2.549923046965342777e-01
4.896136311622501514e-01
4.932269102962240637e-01
4.537738927234513109e-01
1.004919287426027930e-01
9.542822006044068828e-02
2.456246996775332814e-01
2.290120577962051207e-01
9.752907553645540073e-02
1.269238187675338081e-01
3.271430900361743666e-01
3.058892677462360932e-01
2.424865225702617921e-01
2.456150800382423671e-01
4.957896647200751294e-01
5.477223084446227741e-01
2.085783095909948259e-01
2.491607772228278117e-01
3.877534898897986304e-01
3.488963084799620584e-01
1.157043716425066593e-01
1.077555047677171418e-01
4.068128663664251632e-01
2.241106339500540945e-01
1.054437756323394620e-01
6.100630432936367947e-02
1.833507376180721349e-01
3.565610056759401791e-01
2.559491929621829920e-01
1.979068218644187416e-01
5.219246046848354803e-01
4.673762108959828576e-01
4.253183643001354208e-01
4.193520746069646643e-01
3.648801069126355046e-01
9.215570107354146279e-01
3.467439462020631691e-01
2.424394709724160546e-01
4.784943814951478358e-01
4.426831855013317885e-01
3.816572069156777269e-01
3.223748480014003159e-01
3.643618600096740212e-01
3.587828445715582348e-01
7.666697060747635906e-01
5.644846068674399531e-01
3.747411061095344831e-01
3.764010521080805582e-01
5.199340145477204800e-01
6.555134778907663051e-01
4.840008003793065949e-01
3.130971630817142026e-01
2.849130453763786819e-01
3.377705733790415943e-01
5.868148419756105127e-01
5.975293091177756866e-01
3.781767582129075822e-01
1.698562330486834693e-01
4.134228866042887751e-01
4.358882296965080894e-01
4.553401330174952077e-01
5.672528734809526574e-01
2.649214138364464066e-01
3.818542815314985850e-01
4.189173803033381382e-01
6.694393495743430900e-02
1.187388501941976510e-01
2.279824987673623460e-01
1.109179347200149601e-01
3.692894680152667419e-01
3.175254652009475986e-01
7.025342735551679541e-01
2.195136064105057128e-01
3.454186198605702085e-01
1.076232526398825662e-01
2.391492747966768029e-01
3.879502048344208864e-01
4.047246686996383569e-01
8.185054594491376623e-01
5.893001401066966238e-01
3.579876679421845065e-01
2.883848084265063783e-01
6.677851257921254557e-01
4.377393825441769915e-01
3.856590235689476009e-01
3.335642739830330106e-01
6.179741599990451473e-01
4.444453188765096208e-01
2.269310874060242456e-01
1.999469621271434960e-01
5.081782343553890025e-01
4.447150856355381321e-01
1.924462607050458907e-01
1.382027503958180858e-01
3.162292900836303766e-01
5.029077506256229846e-01
6.449703943831847086e-01
3.749443106090603606e-01
5.370876640212115527e-01
2.781231779803831072e-01
5.096583399597088837e-01
3.919114460190414873e-01
5.028496808717177746e-01
2.796716585003232169e-01
3.002525578052100963e-01
3.241797850768627365e-01
5.115312673015715017e-01
3.856986570056633590e-01
3.215391568050162685e-01
1.173646952593368903e-01
6.195215512035009420e-01
4.659505213452568850e-01
5.628409158360460074e-01
4.271745039392996768e-01
4.433591345309566001e-01
4.432183329227263879e-01
2.549923046965342777e-01
4.896136311622501514e-01
4.932269102962240637e-01
4.537738927234513109e-01
1.004919287426027930e-01
9.542822006044068828e-02
2.456246996775332814e-01
2.290120577962051207e-01
9.752907553645540073e-02
1.269238187675338081e-01
3.271430900361743666e-01
3.058892677462360932e-01
2.424865225702617921e-01
2.456150800382423671e-01
4.957896647200751294e-01
5.477223084446227741e-01
2.085783095909948259e-01
2.491607772228278117e-01
3.877534898897986304e-01
3.488963084799620584e-01
1.157043716425066593e-01
1.077555047677171418e-01
4.068128663664251632e-01
2.241106339500540945e-01
1.054437756323394620e-01
6.100630432936367947e-02
1.833507376180721349e-01
3.565610056759401791e-01
2.559491929621829920e-01
1.979068218644187416e-01
5.219246046848354803e-01
4.673762108959828576e-01
4.253183643001354208e-01
4.193520746069646643e-01
3.648801069126355046e-01
9.215570107354146279e-01
3.467439462020631691e-01
2.424394709724160546e-01
4.784943814951478358e-01
4.426831855013317885e-01
3.816572069156777269e-01
3.223748480014003159e-01
3.643618600096740212e-01
3.587828445715582348e-01
7.666697060747635906e-01
5.644846068674399531e-01
3.747411061095344831e-01
4.377282309616893352e-01
3.856590235689476009e-01
3.335642739830330106e-01
6.179741599990451473e-01
4.444453188765096208e-01
2.269310874060242456e-01
1.999469621271434960e-01
5.081765088880006997e-01
4.446985177906736530e-01
1.924462607050458907e-01
1.382027503958180858e-01
3.162292900836303766e-01
5.029077506256229846e-01
6.449703943831847086e-01
3.749443106090603606e-01
5.370876640212115527e-01
4.002245526683567700e-01
4.740495752723914991e-01
3.811666394542892466e-01
5.794881719012946464e-01
4.624368472159351984e-01
1.485692971639414606e-01
2.597210601784143424e-01
5.020614012900102008e-01
4.811699321829138176e-01
1.731767832042137578e-01
1.668847791411509629e-01
3.654291865906991177e-01
5.855561541824402250e-01
5.580897188087181604e-01
3.493042698577608629e-01
4.937973937195823670e-01
4.574187926356049205e-01
3.729529714306230592e-01
3.132353050107847259e-01
5.400357396803973087e-01
4.252305169446607414e-01
1.853782011822347475e-01
2.156675121275675733e-01
5.889013923464365696e-01
3.423595484211079398e-01
2.095856951212930475e-01
1.944265261437236048e-01
3.114136428585740357e-01
6.349741113137052917e-01
6.022504254927770750e-01
3.356040972998495242e-01
4.850250916053107098e-01
4.428108494708811738e-01
5.139070814498591933e-01
2.981567365738404529e-01
5.869784882998655418e-01
4.491927269103156983e-01
1.927783528376380562e-01
2.235053915341801423e-01
3.748629056209127342e-01
4.999444256492514560e-01
2.669700961562811448e-01
1.524002942530728322e-01
4.214853991647660170e-01
5.900139237949224569e-01
6.101106677820407054e-01
3.318923005634640266e-01
5.474459874484477462e-01
4.400434383299826058e-01
5.503124957671026163e-01
3.690027867723124078e-01
5.534206850938028222e-01
4.158053370948553984e-01
1.976730035975768074e-01
2.603115811568704197e-01
4.289211334208637427e-01
4.462135268516443931e-01
1.916644065294298149e-01
1.570918123077957862e-01
4.380820225921725486e-01
5.559645807687915164e-01
6.930624274384005190e-01
3.241258549339077755e-01
5.438075454546844600e-01
4.433642605716705543e-01
3.908991507949057809e-01
3.451609788084274433e-01
5.846825578731336126e-01
3.840844460665094329e-01
1.856268860697384282e-01
2.233141250012600221e-01
4.988121815320360475e-01
3.801492987555974423e-01
2.158548094782330451e-01
1.649801820763145965e-01
3.255926408479926093e-01
5.474937075230346117e-01
5.627393447993360720e-01
3.054243987993255915e-01
5.289483798600873588e-01
2.781231779803831072e-01
5.096583399597088837e-01
3.919114460190415983e-01
5.028496808717177746e-01
2.796716585003232725e-01
3.002525578052100963e-01
3.241797850768627920e-01
5.115312673015716127e-01
3.856986570056634145e-01
3.215391568050163240e-01
1.173646952593368764e-01
6.195215512035008310e-01
4.659505213452569405e-01
5.628409158360461184e-01
4.271745039392997323e-01
4.433591345309566556e-01
4.432183329227264434e-01
2.549923046965342777e-01
4.896136311622502069e-01
4.932269102962240637e-01
4.537738927234513109e-01
1.004919287426027930e-01
9.542822006044067440e-02
2.456246996775332814e-01
2.290120577962051207e-01
9.752907553645540073e-02
1.269238187675338358e-01
3.271430900361743110e-01
3.058892677462360377e-01
2.424865225702617089e-01
2.456150800382424226e-01
4.957896647200751294e-01
5.477223084446227741e-01
2.085783095909947704e-01
2.491607772228278117e-01
3.877534898897986304e-01
3.488963084799621139e-01
1.157043716425066870e-01
1.077555047677171418e-01
4.068128663664251632e-01
2.241106339500540945e-01
1.054437756323394620e-01
6.100630432936367253e-02
1.833507376180721904e-01
3.565610056759401236e-01
2.559491929621829920e-01
1.979068218644187971e-01
5.219246046848355913e-01
4.673762108959829131e-01
4.253183643001353653e-01
4.193520746069647198e-01
3.648801069126355046e-01
9.215570107354146279e-01
3.467439462020631136e-01
2.424394709724160546e-01
4.784943814951477248e-01
4.426831855013318995e-01
3.816572069156777824e-01
3.223748480014003159e-01
3.643618600096740212e-01
3.587828445715582903e-01
7.666697060747635906e-01
5.644846068674400641e-01
3.747411061095344276e-01
