1.879168414445968049e-01
5.077815713724878055e-01
3.732487025719636864e-01
3.366087483435075134e-01
3.044611217169472805e-01
5.034989948274610772e-01
1.992483213276204923e-01
5.935925186832179401e-01
4.589864419099692339e-01
1.239989957143649568e-01
2.426287461948979929e-01
9.621383522779161090e-01
4.343860886191415749e-01
6.389872609663204139e-01
3.439854260185382095e-01
2.874459808182135978e-01
4.092754706758148231e-01
3.395081950860190378e-01
5.842515817719013960e-01
4.851269076300628869e-01
5.391140702802302842e-01
1.214977224237174247e-01
6.099197651645448665e-02
4.269421981953512302e-01
1.562776756460257932e-01
5.162063157580207978e-02
5.555051296894162466e-02
2.971054376028519073e-01
3.432994702411009680e-01
3.546606174546015344e-01
3.405310403940310371e-01
5.088645725345462001e-01
3.871619555815886682e-01
2.178523683966759883e-01
2.710964012113845079e-01
4.123768827614441301e-01
4.581226421729623355e-01
7.334023666969510802e-02
6.373069796101142603e-02
2.424925332349592566e-01
1.971672613128765406e-01
3.830219984019397200e-02
8.595600297261779543e-02
2.100338813852852260e-01
5.106532681340280044e-01
3.779514018949492460e-01
2.790057338409016041e-01
6.539081601954119805e-01
4.030343555426735835e-01
4.799290724831009602e-01
6.256252904457111352e-01
3.042673619428400422e-01
8.138829406632334118e-01
4.215506629379514036e-01
1.925964098135239944e-01
6.973008877565169961e-01
4.134747210324604128e-01
5.867376589137662801e-01
2.174229226579841023e-01
5.643371038456089783e-01
3.009421407816246230e-01
6.221326230609055541e-01
6.607616401389141414e-01
3.084093225113150871e-01
2.863100391303193826e-01
5.977324945886819396e-01
6.535796815922534364e-01
3.187737935431982361e-01
4.630356174320111595e-01
4.301317110647406294e-01
2.531274907072049163e-01
8.427295707939610470e-01
8.134540491145573204e-01
1.565817939690733462e-01
3.373318409449583832e-01
3.667616607766192582e-01
4.843481427831720643e-01
4.141992627789186088e-01
5.956217244265271660e-01
4.240255069639758956e-01
5.060550723127579253e-01
3.980205363743138935e-01
9.024115504223229056e-02
6.230468367160594406e-02
1.644749251406147916e-01
6.215561015271837964e-02
5.041194582426210546e-01
4.006689596602188153e-01
5.027904772503125619e-01
2.886339288289147542e-01
5.455177349723115965e-01
4.618700934156614452e-02
2.661901866258595817e-01
4.951377068137339799e-01
3.440295623232873523e-01
7.243751944227925232e-01
5.309279226420895448e-01
3.897875864241625576e-01
3.008415655479536044e-01
6.773862916619850516e-01
3.318903793202145902e-01
4.535654984684917568e-01
4.254249641116273351e-01
5.174576181602672520e-01
4.970576402505887392e-01
2.818417302621624154e-01
1.323178113789859889e-01
6.269607826532115347e-01
3.995964630434031828e-01
1.382098772056438440e-01
1.192890120007758376e-01
5.227786159723686321e-01
5.100248895239438696e-01
7.009586961601019794e-01
4.623869417784957636e-01
4.728567617624649944e-01
1.879168414445968049e-01
5.077815713724878055e-01
3.732487025719636864e-01
3.366087483435075134e-01
3.044611217169472805e-01
5.034989948274610772e-01
1.992483213276204923e-01
5.935925186832179401e-01
4.589864419099692339e-01
1.239989957143649568e-01
2.426287461948979929e-01
9.621383522779161090e-01
4.343860886191415749e-01
6.389872609663204139e-01
3.439854260185382095e-01
2.874459808182135978e-01
4.092754706758148231e-01
3.395081950860190378e-01
5.842515817719013960e-01
4.851269076300628869e-01
5.391140702802302842e-01
1.214977224237174247e-01
6.099197651645448665e-02
4.269421981953512302e-01
1.562776756460257932e-01
5.162063157580207978e-02
5.555051296894162466e-02
2.971054376028519073e-01
3.432994702411009680e-01
3.546606174546015344e-01
3.405310403940310371e-01
5.088645725345462001e-01
3.871619555815886682e-01
2.178523683966759883e-01
2.710964012113845079e-01
4.123768827614441301e-01
4.581226421729623355e-01
7.334023666969510802e-02
6.373069796101142603e-02
2.424925332349592566e-01
1.971672613128765406e-01
3.830219984019397200e-02
8.595600297261779543e-02
2.100338813852852260e-01
5.106532681340280044e-01
3.779514018949492460e-01
2.790057338409016041e-01
6.539081601954119805e-01
4.030343555426735835e-01
4.799290724831009602e-01
6.256252904457111352e-01
3.042673619428400422e-01
8.138829406632334118e-01
4.215506629379514036e-01
1.925964098135239944e-01
6.973008877565169961e-01
4.134747210324604128e-01
5.867376589137662801e-01
2.174229226579841023e-01
5.643371038456089783e-01
3.009421407816246230e-01
6.221326230609055541e-01
6.607616401389141414e-01
3.084093225113150871e-01
3.318819242826066551e-01
4.535654984684917568e-01
4.254249641116273351e-01
5.174576181602672520e-01
4.970576402505887392e-01
2.818417302621624154e-01
1.323178113789859889e-01
6.269594739128323546e-01
3.995785490097258363e-01
1.382098772056438440e-01
1.192890120007758376e-01
5.227786159723686321e-01
5.100248895239438696e-01
7.009586961601019794e-01
4.623869417784957636e-01
4.728567617624649944e-01
3.620713878341488279e-01
4.978931551658495880e-01
3.287519621498731781e-01
5.126926460487177817e-01
4.427833500505723996e-01
1.837918693203476894e-01
2.671328521939123624e-01
5.577147820919092780e-01
5.077049818121422975e-01
1.584918220093458341e-01
1.915972617602150208e-01
3.741063003882385551e-01
5.036470918466054991e-01
6.278952494488156955e-01
3.920549065381384590e-01
5.305839325594531308e-01
4.463044552390921238e-01
3.057520869017836262e-01
2.942315635244853733e-01
4.745599654441594595e-01
3.520934510673903173e-01
2.332206388270553488e-01
2.205333602504513379e-01
6.864489752155660263e-01
3.505570373840057874e-01
2.222793882231815510e-01
1.963923434863796558e-01
3.243362487180539433e-01
5.445209196351582515e-01
6.976996500911917254e-01
3.981504033196914261e-01
5.116667285351879091e-01
3.700759562445684603e-01
4.542355701442187810e-01
2.996763503032127129e-01
5.773419797586544222e-01
4.625277530696500494e-01
2.415295898714033829e-01
2.321075599724205518e-01
3.877508989216044144e-01
3.872974675663229949e-01
3.315607604117006280e-01
1.834868434722390362e-01
4.147505074328431407e-01
5.960123929275116250e-01
6.159823925842671244e-01
3.096145126867372865e-01
5.694370960893406775e-01
3.636136653083441028e-01
5.644091535875468413e-01
2.782654037839357719e-01
5.575548095098729062e-01
4.036301407000438268e-01
2.301523893864742543e-01
3.014957379559627948e-01
4.564429821675961008e-01
4.266268929631280571e-01
2.246387294770305354e-01
1.834824445991514175e-01
3.958070630592424033e-01
5.385224041692193708e-01
6.987964795736731904e-01
3.462498519168181188e-01
5.632833502013688820e-01
4.226819682244419285e-01
3.415336452838126924e-01
3.215989943093762182e-01
5.145082887377281367e-01
3.344249011839947605e-01
2.302997988377585292e-01
2.310522107754380827e-01
5.540567416662676159e-01
3.339246176915949826e-01
2.254932483810878074e-01
1.787721295682909717e-01
3.668568602212072816e-01
4.890865123684446925e-01
6.336276941401974838e-01
3.317714851365366480e-01
5.544785918852862538e-01
1.879168414445968049e-01
5.077815713724876945e-01
3.732487025719638529e-01
3.366087483435075134e-01
3.044611217169472805e-01
5.034989948274610772e-01
1.992483213276205201e-01
5.935925186832179401e-01
4.589864419099692894e-01
1.239989957143649568e-01
2.426287461948979651e-01
9.621383522779159980e-01
4.343860886191415749e-01
6.389872609663204139e-01
3.439854260185381540e-01
2.874459808182135978e-01
4.092754706758148786e-01
3.395081950860190378e-01
5.842515817719013960e-01
4.851269076300629979e-01
5.391140702802302842e-01
1.214977224237174108e-01
6.099197651645447971e-02
4.269421981953511747e-01
1.562776756460257932e-01
5.162063157580207284e-02
5.555051296894163160e-02
2.971054376028518518e-01
3.432994702411009125e-01
3.546606174546014234e-01
3.405310403940310371e-01
5.088645725345462001e-01
3.871619555815886682e-01
2.178523683966759328e-01
2.710964012113845079e-01
4.123768827614441301e-01
4.581226421729624465e-01
7.334023666969512190e-02
6.373069796101142603e-02
2.424925332349592288e-01
1.971672613128765406e-01
3.830219984019397200e-02
8.595600297261776768e-02
2.100338813852852815e-01
5.106532681340278934e-01
3.779514018949492460e-01
2.790057338409016041e-01
6.539081601954122025e-01
4.030343555426736391e-01
4.799290724831008492e-01
6.256252904457112463e-01
3.042673619428400422e-01
8.138829406632334118e-01
4.215506629379513481e-01
1.925964098135239944e-01
6.973008877565169961e-01
4.134747210324604683e-01
5.867376589137662801e-01
2.174229226579841023e-01
5.643371038456090893e-01
3.009421407816246785e-01
6.221326230609055541e-01
6.607616401389142524e-01
3.084093225113150871e-01
