6.840810987804805954e-02
3.560492903650551710e-01
2.048477473347212752e-01
7.587876790097378144e-02
1.823415433249882533e-01
4.525318147905526001e-01
9.567034219557728481e-01
3.503755943503898962e-01
3.222053265829372126e-01
3.667313529413723794e-01
4.318385989996613161e-01
4.273155582613742953e-01
5.894760333997409174e-02
5.799186639297525536e-01
1.793837201293571881e-01
4.682764000324175085e-02
1.765823355403878248e-01
3.794108114575034385e-01
4.870672695677331077e-01
1.442397332183766867e-01
3.603803700523502407e-01
2.673078899507463357e-01
4.143926351741491487e-01
3.782163371366051852e-01
9.816817620185870341e-01
3.995837494519515753e-01
5.565637987040523704e-01
7.026689640700268802e-01
1.477965381060186989e-01
5.465292471571389088e-01
3.216890967454653638e-01
1.106376519347366805e-01
4.264438677539832412e-01
9.336951853040120763e-01
7.252668837340690011e-01
4.228916696694747790e-01
3.647427576116658576e-01
3.154876945742988159e-01
4.886061590029122659e-01
4.444073533638689955e-01
5.678405541942941337e-01
4.350490162390016624e-01
2.736406543986651951e-01
3.347194905863941639e-01
1.798209779435462619e-01
6.980257234928164412e-01
2.834622852172041241e-01
2.685121525331303216e-01
3.931071144652871496e-02
2.557351135214341320e-01
8.189881213957939110e-02
4.797577278100555870e-02
4.082678074807098989e-01
5.308299468583932423e-01
8.538463962636790860e-01
2.287039309741403237e-01
2.546114383173124218e-01
2.773289739283836264e-01
3.752761871607604993e-01
1.643260682485332413e-01
2.739994270404042670e-02
3.764936918763676088e-01
1.163512508755030483e-01
3.506328255029021040e-02
5.949055869027623095e-02
2.716262582610494136e-01
1.887612219579191675e-01
6.179754378308625201e-02
1.141158800691200181e-01
4.784507458231818666e-01
8.722406950454273389e-01
3.801077579976749887e-01
3.662461421389056060e-01
4.288733554568106565e-01
4.144635697713612843e-01
5.324539749391517945e-02
4.647381254643824233e-01
1.445268376603696947e-01
1.701258674135150417e-01
4.657550682723385904e-01
4.378739717589394953e-01
3.904831330267976019e-01
2.591921976057388610e-01
5.295731509951694393e-01
9.293535065706221010e-01
4.787029080152928051e-01
9.232852607494473895e-02
8.274823873383497785e-01
3.632911283184421247e-01
8.632951017556356188e-01
2.881156050688836734e-01
4.044189006423135613e-01
5.504289718309177681e-01
2.142669685630352316e-01
3.146374643220021389e-02
3.223152405312426638e-01
2.910730707214265744e-01
6.515673071913370418e-01
7.671054160239689779e-01
1.699572407256523809e-01
1.192988470388628985e-01
6.389949663114367073e-01
3.812056740948873701e-01
1.767194384743887570e-01
2.124083365012495728e-01
4.472526087047765109e-01
7.502430987346462299e-01
4.263655003999352600e-01
9.999999999999997780e-01
4.641884914118328820e-01
4.747361647725834022e-01
3.602711091961152134e-01
7.172630685110796545e-02
7.748859184127374622e-01
2.071028749830902682e-01
8.016992802408037799e-02
6.840810987804805954e-02
3.560492903650551710e-01
2.048477473347212752e-01
7.587876790097378144e-02
1.823415433249882533e-01
4.525318147905526001e-01
9.567034219557728481e-01
3.503755943503898962e-01
3.222053265829372126e-01
3.667313529413723794e-01
4.318385989996613161e-01
4.273155582613742953e-01
5.894760333997409174e-02
5.799186639297525536e-01
1.793837201293571881e-01
4.682764000324175085e-02
1.765823355403878248e-01
3.794108114575034385e-01
4.870672695677331077e-01
1.442397332183766867e-01
3.603803700523502407e-01
2.673078899507463357e-01
4.143926351741491487e-01
3.782163371366051852e-01
9.816817620185870341e-01
3.995837494519515753e-01
5.565637987040523704e-01
7.026689640700268802e-01
1.477965381060186989e-01
5.465292471571389088e-01
3.216890967454653638e-01
1.106376519347366805e-01
4.264438677539832412e-01
9.336951853040120763e-01
7.252668837340690011e-01
4.228916696694747790e-01
3.647427576116658576e-01
3.154876945742988159e-01
4.886061590029122659e-01
4.444073533638689955e-01
5.678405541942941337e-01
4.350490162390016624e-01
2.736406543986651951e-01
3.347194905863941639e-01
1.798209779435462619e-01
6.980257234928164412e-01
2.834622852172041241e-01
2.685121525331303216e-01
3.931071144652871496e-02
2.557351135214341320e-01
8.189881213957939110e-02
4.797577278100555870e-02
4.082678074807098989e-01
5.308299468583932423e-01
8.538463962636790860e-01
2.287039309741403237e-01
2.546114383173124218e-01
2.773289739283836264e-01
3.752761871607604993e-01
1.643260682485332413e-01
2.739994270404042670e-02
3.764936918763676088e-01
1.163512508755030483e-01
3.506328255029021040e-02
1.192958078539357591e-01
6.389949663114367073e-01
3.812056740948873701e-01
1.767194384743887570e-01
2.124083365012495728e-01
4.472526087047765109e-01
7.502430987346462299e-01
4.263634879074206241e-01
1.000000000000000000e+00
4.641884914118328820e-01
4.747361647725834022e-01
3.602711091961152134e-01
7.172630685110796545e-02
7.748859184127374622e-01
2.071028749830902682e-01
8.016992802408037799e-02
1.235637676568484000e-01
4.977750008796963388e-01
6.743109524481671890e-01
1.363700605680746580e-01
7.880695684819123414e-01
4.274812802585021831e-01
6.301274847030748916e-01
3.433675211256144721e-01
5.117711853117192788e-01
6.778118492900405689e-01
6.604578144552394336e-01
3.607036913590448979e-01
1.085139998231777897e-01
3.255958757332659825e-01
4.155421427870912288e-01
7.638589646219250129e-02
2.086573408306963973e-01
3.398477244074143422e-01
4.042268093749740721e-01
1.419804606957416337e-01
3.957401548844744488e-01
4.834740245615579690e-01
6.824955841643113308e-01
3.857621377895547043e-01
4.406632039204693152e-01
6.757754384726050167e-01
7.090476532766152307e-01
1.675441200003643938e-01
1.893741898501126175e-01
3.328422143345530770e-01
1.781641319132977186e-01
7.101820919625599637e-02
1.532012752397511890e-01
7.324981615085112141e-01
3.974952017641979474e-01
1.233057283749335181e-01
4.212695826785075037e-01
5.168954633362558004e-01
7.314197967732198880e-01
2.054215302702073753e-01
8.377563486922777747e-01
6.759419864078184403e-01
6.438116256391925862e-01
4.409264273963811043e-01
1.437474063133181157e-01
4.724678654923205046e-01
2.570504272799834511e-01
1.013605817023203876e-01
1.440662750701166006e-01
5.103062198577126285e-01
7.135647370114839294e-01
1.279109498804422151e-01
5.971211169509760275e-01
4.991825749064700557e-01
6.862234304138942198e-01
3.505072847263318025e-01
4.950573752270575056e-01
7.601072458225185402e-01
5.952521686090835873e-01
3.487026301846698484e-01
1.353347060040158700e-01
3.943579344959113331e-01
3.510184448913907795e-01
9.397060389864060614e-02
2.129328834707465423e-01
3.562509142343839308e-01
4.446745210260615311e-01
1.560623049812464302e-01
3.466774746862728018e-01
4.793249048706882398e-01
7.137352332130662003e-01
3.187681775478908297e-01
4.443778757875188612e-01
7.100347493669094678e-01
6.956043311003786700e-01
2.165345997353715357e-01
1.447752874540679524e-01
3.043826870600639389e-01
1.672605026439902831e-01
9.372431246581182374e-02
6.840810987804804566e-02
3.560492903650551155e-01
2.048477473347213584e-01
7.587876790097378144e-02
1.823415433249882256e-01
4.525318147905526001e-01
9.567034219557730701e-01
3.503755943503898962e-01
3.222053265829372126e-01
3.667313529413723794e-01
4.318385989996612606e-01
4.273155582613742953e-01
5.894760333997409174e-02
5.799186639297526646e-01
1.793837201293572159e-01
4.682764000324175085e-02
1.765823355403878248e-01
3.794108114575034385e-01
4.870672695677331077e-01
1.442397332183766867e-01
3.603803700523502407e-01
2.673078899507463357e-01
4.143926351741492042e-01
3.782163371366051297e-01
9.816817620185872562e-01
3.995837494519515198e-01
5.565637987040523704e-01
7.026689640700268802e-01
1.477965381060186434e-01
5.465292471571387978e-01
3.216890967454653638e-01
1.106376519347366805e-01
4.264438677539832412e-01
9.336951853040119653e-01
7.252668837340688901e-01
4.228916696694747790e-01
3.647427576116658576e-01
3.154876945742988714e-01
4.886061590029122659e-01
4.444073533638689399e-01
5.678405541942941337e-01
4.350490162390017179e-01
2.736406543986651396e-01
3.347194905863942194e-01
1.798209779435462341e-01
6.980257234928165522e-01
2.834622852172041241e-01
2.685121525331304326e-01
3.931071144652871496e-02
2.557351135214340765e-01
8.189881213957940498e-02
4.797577278100555870e-02
4.082678074807098989e-01
5.308299468583932423e-01
8.538463962636790860e-01
2.287039309741402682e-01
2.546114383173124218e-01
2.773289739283836264e-01
3.752761871607604993e-01
1.643260682485332136e-01
2.739994270404043364e-02
3.764936918763676088e-01
1.163512508755030345e-01
3.506328255029020347e-02
