1.865660260281720717e-02
2.865224860657931139e-01
2.430288783490187066e-01
4.157763951289083354e-02
2.027046061290668222e-01
5.772600101493495783e-01
7.115073874898835138e-01
2.065081006259305574e-01
1.887232913865932171e-01
3.892282260202874489e-01
4.279667475792537368e-01
3.169020082575507713e-01
1.869906408743194845e-02
4.171821685448086070e-01
1.430835399759549376e-01
1.816329769582593692e-02
2.460986444140743079e-01
4.690350822022514299e-01
5.992321447848268923e-01
1.497439417492075764e-01
4.148017225164858379e-01
3.672945326834184954e-01
5.107579574321523541e-01
4.850186432188769436e-01
6.379073711371278099e-01
4.669679825633321069e-01
7.772150641867712206e-01
6.541079948638258701e-01
1.194611298835567548e-01
4.845598848059971542e-01
4.587041221123266399e-01
1.187644729731534010e-01
2.931426216387792438e-01
7.260170714032724293e-01
4.660592102492907562e-01
2.649633901428975480e-01
6.273608324291140015e-01
4.612390657647767456e-01
5.639484597594590642e-01
5.633801245270809721e-01
4.679365434945835789e-01
6.910331694679543446e-01
3.760285348487201751e-01
4.816948493026228517e-01
1.741842241808733149e-01
7.001737716580338500e-01
4.084652621226538272e-01
1.588482217381302908e-01
1.400657820240720081e-02
2.172839833592432046e-01
5.662924171188283423e-02
1.869116863461529887e-02
3.964110412419714624e-01
5.129333852746396083e-01
7.025042063715948304e-01
1.985529015738364822e-01
1.924284943537757919e-01
4.605563155494755700e-01
4.833556782134889596e-01
1.902749739554373543e-01
2.258771064406177569e-03
3.307606155044799379e-01
6.793233714262700285e-02
1.516072552301613377e-02
1.946821315770654037e-02
1.622503598393897906e-01
2.229427394425398945e-01
2.964364973660027491e-02
1.451546586706043140e-01
6.518026020173008916e-01
7.110428964075297120e-01
2.332321524092894061e-01
2.434153423811092343e-01
5.133963930822236232e-01
4.705553156179084762e-01
1.869496071589641512e-02
2.972351619137110212e-01
1.318129945984402862e-01
1.885991298883944456e-01
6.729658896464829620e-01
6.035890144965795345e-01
5.220763061547194495e-01
3.619159178023530488e-01
6.976107528495583132e-01
6.681114787543280809e-01
5.557972319491265578e-01
6.198851652329154249e-02
6.127719153844999322e-01
2.472422175709212966e-01
7.462945957417350673e-01
5.697100396605742079e-01
6.294040834717621324e-01
4.804825773179058901e-01
1.930502507466744233e-01
6.225418418136632014e-03
2.546350685967764815e-01
1.817204640097773161e-01
7.290960229221266076e-01
8.321942097497274649e-01
1.272680064561210744e-01
7.676590774221361824e-02
5.479363976155824378e-01
3.079147633283511043e-01
9.653618519432913270e-02
3.326550451783996110e-01
5.679460169767818201e-01
7.255521910782495310e-01
4.615013545496855496e-01
6.156572670796338631e-01
6.501987119679077942e-01
6.278924198952650082e-01
3.802798285684839130e-01
3.333754622578989635e-02
6.767358440224479077e-01
2.915782497874623291e-01
4.232383417709883328e-02
1.865660260281720717e-02
2.865224860657931139e-01
2.430288783490187066e-01
4.157763951289083354e-02
2.027046061290668222e-01
5.772600101493495783e-01
7.115073874898835138e-01
2.065081006259305574e-01
1.887232913865932171e-01
3.892282260202874489e-01
4.279667475792537368e-01
3.169020082575507713e-01
1.869906408743194845e-02
4.171821685448086070e-01
1.430835399759549376e-01
1.816329769582593692e-02
2.460986444140743079e-01
4.690350822022514299e-01
5.992321447848268923e-01
1.497439417492075764e-01
4.148017225164858379e-01
3.672945326834184954e-01
5.107579574321523541e-01
4.850186432188769436e-01
6.379073711371278099e-01
4.669679825633321069e-01
7.772150641867712206e-01
6.541079948638258701e-01
1.194611298835567548e-01
4.845598848059971542e-01
4.587041221123266399e-01
1.187644729731534010e-01
2.931426216387792438e-01
7.260170714032724293e-01
4.660592102492907562e-01
2.649633901428975480e-01
6.273608324291140015e-01
4.612390657647767456e-01
5.639484597594590642e-01
5.633801245270809721e-01
4.679365434945835789e-01
6.910331694679543446e-01
3.760285348487201751e-01
4.816948493026228517e-01
1.741842241808733149e-01
7.001737716580338500e-01
4.084652621226538272e-01
1.588482217381302908e-01
1.400657820240720081e-02
2.172839833592432046e-01
5.662924171188283423e-02
1.869116863461529887e-02
3.964110412419714624e-01
5.129333852746396083e-01
7.025042063715948304e-01
1.985529015738364822e-01
1.924284943537757919e-01
4.605563155494755700e-01
4.833556782134889596e-01
1.902749739554373543e-01
2.258771064406177569e-03
3.307606155044799379e-01
6.793233714262700285e-02
1.516072552301613377e-02
7.676395210059996921e-02
5.479363976155824378e-01
3.079147633283511043e-01
9.653618519432913270e-02
3.326550451783996110e-01
5.679460169767818201e-01
7.255521910782495310e-01
4.614994653249373524e-01
6.156457995777999681e-01
6.501987119679077942e-01
6.278924198952650082e-01
3.802798285684839130e-01
3.333754622578989635e-02
6.767358440224479077e-01
2.915782497874623291e-01
4.232383417709883328e-02
5.918337393233594201e-02
4.705470363001300060e-01
5.422656227446376320e-01
6.111321183096675436e-02
5.665339378409095517e-01
4.924728560166080626e-01
8.447421418977260066e-01
3.709578722728846256e-01
5.054729655055857362e-01
7.919723470672818122e-01
6.884610529375829735e-01
3.487689730702223656e-01
6.524640312200570558e-02
3.571084331828699998e-01
3.368366193464553682e-01
5.380736938245027356e-02
1.252789006069628674e-01
2.639871058821512961e-01
3.202007103318348924e-01
9.009424948133629152e-02
3.283602354563396331e-01
5.657869383533469243e-01
8.283495338715334277e-01
3.461263610510528776e-01
3.892962540273092742e-01
8.104855684350442679e-01
7.428914400297809140e-01
1.539157375742831735e-01
9.449532982881542198e-02
3.227715303663453161e-01
1.982829235341484475e-01
5.877826746306187566e-02
7.450183687503873775e-02
6.112775734053376153e-01
3.288765915024131070e-01
7.395293270540632957e-02
3.953218197629267405e-01
6.354102894531220569e-01
8.002710229347480553e-01
2.191245290833695458e-01
7.386374748778524735e-01
8.007653224469917230e-01
7.417099399470701293e-01
4.088994557575708066e-01
6.263468195937448024e-02
5.169356086479059975e-01
2.611753981102468702e-01
6.995326673400122097e-02
6.897805849622369589e-02
4.960328650916482895e-01
5.787369057996851751e-01
6.099470666258489937e-02
5.181117827141814569e-01
6.209580793242301944e-01
8.014529045197331669e-01
3.640863708544238020e-01
4.376964374675469394e-01
8.011452169184046790e-01
7.107610434193265547e-01
3.558309840126878676e-01
6.250778239535896563e-02
4.416370167714793182e-01
3.386814143193224158e-01
6.442738066078936010e-02
1.380030459932614362e-01
2.391867685975966884e-01
3.528515651547126097e-01
1.089250050342010223e-01
2.648722455924198971e-01
5.722035781335874649e-01
8.502098931778833135e-01
2.881238076714717766e-01
3.196775446368462781e-01
8.634102152070753933e-01
7.585213323040398414e-01
1.809831904777586264e-01
9.207299391053305748e-02
2.684450311997868543e-01
1.371308878835945100e-01
8.517051484011271822e-02
1.865660260281720717e-02
2.865224860657930583e-01
2.430288783490187898e-01
4.157763951289084048e-02
2.027046061290668499e-01
5.772600101493496894e-01
7.115073874898835138e-01
2.065081006259306129e-01
1.887232913865931894e-01
3.892282260202875044e-01
4.279667475792536813e-01
3.169020082575507158e-01
1.869906408743194845e-02
4.171821685448086070e-01
1.430835399759549653e-01
1.816329769582594039e-02
2.460986444140743634e-01
4.690350822022514299e-01
5.992321447848270033e-01
1.497439417492075209e-01
4.148017225164858379e-01
3.672945326834184954e-01
5.107579574321523541e-01
4.850186432188768881e-01
6.379073711371278099e-01
4.669679825633320513e-01
7.772150641867713317e-01
6.541079948638257591e-01
1.194611298835567409e-01
4.845598848059970432e-01
4.587041221123266954e-01
1.187644729731534010e-01
2.931426216387792438e-01
7.260170714032723183e-01
4.660592102492908118e-01
2.649633901428976035e-01
6.273608324291140015e-01
4.612390657647768011e-01
5.639484597594590642e-01
5.633801245270809721e-01
4.679365434945835789e-01
6.910331694679543446e-01
3.760285348487200641e-01
4.816948493026229627e-01
1.741842241808733149e-01
7.001737716580339610e-01
4.084652621226538272e-01
1.588482217381303185e-01
1.400657820240720081e-02
2.172839833592431491e-01
5.662924171188282729e-02
1.869116863461530234e-02
3.964110412419714624e-01
5.129333852746396083e-01
7.025042063715948304e-01
1.985529015738364822e-01
1.924284943537757919e-01
4.605563155494755700e-01
4.833556782134889596e-01
1.902749739554373820e-01
2.258771064406178437e-03
3.307606155044799379e-01
6.793233714262701672e-02
1.516072552301613377e-02
