1.051810445277264333e-01
4.604600074486143724e-01
5.754032127257149298e-01
1.324965441644372355e-01
3.527145759238890510e-01
4.824509211363012806e-01
4.496461239512009600e-01
6.097676764338244570e-01
4.056340712882945954e-01
3.927670639678342845e-01
4.642953938636811828e-01
5.737363371816591728e-01
1.719507579667361452e-01
2.750812158395323781e-01
4.391905129942155206e-01
1.311754707052079083e-01
3.462077009108728842e-01
3.449806327163850161e-01
5.959059091694460797e-01
2.431073717322328465e-01
3.989534809956050698e-01
1.818393525697120927e-01
1.861039742861267388e-01
4.685240071132187878e-01
2.898075849193689768e-01
1.700474250792741726e-01
2.513351365629662992e-01
5.316751412632754192e-01
4.826308865208870369e-01
3.413768135891727118e-01
5.426775945503857779e-01
3.064165005831696043e-01
4.230839324782249555e-01
6.437871409117811305e-01
4.231797188342503180e-01
2.405652739852425226e-01
3.586562560420629153e-01
1.745067041596653212e-01
2.303771206470928146e-01
6.619231203660488339e-01
3.936908592353698388e-01
2.994959412561211676e-01
2.495508402526239455e-01
5.419963315079656674e-01
4.182377689333252602e-01
5.730156100876536707e-01
4.403455390190986196e-01
3.154754602840420530e-01
3.126519824918531643e-01
3.801337823246390690e-01
2.603208783994029329e-01
2.358550738462027729e-01
6.209485625230986017e-01
4.092076664690773025e-01
3.003466383062891598e-01
3.361375939175222927e-01
4.989126653046239701e-01
4.347401448626962428e-01
5.949982118974952439e-01
3.282033479088947159e-01
1.630074702426475564e-01
4.033886583679114901e-01
2.897884302625852726e-01
6.401157438501837993e-02
9.732196016429989216e-02
3.654339489787948314e-01
6.218162706745431478e-01
1.353437016338718268e-01
3.383557173849960353e-01
6.309829250216554275e-01
5.054344901297411763e-01
6.125109464673903492e-01
5.080557351157859447e-01
5.738973046634461284e-01
4.814734761854412848e-01
2.051626784058854513e-01
2.198875318479329155e-01
3.156504528731877146e-01
3.652935031951106692e-01
5.883663662632541147e-01
6.651395567205704573e-01
6.022659475414143815e-01
2.030385302475840315e-01
2.366300802054516761e-01
2.885720390410336234e-01
2.152744616240524489e-01
3.849775542908654424e-01
4.964804682791039148e-01
3.791677101754103996e-01
6.329797454361461018e-01
3.856787324349224555e-01
2.478624765714795286e-01
3.763743323252325412e-01
3.990436136878772189e-01
2.263669010736176768e-01
6.896244961034714294e-01
4.255771742637506905e-01
4.841420677052903354e-01
6.061364435234420922e-01
3.843324361028661040e-01
2.553826388662047142e-01
5.862010568833146973e-01
4.728278427881901225e-01
2.574872394158302380e-01
3.660198029612119486e-01
3.371974643791834092e-01
3.198385402368615904e-01
6.619109781061005560e-01
6.022976998366980084e-01
3.383658809635845532e-01
4.191047930676344846e-01
5.100426939898194956e-01
3.361478149440021990e-01
5.540354642242688588e-01
5.095164311472684116e-01
1.823197389869468110e-01
1.051810445277264333e-01
4.604600074486143724e-01
5.754032127257149298e-01
1.324965441644372355e-01
3.527145759238890510e-01
4.824509211363012806e-01
4.496461239512009600e-01
6.097676764338244570e-01
4.056340712882945954e-01
3.927670639678342845e-01
4.642953938636811828e-01
5.737363371816591728e-01
1.719507579667361452e-01
2.750812158395323781e-01
4.391905129942155206e-01
1.311754707052079083e-01
3.462077009108728842e-01
3.449806327163850161e-01
5.959059091694460797e-01
2.431073717322328465e-01
3.989534809956050698e-01
1.818393525697120927e-01
1.861039742861267388e-01
4.685240071132187878e-01
2.898075849193689768e-01
1.700474250792741726e-01
2.513351365629662992e-01
5.316751412632754192e-01
4.826308865208870369e-01
3.413768135891727118e-01
5.426775945503857779e-01
3.064165005831696043e-01
4.230839324782249555e-01
6.437871409117811305e-01
4.231797188342503180e-01
2.405652739852425226e-01
3.586562560420629153e-01
1.745067041596653212e-01
2.303771206470928146e-01
6.619231203660488339e-01
3.936908592353698388e-01
2.994959412561211676e-01
2.495508402526239455e-01
5.419963315079656674e-01
4.182377689333252602e-01
5.730156100876536707e-01
4.403455390190986196e-01
3.154754602840420530e-01
3.126519824918531643e-01
3.801337823246390690e-01
2.603208783994029329e-01
2.358550738462027729e-01
6.209485625230986017e-01
4.092076664690773025e-01
3.003466383062891598e-01
3.361375939175222927e-01
4.989126653046239701e-01
4.347401448626962428e-01
5.949982118974952439e-01
3.282033479088947159e-01
1.630074702426475564e-01
4.033886583679114901e-01
2.897884302625852726e-01
6.401157438501837993e-02
2.553761328932975805e-01
5.862010568833146973e-01
4.728278427881901225e-01
2.574872394158302380e-01
3.660198029612119486e-01
3.371974643791834092e-01
3.198385402368615904e-01
6.619097919821379516e-01
6.022858337300545095e-01
3.383658809635845532e-01
4.191047930676344846e-01
5.100426939898194956e-01
3.361478149440021990e-01
5.540354642242688588e-01
5.095164311472684116e-01
1.823197389869468110e-01
2.359074869126742136e-01
4.549454574835623544e-01
7.471975807643611578e-01
2.757283539931952299e-01
4.953175810653742128e-01
2.489835561131648334e-01
4.841071968611077025e-01
4.531123686337915069e-01
5.371161687043256583e-01
4.600939988177341067e-01
4.595626025565738293e-01
4.615562797737255973e-01
3.925241394183905386e-01
4.031479207743406956e-01
3.323928518254352094e-01
2.226010548327909677e-01
2.800321139500012713e-01
4.402590293694980672e-01
4.772239408445922426e-01
2.558453860460276896e-01
4.982158831373107999e-01
2.513899881500039624e-01
4.252240833686636856e-01
5.872051352982597949e-01
5.563540335976684403e-01
4.372514576506106865e-01
4.561118559363156466e-01
3.844136090959670571e-01
3.089866146817985548e-01
5.339438991685224734e-01
4.990963900615816851e-01
1.769659210402008132e-01
2.601833726655534695e-01
5.646411412511234129e-01
4.044421902118648937e-01
3.729268536201552076e-01
4.806663604411909874e-01
3.460757477489656009e-01
4.314490776859808419e-01
2.511853755619286588e-01
7.979679745257145518e-01
5.100513097953898178e-01
4.669430109718292754e-01
4.320587476072250688e-01
2.914556598014507727e-01
4.526885708969123345e-01
4.772294612226615773e-01
2.658003770429188117e-01
2.707823244975066657e-01
5.039066179917648380e-01
5.935551115813126888e-01
3.236656264178942588e-01
4.946566365289630229e-01
3.234346395502338267e-01
5.254852695560660036e-01
2.986976431456213610e-01
5.768295311616222776e-01
4.649124900392528348e-01
4.161106726571176528e-01
5.290842808411883036e-01
2.938476434434752482e-01
5.479398381422209141e-01
4.273128561516537083e-01
2.545294779228143844e-01
3.003290967180051174e-01
4.025951950158058734e-01
5.078793885355533666e-01
3.013132005976958405e-01
3.279057730678633376e-01
2.402876778432051497e-01
5.697390475350219141e-01
4.321066761396241129e-01
6.207922606746120175e-01
4.825445023610328010e-01
4.357217528549074403e-01
3.586803801248375501e-01
2.757621012435975683e-01
5.496157978843221326e-01
2.555962924785090129e-01
2.494010579270833916e-01
1.051810445277264194e-01
4.604600074486144279e-01
5.754032127257151519e-01
1.324965441644372355e-01
3.527145759238891065e-01
4.824509211363012806e-01
4.496461239512009600e-01
6.097676764338245681e-01
4.056340712882945398e-01
3.927670639678343401e-01
4.642953938636811273e-01
5.737363371816591728e-01
1.719507579667361730e-01
2.750812158395323781e-01
4.391905129942155761e-01
1.311754707052079083e-01
3.462077009108729397e-01
3.449806327163850161e-01
5.959059091694460797e-01
2.431073717322329020e-01
3.989534809956050698e-01
1.818393525697120927e-01
1.861039742861267110e-01
4.685240071132187323e-01
2.898075849193690323e-01
1.700474250792741449e-01
2.513351365629663547e-01
5.316751412632753082e-01
4.826308865208870369e-01
3.413768135891726008e-01
5.426775945503858889e-01
3.064165005831696043e-01
4.230839324782249555e-01
6.437871409117811305e-01
4.231797188342503735e-01
2.405652739852426059e-01
3.586562560420629708e-01
1.745067041596653490e-01
2.303771206470928146e-01
6.619231203660487228e-01
3.936908592353698388e-01
2.994959412561211676e-01
2.495508402526238900e-01
5.419963315079656674e-01
4.182377689333251491e-01
5.730156100876536707e-01
4.403455390190986751e-01
3.154754602840421085e-01
3.126519824918532198e-01
3.801337823246390135e-01
2.603208783994029885e-01
2.358550738462027729e-01
6.209485625230986017e-01
4.092076664690772470e-01
3.003466383062891598e-01
3.361375939175222927e-01
4.989126653046239701e-01
4.347401448626962428e-01
5.949982118974952439e-01
3.282033479088947159e-01
1.630074702426475841e-01
4.033886583679114901e-01
2.897884302625852726e-01
6.401157438501836605e-02
