1.634137507426192681e-01
2.338467920908720854e-01
3.165698222900549808e-01
2.326206021151553394e-01
1.953423039547128592e-01
2.670868349311673051e-01
4.167187876935552482e-01
3.788045353673779037e-01
1.914225275037454987e-01
1.830697532699414043e-01
6.069830555242596848e-01
3.772067428552632329e-01
3.900427267123612873e-01
1.608546344310052556e-01
4.327991504675736678e-01
2.833841889895543087e-01
2.507116190354723995e-01
2.974538142194458890e-01
2.121313015078875042e-01
2.335297599154270154e-01
3.350420866448068358e-01
1.901760002820503948e-01
1.484788920123829292e-01
4.120770510816398335e-01
8.766358873357468773e-02
1.596397269203326530e-01
3.249316882697553255e-01
5.132325151262641105e-01
8.032655125982345323e-01
3.417625565489647577e-01
1.964330166604834893e-01
4.110622403893201549e-01
1.281669525083942163e-01
3.169299467805254955e-01
3.749282535463289157e-01
2.118222531650633123e-01
2.774918684688137405e-01
2.208606360106536715e-01
2.720376899994829678e-01
7.192687275272664493e-01
3.676404167613079865e-01
5.600894988010796105e-01
4.118315284824439204e-01
5.543009417641879821e-01
2.994301390562484899e-01
3.888544470764269678e-01
6.107070593509691392e-01
4.058941132671080587e-01
3.795796005094529413e-01
4.165999598995047681e-01
5.610015728749171426e-01
4.825216759781069675e-01
3.237239540368790358e-01
3.361958549745348579e-01
1.405257568213859332e-01
4.690678836759051840e-01
3.698963762935280619e-01
3.880182894293993101e-01
7.296574234096296907e-01
4.799877970602907662e-01
3.118791682343859395e-01
3.061595481821390852e-01
6.174007625059212412e-01
2.955361578729033822e-01
2.648192720353759744e-01
2.769353529533897795e-01
5.285332859715508036e-01
2.670882422871810880e-01
3.331433880417408178e-01
5.032784745112575120e-01
4.781359093580764830e-01
3.648546478009218608e-01
4.440521786202847876e-01
4.757234922850159253e-01
5.289018003394043710e-01
4.381052630691107952e-01
1.521684575248762328e-01
3.072996818127936569e-01
4.743157264997797107e-01
7.120261571714662230e-01
1.906671876884771244e-01
6.643379505940109064e-01
2.883271446347647204e-01
2.482439531388048182e-01
1.022310671973605256e-01
2.308097206309516480e-01
7.363736618602801931e-01
4.637558695515286988e-01
1.250686336477425664e-01
3.506936724778290659e-01
3.050279798203525683e-01
4.170636517073846861e-01
3.187376078921554390e-01
3.536796632006224406e-01
3.402090340877729768e-01
3.827528785517645971e-01
3.421410773487797985e-01
3.826522414821428297e-01
6.113964025967562055e-01
5.844934556125602754e-01
2.202726428407949244e-01
3.311230530249953952e-01
3.112830700917577076e-01
4.025613393200312973e-01
1.513389081876622688e-01
2.918738475928005505e-01
2.706489895289581060e-01
6.531642044181810158e-01
2.773757380856877730e-01
3.732614367106519837e-01
5.797911079046635940e-01
5.147220109880044081e-01
5.502446317580538260e-01
4.118258729203707613e-01
5.513303241091886964e-01
3.970557225570875426e-01
1.634137507426192681e-01
2.338467920908720854e-01
3.165698222900549808e-01
2.326206021151553394e-01
1.953423039547128592e-01
2.670868349311673051e-01
4.167187876935552482e-01
3.788045353673779037e-01
1.914225275037454987e-01
1.830697532699414043e-01
6.069830555242596848e-01
3.772067428552632329e-01
3.900427267123612873e-01
1.608546344310052556e-01
4.327991504675736678e-01
2.833841889895543087e-01
2.507116190354723995e-01
2.974538142194458890e-01
2.121313015078875042e-01
2.335297599154270154e-01
3.350420866448068358e-01
1.901760002820503948e-01
1.484788920123829292e-01
4.120770510816398335e-01
8.766358873357468773e-02
1.596397269203326530e-01
3.249316882697553255e-01
5.132325151262641105e-01
8.032655125982345323e-01
3.417625565489647577e-01
1.964330166604834893e-01
4.110622403893201549e-01
1.281669525083942163e-01
3.169299467805254955e-01
3.749282535463289157e-01
2.118222531650633123e-01
2.774918684688137405e-01
2.208606360106536715e-01
2.720376899994829678e-01
7.192687275272664493e-01
3.676404167613079865e-01
5.600894988010796105e-01
4.118315284824439204e-01
5.543009417641879821e-01
2.994301390562484899e-01
3.888544470764269678e-01
6.107070593509691392e-01
4.058941132671080587e-01
3.795796005094529413e-01
4.165999598995047681e-01
5.610015728749171426e-01
4.825216759781069675e-01
3.237239540368790358e-01
3.361958549745348579e-01
1.405257568213859332e-01
4.690678836759051840e-01
3.698963762935280619e-01
3.880182894293993101e-01
7.296574234096296907e-01
4.799877970602907662e-01
3.118791682343859395e-01
3.061595481821390852e-01
6.174007625059212412e-01
2.955361578729033822e-01
2.203219316525332760e-01
3.312369599064177161e-01
3.113828989930712554e-01
4.026554993722005205e-01
1.514301082796204456e-01
2.919305875731018074e-01
2.706979669424023904e-01
6.524925305363495909e-01
2.774680675141332764e-01
3.733448730243291158e-01
5.799091784736670752e-01
5.140066185769556206e-01
5.503540391713777069e-01
4.119188732682993459e-01
5.514674452196455245e-01
3.969465672675445145e-01
2.513967332663964438e-01
1.384001471949231621e-01
6.476931168145305673e-01
3.150028611878880058e-01
3.690338397266674231e-01
2.355630338933750456e-01
2.837027651152908003e-01
4.747069719255009868e-01
2.620456303798780473e-01
4.598533963975727779e-01
5.899765806250691913e-01
5.098942669004540296e-01
3.902688638256979758e-01
3.148535040416372555e-01
6.104187234376360349e-01
5.129631300127944771e-01
2.249710207790772409e-01
2.710427871861781912e-01
3.557480640274504613e-01
3.053368560222844419e-01
3.466875876770146858e-01
1.831887348703796770e-01
3.100767032766575948e-01
6.436546744810054399e-01
4.097162810208639927e-01
2.861986456846875027e-01
5.055959424074157882e-01
6.518796771051751371e-01
3.415699841991329810e-01
7.427901356022396095e-01
7.627712614138573155e-01
3.396334586581610804e-01
2.079649262602349391e-01
3.949141481408046106e-01
3.575037069822443181e-01
3.627467017988164066e-01
3.072250275194354230e-01
2.158004633159635866e-01
3.641721710929117783e-01
3.509064454794541543e-01
6.621605219054808034e-01
4.260946644332233579e-01
4.582621627492118876e-01
7.414221715761009079e-01
3.431755386221963522e-01
5.457270835170364709e-01
6.533382749942608925e-01
4.622597889089925527e-01
1.996118536209604000e-01
3.533002076288995208e-01
5.564795288246542349e-01
3.303413813291803947e-01
2.848807996512458529e-01
2.332845614041871296e-01
3.913163485864552538e-01
4.187747879541404150e-01
4.364240020810880027e-01
3.458961367650272845e-01
4.716875542619454187e-01
7.795431811463929828e-01
3.908094377859128166e-01
6.485935967029725635e-01
5.693234881698603367e-01
4.309742313071236453e-01
2.230793393837356697e-01
2.705573702092515243e-01
4.171126975390971880e-01
3.244659516238815877e-01
2.214421406569003214e-01
1.899343754300614195e-01
3.714197485122305298e-01
5.195824395117423222e-01
4.425518346521993829e-01
3.540275918448211878e-01
4.912967113271571318e-01
6.302860443683020453e-01
3.250704763956125953e-01
5.543574363627721269e-01
5.730644798075998914e-01
4.316378969452439041e-01
1.634137507426192681e-01
2.338467920908720576e-01
3.165698222900550363e-01
2.326206021151553671e-01
1.953423039547128870e-01
2.670868349311673051e-01
4.167187876935553037e-01
3.788045353673779037e-01
1.914225275037455265e-01
1.830697532699414321e-01
6.069830555242597958e-01
3.772067428552632329e-01
3.900427267123612873e-01
1.608546344310053111e-01
4.327991504675737233e-01
2.833841889895543087e-01
2.507116190354724550e-01
2.974538142194458890e-01
2.121313015078875042e-01
2.335297599154269599e-01
3.350420866448068358e-01
1.901760002820503670e-01
1.484788920123829015e-01
4.120770510816397780e-01
8.766358873357470161e-02
1.596397269203326530e-01
3.249316882697553255e-01
5.132325151262641105e-01
8.032655125982343103e-01
3.417625565489646466e-01
1.964330166604835171e-01
4.110622403893201549e-01
1.281669525083942163e-01
3.169299467805254955e-01
3.749282535463288601e-01
2.118222531650633400e-01
2.774918684688137960e-01
2.208606360106536992e-01
2.720376899994829123e-01
7.192687275272664493e-01
3.676404167613079865e-01
5.600894988010796105e-01
4.118315284824438649e-01
5.543009417641880932e-01
2.994301390562484344e-01
3.888544470764269678e-01
6.107070593509692502e-01
4.058941132671081142e-01
3.795796005094529413e-01
4.165999598995047126e-01
5.610015728749172537e-01
4.825216759781070230e-01
3.237239540368790358e-01
3.361958549745348024e-01
1.405257568213859054e-01
4.690678836759051840e-01
3.698963762935280619e-01
3.880182894293993656e-01
7.296574234096296907e-01
4.799877970602908217e-01
3.118791682343859950e-01
3.061595481821390852e-01
6.174007625059213522e-01
2.955361578729033822e-01
