3.188907404790291000e-01
5.188300777482813819e-01
2.734163833268005162e-01
4.296651797490738112e-01
2.981036700147019491e-01
3.430119542606419047e-01
2.912643750903800566e-01
5.146979745591144795e-01
1.441393602430929843e-01
1.604722024034796468e-01
8.542073049632316339e-02
4.900744124541502322e-01
5.571373364110170368e-01
5.879946578120168743e-01
1.439080120196138124e-01
3.899274213246687881e-01
4.169007389527415453e-01
3.038906734449636771e-01
2.370512784981976540e-01
3.939627452314260481e-01
3.255825898950682751e-01
2.134670592228449515e-01
1.941235103134634765e-01
4.792895464693925356e-01
1.595096444822589332e-01
1.393571460410602536e-01
1.808640475745460496e-01
5.072930260076670139e-01
4.042390712396521923e-01
4.105563771656705607e-01
2.321965944007234606e-01
5.932157329558127579e-01
3.081619822303119371e-01
1.135741620558162190e-01
1.089502028939122735e-01
2.207889323507590262e-01
3.433558003215831933e-01
1.422118956599521256e-01
9.935943267652615207e-02
3.706464485923868790e-01
1.044801110618976264e-01
1.063364470446395565e-01
8.706396889793840965e-02
1.409087932768827989e-01
3.758587546112489575e-01
2.720391004800138957e-01
1.827052314840404423e-01
6.449382124348593814e-01
4.966062599302380476e-01
4.940083111599587462e-01
4.061147254575107612e-01
5.190951526802495275e-01
6.622798899865296463e-01
5.540004665267086459e-01
2.856662564681193284e-01
6.700236779806045817e-01
2.469069510374118925e-01
4.622263778935381540e-01
1.374166262517939052e-01
4.723089919067903208e-01
4.116447755560771471e-01
7.905586657336133305e-01
5.781701535452797858e-01
5.114486255144057303e-01
4.789579157987458591e-01
5.993175580972323058e-01
6.557234347450857648e-01
4.196686869141478815e-01
3.974460808077263652e-01
2.844697489753516551e-01
4.046219064409481980e-01
5.088673693549059518e-01
5.559162570827278493e-01
2.553373781357045069e-01
2.797115871526027475e-01
5.373663090240590190e-01
3.455832265462407404e-01
2.737086077233517045e-01
5.578682592752652880e-01
2.956671121775260591e-01
2.315029230501979840e-01
1.666013264899422752e-01
1.382827557189493239e-01
2.076716401444025917e-01
2.092768562262619647e-01
1.303696181648298924e-01
4.192681544530606486e-01
3.238759973545060622e-01
5.650873353238102803e-01
1.738965439169155025e-01
3.938442799426522534e-01
1.236562272723882583e-01
2.872191125706275439e-01
4.307196448876752792e-01
4.474951424750269191e-01
4.699126764820844016e-01
4.890418882219769725e-01
4.313222728488373958e-01
1.954156163544497060e-01
7.697865819474334348e-01
4.117656441720549676e-01
3.991569966458222152e-01
1.383635186503449077e-01
5.655038957100795294e-01
3.184096961586195818e-01
3.354950011790198694e-01
2.410538201761981969e-01
6.638695185880948424e-01
1.240371371107276133e-01
1.901069133392390698e-01
1.063583147033160675e-01
3.718856346364856624e-01
5.976619617943778051e-01
7.416538655639086652e-01
2.858462204766241688e-01
6.324758121087723506e-01
3.188907404790291000e-01
5.188300777482813819e-01
2.734163833268005162e-01
4.296651797490738112e-01
2.981036700147019491e-01
3.430119542606419047e-01
2.912643750903800566e-01
5.146979745591144795e-01
1.441393602430929843e-01
1.604722024034796468e-01
8.542073049632316339e-02
4.900744124541502322e-01
5.571373364110170368e-01
5.879946578120168743e-01
1.439080120196138124e-01
3.899274213246687881e-01
4.169007389527415453e-01
3.038906734449636771e-01
2.370512784981976540e-01
3.939627452314260481e-01
3.255825898950682751e-01
2.134670592228449515e-01
1.941235103134634765e-01
4.792895464693925356e-01
1.595096444822589332e-01
1.393571460410602536e-01
1.808640475745460496e-01
5.072930260076670139e-01
4.042390712396521923e-01
4.105563771656705607e-01
2.321965944007234606e-01
5.932157329558127579e-01
3.081619822303119371e-01
1.135741620558162190e-01
1.089502028939122735e-01
2.207889323507590262e-01
3.433558003215831933e-01
1.422118956599521256e-01
9.935943267652615207e-02
3.706464485923868790e-01
1.044801110618976264e-01
1.063364470446395565e-01
8.706396889793840965e-02
1.409087932768827989e-01
3.758587546112489575e-01
2.720391004800138957e-01
1.827052314840404423e-01
6.449382124348593814e-01
4.966062599302380476e-01
4.940083111599587462e-01
4.061147254575107612e-01
5.190951526802495275e-01
6.622798899865296463e-01
5.540004665267086459e-01
2.856662564681193284e-01
6.700236779806045817e-01
2.469069510374118925e-01
4.622263778935381540e-01
1.374166262517939052e-01
4.723089919067903208e-01
4.116447755560771471e-01
7.905586657336133305e-01
5.781701535452797858e-01
5.114486255144057303e-01
4.117551542807412757e-01
3.991569966458222152e-01
1.383635186503449077e-01
5.655038957100795294e-01
3.184096961586195818e-01
3.354950011790198694e-01
2.410538201761981969e-01
6.638683393353159712e-01
1.240110013082879603e-01
1.901069133392390698e-01
1.063583147033160675e-01
3.718856346364856624e-01
5.976619617943778051e-01
7.416538655639086652e-01
2.858462204766241688e-01
6.324758121087723506e-01
4.021216749838182336e-01
4.341988202891128856e-01
1.474179097629377266e-01
4.972651846253885455e-01
3.594346003282247737e-01
2.522620194448594866e-01
2.680939189046966931e-01
6.437843707518302594e-01
2.931602473277786780e-01
1.647755670828395247e-01
1.147125455359673390e-01
3.005403053477464503e-01
5.094001562343670741e-01
7.268172946590467642e-01
2.709628100119155780e-01
6.981362506756576547e-01
3.132777320338864246e-01
4.141400246406684027e-01
2.209410473429253563e-01
5.133219109602372709e-01
4.566628306397287895e-01
2.328171625366681763e-01
1.527955277234798737e-01
9.283892823818815643e-01
2.966564402012454860e-01
1.573548503303416890e-01
1.089656572171940063e-01
2.719549948748922197e-01
5.804640049075516783e-01
9.540037186483619758e-01
3.638564291416185315e-01
5.785342480067495741e-01
3.479098568718611006e-01
4.789083096608552914e-01
1.449011682134099255e-01
5.724369227727486020e-01
4.135086443422350544e-01
3.079383554648466581e-01
1.828420515349722941e-01
5.563397944274665052e-01
3.261940856027777391e-01
2.260487540196073897e-01
1.342428045768320199e-01
3.074382771400248071e-01
5.902181017611750624e-01
8.211395405105490486e-01
2.347375453086230634e-01
6.983967993084193582e-01
3.340132814994752897e-01
5.471326555031499339e-01
2.226778828759943818e-01
5.408060425854289699e-01
4.461341954365607987e-01
2.764932007329123365e-01
2.116413195267683456e-01
6.112995917780936761e-01
2.756126248235943876e-01
1.926469666334756636e-01
1.000780752056709966e-01
3.545552289966351633e-01
5.335585324128646612e-01
8.962464548617814497e-01
2.928630438221391241e-01
6.841573646004051046e-01
3.518930996571499881e-01
4.018504282481718537e-01
1.878468028812397828e-01
5.376520910484386961e-01
4.165433668206384721e-01
2.217653619526864794e-01
1.974603367718367197e-01
7.178967901947401753e-01
1.825085708652539607e-01
2.222618737460980709e-01
8.473064792334795980e-02
2.772988922903931175e-01
5.026567960204163521e-01
8.332161259657633323e-01
2.869775871338318129e-01
6.596919958059047628e-01
3.188907404790290445e-01
5.188300777482813819e-01
2.734163833268006272e-01
4.296651797490738112e-01
2.981036700147019491e-01
3.430119542606419047e-01
2.912643750903801676e-01
5.146979745591144795e-01
1.441393602430930121e-01
1.604722024034796746e-01
8.542073049632317727e-02
4.900744124541501767e-01
5.571373364110170368e-01
5.879946578120169853e-01
1.439080120196138401e-01
3.899274213246688436e-01
4.169007389527416008e-01
3.038906734449636771e-01
2.370512784981976540e-01
3.939627452314261036e-01
3.255825898950682751e-01
2.134670592228449515e-01
1.941235103134634765e-01
4.792895464693924801e-01
1.595096444822589332e-01
1.393571460410602258e-01
1.808640475745460774e-01
5.072930260076669029e-01
4.042390712396521368e-01
4.105563771656704497e-01
2.321965944007235716e-01
5.932157329558127579e-01
3.081619822303119371e-01
1.135741620558162190e-01
1.089502028939122596e-01
2.207889323507589985e-01
3.433558003215831933e-01
1.422118956599521533e-01
9.935943267652615207e-02
3.706464485923868235e-01
1.044801110618976403e-01
1.063364470446395565e-01
8.706396889793840965e-02
1.409087932768828266e-01
3.758587546112489020e-01
2.720391004800138957e-01
1.827052314840404701e-01
6.449382124348594925e-01
4.966062599302380476e-01
4.940083111599586352e-01
4.061147254575107612e-01
5.190951526802495275e-01
6.622798899865296463e-01
5.540004665267085349e-01
2.856662564681193284e-01
6.700236779806045817e-01
2.469069510374118925e-01
4.622263778935381540e-01
1.374166262517939052e-01
4.723089919067903764e-01
4.116447755560772026e-01
7.905586657336133305e-01
5.781701535452797858e-01
5.114486255144057303e-01
