1.474972027181710998e-01
4.838899365199510472e-01
2.801920339610626809e-01
2.663210407651752654e-01
2.433414140662786829e-01
4.875483592995920601e-01
4.456495757414007941e-01
5.190126139796950033e-01
2.829179775251212114e-01
3.841774927679339480e-01
2.864237915422082614e-01
5.271090877970147082e-01
3.180777824664591802e-01
4.035037001576903259e-01
4.413701024747977986e-01
2.178959059902012829e-01
2.923073254670632282e-01
3.517913354519074387e-01
7.743253716620869254e-01
3.232383373250370950e-01
5.589852666528325464e-01
2.090624181031775497e-01
1.993121646486497867e-01
3.881799017223108716e-01
2.447918432787543896e-01
1.375490623088601316e-01
2.747456917818324462e-01
4.825244088584662028e-01
2.790693025173749398e-01
3.322750053095878675e-01
4.562578145801823859e-01
3.659574062245740111e-01
3.938456159293068359e-01
2.918598397397769162e-01
2.495965696530505207e-01
3.806208006126498011e-01
5.291514292076028303e-01
2.389761237943703875e-01
1.375515718706620538e-01
5.867134993214701000e-01
2.676017570848155391e-01
2.905164541169394377e-01
2.238890890777802956e-01
4.368002237247280428e-01
4.473425526624536519e-01
3.469562405107292635e-01
3.197099256616527940e-01
4.817313353777860629e-01
3.327374745007218304e-01
5.392980126302899802e-01
3.030028014117575053e-01
2.456733988804019331e-01
6.100093852886063761e-01
4.134017430524914438e-01
3.002301723050638249e-01
3.366154290151795458e-01
4.050977367537659246e-01
5.563976459123624041e-01
4.996059087292160084e-01
3.376496661981980285e-01
2.410448887127094042e-01
4.993136400834191080e-01
4.344769599060376297e-01
1.915895358518309721e-01
1.954757786374555217e-01
4.796663877463926418e-01
4.635866613326916075e-01
2.469086470412204803e-01
2.707638841565915833e-01
5.663444607576519907e-01
4.798822808889198210e-01
5.340314406275554759e-01
4.158328779693453159e-01
5.240128627165108188e-01
3.402045203945767704e-01
2.804482641152824529e-01
3.614383684778937900e-01
3.630444141012962866e-01
4.061231831146682181e-01
4.756868462062953107e-01
6.989526568591768463e-01
6.470596397897125929e-01
2.042891085032949305e-01
2.563589731274775740e-01
2.634665342225712137e-01
1.490069552563828559e-01
2.899101471455388657e-01
3.723810338745510706e-01
4.247407657720970731e-01
3.145082400830838121e-01
5.702345925537232185e-01
2.807798668448246437e-01
3.035330449155422827e-01
4.899123924850282141e-01
2.796015035146192096e-01
5.917586485584411804e-01
4.266155638974273301e-01
4.836622455768473383e-01
4.947567119822805504e-01
4.887902108005028334e-01
2.635144804170064248e-01
5.049916058259520391e-01
3.504866100203830603e-01
3.971519518323697873e-01
4.415813915654273059e-01
3.757990364516882176e-01
2.916323787661440625e-01
5.767434897806908989e-01
4.067789180650498992e-01
3.445823709063218221e-01
3.472120153718549762e-01
4.368404673376032332e-01
3.972955681370806125e-01
5.525184937330420709e-01
4.743771294079063838e-01
3.226338697766014674e-01
1.474972027181710998e-01
4.838899365199510472e-01
2.801920339610626809e-01
2.663210407651752654e-01
2.433414140662786829e-01
4.875483592995920601e-01
4.456495757414007941e-01
5.190126139796950033e-01
2.829179775251212114e-01
3.841774927679339480e-01
2.864237915422082614e-01
5.271090877970147082e-01
3.180777824664591802e-01
4.035037001576903259e-01
4.413701024747977986e-01
2.178959059902012829e-01
2.923073254670632282e-01
3.517913354519074387e-01
7.743253716620869254e-01
3.232383373250370950e-01
5.589852666528325464e-01
2.090624181031775497e-01
1.993121646486497867e-01
3.881799017223108716e-01
2.447918432787543896e-01
1.375490623088601316e-01
2.747456917818324462e-01
4.825244088584662028e-01
2.790693025173749398e-01
3.322750053095878675e-01
4.562578145801823859e-01
3.659574062245740111e-01
3.938456159293068359e-01
2.918598397397769162e-01
2.495965696530505207e-01
3.806208006126498011e-01
5.291514292076028303e-01
2.389761237943703875e-01
1.375515718706620538e-01
5.867134993214701000e-01
2.676017570848155391e-01
2.905164541169394377e-01
2.238890890777802956e-01
4.368002237247280428e-01
4.473425526624536519e-01
3.469562405107292635e-01
3.197099256616527940e-01
4.817313353777860629e-01
3.327374745007218304e-01
5.392980126302899802e-01
3.030028014117575053e-01
2.456733988804019331e-01
6.100093852886063761e-01
4.134017430524914438e-01
3.002301723050638249e-01
3.366154290151795458e-01
4.050977367537659246e-01
5.563976459123624041e-01
4.996059087292160084e-01
3.376496661981980285e-01
2.410448887127094042e-01
4.993136400834191080e-01
4.344769599060376297e-01
1.915895358518309721e-01
2.635077672822456751e-01
5.049916058259520391e-01
3.504866100203830603e-01
3.971519518323697873e-01
4.415813915654273059e-01
3.757990364516882176e-01
2.916323787661440625e-01
5.767420048620551798e-01
4.067612183318109476e-01
3.445823709063218221e-01
3.472120153718549762e-01
4.368404673376032332e-01
3.972955681370806125e-01
5.525184937330420709e-01
4.743771294079063838e-01
3.226338697766014674e-01
2.517200314072328693e-01
5.096559151288109213e-01
4.775987028867416107e-01
3.506870221861913550e-01
4.205842828204797157e-01
2.431658385572121606e-01
5.156497488160737275e-01
4.702113377985355780e-01
5.492932908567305095e-01
3.431208524429599227e-01
2.919870090516228367e-01
5.212440226384207342e-01
4.061506631557562641e-01
5.719837024478776621e-01
3.741335597455182072e-01
3.046258022305763369e-01
2.803287618107735968e-01
4.373734356347471208e-01
3.909767584952553166e-01
3.065081531832470896e-01
4.579822569767599827e-01
2.691985582505381780e-01
4.030111332578442118e-01
6.160107938121195392e-01
5.414870054141749378e-01
3.421239931872213647e-01
3.338670666823880806e-01
3.962390596921717134e-01
3.433417632401373210e-01
6.895272140673890382e-01
4.513725672686158541e-01
3.044629203088650704e-01
2.819528579935768886e-01
5.519085159565857435e-01
3.517811877729577485e-01
3.798312538404360339e-01
4.470517757466109798e-01
3.348207068149203214e-01
3.822615026748357736e-01
3.774458548054397955e-01
6.760293869834742564e-01
4.135941830385380658e-01
3.442550436875387310e-01
4.886448783462793433e-01
3.459439001225996790e-01
6.473839504288083635e-01
4.192417483328986783e-01
3.611432016014637925e-01
2.624270485861230351e-01
5.197873019949461604e-01
5.269492859439688370e-01
3.594773316597966728e-01
4.451004801479074291e-01
3.345520441098798758e-01
4.116039240212552297e-01
4.642235353759495697e-01
4.855452112951487154e-01
3.726773112354926365e-01
3.448514607837144808e-01
4.964154371382426545e-01
3.805203220557433763e-01
6.917445013475234106e-01
3.744346539976924904e-01
3.408320657651427443e-01
2.787069855396387963e-01
4.088760319362084728e-01
4.688866474459215672e-01
3.464012288605944345e-01
4.026058139906861233e-01
2.772727271297196761e-01
3.985468668371773826e-01
5.219885717784114032e-01
4.901091335264485815e-01
3.999195735846813871e-01
3.419644027150539611e-01
3.638686350760877430e-01
3.206209913683558677e-01
5.817349476944650988e-01
3.385035671013593150e-01
3.565492570922530469e-01
1.474972027181710998e-01
4.838899365199511027e-01
2.801920339610627364e-01
2.663210407651752654e-01
2.433414140662786551e-01
4.875483592995920601e-01
4.456495757414009051e-01
5.190126139796951144e-01
2.829179775251212670e-01
3.841774927679340035e-01
2.864237915422082059e-01
5.271090877970147082e-01
3.180777824664592357e-01
4.035037001576903259e-01
4.413701024747978541e-01
2.178959059902013107e-01
2.923073254670632837e-01
3.517913354519074387e-01
7.743253716620869254e-01
3.232383373250370950e-01
5.589852666528325464e-01
2.090624181031775497e-01
1.993121646486497867e-01
3.881799017223108161e-01
2.447918432787544174e-01
1.375490623088601039e-01
2.747456917818325017e-01
4.825244088584661473e-01
2.790693025173748842e-01
3.322750053095878120e-01
4.562578145801824414e-01
3.659574062245740111e-01
3.938456159293067804e-01
2.918598397397768607e-01
2.495965696530505207e-01
3.806208006126498011e-01
5.291514292076027193e-01
2.389761237943704431e-01
1.375515718706620538e-01
5.867134993214701000e-01
2.676017570848154836e-01
2.905164541169394377e-01
2.238890890777802678e-01
4.368002237247281538e-01
4.473425526624535409e-01
3.469562405107292635e-01
3.197099256616527940e-01
4.817313353777861740e-01
3.327374745007218304e-01
5.392980126302898691e-01
3.030028014117575608e-01
2.456733988804019331e-01
6.100093852886063761e-01
4.134017430524913883e-01
3.002301723050638249e-01
3.366154290151794903e-01
4.050977367537659246e-01
5.563976459123624041e-01
4.996059087292160639e-01
3.376496661981980840e-01
2.410448887127094320e-01
4.993136400834190525e-01
4.344769599060376852e-01
1.915895358518309721e-01
