2.153411428024468721e-01
6.437432876816461258e-01
6.043258759406564540e-01
2.970833685875886032e-01
1.937683371234499297e-01
3.251585216182253935e-01
7.430833629333657431e-01
2.211810233771419609e-01
1.312429910646500664e-01
3.153104050306497763e-01
1.590727924584930952e-01
3.104539759921569053e-01
2.086925652686401622e-01
1.529697494338413122e-01
1.703092392672310440e-01
2.534743595375731906e-01
4.960443518824193543e-01
1.355958744909178948e-01
3.280605956950676805e-01
1.129134277061187436e-01
2.420159806767291366e-01
2.190460595970567248e-01
4.198409802780787570e-01
2.187361908970393287e-01
5.946377804649457532e-01
5.385144925441162078e-01
5.216854610191841157e-01
7.500022093083718033e-01
1.047058402275631850e-01
3.583819615153439279e-03
1.644922989853128403e-01
4.997004633328901990e-01
8.046546155839437997e-01
4.466396703214904340e-01
8.848590811604297585e-03
1.294913582278596209e-01
6.303288698068075790e-01
4.110204306008664599e-01
5.598934506596006111e-01
4.553426865019751246e-01
1.686803411287634558e-01
4.985701557617830959e-01
2.254871206382659532e-01
2.423514770599805024e-01
2.758604859828122646e-01
4.138313993981616590e-01
1.026215778865315620e-01
6.547288093846082013e-01
2.407626584167490147e-01
3.364419644171522394e-01
1.085201356569972797e-01
2.118099124263949085e-01
1.806994262128028550e-01
2.083201818067041133e-01
6.431255326567189012e-01
1.271583636540507822e-01
1.405620872843598157e-01
5.135025645380342230e-01
3.142750219057868777e-01
2.677875502005251374e-01
2.187850020463056322e-01
7.218294299602298070e-01
6.303314391359099433e-01
2.157618016864011057e-01
2.483327831835654975e-01
6.837829627361897700e-01
8.098829501801418917e-01
2.812021965113620792e-01
1.907449989552218172e-01
3.386533645604842269e-01
7.742960105862795039e-01
2.373106543795344692e-01
1.476389402268798445e-01
4.029507426936519976e-01
1.780571474500132201e-01
2.103126919276883111e-01
9.871047216055428564e-02
1.223963222129322570e-01
6.341248189087901332e-01
5.918423834476504997e-02
2.309161098683665259e-01
2.484139685770034023e-01
2.102416721397199484e-01
5.161828190697702601e-01
6.165953742751622002e-01
5.943758840911727015e-01
8.184339897847944800e-02
8.212429063409720439e-03
8.370649588754782711e-01
4.375416420263714135e-01
6.056506373509903396e-01
4.950651800326029139e-01
1.262695674155007719e-01
3.032158360072318981e-01
2.273788344295088748e-01
7.251964829653018141e-02
3.765158349647432234e-01
5.412388397619710689e-01
6.004987487876662922e-01
3.714897326339605121e-01
4.082141866789812390e-01
4.543324743574881919e-01
1.659794151739531487e-01
2.478115681571789186e-01
1.916868268301700207e-01
3.652964500869675391e-01
6.786266872253753357e-01
2.915421486201145163e-01
3.982110339532654586e-01
6.004872197050390437e-01
3.586457692650587004e-01
3.484778220705745944e-01
2.515637802487498687e-01
4.447032324037123452e-01
2.491637784036400682e-01
4.113581275613275579e-01
2.153411428024468721e-01
6.437432876816461258e-01
6.043258759406564540e-01
2.970833685875886032e-01
1.937683371234499297e-01
3.251585216182253935e-01
7.430833629333657431e-01
2.211810233771419609e-01
1.312429910646500664e-01
3.153104050306497763e-01
1.590727924584930952e-01
3.104539759921569053e-01
2.086925652686401622e-01
1.529697494338413122e-01
1.703092392672310440e-01
2.534743595375731906e-01
4.960443518824193543e-01
1.355958744909178948e-01
3.280605956950676805e-01
1.129134277061187436e-01
2.420159806767291366e-01
2.190460595970567248e-01
4.198409802780787570e-01
2.187361908970393287e-01
5.946377804649457532e-01
5.385144925441162078e-01
5.216854610191841157e-01
7.500022093083718033e-01
1.047058402275631850e-01
3.583819615153439279e-03
1.644922989853128403e-01
4.997004633328901990e-01
8.046546155839437997e-01
4.466396703214904340e-01
8.848590811604297585e-03
1.294913582278596209e-01
6.303288698068075790e-01
4.110204306008664599e-01
5.598934506596006111e-01
4.553426865019751246e-01
1.686803411287634558e-01
4.985701557617830959e-01
2.254871206382659532e-01
2.423514770599805024e-01
2.758604859828122646e-01
4.138313993981616590e-01
1.026215778865315620e-01
6.547288093846082013e-01
2.407626584167490147e-01
3.364419644171522394e-01
1.085201356569972797e-01
2.118099124263949085e-01
1.806994262128028550e-01
2.083201818067041133e-01
6.431255326567189012e-01
1.271583636540507822e-01
1.405620872843598157e-01
5.135025645380342230e-01
3.142750219057868777e-01
2.677875502005251374e-01
2.187850020463056322e-01
7.218294299602298070e-01
6.303314391359099433e-01
2.157618016864011057e-01
4.082037872624403874e-01
4.543324743574881919e-01
1.659794151739531487e-01
2.478115681571789186e-01
1.916868268301700207e-01
3.652964500869675391e-01
6.786266872253753357e-01
2.915396631243435399e-01
3.981930785830171682e-01
6.004872197050390437e-01
3.586457692650587004e-01
3.484778220705745944e-01
2.515637802487498687e-01
4.447032324037123452e-01
2.491637784036400682e-01
4.113581275613275579e-01
2.118504262434156571e-01
3.895171028564871629e-01
6.451483433109006516e-01
2.874378951931375603e-01
5.963918544578048486e-01
2.793639646967429613e-01
5.273948789724491881e-01
4.747742407025106748e-01
6.846233504325022201e-01
5.558593501555222360e-01
3.432205619844139188e-01
3.351136263656352421e-01
1.942742887813657671e-01
4.928838980045470164e-01
5.308222811872197466e-01
2.433479271718069215e-01
2.146975006512496231e-01
4.316912784733068498e-01
4.522091903260417323e-01
2.432233766799986319e-01
6.049070584310883847e-01
3.323280144578843465e-01
3.975842655066927356e-01
5.699745325146525765e-01
5.115422415391490674e-01
4.340006961057428780e-01
4.869663469865096461e-01
3.445798986449588042e-01
2.305365265170796762e-01
6.162735041900094801e-01
4.808256362370200154e-01
1.904636100219465611e-01
2.325288103243005056e-01
5.716556987409557866e-01
3.887097888922307343e-01
3.023883508895734429e-01
4.081573255473493478e-01
3.998353711193823878e-01
5.155248932307776588e-01
3.219308705590532282e-01
6.879456087149787846e-01
5.522159359198461903e-01
4.567258071402243158e-01
4.651310162782499313e-01
3.145192960847333352e-01
5.452392497747200473e-01
3.511166679838605975e-01
2.493508059565295865e-01
2.278551171580441848e-01
5.023494422047569685e-01
5.895043008939568896e-01
2.740333510734918043e-01
4.296910473595412783e-01
4.080046835830510310e-01
5.390515503381805296e-01
4.138929868516657007e-01
5.306359354481409163e-01
4.797064567757531872e-01
4.336222707026023970e-01
4.919807443612556064e-01
2.999048020864134578e-01
6.173414952144615775e-01
3.596922491715548453e-01
2.309629705877155326e-01
2.178167659706779224e-01
5.024606361011449973e-01
5.367882056411928948e-01
2.216817935194668465e-01
4.437837671574049181e-01
3.140781908352457408e-01
4.661377124119771009e-01
5.343432442946483008e-01
4.813208590910748041e-01
4.758134496763768984e-01
4.512837980516678504e-01
4.294992099250606876e-01
2.623211310524536932e-01
5.231290706439784000e-01
3.522243092578345447e-01
2.010206272145828588e-01
2.153411428024468721e-01
6.437432876816460148e-01
6.043258759406566760e-01
2.970833685875886032e-01
1.937683371234499019e-01
3.251585216182253379e-01
7.430833629333659651e-01
2.211810233771419609e-01
1.312429910646500941e-01
3.153104050306498873e-01
1.590727924584931230e-01
3.104539759921569053e-01
2.086925652686401900e-01
1.529697494338413677e-01
1.703092392672310162e-01
2.534743595375731906e-01
4.960443518824193543e-01
1.355958744909178948e-01
3.280605956950677360e-01
1.129134277061187713e-01
2.420159806767291366e-01
2.190460595970567526e-01
4.198409802780787570e-01
2.187361908970393287e-01
5.946377804649458643e-01
5.385144925441162078e-01
5.216854610191841157e-01
7.500022093083718033e-01
1.047058402275631711e-01
3.583819615153437978e-03
1.644922989853128958e-01
4.997004633328901990e-01
8.046546155839436887e-01
4.466396703214903230e-01
8.848590811604297585e-03
1.294913582278596209e-01
6.303288698068076901e-01
4.110204306008665154e-01
5.598934506596006111e-01
4.553426865019750691e-01
1.686803411287634002e-01
4.985701557617830404e-01
2.254871206382659254e-01
2.423514770599805579e-01
2.758604859828122091e-01
4.138313993981616590e-01
1.026215778865315620e-01
6.547288093846082013e-01
2.407626584167490424e-01
3.364419644171521839e-01
1.085201356569973075e-01
2.118099124263949085e-01
1.806994262128028550e-01
2.083201818067040856e-01
6.431255326567189012e-01
1.271583636540507822e-01
1.405620872843598157e-01
5.135025645380342230e-01
3.142750219057868777e-01
2.677875502005251374e-01
2.187850020463056600e-01
7.218294299602298070e-01
6.303314391359100544e-01
2.157618016864010779e-01
