6.419834102863239966e-01
1.000000000000000000e+00
4.497277145836452994e-01
3.873758733652394315e-01
6.733246414024710580e-01
6.174909715126252197e-01
4.948851473798533962e-01
9.418065523179572907e-01
4.951792933579384770e-01
3.302714691002379133e-01
1.409855690272436290e-01
2.415725338128957567e-01
1.578626900341497941e-01
5.523923910651745706e-01
3.462679234183171362e-01
1.649954832881662115e-01
9.812667737795833789e-01
5.441341291207687503e-01
4.678872743863773387e-01
1.884057014338067493e-01
5.328570877254884541e-01
3.219894393185481207e-01
1.894162490797254850e-01
4.486373817819810927e-01
2.606897425787191303e-01
2.358625076891313621e-01
2.904684925586796806e-01
2.349843186343967549e-01
5.130448969322208841e-01
4.791131959332986523e-01
1.710724525182500400e-01
4.094830836212259295e-01
5.689837914927762252e-01
6.654536301249250885e-01
2.135979298283414152e-01
1.051137259779610228e-01
5.713956032723397360e-01
2.065618070953436913e-01
1.161099222801191960e-01
2.962609992322683405e-01
4.635714184492608636e-01
1.872016363844226372e-01
8.169826842417010626e-02
8.016077570577637146e-02
1.805198659153718355e-01
1.587286694700643652e-01
8.597462375593979689e-02
1.554898854539820130e-01
2.105619892314309072e-01
3.487919620934222253e-01
2.402740629969074559e-01
2.286875725900116285e-01
8.671987419493627502e-01
3.511075161772025943e-01
3.280401030611291291e-01
3.411933611042540782e-01
1.942683098542909992e-01
2.182427139886016776e-01
3.172428616679487945e-01
1.191306971081970006e-01
1.762385369529841372e-01
5.518564895470383647e-01
1.627631584274555343e-01
6.413576535527755473e-02
4.047958663165252546e-01
6.092251908389469950e-01
6.218108448015429168e-01
2.752194833112810990e-01
4.156814971816472637e-01
4.181611493450975714e-01
3.902815507125558803e-01
5.901547711252344008e-01
5.793179299676863847e-01
3.183039456381336341e-01
2.934548154757951610e-01
1.946713207531460821e-01
2.596823524493543367e-01
2.432376613321809711e-01
6.963539861876646420e-01
4.249704376737254430e-01
3.135146983007470189e-01
4.758390882874351524e-01
1.916409829482009775e-01
2.576568407316846554e-01
2.851635614903760274e-01
1.938474186343020489e-01
3.916890701346216197e-01
4.370143765223464816e-01
5.721550497138563340e-01
4.285015645898144210e-01
3.788197361143692543e-01
2.054659080323696374e-01
3.845919687695269484e-01
2.587874921312430243e-01
1.900882233378656805e-01
5.438609749178608954e-01
7.476141394918607297e-01
5.807199091639309030e-01
2.769741611290339467e-01
2.534985646903309964e-01
6.962363372063550271e-01
9.235018967054502426e-01
2.819133535528322021e-01
3.153399583560952957e-01
7.126129334303553664e-01
4.171209992316761705e-01
2.973936051453360263e-01
6.059880693703211252e-01
4.895278611129195157e-01
2.586962625704446461e-01
2.138509753372586086e-01
0.000000000000000000e+00
2.797580248413316095e-01
6.203311427799097499e-01
1.226415660272976993e-01
1.920382740226669327e-01
6.419834102863239966e-01
1.000000000000000000e+00
4.497277145836452994e-01
3.873758733652394315e-01
6.733246414024710580e-01
6.174909715126252197e-01
4.948851473798533962e-01
9.418065523179572907e-01
4.951792933579384770e-01
3.302714691002379133e-01
1.409855690272436290e-01
2.415725338128957567e-01
1.578626900341497941e-01
5.523923910651745706e-01
3.462679234183171362e-01
1.649954832881662115e-01
9.812667737795833789e-01
5.441341291207687503e-01
4.678872743863773387e-01
1.884057014338067493e-01
5.328570877254884541e-01
3.219894393185481207e-01
1.894162490797254850e-01
4.486373817819810927e-01
2.606897425787191303e-01
2.358625076891313621e-01
2.904684925586796806e-01
2.349843186343967549e-01
5.130448969322208841e-01
4.791131959332986523e-01
1.710724525182500400e-01
4.094830836212259295e-01
5.689837914927762252e-01
6.654536301249250885e-01
2.135979298283414152e-01
1.051137259779610228e-01
5.713956032723397360e-01
2.065618070953436913e-01
1.161099222801191960e-01
2.962609992322683405e-01
4.635714184492608636e-01
1.872016363844226372e-01
8.169826842417010626e-02
8.016077570577637146e-02
1.805198659153718355e-01
1.587286694700643652e-01
8.597462375593979689e-02
1.554898854539820130e-01
2.105619892314309072e-01
3.487919620934222253e-01
2.402740629969074559e-01
2.286875725900116285e-01
8.671987419493627502e-01
3.511075161772025943e-01
3.280401030611291291e-01
3.411933611042540782e-01
1.942683098542909992e-01
2.182427139886016776e-01
3.172428616679487945e-01
1.191306971081970006e-01
1.762385369529841372e-01
5.518564895470383647e-01
1.627631584274555343e-01
6.413576535527755473e-02
6.962186003125435674e-01
9.235018967054502426e-01
2.819133535528322021e-01
3.153399583560952957e-01
7.126129334303553664e-01
4.171209992316761705e-01
2.973936051453360263e-01
6.059866870509843517e-01
4.895126303314126237e-01
2.586962625704446461e-01
2.138509753372586086e-01
0.000000000000000000e+00
2.797580248413316095e-01
6.203311427799097499e-01
1.226415660272976993e-01
1.920382740226669327e-01
6.247207424223157890e-01
8.105024556525983748e-01
4.859584772206538283e-01
3.937784865621545838e-01
9.847229216331887525e-01
4.005577126962358570e-01
3.463939075216821983e-01
3.830327126857999143e-01
6.328398566621299404e-01
3.380978368212551044e-01
1.256317263007799556e-01
0.000000000000000000e+00
3.146882537887508158e-01
3.475069866156572651e-01
1.060741169340089218e-01
1.708831741626967715e-01
6.159736274824395563e-01
8.590703725115811373e-01
3.864833617539739641e-01
3.668235525626668547e-01
1.000000000000000000e+00
3.357594826265460908e-01
3.097176961479689017e-01
4.857125353953387625e-01
5.046662758802287208e-01
3.156307984848404913e-01
1.864324828364844755e-01
3.103863630007697161e-03
3.827191498069733022e-01
4.944700122020947441e-01
3.822288017186159514e-02
8.008552455231958411e-02
6.160463551960470019e-01
9.692230839154537536e-01
5.082332866839336383e-01
3.880433981309086011e-01
7.797740839408588975e-01
4.790933222362465105e-01
3.522813207222891818e-01
2.319622860238504947e-01
6.399024584453071318e-01
4.205073771599078802e-01
9.293733242155340080e-02
1.022901309905974720e-01
4.555948358153338873e-01
3.715086471587906725e-01
1.868562946784357859e-02
1.582458547634389978e-01
5.997621265227256471e-01
1.000000000000000000e+00
5.179449384709249316e-01
3.834129551896116039e-01
8.355000997505162008e-01
4.267353956004009130e-01
4.209437892744009035e-01
3.140461149709529720e-01
6.206090771465850864e-01
3.354991308771216874e-01
1.133955113472115417e-01
7.422267263954668293e-02
3.733006588191358222e-01
5.004454412130232566e-01
0.000000000000000000e+00
1.712064990772296791e-01
5.914008381908187895e-01
1.000000000000000000e+00
4.739998962460553189e-01
3.487005941130840725e-01
8.945633424900074626e-01
3.543568435016257179e-01
3.304542892964622003e-01
3.983007563224590375e-01
5.736886325641176176e-01
2.886052727693295683e-01
1.544674996997314476e-01
2.648168938854578158e-02
3.324831971021822152e-01
4.018393004918794920e-01
0.000000000000000000e+00
1.378341854901790620e-01
6.419834102863239966e-01
1.000000000000000000e+00
4.497277145836452439e-01
3.873758733652394315e-01
6.733246414024711690e-01
6.174909715126252197e-01
4.948851473798535072e-01
9.418065523179572907e-01
4.951792933579385325e-01
3.302714691002379688e-01
1.409855690272436013e-01
2.415725338128957289e-01
1.578626900341498218e-01
5.523923910651746816e-01
3.462679234183170807e-01
1.649954832881662115e-01
9.812667737795833789e-01
5.441341291207687503e-01
4.678872743863773942e-01
1.884057014338068048e-01
5.328570877254884541e-01
3.219894393185481207e-01
1.894162490797254572e-01
4.486373817819810372e-01
2.606897425787191303e-01
2.358625076891313344e-01
2.904684925586797362e-01
2.349843186343967272e-01
5.130448969322207731e-01
4.791131959332985413e-01
1.710724525182500955e-01
4.094830836212259850e-01
5.689837914927762252e-01
6.654536301249250885e-01
2.135979298283414429e-01
1.051137259779610367e-01
5.713956032723397360e-01
2.065618070953437191e-01
1.161099222801191960e-01
2.962609992322683405e-01
4.635714184492608636e-01
1.872016363844226372e-01
8.169826842417012014e-02
8.016077570577638534e-02
1.805198659153718077e-01
1.587286694700643375e-01
8.597462375593979689e-02
1.554898854539820408e-01
2.105619892314309072e-01
3.487919620934221698e-01
2.402740629969075115e-01
2.286875725900116285e-01
8.671987419493627502e-01
3.511075161772025388e-01
3.280401030611291291e-01
3.411933611042540226e-01
1.942683098542909992e-01
2.182427139886016776e-01
3.172428616679488500e-01
1.191306971081970006e-01
1.762385369529841372e-01
5.518564895470383647e-01
1.627631584274555621e-01
6.413576535527755473e-02
