6.131848724978857801e-01
5.887746376303443219e-01
6.884861029136758459e-01
5.791166669468319483e-01
4.538192470852789873e-01
1.490715599508176670e-01
2.687793190404412780e-01
5.475562443375525667e-01
5.599147466592777622e-01
3.227136986696661491e-01
2.418043806037287746e-01
6.070852618863256112e-01
4.308844480998078597e-01
3.190396139159078492e-01
6.499967536399680057e-01
4.391596301174516270e-01
5.871443405090478462e-01
1.980926317355402033e-01
4.187118605958447537e-01
2.117328984835366579e-01
2.594409395788396799e-01
5.893875709418155973e-02
5.721597368493026858e-02
1.710198705634733418e-01
1.806016361879552723e-01
7.800726300900850951e-02
1.070316514712345568e-01
2.107362855075088914e-01
4.415600278635877785e-01
1.585479059499480536e-01
1.949697301642761837e-01
3.088591595281662272e-01
7.698252502958212729e-01
3.009293891911644647e-01
2.787423068372149038e-01
3.845080272644913477e-01
3.445016567275080988e-01
1.024542140862170214e-01
1.009587958562276483e-01
4.067444097700466110e-01
3.736038455630947830e-01
1.245239420549999476e-01
1.552579125753782985e-01
2.445512026616816215e-01
3.801300308848428178e-01
1.927802068803158575e-01
2.304756099039408368e-01
4.165028133978408986e-01
5.467995700560553951e-01
3.231475140329154727e-01
4.186203446082987778e-01
4.298083751336571612e-01
6.090795169182139368e-01
1.527289753160430419e-01
1.667661954386298329e-01
2.390518210970002388e-01
5.289524414403414809e-01
3.463024606888389645e-01
4.539149397788783680e-01
3.223623801105032771e-01
3.792401194167379641e-01
3.937115202009373038e-01
5.776670557087790758e-01
2.931853346899139789e-01
5.210203259394433628e-01
5.066362913005244550e-01
7.043103898889948589e-01
5.179397155927665253e-01
4.027633676728545886e-01
2.291690305622678392e-01
2.513674108677425578e-01
5.989182146783986749e-01
5.531646057043283493e-01
3.788760984737215565e-01
1.973872395648852418e-01
4.303251987087976516e-01
3.266286196296123157e-01
3.898256392286106875e-01
6.638867154618721678e-01
2.438290918619564762e-01
3.042545238606694236e-01
3.775245777879742137e-01
9.252278667125705958e-02
8.478596719379545565e-02
1.660764841545934178e-01
9.632225569161777246e-02
4.478412736708239361e-01
2.867282761704082472e-01
5.948009426327572902e-01
2.389845381795098755e-01
3.199161669501027205e-01
1.102501780541345067e-01
2.165367679749504171e-01
3.519056846831898899e-01
4.505267405708695549e-01
7.115761944830427677e-01
7.874982671666124201e-01
2.351744562109042702e-01
3.644969848261119250e-01
5.412575587008607858e-01
7.155489825039257346e-01
3.927699162511195108e-01
4.379614801093580922e-01
5.947396108073694787e-01
3.432850715620472393e-01
1.260380440689093384e-01
1.511490750788346271e-01
3.907924635565976912e-01
6.040930042282501855e-01
1.825775592027698013e-01
2.329170116796672185e-01
2.758184887602011526e-01
5.385290379317204668e-01
3.515033756486339866e-01
4.361406005819132292e-01
4.294589096864935840e-01
6.131848724978857801e-01
5.887746376303443219e-01
6.884861029136758459e-01
5.791166669468319483e-01
4.538192470852789873e-01
1.490715599508176670e-01
2.687793190404412780e-01
5.475562443375525667e-01
5.599147466592777622e-01
3.227136986696661491e-01
2.418043806037287746e-01
6.070852618863256112e-01
4.308844480998078597e-01
3.190396139159078492e-01
6.499967536399680057e-01
4.391596301174516270e-01
5.871443405090478462e-01
1.980926317355402033e-01
4.187118605958447537e-01
2.117328984835366579e-01
2.594409395788396799e-01
5.893875709418155973e-02
5.721597368493026858e-02
1.710198705634733418e-01
1.806016361879552723e-01
7.800726300900850951e-02
1.070316514712345568e-01
2.107362855075088914e-01
4.415600278635877785e-01
1.585479059499480536e-01
1.949697301642761837e-01
3.088591595281662272e-01
7.698252502958212729e-01
3.009293891911644647e-01
2.787423068372149038e-01
3.845080272644913477e-01
3.445016567275080988e-01
1.024542140862170214e-01
1.009587958562276483e-01
4.067444097700466110e-01
3.736038455630947830e-01
1.245239420549999476e-01
1.552579125753782985e-01
2.445512026616816215e-01
3.801300308848428178e-01
1.927802068803158575e-01
2.304756099039408368e-01
4.165028133978408986e-01
5.467995700560553951e-01
3.231475140329154727e-01
4.186203446082987778e-01
4.298083751336571612e-01
6.090795169182139368e-01
1.527289753160430419e-01
1.667661954386298329e-01
2.390518210970002388e-01
5.289524414403414809e-01
3.463024606888389645e-01
4.539149397788783680e-01
3.223623801105032771e-01
3.792401194167379641e-01
3.937115202009373038e-01
5.776670557087790758e-01
2.931853346899139789e-01
7.155307536128991952e-01
3.927699162511195108e-01
4.379614801093580922e-01
5.947396108073694787e-01
3.432850715620472393e-01
1.260380440689093384e-01
1.511490750788346271e-01
3.907903262625406215e-01
6.040811916874859744e-01
1.825775592027698013e-01
2.329170116796672185e-01
2.758184887602011526e-01
5.385290379317204668e-01
3.515033756486339866e-01
4.361406005819132292e-01
4.294589096864935840e-01
6.547815013410481777e-01
3.575642183830813337e-01
6.925698357730993848e-01
6.136798014113955535e-01
4.711182469873056999e-01
9.376530042915359742e-02
1.968595032789297317e-01
2.426323481486226674e-01
6.923645630576503729e-01
1.837527197071546492e-01
2.240772968686084998e-01
3.478273465378328710e-01
5.899471951891186450e-01
2.209124127695188955e-01
3.822278120235624854e-01
4.036154336449747082e-01
6.876307140994338818e-01
3.691376338056343021e-01
5.991138811380141149e-01
5.532126374187986695e-01
4.167010363644048088e-01
7.298934779937843453e-02
1.761851616545301868e-01
3.573198094712981554e-01
7.336688936491104762e-01
1.568844253823629686e-01
2.447229638609540181e-01
2.670893380757846658e-01
6.296699341973127639e-01
3.646598155734204205e-01
2.921740332966382692e-01
3.594306725955554449e-01
7.006815777963844027e-01
4.826293050333888557e-01
5.434132745724895575e-01
6.083643892791168462e-01
3.196905079387473703e-01
1.443396419814996501e-01
1.680641465306897675e-01
1.805698860336465428e-01
7.714324338192820596e-01
2.176140034834933568e-01
2.360741578608410163e-01
3.917628255391308878e-01
6.607744407555160571e-01
2.034642906983321065e-01
3.550497591027586552e-01
4.129737310358452262e-01
6.711401557969550735e-01
4.248955014400470076e-01
6.571489189922861129e-01
6.231572232570078418e-01
3.778945483068639200e-01
1.344993097373971269e-01
2.005409552220946967e-01
1.608291577587363519e-01
6.569180064122233098e-01
1.686316583032377581e-01
2.175215108200496128e-01
4.580684975719828689e-01
6.236602220562249554e-01
3.785929600588801569e-01
3.127717583382040312e-01
3.845210805393516340e-01
6.665399272497544159e-01
3.947709619773068779e-01
6.335436080319577501e-01
6.186398396258416810e-01
3.832800950267805651e-01
8.369795356883241721e-02
1.823893335153456974e-01
3.043733690495479816e-01
6.776766490266542542e-01
1.793302185145670413e-01
2.311745822607508827e-01
3.084538109608674916e-01
5.861403827345870177e-01
2.734756555366078534e-01
2.917538377385979764e-01
3.796616396281234374e-01
6.131848724978857801e-01
5.887746376303442108e-01
6.884861029136759569e-01
5.791166669468319483e-01
4.538192470852790983e-01
1.490715599508176670e-01
2.687793190404413335e-01
5.475562443375525667e-01
5.599147466592778732e-01
3.227136986696662602e-01
2.418043806037287469e-01
6.070852618863255001e-01
4.308844480998078597e-01
3.190396139159079603e-01
6.499967536399680057e-01
4.391596301174516825e-01
5.871443405090479573e-01
1.980926317355402033e-01
4.187118605958447537e-01
2.117328984835366579e-01
2.594409395788396799e-01
5.893875709418155973e-02
5.721597368493026164e-02
1.710198705634733141e-01
1.806016361879553001e-01
7.800726300900850951e-02
1.070316514712345707e-01
2.107362855075088637e-01
4.415600278635877229e-01
1.585479059499479981e-01
1.949697301642762393e-01
3.088591595281662272e-01
7.698252502958212729e-01
3.009293891911644092e-01
2.787423068372149038e-01
3.845080272644912922e-01
3.445016567275080988e-01
1.024542140862170492e-01
1.009587958562276483e-01
4.067444097700465555e-01
3.736038455630947830e-01
1.245239420549999476e-01
1.552579125753782985e-01
2.445512026616816770e-01
3.801300308848427623e-01
1.927802068803158297e-01
2.304756099039408646e-01
4.165028133978410652e-01
5.467995700560553951e-01
3.231475140329153617e-01
4.186203446082987778e-01
4.298083751336572167e-01
6.090795169182139368e-01
1.527289753160430419e-01
1.667661954386298329e-01
2.390518210970002388e-01
5.289524414403414809e-01
3.463024606888390200e-01
4.539149397788783680e-01
3.223623801105032771e-01
3.792401194167380196e-01
3.937115202009373038e-01
5.776670557087790758e-01
2.931853346899139789e-01
