1.062740819645196233e-01
3.710569271860592044e-01
4.176143690450247470e-01
1.470039951741298756e-01
2.077377569275720148e-01
6.001676654064046490e-01
4.827115591770383962e-01
2.240829088969373273e-01
1.499008023544919355e-01
5.259236415856307634e-01
3.758384261877159571e-01
3.267992852933708781e-01
7.915612242264184750e-02
2.728259818974277939e-01
3.142531178311879225e-01
1.311139338227167161e-01
4.041264181772747377e-01
3.846413455131873493e-01
7.884274272658912119e-01
2.997890316397625599e-01
6.518194889734595376e-01
2.250392118145493059e-01
3.908281102398144524e-01
4.838883168160979520e-01
4.220448294183555271e-01
5.459773495795052778e-01
3.717423300088370519e-01
5.264090805524459515e-01
1.401549020653390376e-01
7.673911832163728131e-02
7.036188438633718123e-01
1.808519435675094988e-01
4.811226070552978573e-01
5.501525262659020532e-01
2.215967316552648614e-01
1.488553385558444297e-01
8.732152805269111084e-01
5.852319160569470213e-01
5.704345194266150498e-01
6.137325409566259937e-01
2.816779158623984314e-01
6.688827946992773610e-01
2.309795672263883770e-01
3.174418292543039755e-01
1.300233001421175205e-01
3.388809854386752307e-01
4.120927036759831630e-01
2.876575807715412991e-01
4.996069031794263260e-02
2.144533734636337452e-01
6.573189573416296505e-02
9.642654913303642938e-02
3.566772213950419879e-01
2.782700518800789724e-01
3.596287037755321880e-01
8.295306037778615860e-02
3.091047997044512607e-01
7.131740237295217666e-01
7.328304127808283885e-01
2.039167196204278720e-01
6.345896729110296619e-02
4.144064781231348582e-01
2.732911883967653610e-01
7.557543517784094667e-02
1.046482321678965377e-01
2.925271228558314340e-01
4.008427581008748297e-01
1.422071139347599600e-01
1.576406730535304945e-01
5.602910967625929217e-01
5.215717455471982067e-01
2.489640215449938632e-01
1.292602270532380304e-01
6.292732858489491488e-01
4.413720158731791465e-01
8.813179221836664468e-02
1.632123875631459886e-01
2.937624297009032714e-01
3.929583388479824801e-01
5.975897756287554818e-01
8.935315631631418620e-01
9.119948460482614205e-01
2.160771873682976740e-01
4.252217873040004537e-01
3.895548564389484936e-01
6.040452938199686317e-01
7.902035378165009338e-02
1.979847999802697434e-01
4.237326648719548228e-01
4.571958709238866381e-01
8.855399993362068622e-01
6.900538973690286682e-01
2.340374804922866758e-01
1.684143094839378185e-01
5.664995874466622477e-02
3.437836932867443518e-01
2.868372190047018822e-01
6.555897673219218680e-01
7.334873575846980742e-01
2.011419743380639669e-01
2.101726497218088519e-01
4.623841829307387408e-01
3.282621372587531949e-01
1.893714894160689055e-01
5.087711916785864208e-01
5.214874584916424638e-01
5.432656889197777783e-01
4.379277295926451430e-01
4.250161441311225974e-01
7.750187539149788751e-01
4.784072725521626435e-01
2.740853225404440985e-01
8.389186125218149603e-02
3.609112155277524048e-01
5.247891289757851130e-01
1.522411795991313876e-01
1.062740819645196233e-01
3.710569271860592044e-01
4.176143690450247470e-01
1.470039951741298756e-01
2.077377569275720148e-01
6.001676654064046490e-01
4.827115591770383962e-01
2.240829088969373273e-01
1.499008023544919355e-01
5.259236415856307634e-01
3.758384261877159571e-01
3.267992852933708781e-01
7.915612242264184750e-02
2.728259818974277939e-01
3.142531178311879225e-01
1.311139338227167161e-01
4.041264181772747377e-01
3.846413455131873493e-01
7.884274272658912119e-01
2.997890316397625599e-01
6.518194889734595376e-01
2.250392118145493059e-01
3.908281102398144524e-01
4.838883168160979520e-01
4.220448294183555271e-01
5.459773495795052778e-01
3.717423300088370519e-01
5.264090805524459515e-01
1.401549020653390376e-01
7.673911832163728131e-02
7.036188438633718123e-01
1.808519435675094988e-01
4.811226070552978573e-01
5.501525262659020532e-01
2.215967316552648614e-01
1.488553385558444297e-01
8.732152805269111084e-01
5.852319160569470213e-01
5.704345194266150498e-01
6.137325409566259937e-01
2.816779158623984314e-01
6.688827946992773610e-01
2.309795672263883770e-01
3.174418292543039755e-01
1.300233001421175205e-01
3.388809854386752307e-01
4.120927036759831630e-01
2.876575807715412991e-01
4.996069031794263260e-02
2.144533734636337452e-01
6.573189573416296505e-02
9.642654913303642938e-02
3.566772213950419879e-01
2.782700518800789724e-01
3.596287037755321880e-01
8.295306037778615860e-02
3.091047997044512607e-01
7.131740237295217666e-01
7.328304127808283885e-01
2.039167196204278720e-01
6.345896729110296619e-02
4.144064781231348582e-01
2.732911883967653610e-01
7.557543517784094667e-02
2.101672954911101843e-01
4.623841829307387408e-01
3.282621372587531949e-01
1.893714894160689055e-01
5.087711916785864208e-01
5.214874584916424638e-01
5.432656889197777783e-01
4.379257576641129024e-01
4.249989885357206565e-01
7.750187539149788751e-01
4.784072725521626435e-01
2.740853225404440985e-01
8.389186125218149603e-02
3.609112155277524048e-01
5.247891289757851130e-01
1.522411795991313876e-01
1.190638691585547970e-01
5.229380683634696769e-01
5.689358098967334243e-01
1.667876349236890321e-01
6.331818146663683589e-01
3.634472103246980668e-01
7.437153280711591430e-01
4.196885708795837222e-01
6.041577542812935908e-01
7.084976676970003995e-01
5.429852503453499457e-01
2.955859466499273225e-01
1.368271150602904385e-01
4.019282486570104895e-01
3.654573254123574255e-01
9.417995774298150435e-02
1.736493051126304088e-01
4.001368669923682231e-01
4.320091914865596405e-01
1.225209394762314108e-01
4.136733358588403631e-01
4.512253030850115754e-01
7.054209302597240772e-01
4.476387996143339487e-01
5.907432166895640879e-01
6.219111321828294514e-01
6.078371091951343397e-01
2.179273847994733226e-01
1.384910650660878262e-01
5.152389026331199995e-01
2.012336245982732086e-01
9.396185477458197932e-02
1.615508878720812169e-01
6.371711847187401245e-01
3.547457371364353129e-01
1.734581631113089606e-01
4.665985365158908382e-01
5.479619414095626695e-01
6.589355750418941504e-01
2.331018532485531480e-01
7.447287174350799566e-01
6.752740761864772789e-01
6.404735338644375053e-01
3.996115826700258333e-01
1.410128757478894546e-01
5.205364075770617660e-01
2.992648450380973046e-01
1.187277672893830432e-01
1.545866895980121947e-01
5.590108888457590020e-01
5.710153560293331765e-01
1.508633602213669822e-01
5.361404032053320723e-01
5.140628695002948945e-01
7.129419499444742403e-01
3.614683621505201949e-01
4.772236548072854578e-01
6.986401206833088295e-01
5.842611372628396804e-01
3.696896401973284174e-01
1.578719302322068585e-01
4.497468333388793815e-01
3.406780727459971514e-01
1.148367594035744482e-01
1.868110955397152828e-01
3.824372458063440838e-01
4.974347390847025929e-01
1.394479508844006233e-01
3.866755746034954977e-01
4.650549413099248630e-01
6.836782275925972208e-01
3.767067964903841326e-01
5.106092982210003184e-01
6.913677054657525467e-01
6.058747803544929367e-01
2.438830447334485174e-01
1.146983049660288689e-01
3.816846125229717557e-01
2.204781587763438022e-01
1.211037782494778364e-01
1.062740819645196233e-01
3.710569271860592599e-01
4.176143690450248025e-01
1.470039951741299034e-01
2.077377569275719871e-01
6.001676654064046490e-01
4.827115591770385072e-01
2.240829088969373828e-01
1.499008023544919632e-01
5.259236415856308744e-01
3.758384261877159016e-01
3.267992852933708225e-01
7.915612242264186138e-02
2.728259818974279050e-01
3.142531178311879780e-01
1.311139338227167161e-01
4.041264181772748487e-01
3.846413455131873493e-01
7.884274272658913230e-01
2.997890316397626154e-01
6.518194889734595376e-01
2.250392118145493336e-01
3.908281102398143969e-01
4.838883168160978965e-01
4.220448294183555826e-01
5.459773495795052778e-01
3.717423300088371074e-01
5.264090805524458405e-01
1.401549020653390099e-01
7.673911832163725355e-02
7.036188438633719233e-01
1.808519435675094711e-01
4.811226070552978573e-01
5.501525262659020532e-01
2.215967316552648891e-01
1.488553385558444297e-01
8.732152805269111084e-01
5.852319160569471324e-01
5.704345194266150498e-01
6.137325409566259937e-01
2.816779158623984314e-01
6.688827946992773610e-01
2.309795672263883493e-01
3.174418292543039755e-01
1.300233001421174928e-01
3.388809854386752307e-01
4.120927036759831630e-01
2.876575807715413546e-01
4.996069031794263260e-02
2.144533734636336897e-01
6.573189573416296505e-02
9.642654913303642938e-02
3.566772213950419879e-01
2.782700518800789724e-01
3.596287037755321325e-01
8.295306037778615860e-02
3.091047997044512607e-01
7.131740237295217666e-01
7.328304127808283885e-01
2.039167196204278720e-01
6.345896729110298007e-02
4.144064781231348582e-01
2.732911883967654165e-01
7.557543517784094667e-02
