3.855172604064814323e-01
6.075846680875475192e-01
4.291850525408851813e-01
5.157343390607668221e-01
4.909447476159906065e-01
3.079927815820006631e-01
3.372521596019983359e-01
5.445324456585403095e-01
4.296726740547727741e-01
1.644579513848904440e-01
1.527783125612973691e-01
5.938442587092169767e-01
5.572753647891874884e-01
4.223928848082145748e-01
5.044961920149559909e-01
4.679990482988341527e-01
5.091344315943439058e-01
3.033674758086422063e-01
3.167165449807796684e-01
3.764088802566610825e-01
3.329910629581299131e-01
1.084285812495066614e-01
6.513750436987908454e-02
2.301621290914652729e-01
1.523985342043707170e-01
6.320425413909341872e-02
1.092853720210923418e-01
3.439888726438413702e-01
5.437281950431080979e-01
2.648871609506620040e-01
1.272804483046854618e-01
3.189681675908821457e-01
4.262303056749102703e-01
2.711932750809911696e-01
1.956677468944253429e-01
3.070365618986576339e-01
2.454495310640227301e-01
7.304895853611056977e-02
6.631121467099836131e-02
3.356429426922658554e-01
1.340769838669427783e-01
1.131293829014071439e-01
1.174183241656912569e-01
3.626307354839630182e-01
4.324406664572757464e-01
2.207980811015576861e-01
2.569311760697304825e-01
6.729718050663296980e-01
6.098124458117428759e-01
4.973896364767062539e-01
5.264518095059578240e-01
5.725086350472158303e-01
7.106656290811431687e-01
2.024574283674926145e-01
1.812485959868371521e-01
3.862397942745798285e-01
3.914623189589469532e-01
2.827769754715623862e-01
4.042724584480473782e-01
4.397433469463268296e-01
5.024780862702394879e-01
4.484698429693075861e-01
5.965940976755220726e-01
3.247073402319655133e-01
4.089100902254724779e-01
6.719453794403151825e-01
5.287650131714671797e-01
5.037477186015419939e-01
5.060234387545717860e-01
4.054192356517102858e-01
3.531231343747252005e-01
5.891089122325259275e-01
5.629727060854606835e-01
2.371491453239526481e-01
1.808354790740172024e-01
5.651922973605643108e-01
3.250734156974288691e-01
4.215154856633154257e-01
6.249303471580470726e-01
3.684288087012244084e-01
1.965242340216306061e-01
3.933084018430154094e-01
9.919369974441530347e-02
9.092055479365394877e-02
1.570728412432298438e-01
7.006836696852607183e-02
5.664004251048410099e-01
2.945973676820251574e-01
4.114032511725549401e-01
2.367331451573752577e-01
2.173013246727326930e-01
8.679451991168871117e-02
1.022362043612272120e-01
4.621683987574889962e-01
5.480345464782899745e-01
6.399604717552971334e-01
6.790987513091775174e-01
2.871060104276689229e-01
2.753175356058723544e-01
6.733686216406868930e-01
5.247094425423241004e-01
5.090543718895141900e-01
2.976477317163055414e-01
6.535112756290029079e-01
3.867091800698967408e-01
1.798746374170154816e-01
1.598013655780934350e-01
4.456814626915578392e-01
3.434452987711237859e-01
1.143400997285279608e-01
1.838848560151310485e-01
4.251342933654709833e-01
6.950447478400885171e-01
4.639251873520653380e-01
3.830647720278745338e-01
5.035740657970912970e-01
3.855172604064814323e-01
6.075846680875475192e-01
4.291850525408851813e-01
5.157343390607668221e-01
4.909447476159906065e-01
3.079927815820006631e-01
3.372521596019983359e-01
5.445324456585403095e-01
4.296726740547727741e-01
1.644579513848904440e-01
1.527783125612973691e-01
5.938442587092169767e-01
5.572753647891874884e-01
4.223928848082145748e-01
5.044961920149559909e-01
4.679990482988341527e-01
5.091344315943439058e-01
3.033674758086422063e-01
3.167165449807796684e-01
3.764088802566610825e-01
3.329910629581299131e-01
1.084285812495066614e-01
6.513750436987908454e-02
2.301621290914652729e-01
1.523985342043707170e-01
6.320425413909341872e-02
1.092853720210923418e-01
3.439888726438413702e-01
5.437281950431080979e-01
2.648871609506620040e-01
1.272804483046854618e-01
3.189681675908821457e-01
4.262303056749102703e-01
2.711932750809911696e-01
1.956677468944253429e-01
3.070365618986576339e-01
2.454495310640227301e-01
7.304895853611056977e-02
6.631121467099836131e-02
3.356429426922658554e-01
1.340769838669427783e-01
1.131293829014071439e-01
1.174183241656912569e-01
3.626307354839630182e-01
4.324406664572757464e-01
2.207980811015576861e-01
2.569311760697304825e-01
6.729718050663296980e-01
6.098124458117428759e-01
4.973896364767062539e-01
5.264518095059578240e-01
5.725086350472158303e-01
7.106656290811431687e-01
2.024574283674926145e-01
1.812485959868371521e-01
3.862397942745798285e-01
3.914623189589469532e-01
2.827769754715623862e-01
4.042724584480473782e-01
4.397433469463268296e-01
5.024780862702394879e-01
4.484698429693075861e-01
5.965940976755220726e-01
3.247073402319655133e-01
5.246960753634410946e-01
5.090543718895141900e-01
2.976477317163055414e-01
6.535112756290029079e-01
3.867091800698967408e-01
1.798746374170154816e-01
1.598013655780934350e-01
4.456795179655906880e-01
3.434257093744848555e-01
1.143400997285279608e-01
1.838848560151310485e-01
4.251342933654709833e-01
6.950447478400885171e-01
4.639251873520653380e-01
3.830647720278745338e-01
5.035740657970912970e-01
5.462325916873462806e-01
3.989511518964274361e-01
4.641773165114693733e-01
5.978791156189995348e-01
4.808770225200850734e-01
1.540994945449493392e-01
1.544083554469270481e-01
3.727232814417695272e-01
3.570517285071039826e-01
1.654415557361913480e-01
1.691903617418738515e-01
4.296818041692836987e-01
6.496369356143864016e-01
3.154643214739067947e-01
4.184226205360026540e-01
5.334097533860028273e-01
5.862336346379781737e-01
3.888971579057609040e-01
3.417822227531774337e-01
5.613114474795478648e-01
4.558942585457250729e-01
1.216537714001841713e-01
1.588574536950593807e-01
4.758746297155501681e-01
4.658638770608274360e-01
1.363501337511333622e-01
2.000937395869911428e-01
2.780949159668749116e-01
6.061553661806986515e-01
5.325704427941425623e-01
3.400169509450732264e-01
5.366540736218958774e-01
5.404276998925209297e-01
4.943781044398706248e-01
3.894668471131775833e-01
6.322495284518484526e-01
3.592242491554381023e-01
1.768823968688783832e-01
1.519731257332611329e-01
3.165095775035751124e-01
5.715389793834494414e-01
1.716238785550882606e-01
1.766889078584437112e-01
4.076526931603347004e-01
6.897588181767464466e-01
4.572555245803121005e-01
2.951985511209653246e-01
5.572635575966305987e-01
5.790922504630990897e-01
4.364625123639031545e-01
4.196465831120011480e-01
6.145141469468924367e-01
3.628842994481901729e-01
1.816812186815892627e-01
2.044354459204043573e-01
2.914432808112155660e-01
4.282955131711643215e-01
1.579467096615591870e-01
1.585563938377687332e-01
4.625890817670040844e-01
6.228018848497639537e-01
5.507446497695482890e-01
3.065929509657299157e-01
5.621983072288438965e-01
5.462735392623511155e-01
4.045187381725523501e-01
4.327976997613931509e-01
6.118030630508616285e-01
3.884967273255543474e-01
1.301877064333539780e-01
1.391889888998400493e-01
4.612007778522843604e-01
3.872483272369418028e-01
1.567857259410262993e-01
1.742865193543353675e-01
3.511744024467060021e-01
6.186274704064916863e-01
4.460142308831400171e-01
3.056214583867943313e-01
5.265994944843785941e-01
3.855172604064814323e-01
6.075846680875474082e-01
4.291850525408852368e-01
5.157343390607668221e-01
4.909447476159907175e-01
3.079927815820006631e-01
3.372521596019983359e-01
5.445324456585403095e-01
4.296726740547727186e-01
1.644579513848904717e-01
1.527783125612973414e-01
5.938442587092169767e-01
5.572753647891874884e-01
4.223928848082145748e-01
5.044961920149559909e-01
4.679990482988342082e-01
5.091344315943439058e-01
3.033674758086421508e-01
3.167165449807797240e-01
3.764088802566611380e-01
3.329910629581298576e-01
1.084285812495066614e-01
6.513750436987908454e-02
2.301621290914652729e-01
1.523985342043707170e-01
6.320425413909341872e-02
1.092853720210923557e-01
3.439888726438413147e-01
5.437281950431079869e-01
2.648871609506619484e-01
1.272804483046855173e-01
3.189681675908821457e-01
4.262303056749102703e-01
2.711932750809911141e-01
1.956677468944253429e-01
3.070365618986576894e-01
2.454495310640227301e-01
7.304895853611058365e-02
6.631121467099836131e-02
3.356429426922657999e-01
1.340769838669427783e-01
1.131293829014071439e-01
1.174183241656912569e-01
3.626307354839630182e-01
4.324406664572756354e-01
2.207980811015576861e-01
2.569311760697304825e-01
6.729718050663298090e-01
6.098124458117428759e-01
4.973896364767061429e-01
5.264518095059579350e-01
5.725086350472159413e-01
7.106656290811431687e-01
2.024574283674925868e-01
1.812485959868371521e-01
3.862397942745797175e-01
3.914623189589469532e-01
2.827769754715623862e-01
4.042724584480473782e-01
4.397433469463268851e-01
5.024780862702395989e-01
4.484698429693075861e-01
5.965940976755220726e-01
3.247073402319654578e-01
