1.762962646716250970e-01
3.932731015939444630e-01
3.871635204829530497e-01
2.696943807488369482e-01
2.060274009024921082e-01
2.857627146458232570e-01
4.028798464175987193e-01
3.444235915369424084e-01
2.667551968706027843e-01
3.266235822997369809e-01
3.128486553013645755e-01
4.077544571680913887e-01
2.154153269366874957e-01
5.227391091360762410e-01
4.230440224159964790e-01
2.168959019888189732e-01
4.651867799238078582e-01
3.203631292561482935e-01
5.736268885900988046e-01
3.044748157048655646e-01
5.061970600062286607e-01
1.896699260037869317e-01
2.136422223423654065e-01
3.976967379295551219e-01
3.092399820259885135e-01
4.142483826625453225e-01
3.175697135611541544e-01
4.560855536185071113e-01
1.722041463343939038e-01
3.221854797052086661e-01
3.544623186185272834e-01
4.049995337892319247e-01
4.444365140024932881e-01
3.316639540387598117e-01
2.610481075164670650e-01
4.089692770154655932e-01
5.406043877525846808e-01
3.487398485557905436e-01
4.807645571488802227e-01
4.641246449713938294e-01
2.834333408193374648e-01
4.013373538894524639e-01
1.985233492688572021e-01
3.118427435943543213e-01
2.159591474813918055e-01
4.066617166955621698e-01
3.048341521313925329e-01
4.001098548216248663e-01
1.599653537349781940e-01
1.769533490489406669e-01
1.904272116468695430e-01
1.929346449367627947e-01
7.002858508468139398e-01
4.015531911458417591e-01
3.707191601431187866e-01
3.877974081375867299e-01
4.371689284058367098e-01
5.885650497823932126e-01
4.805448519222193515e-01
3.154404366653907887e-01
9.836957757841395533e-02
5.525574373960637775e-01
6.061916091305658005e-01
1.868042054037501176e-01
2.091949533137336392e-01
3.737994574308070583e-01
5.734557343029840215e-01
2.479596638968415701e-01
2.307652337413319821e-01
3.586612726352334524e-01
4.432465058079208542e-01
3.648019160140718031e-01
4.412157529702731562e-01
4.152697667534586690e-01
3.598730339505093467e-01
2.037318183704183716e-01
4.311221143625474372e-01
3.441412372317339541e-01
6.024355724682793900e-01
4.316032625945028789e-01
5.106739802286380803e-01
5.904436320522133963e-01
1.816173026228633525e-01
2.861869129468567197e-01
3.319022702956601067e-01
4.830005674354811429e-01
1.660173309380254258e-01
3.740725354759085741e-01
4.928407403327762504e-01
3.683929621117762454e-01
5.980822275385611064e-01
4.055493398643138514e-01
3.061523179656684412e-01
1.959493342835945118e-01
1.238470621628470908e-01
6.780494089318307438e-01
3.669288431098259307e-01
5.290136079714680140e-01
5.717500459001846336e-01
4.228144783154317854e-01
2.847688792257357937e-01
3.276660798104435446e-01
2.997599115173543716e-01
3.787473003180835129e-01
4.341998973745194723e-01
3.647667467296072941e-01
4.279422507440336365e-01
5.053950416929350320e-01
4.693385173470205340e-01
5.195956711874181178e-01
3.560462144567865250e-01
3.248446312984965556e-01
1.901275851061823841e-01
6.301038242408837364e-01
4.821128546294459194e-01
3.151354829447756689e-01
1.762962646716250970e-01
3.932731015939444630e-01
3.871635204829530497e-01
2.696943807488369482e-01
2.060274009024921082e-01
2.857627146458232570e-01
4.028798464175987193e-01
3.444235915369424084e-01
2.667551968706027843e-01
3.266235822997369809e-01
3.128486553013645755e-01
4.077544571680913887e-01
2.154153269366874957e-01
5.227391091360762410e-01
4.230440224159964790e-01
2.168959019888189732e-01
4.651867799238078582e-01
3.203631292561482935e-01
5.736268885900988046e-01
3.044748157048655646e-01
5.061970600062286607e-01
1.896699260037869317e-01
2.136422223423654065e-01
3.976967379295551219e-01
3.092399820259885135e-01
4.142483826625453225e-01
3.175697135611541544e-01
4.560855536185071113e-01
1.722041463343939038e-01
3.221854797052086661e-01
3.544623186185272834e-01
4.049995337892319247e-01
4.444365140024932881e-01
3.316639540387598117e-01
2.610481075164670650e-01
4.089692770154655932e-01
5.406043877525846808e-01
3.487398485557905436e-01
4.807645571488802227e-01
4.641246449713938294e-01
2.834333408193374648e-01
4.013373538894524639e-01
1.985233492688572021e-01
3.118427435943543213e-01
2.159591474813918055e-01
4.066617166955621698e-01
3.048341521313925329e-01
4.001098548216248663e-01
1.599653537349781940e-01
1.769533490489406669e-01
1.904272116468695430e-01
1.929346449367627947e-01
7.002858508468139398e-01
4.015531911458417591e-01
3.707191601431187866e-01
3.877974081375867299e-01
4.371689284058367098e-01
5.885650497823932126e-01
4.805448519222193515e-01
3.154404366653907887e-01
9.836957757841395533e-02
5.525574373960637775e-01
6.061916091305658005e-01
1.868042054037501176e-01
2.847616246268276918e-01
3.276660798104435446e-01
2.997599115173543716e-01
3.787473003180835129e-01
4.341998973745194723e-01
3.647667467296072941e-01
4.279422507440336365e-01
5.053933064612204928e-01
4.693226841830127616e-01
5.195956711874181178e-01
3.560462144567865250e-01
3.248446312984965556e-01
1.901275851061823841e-01
6.301038242408837364e-01
4.821128546294459194e-01
3.151354829447756689e-01
2.245243419823466646e-01
4.068283990718499221e-01
5.228142277836722585e-01
2.980577704270044870e-01
5.140394803589427575e-01
3.416522555512924164e-01
4.575334895565139615e-01
4.764657496327565078e-01
4.731373057178045460e-01
4.591149141690315516e-01
4.593215698405323510e-01
4.035829585861776536e-01
3.017369967580229573e-01
4.599664867649008171e-01
4.609017460450578474e-01
2.896135645511099810e-01
2.211047986584865621e-01
4.098064825792136490e-01
3.902177575960731892e-01
2.614099162658775066e-01
4.582751176494164191e-01
3.272331175641409740e-01
4.423603173293909618e-01
6.028158098682510069e-01
4.411258312460978326e-01
4.394136696535243525e-01
4.492491972332599559e-01
3.626582111632354333e-01
3.238531254448079322e-01
5.779729502554405984e-01
4.329014653459727358e-01
2.452363783175625089e-01
2.276068396757978118e-01
5.381491652659208258e-01
3.766464654668106871e-01
3.102737841250244322e-01
3.881585967937992154e-01
4.095475037546423280e-01
4.529909643475908410e-01
3.703176030187708134e-01
6.431837055714623164e-01
5.042483989940163003e-01
4.447123588615893852e-01
4.930408080074255572e-01
3.328424464273099792e-01
5.727818988389197230e-01
3.848659877405699592e-01
2.996025047283072951e-01
2.415123014934884016e-01
4.921583179508784434e-01
5.070507914196817900e-01
2.838638322440945605e-01
3.975202347718569951e-01
4.086110762583027856e-01
4.964727389991954176e-01
4.458675731173004642e-01
4.452722623503243549e-01
4.573162361542619792e-01
4.368727144819657404e-01
4.975504972380681012e-01
3.233208103186682725e-01
6.081176552362494991e-01
3.859455095450780027e-01
2.962710971799774051e-01
2.381088247499104360e-01
4.218356113040342414e-01
4.406949101601981278e-01
2.656866345812108898e-01
3.971026862582053840e-01
3.276436223494973987e-01
4.622576634536218476e-01
4.987870652212040290e-01
4.489589582574028404e-01
4.561412737160007169e-01
4.382747320618639586e-01
4.053948967079664123e-01
2.561394849333417101e-01
5.439154399694992037e-01
3.571923349094336952e-01
2.918548357519613612e-01
1.762962646716250692e-01
3.932731015939445185e-01
3.871635204829531052e-01
2.696943807488369482e-01
2.060274009024921360e-01
2.857627146458232570e-01
4.028798464175988303e-01
3.444235915369424639e-01
2.667551968706027843e-01
3.266235822997370919e-01
3.128486553013645199e-01
4.077544571680913332e-01
2.154153269366874957e-01
5.227391091360763520e-01
4.230440224159965346e-01
2.168959019888189732e-01
4.651867799238079693e-01
3.203631292561482380e-01
5.736268885900988046e-01
3.044748157048656201e-01
5.061970600062286607e-01
1.896699260037869317e-01
2.136422223423653788e-01
3.976967379295551219e-01
3.092399820259885690e-01
4.142483826625453225e-01
3.175697135611542099e-01
4.560855536185070558e-01
1.722041463343938761e-01
3.221854797052085551e-01
3.544623186185273389e-01
4.049995337892319247e-01
4.444365140024932881e-01
3.316639540387597562e-01
2.610481075164670650e-01
4.089692770154655932e-01
5.406043877525847918e-01
3.487398485557905992e-01
4.807645571488802783e-01
4.641246449713937738e-01
2.834333408193374648e-01
4.013373538894525194e-01
1.985233492688572021e-01
3.118427435943543213e-01
2.159591474813917500e-01
4.066617166955622253e-01
3.048341521313925884e-01
4.001098548216250328e-01
1.599653537349782217e-01
1.769533490489406669e-01
1.904272116468695986e-01
1.929346449367627947e-01
7.002858508468139398e-01
4.015531911458417591e-01
3.707191601431187866e-01
3.877974081375866189e-01
4.371689284058367098e-01
5.885650497823933236e-01
4.805448519222193515e-01
3.154404366653908443e-01
9.836957757841396921e-02
5.525574373960637775e-01
6.061916091305658005e-01
1.868042054037500899e-01
