9.645610873750656844e-02
3.834157105967310741e-01
4.011964151692727909e-01
1.903634024539124503e-01
3.915888526021008564e-01
4.682548976041970290e-01
4.932946191845672956e-01
6.023431215847689923e-01
2.906696783995416644e-01
4.428685157077040802e-01
2.986339783230744782e-01
7.168706506844780835e-01
1.988585652480912014e-01
4.011029567511497085e-01
5.066459691817533084e-01
1.440886441755817871e-01
3.592814130700863196e-01
5.436021715786303332e-01
5.062247640741990296e-01
4.301470374499938853e-01
4.949968223748827389e-01
1.804896366167619559e-01
1.190058382380359825e-01
4.860465116279069631e-01
2.477533099793046423e-01
1.584186035890049471e-01
1.698570819622966799e-01
4.905062542020863781e-01
5.024384783034381297e-01
3.771721480059934684e-01
4.498366615499291288e-01
3.500174149977167137e-01
3.757698815906057033e-01
3.947142326446431149e-01
3.331339701466543013e-01
2.592733758431935431e-01
5.307602732087651765e-01
1.895204599790559497e-01
1.611824400938077495e-01
5.862206815762233125e-01
2.863549777586376632e-01
1.728227930246628019e-01
1.817107056016381006e-01
4.269341329536431306e-01
5.513246819577212188e-01
4.497153296009751555e-01
4.865730407519255896e-01
4.336696408850056472e-01
2.167348600722144858e-01
5.683141948300360902e-01
5.982512361812750701e-01
1.743283194308083983e-01
7.188018305416521425e-01
3.802713695780420289e-01
2.726761167909643735e-01
3.950538162956628296e-01
4.187098328881471154e-01
6.051195476547902574e-01
4.722039534036927000e-01
5.299438826022364601e-01
1.712646359838183863e-01
4.360791132362529798e-01
4.243227099952587844e-01
8.069871175717731326e-02
1.019944642081816177e-01
3.876786134768941960e-01
5.357799565000904707e-01
1.699943980068923388e-01
4.989844788964540312e-01
5.478296624570340168e-01
5.105159009107007595e-01
6.965485655209378013e-01
4.645835300502940690e-01
5.606897728129411895e-01
4.002390121635001075e-01
1.861098711853456655e-01
2.867044649481202967e-01
4.536007155643122513e-01
4.427060175929212749e-01
8.198103691621762001e-01
5.452573276842284100e-01
5.748732865871138964e-01
1.684869085900749519e-01
1.545092612769032314e-01
2.523831529189002332e-01
1.730365423353436571e-01
5.817257010154094354e-01
4.567233899177334244e-01
3.707725503330938643e-01
4.267856610180881805e-01
6.026083782556334034e-01
1.876352690652847155e-01
2.956281656371764766e-01
5.585254080547645827e-01
1.898958711098339691e-01
6.714122520666632177e-01
4.241656399264048249e-01
4.948050435719351103e-01
5.107515045666141118e-01
4.629605953402393115e-01
2.181765356283076607e-01
6.167118173341437082e-01
4.311882296923732483e-01
3.219197762521999184e-01
5.134817398564901492e-01
3.329171875989350715e-01
2.703172757935068948e-01
6.616662542279455606e-01
4.281101815575724667e-01
3.338342418362692521e-01
2.862824481212971617e-01
5.879300453008455829e-01
3.927390485094401917e-01
5.809119545435621479e-01
5.580436844221254855e-01
2.270563793927035390e-01
9.645610873750656844e-02
3.834157105967310741e-01
4.011964151692727909e-01
1.903634024539124503e-01
3.915888526021008564e-01
4.682548976041970290e-01
4.932946191845672956e-01
6.023431215847689923e-01
2.906696783995416644e-01
4.428685157077040802e-01
2.986339783230744782e-01
7.168706506844780835e-01
1.988585652480912014e-01
4.011029567511497085e-01
5.066459691817533084e-01
1.440886441755817871e-01
3.592814130700863196e-01
5.436021715786303332e-01
5.062247640741990296e-01
4.301470374499938853e-01
4.949968223748827389e-01
1.804896366167619559e-01
1.190058382380359825e-01
4.860465116279069631e-01
2.477533099793046423e-01
1.584186035890049471e-01
1.698570819622966799e-01
4.905062542020863781e-01
5.024384783034381297e-01
3.771721480059934684e-01
4.498366615499291288e-01
3.500174149977167137e-01
3.757698815906057033e-01
3.947142326446431149e-01
3.331339701466543013e-01
2.592733758431935431e-01
5.307602732087651765e-01
1.895204599790559497e-01
1.611824400938077495e-01
5.862206815762233125e-01
2.863549777586376632e-01
1.728227930246628019e-01
1.817107056016381006e-01
4.269341329536431306e-01
5.513246819577212188e-01
4.497153296009751555e-01
4.865730407519255896e-01
4.336696408850056472e-01
2.167348600722144858e-01
5.683141948300360902e-01
5.982512361812750701e-01
1.743283194308083983e-01
7.188018305416521425e-01
3.802713695780420289e-01
2.726761167909643735e-01
3.950538162956628296e-01
4.187098328881471154e-01
6.051195476547902574e-01
4.722039534036927000e-01
5.299438826022364601e-01
1.712646359838183863e-01
4.360791132362529798e-01
4.243227099952587844e-01
8.069871175717731326e-02
2.181709774954757597e-01
6.167118173341437082e-01
4.311882296923732483e-01
3.219197762521999184e-01
5.134817398564901492e-01
3.329171875989350715e-01
2.703172757935068948e-01
6.616650672454136295e-01
4.280931182779001420e-01
3.338342418362692521e-01
2.862824481212971617e-01
5.879300453008455829e-01
3.927390485094401917e-01
5.809119545435621479e-01
5.580436844221254855e-01
2.270563793927035390e-01
2.230816073455834103e-01
4.842306063045788700e-01
6.117994288531638514e-01
3.333274309122074008e-01
5.308987720735347526e-01
3.014996781710285179e-01
3.620332979698465126e-01
5.403672833416235388e-01
6.028162973207523700e-01
3.241760006617561141e-01
3.791995403646178930e-01
4.395122567352810483e-01
3.556793897367860890e-01
5.572044439400269944e-01
4.565334342141873503e-01
2.731386620738596172e-01
2.754546857310304908e-01
4.117574765420706773e-01
4.204062074312374109e-01
3.064273821336817027e-01
4.832264599144850958e-01
2.884644075335630053e-01
3.738654970466087635e-01
6.423763557130128810e-01
5.416269386598759894e-01
3.513108375533676719e-01
3.857426013063729453e-01
3.374534672449774342e-01
3.282703135836971819e-01
7.050519220670569132e-01
4.169126522999193618e-01
2.775750956769133526e-01
3.213395264579579358e-01
5.232405786107013901e-01
3.576810034602213584e-01
3.384456505796883952e-01
3.644794801028777287e-01
3.802438676930943728e-01
4.231796614238178544e-01
3.556020384948970214e-01
6.286404091497660440e-01
4.327372984069055017e-01
3.916781426812790956e-01
4.757456601721669065e-01
3.661823284733909389e-01
5.960332684787204016e-01
3.281819396067056638e-01
3.659773432469949905e-01
2.965730825114373803e-01
4.939757000917275875e-01
4.870837982793292942e-01
3.479339795182429529e-01
4.207752190361226385e-01
3.679638212689497201e-01
4.314112009523272118e-01
4.444967681704199980e-01
4.979148520590210847e-01
3.976285279867995959e-01
3.744898920013052801e-01
4.459059131161151601e-01
3.417055749850864133e-01
6.458696202634159889e-01
3.874911646208160088e-01
3.385948071424728090e-01
2.762857058249130748e-01
4.125642395583976052e-01
4.762688389093198138e-01
3.383582618814463538e-01
4.094245491869232256e-01
2.858875129195652121e-01
4.115309021917979981e-01
5.222857527897006857e-01
4.901697893133930561e-01
4.133174433162974393e-01
3.597006720482285869e-01
3.660135044902612100e-01
3.140261525427291422e-01
5.847327024909032556e-01
3.364167475534508567e-01
3.135472497901334865e-01
9.645610873750656844e-02
3.834157105967310741e-01
4.011964151692728464e-01
1.903634024539124781e-01
3.915888526021008564e-01
4.682548976041970290e-01
4.932946191845674067e-01
6.023431215847689923e-01
2.906696783995417199e-01
4.428685157077041357e-01
2.986339783230744782e-01
7.168706506844780835e-01
1.988585652480912291e-01
4.011029567511497085e-01
5.066459691817533084e-01
1.440886441755818148e-01
3.592814130700863196e-01
5.436021715786303332e-01
5.062247640741991406e-01
4.301470374499938853e-01
4.949968223748827945e-01
1.804896366167619282e-01
1.190058382380359825e-01
4.860465116279069075e-01
2.477533099793046423e-01
1.584186035890049193e-01
1.698570819622967076e-01
4.905062542020863781e-01
5.024384783034380186e-01
3.771721480059933573e-01
4.498366615499291843e-01
3.500174149977166582e-01
3.757698815906057033e-01
3.947142326446430594e-01
3.331339701466543013e-01
2.592733758431935431e-01
5.307602732087652875e-01
1.895204599790559774e-01
1.611824400938077217e-01
5.862206815762233125e-01
2.863549777586376632e-01
1.728227930246628019e-01
1.817107056016380728e-01
4.269341329536432417e-01
5.513246819577211078e-01
4.497153296009751555e-01
4.865730407519255896e-01
4.336696408850057582e-01
2.167348600722144858e-01
5.683141948300359791e-01
5.982512361812750701e-01
1.743283194308083983e-01
7.188018305416521425e-01
3.802713695780419734e-01
2.726761167909643735e-01
3.950538162956627741e-01
4.187098328881471154e-01
6.051195476547902574e-01
4.722039534036926445e-01
5.299438826022364601e-01
1.712646359838183863e-01
4.360791132362530353e-01
4.243227099952587844e-01
8.069871175717731326e-02
