3.863525067905657639e-01
5.449555069920554162e-01
3.246779966595357281e-01
5.793237528903384392e-01
3.013319095378442225e-01
3.396346429551813095e-01
3.773862315143919899e-01
3.048233753887378272e-01
3.048416402292952743e-01
1.241297995219957373e-01
1.485548706295540811e-01
4.175900601059258088e-01
6.088028061771983968e-01
5.986334492850819977e-01
4.582594202292981089e-01
4.890087963888175016e-01
5.013406391259978001e-01
2.292422982605430148e-01
2.892353862938127351e-01
4.648856314868952677e-01
4.195255909791315019e-01
1.113962613780980493e-01
1.186656147216409579e-01
2.806234607355375110e-01
2.120887542312294982e-01
1.139850126163878125e-01
1.580285431447425171e-01
4.481112067994343917e-01
2.877508474896174895e-01
1.871659939320666488e-01
1.658175981767492646e-01
3.708086764992264417e-01
5.168217072480623120e-01
1.851498125968117636e-01
1.535534453693611912e-01
4.011709413537858371e-01
2.815029408345350315e-01
1.143944152173518025e-01
1.170305518530610212e-01
2.448575989563498978e-01
2.083026161112215835e-01
1.039744835424315367e-01
8.411838454542816534e-02
2.553244737553612143e-01
3.887703951579313810e-01
2.713775582601932190e-01
2.070960145645455441e-01
5.589020823459962539e-01
5.014889172779105619e-01
4.166167936865576293e-01
3.754667271944802653e-01
5.173513671813013692e-01
7.928238291866058773e-01
3.549652367299162559e-01
2.716818369506281972e-01
4.021117152524235627e-01
4.142685994080616552e-01
3.504893124528740689e-01
3.011190466214958006e-01
4.305546747207463221e-01
3.706584922984226260e-01
6.646617507310687012e-01
6.094752722676365364e-01
4.225941360356036403e-01
4.661060294816943284e-01
5.642736565912596092e-01
4.994107881408957339e-01
5.455949642410442557e-01
3.718165139874682890e-01
3.561379840114929363e-01
4.250996206354909490e-01
3.491366949108987705e-01
4.804560798229368102e-01
1.580627295335397253e-01
2.060253774017696271e-01
5.612742805341693897e-01
4.597859217377950891e-01
4.525340971209947938e-01
6.266954791607617370e-01
2.498990977453853513e-01
2.103611851891850626e-01
3.748246995269863824e-01
8.410819232408570101e-02
1.485746167840136245e-01
2.320760750480383161e-01
1.250470806000733848e-01
3.346801455719969898e-01
2.186050074366072959e-01
6.143589156225532921e-01
2.142616485089013922e-01
2.833625085304930513e-01
1.060542556713555684e-01
2.344531177619142981e-01
4.008106669181977222e-01
4.261627441714422870e-01
7.122892747201312602e-01
6.246349433482358826e-01
3.275798232797256793e-01
2.642401717678075634e-01
6.908767847002632578e-01
5.118775802676718278e-01
3.741343203051843980e-01
1.866756408648775900e-01
7.180094169483159927e-01
3.770342748055847126e-01
2.413531383795808893e-01
2.309492035159776691e-01
3.699121377511528364e-01
3.726088535582769423e-01
1.410426596739752514e-01
1.600297041989447444e-01
3.551564897837313217e-01
5.727606902714406090e-01
5.954990270387231499e-01
3.698964652515687734e-01
5.536261647014932841e-01
3.863525067905657639e-01
5.449555069920554162e-01
3.246779966595357281e-01
5.793237528903384392e-01
3.013319095378442225e-01
3.396346429551813095e-01
3.773862315143919899e-01
3.048233753887378272e-01
3.048416402292952743e-01
1.241297995219957373e-01
1.485548706295540811e-01
4.175900601059258088e-01
6.088028061771983968e-01
5.986334492850819977e-01
4.582594202292981089e-01
4.890087963888175016e-01
5.013406391259978001e-01
2.292422982605430148e-01
2.892353862938127351e-01
4.648856314868952677e-01
4.195255909791315019e-01
1.113962613780980493e-01
1.186656147216409579e-01
2.806234607355375110e-01
2.120887542312294982e-01
1.139850126163878125e-01
1.580285431447425171e-01
4.481112067994343917e-01
2.877508474896174895e-01
1.871659939320666488e-01
1.658175981767492646e-01
3.708086764992264417e-01
5.168217072480623120e-01
1.851498125968117636e-01
1.535534453693611912e-01
4.011709413537858371e-01
2.815029408345350315e-01
1.143944152173518025e-01
1.170305518530610212e-01
2.448575989563498978e-01
2.083026161112215835e-01
1.039744835424315367e-01
8.411838454542816534e-02
2.553244737553612143e-01
3.887703951579313810e-01
2.713775582601932190e-01
2.070960145645455441e-01
5.589020823459962539e-01
5.014889172779105619e-01
4.166167936865576293e-01
3.754667271944802653e-01
5.173513671813013692e-01
7.928238291866058773e-01
3.549652367299162559e-01
2.716818369506281972e-01
4.021117152524235627e-01
4.142685994080616552e-01
3.504893124528740689e-01
3.011190466214958006e-01
4.305546747207463221e-01
3.706584922984226260e-01
6.646617507310687012e-01
6.094752722676365364e-01
4.225941360356036403e-01
5.118645399855139555e-01
3.741343203051843980e-01
1.866756408648775900e-01
7.180094169483159927e-01
3.770342748055847126e-01
2.413531383795808893e-01
2.309492035159776691e-01
3.699099272022629004e-01
3.725901343045843750e-01
1.410426596739752514e-01
1.600297041989447444e-01
3.551564897837313217e-01
5.727606902714406090e-01
5.954990270387231499e-01
3.698964652515687734e-01
5.536261647014932841e-01
4.912352809291324895e-01
4.317867917940266254e-01
4.013353918167169021e-01
5.593509119357059634e-01
4.604834857804843140e-01
1.389355457315006592e-01
2.090299242849726069e-01
4.808146652433265555e-01
4.406985437988141241e-01
1.696890248181699423e-01
1.483372476417816332e-01
3.511736944475313260e-01
5.694891262350120220e-01
4.921570626762450384e-01
3.638034652858128659e-01
5.741057843187857834e-01
5.181228090879413939e-01
3.538098366826178398e-01
3.450777497717137376e-01
5.407425800851336506e-01
3.920380081398393557e-01
1.636646040702403049e-01
1.689967159050194678e-01
6.193308286277701136e-01
4.197390507060292375e-01
1.576790009066027509e-01
1.759697871357500387e-01
2.873917768656442662e-01
6.234089431998629527e-01
6.378747358536672740e-01
3.273279464127545335e-01
5.256244090952818526e-01
4.717517505257635135e-01
4.765650913831896984e-01
3.227575848233733558e-01
6.371369928234581481e-01
4.208004892857338253e-01
1.963356311533436815e-01
1.732053146235008612e-01
3.513631309085549770e-01
4.712209950891097510e-01
2.301808264059248543e-01
1.584744904948128252e-01
3.979598170136522395e-01
6.635250008032030911e-01
5.434489714989692022e-01
3.044045896899881254e-01
5.705129891924786145e-01
4.653834815318124152e-01
5.223418587895900522e-01
3.674941326648010764e-01
6.133112153316853110e-01
3.864221006748544407e-01
1.879619414547955836e-01
2.234625039259589552e-01
3.974691310775891329e-01
3.833360404963560564e-01
1.916470838915497465e-01
1.553568972105565382e-01
4.097220585620588995e-01
6.507967913056770248e-01
5.844359599854951348e-01
2.935335816701563072e-01
5.634781589988305806e-01
4.841634897519000447e-01
3.856972263548803515e-01
3.674735933336472637e-01
6.069410399407898504e-01
3.576377956271482028e-01
1.647672751649558731e-01
1.937654658556577369e-01
4.911030032851852467e-01
3.616268585640600719e-01
1.854636662589676521e-01
1.491810540177499478e-01
3.308773534662172167e-01
6.012047543778087366e-01
5.263222773653091213e-01
2.768171765356887137e-01
5.560126123579958168e-01
3.863525067905657639e-01
5.449555069920553052e-01
3.246779966595357836e-01
5.793237528903385503e-01
3.013319095378442780e-01
3.396346429551812540e-01
3.773862315143921009e-01
3.048233753887378272e-01
3.048416402292952743e-01
1.241297995219957373e-01
1.485548706295540533e-01
4.175900601059258088e-01
6.088028061771983968e-01
5.986334492850821087e-01
4.582594202292980534e-01
4.890087963888175571e-01
5.013406391259978001e-01
2.292422982605429871e-01
2.892353862938127351e-01
4.648856314868952677e-01
4.195255909791315019e-01
1.113962613780980493e-01
1.186656147216409440e-01
2.806234607355375110e-01
2.120887542312295260e-01
1.139850126163878125e-01
1.580285431447425171e-01
4.481112067994342807e-01
2.877508474896174340e-01
1.871659939320665933e-01
1.658175981767493201e-01
3.708086764992264972e-01
5.168217072480623120e-01
1.851498125968117636e-01
1.535534453693612189e-01
4.011709413537858371e-01
2.815029408345350315e-01
1.143944152173518303e-01
1.170305518530610212e-01
2.448575989563498700e-01
2.083026161112215835e-01
1.039744835424315506e-01
8.411838454542817922e-02
2.553244737553612698e-01
3.887703951579312700e-01
2.713775582601932190e-01
2.070960145645455441e-01
5.589020823459962539e-01
5.014889172779106730e-01
4.166167936865575738e-01
3.754667271944802653e-01
5.173513671813013692e-01
7.928238291866059884e-01
3.549652367299162559e-01
2.716818369506281416e-01
4.021117152524235627e-01
4.142685994080616552e-01
3.504893124528741244e-01
3.011190466214958006e-01
4.305546747207463776e-01
3.706584922984227370e-01
6.646617507310687012e-01
6.094752722676366474e-01
4.225941360356035847e-01
