3.040911141474935131e-01
4.140879539350671434e-01
3.753202332623820081e-01
3.998352621515367522e-01
2.872675235091401991e-01
2.865243051257832518e-01
1.624537603991837720e-01
7.805487541458477896e-01
3.365661819772329810e-01
2.532652063185318880e-01
2.294303299648507988e-01
7.612372942219978178e-01
5.784709534341140325e-01
3.326150777084144750e-01
2.176021447224639471e-01
3.478921689837384257e-01
2.741180388227563713e-01
2.142324441660927170e-01
2.676798672107387755e-01
3.635613364163808869e-01
2.875859759391664605e-01
1.667306625558257482e-01
5.709673233989474156e-02
5.248894469850580169e-01
7.633129213970137050e-02
3.823630257682592015e-02
6.096334000363372307e-02
2.727824643272676597e-01
7.889890194961280967e-01
4.475577112998185836e-01
3.008300297894917485e-01
6.226310137874546680e-01
2.931234749512204307e-01
1.167083163062789530e-01
2.062150485917452203e-01
1.392826504788791664e-01
2.292427876739338011e-01
7.864850564337752536e-02
3.619624101781358100e-02
4.448612178306139420e-01
1.166789608641366355e-01
6.877960641038902145e-02
8.845285858466450657e-02
2.257947513456205479e-01
5.761406570240527047e-01
3.466196070970482546e-01
2.044785178187905061e-01
6.149625255257761269e-01
6.074977463827816448e-01
7.142595898299873847e-01
8.862220935566361701e-01
5.010320847897166141e-01
4.781713071812112581e-01
4.415560250462786662e-01
1.379029740546266203e-01
8.595925990211441547e-01
1.930522012066661075e-01
3.657247067038162935e-01
2.078788155881273747e-01
6.246999997275731742e-01
4.921642961228407942e-01
6.595562568381253543e-01
5.031823412519812466e-01
5.026740913594595073e-01
4.653987062353567850e-01
5.154667797884719960e-01
7.536474475671137707e-01
3.822491023350469974e-01
4.916255072424029482e-01
3.036420736567186918e-01
2.208619903335275469e-01
8.216010340565460535e-01
8.402512337388494679e-01
3.576716292835830924e-01
3.834859399874227526e-01
5.382249464325454813e-01
1.837114787519412706e-01
2.883764936961495939e-01
4.301340605189413191e-01
2.332732643346210055e-01
3.003237145216045567e-01
1.955586521085407037e-01
1.148433619047467824e-01
6.244042895086446970e-02
9.471266796496204121e-02
4.037062020582785765e-02
9.063204366718248250e-01
4.127974137170131175e-01
4.676368152804623035e-01
2.147081688196372795e-01
2.606132225834549843e-01
6.590945610164791746e-02
2.296811948234202538e-01
6.408602024641630868e-01
5.411447778597731073e-01
3.051597213999358016e-01
5.296185196103022630e-01
3.444538184417156312e-01
2.036905304382661264e-01
8.241173082194372945e-01
3.956083694318613952e-01
3.926487325232179137e-01
3.674177547438173264e-01
5.067800552337926590e-01
2.017447575802390203e-01
2.531336454402497993e-01
9.920534686411348890e-02
8.620711276360346620e-01
1.310841170580298032e-01
1.264628077051905553e-01
1.162173285648055859e-01
4.826117737380722361e-01
7.963849210964151215e-01
6.461702302348069082e-01
3.184718386120427014e-01
6.146600715070636989e-01
3.040911141474935131e-01
4.140879539350671434e-01
3.753202332623820081e-01
3.998352621515367522e-01
2.872675235091401991e-01
2.865243051257832518e-01
1.624537603991837720e-01
7.805487541458477896e-01
3.365661819772329810e-01
2.532652063185318880e-01
2.294303299648507988e-01
7.612372942219978178e-01
5.784709534341140325e-01
3.326150777084144750e-01
2.176021447224639471e-01
3.478921689837384257e-01
2.741180388227563713e-01
2.142324441660927170e-01
2.676798672107387755e-01
3.635613364163808869e-01
2.875859759391664605e-01
1.667306625558257482e-01
5.709673233989474156e-02
5.248894469850580169e-01
7.633129213970137050e-02
3.823630257682592015e-02
6.096334000363372307e-02
2.727824643272676597e-01
7.889890194961280967e-01
4.475577112998185836e-01
3.008300297894917485e-01
6.226310137874546680e-01
2.931234749512204307e-01
1.167083163062789530e-01
2.062150485917452203e-01
1.392826504788791664e-01
2.292427876739338011e-01
7.864850564337752536e-02
3.619624101781358100e-02
4.448612178306139420e-01
1.166789608641366355e-01
6.877960641038902145e-02
8.845285858466450657e-02
2.257947513456205479e-01
5.761406570240527047e-01
3.466196070970482546e-01
2.044785178187905061e-01
6.149625255257761269e-01
6.074977463827816448e-01
7.142595898299873847e-01
8.862220935566361701e-01
5.010320847897166141e-01
4.781713071812112581e-01
4.415560250462786662e-01
1.379029740546266203e-01
8.595925990211441547e-01
1.930522012066661075e-01
3.657247067038162935e-01
2.078788155881273747e-01
6.246999997275731742e-01
4.921642961228407942e-01
6.595562568381253543e-01
5.031823412519812466e-01
5.026740913594595073e-01
3.956019110071862244e-01
3.926539933651847503e-01
3.674223818594598567e-01
5.067848012034366079e-01
2.017489782208483629e-01
2.531357495593820062e-01
9.920613597967860298e-02
8.620781799987774496e-01
1.310619048620818017e-01
1.264644889333754740e-01
1.162188567293833824e-01
4.826176147692589624e-01
7.963913662772937885e-01
6.461758958118025697e-01
3.184758872290068266e-01
6.146253544926233436e-01
4.398415310356378338e-01
3.150074112728134534e-01
2.453124504089295166e-01
5.627428124708772073e-01
3.426949379290788467e-01
1.832083684078077146e-01
1.763257930205284485e-01
5.897730818283961618e-01
3.398963046589961179e-01
1.402593776535515646e-01
1.268841177311683666e-01
3.135101778986182364e-01
5.357728493944964310e-01
6.566976904064565357e-01
3.691528247939486196e-01
7.660400441323976795e-01
4.212010800844919745e-01
2.866377843556808247e-01
2.108188558717885575e-01
5.587983170756209983e-01
3.381264472361015239e-01
1.850362835377310500e-01
1.520288959264420869e-01
7.397515779327590302e-01
2.972185973818526339e-01
1.335471832440061624e-01
1.322706171032021205e-01
2.923542031406167196e-01
6.104645367760948016e-01
8.227330834375014001e-01
3.563192341382042105e-01
6.990641936636645681e-01
4.092926054927013557e-01
4.097150712832364761e-01
1.993452017923338371e-01
5.970603434373424889e-01
3.379599030001900206e-01
2.070889145711592161e-01
1.560818644805693212e-01
5.051307202266568375e-01
3.426293666068352950e-01
2.185641672606034036e-01
1.211139119113451984e-01
3.636793220382437131e-01
6.432114333773062409e-01
6.931990354558381640e-01
2.842840852971639243e-01
7.831187991418577798e-01
3.978392348272464796e-01
4.219977409245475042e-01
2.635138355556093104e-01
5.980317213135523113e-01
3.570621121901004780e-01
1.937272512724462215e-01
1.876398017176135746e-01
5.268494449608147612e-01
2.683954608928628138e-01
1.965233819160669693e-01
1.075065580934868870e-01
3.702537404942121135e-01
5.998230839408255077e-01
7.714881949816927431e-01
3.062405877815133071e-01
7.709046315816956430e-01
3.815140389368280038e-01
3.167256126191808629e-01
2.399306541663002168e-01
6.183254197887559922e-01
3.249018931630371365e-01
1.761907462262928825e-01
1.594691922847290555e-01
6.100587998668429712e-01
2.034350639622211077e-01
1.770434604694037239e-01
9.920430865370537254e-02
3.397131358683201374e-01
6.031706250070298925e-01
6.831699592605222637e-01
3.102519477628221667e-01
7.267475807409152777e-01
3.040911141474935131e-01
4.140879539350671434e-01
3.753202332623820636e-01
3.998352621515367522e-01
2.872675235091401991e-01
2.865243051257832518e-01
1.624537603991837997e-01
7.805487541458477896e-01
3.365661819772329810e-01
2.532652063185318880e-01
2.294303299648507710e-01
7.612372942219977068e-01
5.784709534341141435e-01
3.326150777084145860e-01
2.176021447224639749e-01
3.478921689837384812e-01
2.741180388227564269e-01
2.142324441660927448e-01
2.676798672107388311e-01
3.635613364163809424e-01
2.875859759391664605e-01
1.667306625558257482e-01
5.709673233989474156e-02
5.248894469850579059e-01
7.633129213970138438e-02
3.823630257682592015e-02
6.096334000363373001e-02
2.727824643272676042e-01
7.889890194961279857e-01
4.475577112998184726e-01
3.008300297894917485e-01
6.226310137874546680e-01
2.931234749512204307e-01
1.167083163062789253e-01
2.062150485917452480e-01
1.392826504788791941e-01
2.292427876739338011e-01
7.864850564337752536e-02
3.619624101781357406e-02
4.448612178306138865e-01
1.166789608641366216e-01
6.877960641038902145e-02
8.845285858466450657e-02
2.257947513456206035e-01
5.761406570240525937e-01
3.466196070970483101e-01
2.044785178187905061e-01
6.149625255257762380e-01
6.074977463827817559e-01
7.142595898299872736e-01
8.862220935566361701e-01
5.010320847897166141e-01
4.781713071812113691e-01
4.415560250462786107e-01
1.379029740546266203e-01
8.595925990211439327e-01
1.930522012066661075e-01
3.657247067038163491e-01
2.078788155881273747e-01
6.246999997275732852e-01
4.921642961228408497e-01
6.595562568381253543e-01
5.031823412519812466e-01
5.026740913594595073e-01
