7.849844039538879104e-01
5.141549716224537159e-01
6.060728289947213687e-01
7.733887271110010397e-01
3.881464469551538232e-01
9.157401273177284695e-02
2.354001891269899838e-01
3.987272032797297694e-01
5.988050658291170780e-01
2.118096255134139239e-01
2.291186752055803244e-01
6.149710387574266468e-01
6.130305198656695875e-01
2.267059836382667448e-01
5.728252572703161904e-01
6.246652210122722870e-01
5.311427715650611781e-01
1.112069345124306330e-01
3.111181523539617855e-01
1.427494772414030222e-01
1.825288989512981463e-01
3.351395418408595339e-02
3.629785358328937311e-02
1.475756106430692882e-01
1.364469846097468297e-01
4.595166038644425688e-02
9.086315872561691320e-02
1.677158324793104893e-01
3.900681745626338737e-01
7.500594786268285907e-02
9.725879038334428461e-02
2.246336998102430593e-01
6.910667557796011939e-01
1.130318118495099167e-01
2.374452028879408538e-01
4.371352788802198575e-01
2.679753138015839586e-01
6.107079492421028238e-02
9.048396488931817472e-02
2.785556186764272524e-01
2.379063044321300668e-01
9.117839565944724223e-02
1.031068485939348189e-01
2.708834850614820211e-01
4.497311880715143539e-01
6.346958314946402058e-02
1.798152529197828420e-01
5.776920883062053313e-01
7.718628710554957806e-01
4.367693350797015595e-01
6.215246423567344358e-01
5.396388356521781837e-01
4.441036811012083474e-01
1.323746893751136522e-01
9.084358764109470852e-02
1.184366276458724831e-01
4.491044449800747351e-01
2.903243842356431070e-01
3.441982709695904918e-01
3.608526266358657586e-01
6.255389273551587026e-01
3.236529486635553732e-01
5.943241346210796916e-01
4.815107549515695862e-01
7.285216309379874966e-01
5.561351969259362704e-01
5.727388279422742645e-01
7.128526580935639068e-01
3.840365013373160386e-01
2.099396032591842043e-01
2.121630600686660872e-01
5.221433483177304602e-01
4.939518479674136486e-01
2.332173405552419587e-01
1.776567466869114487e-01
5.748878882851812255e-01
3.179487764698836205e-01
3.160368429295044024e-01
6.375009673450872105e-01
1.125467126297216847e-01
1.707506690799505122e-01
2.271790025616456099e-01
5.336932661258543542e-02
6.364755003381446230e-02
1.064236413008887994e-01
7.270859652574168663e-02
5.290886699995360765e-01
2.077572477099323134e-01
4.973852688173634462e-01
6.444089410237296978e-02
2.361950448921819878e-01
6.780683829802133800e-02
1.238094731392995196e-01
4.425263822487180421e-01
6.879722748376527752e-01
5.332395437771959568e-01
8.791036471663096208e-01
1.234421819577067314e-01
2.697687485649827854e-01
6.704938181135875475e-01
8.369127700885645726e-01
2.753338644026796511e-01
4.098128196077922558e-01
7.322956191575331619e-01
2.052196867332654051e-01
8.160290716577008052e-02
1.124637067641550692e-01
2.409809823969657760e-01
4.879824538183339944e-01
1.110098957051396107e-01
1.729593454157695720e-01
2.918118178870812707e-01
7.515777546202310200e-01
2.106120087523990214e-01
3.559747055687367268e-01
6.002747739128015958e-01
7.849844039538879104e-01
5.141549716224537159e-01
6.060728289947213687e-01
7.733887271110010397e-01
3.881464469551538232e-01
9.157401273177284695e-02
2.354001891269899838e-01
3.987272032797297694e-01
5.988050658291170780e-01
2.118096255134139239e-01
2.291186752055803244e-01
6.149710387574266468e-01
6.130305198656695875e-01
2.267059836382667448e-01
5.728252572703161904e-01
6.246652210122722870e-01
5.311427715650611781e-01
1.112069345124306330e-01
3.111181523539617855e-01
1.427494772414030222e-01
1.825288989512981463e-01
3.351395418408595339e-02
3.629785358328937311e-02
1.475756106430692882e-01
1.364469846097468297e-01
4.595166038644425688e-02
9.086315872561691320e-02
1.677158324793104893e-01
3.900681745626338737e-01
7.500594786268285907e-02
9.725879038334428461e-02
2.246336998102430593e-01
6.910667557796011939e-01
1.130318118495099167e-01
2.374452028879408538e-01
4.371352788802198575e-01
2.679753138015839586e-01
6.107079492421028238e-02
9.048396488931817472e-02
2.785556186764272524e-01
2.379063044321300668e-01
9.117839565944724223e-02
1.031068485939348189e-01
2.708834850614820211e-01
4.497311880715143539e-01
6.346958314946402058e-02
1.798152529197828420e-01
5.776920883062053313e-01
7.718628710554957806e-01
4.367693350797015595e-01
6.215246423567344358e-01
5.396388356521781837e-01
4.441036811012083474e-01
1.323746893751136522e-01
9.084358764109470852e-02
1.184366276458724831e-01
4.491044449800747351e-01
2.903243842356431070e-01
3.441982709695904918e-01
3.608526266358657586e-01
6.255389273551587026e-01
3.236529486635553732e-01
5.943241346210796916e-01
4.815107549515695862e-01
8.368914494074405352e-01
2.753338644026796511e-01
4.098128196077922558e-01
7.322956191575331619e-01
2.052196867332654051e-01
8.160290716577008052e-02
1.124637067641550692e-01
2.409783195165210168e-01
4.879671769270415571e-01
1.110098957051396107e-01
1.729593454157695720e-01
2.918118178870812707e-01
7.515777546202310200e-01
2.106120087523990214e-01
3.559747055687367268e-01
6.002747739128015958e-01
7.991143986807105470e-01
2.207024401970452687e-01
5.835235029094267833e-01
7.637376649970476494e-01
3.316857004945091281e-01
3.128031372858489090e-02
1.200718462942998166e-01
1.547450764145672508e-01
5.773181651659918812e-01
7.500055611034381342e-02
1.638291632360311390e-01
3.956642468869374651e-01
7.340283914062778470e-01
1.978464218172080180e-01
3.579369601404009948e-01
5.364247017263080730e-01
8.039526823664299160e-01
2.722836815573859703e-01
5.195714775473172509e-01
7.219259080947755258e-01
2.914441185765130893e-01
3.578739772786981854e-02
7.462160830355560326e-02
1.977085056959205778e-01
6.303994873270513111e-01
6.000657973642085918e-02
1.811779145596415508e-01
2.921519654532675481e-01
8.334212716180362523e-01
1.571135176576995418e-01
3.176568178781212781e-01
5.005020550272940572e-01
8.279431626854364401e-01
3.268445650856501850e-01
5.372370058520508085e-01
7.387303248997688643e-01
2.451330340482958392e-01
5.164670568377451726e-02
6.893927189411705458e-02
1.250356509229480495e-01
6.883916604728789190e-01
1.274919124108922497e-01
1.397677305525790170e-01
4.169470261500943797e-01
7.930387067968056591e-01
1.513628438506182117e-01
3.552451642178893754e-01
5.627041242872821147e-01
8.312902977447610420e-01
2.970623420315410823e-01
5.624896855194692069e-01
7.426066478764919987e-01
2.327862208469146377e-01
5.715466440739665199e-02
1.107300201818954971e-01
9.934612959863647896e-02
5.663154080881080965e-01
7.092784331112905738e-02
1.476032003779400026e-01
4.911641293814505982e-01
7.590607406416228775e-01
3.185341707342566608e-01
3.082597131136382007e-01
5.328569762083662509e-01
8.114840265335698799e-01
2.274242138501918475e-01
5.706298612279377958e-01
7.727859772565871532e-01
2.587143628859460143e-01
4.289265838224987082e-02
7.709216112427333401e-02
2.095506420202695175e-01
5.662764030670460746e-01
9.648327551740683294e-02
1.748362388786848243e-01
2.873986506551592934e-01
7.379921738644622531e-01
1.382382499479111737e-01
2.739720282220762249e-01
5.589001022388440099e-01
7.849844039538879104e-01
5.141549716224537159e-01
6.060728289947214797e-01
7.733887271110011508e-01
3.881464469551538787e-01
9.157401273177284695e-02
2.354001891269900115e-01
3.987272032797297694e-01
5.988050658291170780e-01
2.118096255134139516e-01
2.291186752055802966e-01
6.149710387574265358e-01
6.130305198656695875e-01
2.267059836382668003e-01
5.728252572703160794e-01
6.246652210122723980e-01
5.311427715650612891e-01
1.112069345124306330e-01
3.111181523539617855e-01
1.427494772414030222e-01
1.825288989512981741e-01
3.351395418408595339e-02
3.629785358328937311e-02
1.475756106430692605e-01
1.364469846097468297e-01
4.595166038644425688e-02
9.086315872561691320e-02
1.677158324793104616e-01
3.900681745626338182e-01
7.500594786268283132e-02
9.725879038334434012e-02
2.246336998102431148e-01
6.910667557796011939e-01
1.130318118495099167e-01
2.374452028879408816e-01
4.371352788802198575e-01
2.679753138015839586e-01
6.107079492421028932e-02
9.048396488931817472e-02
2.785556186764271969e-01
2.379063044321300113e-01
9.117839565944724223e-02
1.031068485939348189e-01
2.708834850614820766e-01
4.497311880715142984e-01
6.346958314946402058e-02
1.798152529197828697e-01
5.776920883062053313e-01
7.718628710554958916e-01
4.367693350797015595e-01
6.215246423567344358e-01
5.396388356521781837e-01
4.441036811012083474e-01
1.323746893751136522e-01
9.084358764109469464e-02
1.184366276458724554e-01
4.491044449800747351e-01
2.903243842356431625e-01
3.441982709695905474e-01
3.608526266358658141e-01
6.255389273551587026e-01
3.236529486635553177e-01
5.943241346210798026e-01
4.815107549515695862e-01
