1.936409606519176874e-01
3.758472520879183598e-01
7.602834705585460595e-01
2.910141949761902436e-01
3.830754509678071518e-01
2.064781950311468939e-01
2.823168663050776295e-01
6.574250863207189433e-01
8.004198102028183825e-01
3.994868379617081966e-01
6.953164679631742562e-01
6.886694588383137638e-01
3.972167281037121689e-01
2.883023255065219059e-01
5.896264522868134295e-01
2.371147224796389397e-01
3.346138617605851073e-01
2.386384264438038139e-01
6.531266885993995963e-01
2.060220859526575854e-01
2.042047987566938116e-01
1.052940705830030799e-01
5.833420504238773230e-02
3.900600902160470951e-01
1.461891102252367847e-01
8.998153710188681875e-02
1.350283976075048464e-01
2.488741257518718719e-01
7.557948386830793952e-01
3.383900628194606575e-01
2.127023054475533914e-01
3.862415098990228945e-01
5.143213910647614906e-01
3.187370484592636499e-01
5.439309277409497545e-01
4.018120553042291987e-01
5.171630310989806523e-01
1.113330716929026298e-01
1.336576409610919502e-01
5.347662006859650319e-01
4.537090076633141233e-01
2.432765157203015671e-01
2.295047582693681421e-01
3.716917081969276504e-01
5.880874036284211570e-01
2.327905773128109423e-01
2.398804607645275977e-01
3.491987355914476510e-01
5.282919267031284116e-01
5.683626826404946097e-01
6.682236428187714461e-01
3.981848417607980473e-01
4.977160719263600264e-01
2.388949341461603371e-01
1.439719617837800503e-01
4.210664676151839036e-01
3.916490229064252815e-01
4.084349523517669112e-01
3.797932962320549333e-01
2.890967385858540517e-01
3.362137540508178812e-01
3.371691567027552128e-01
3.762589847761087514e-01
1.245749865870563050e-01
1.830705651677615453e-01
3.323681125606816056e-01
8.224058037736885485e-01
2.692730014605210220e-01
3.328182240615191745e-01
3.473274182586361669e-01
2.770756561691949948e-01
7.093997681913077891e-01
8.682224650705376856e-01
5.029376941421557223e-01
5.653094611512092804e-01
3.977198696100829323e-01
3.236084596159632398e-01
3.600667065241526243e-01
4.025662574866117893e-01
2.910437056316335092e-01
4.477875021846338122e-01
2.734207959990293535e-01
1.535103859211605359e-01
9.903188797190606851e-02
1.363934135768150036e-01
1.199649106502597290e-01
7.675172809997766743e-01
5.771468115005680133e-01
3.932238587879500757e-01
2.700512553705639585e-01
4.674941836161656816e-01
1.801738033968531827e-01
3.140199716484970982e-01
5.779391163901540507e-01
4.179833119631464200e-01
5.101264090366588455e-01
6.237529730250936932e-01
3.153815420617934739e-01
5.110188175496217511e-01
4.737565686345406868e-01
3.763416455020198725e-01
4.221017182601757844e-01
7.327472185147241301e-01
4.474187939918304324e-01
3.155573041851513771e-01
1.794165692049622118e-01
1.598136895634174048e-01
6.303939915524027215e-01
6.531166838105246786e-01
2.715205356053509989e-01
3.606795702045015872e-01
3.546437821044831629e-01
6.335485663538271695e-01
4.099780361065720191e-01
3.558878052417978055e-01
2.774103781162468030e-01
1.936409606519176874e-01
3.758472520879183598e-01
7.602834705585460595e-01
2.910141949761902436e-01
3.830754509678071518e-01
2.064781950311468939e-01
2.823168663050776295e-01
6.574250863207189433e-01
8.004198102028183825e-01
3.994868379617081966e-01
6.953164679631742562e-01
6.886694588383137638e-01
3.972167281037121689e-01
2.883023255065219059e-01
5.896264522868134295e-01
2.371147224796389397e-01
3.346138617605851073e-01
2.386384264438038139e-01
6.531266885993995963e-01
2.060220859526575854e-01
2.042047987566938116e-01
1.052940705830030799e-01
5.833420504238773230e-02
3.900600902160470951e-01
1.461891102252367847e-01
8.998153710188681875e-02
1.350283976075048464e-01
2.488741257518718719e-01
7.557948386830793952e-01
3.383900628194606575e-01
2.127023054475533914e-01
3.862415098990228945e-01
5.143213910647614906e-01
3.187370484592636499e-01
5.439309277409497545e-01
4.018120553042291987e-01
5.171630310989806523e-01
1.113330716929026298e-01
1.336576409610919502e-01
5.347662006859650319e-01
4.537090076633141233e-01
2.432765157203015671e-01
2.295047582693681421e-01
3.716917081969276504e-01
5.880874036284211570e-01
2.327905773128109423e-01
2.398804607645275977e-01
3.491987355914476510e-01
5.282919267031284116e-01
5.683626826404946097e-01
6.682236428187714461e-01
3.981848417607980473e-01
4.977160719263600264e-01
2.388949341461603371e-01
1.439719617837800503e-01
4.210664676151839036e-01
3.916490229064252815e-01
4.084349523517669112e-01
3.797932962320549333e-01
2.890967385858540517e-01
3.362137540508178812e-01
3.371691567027552128e-01
3.762589847761087514e-01
1.245749865870563050e-01
3.763320580509685875e-01
4.221017182601757844e-01
7.327472185147241301e-01
4.474187939918304324e-01
3.155573041851513771e-01
1.794165692049622118e-01
1.598136895634174048e-01
6.303926948568137067e-01
6.531063339724143546e-01
2.715205356053509989e-01
3.606795702045015872e-01
3.546437821044831629e-01
6.335485663538271695e-01
4.099780361065720191e-01
3.558878052417978055e-01
2.774103781162468030e-01
4.467083512078666718e-01
3.139026529191707993e-01
9.533534913681493972e-01
4.262059071442856895e-01
3.807045417831493306e-01
1.659605605559764663e-01
2.722807444557339140e-01
3.632303862893163093e-01
7.795791939715716046e-01
2.491436624410393597e-01
3.740560900988109116e-01
4.328437998308715118e-01
4.973158189995181000e-01
3.575720278784119133e-01
3.138131148859691910e-01
3.248039798118649846e-01
4.756579668299890651e-01
3.945319091300082959e-01
6.189316848509955893e-01
4.147263332522539425e-01
4.501695198538003817e-01
1.275155544679795194e-01
2.578643775174478403e-01
4.297203449211156601e-01
7.630814281329971749e-01
2.436030726708969252e-01
3.840146126050346664e-01
3.454551907989381054e-01
4.682202375975103026e-01
4.341646441465983886e-01
4.148951563460039349e-01
2.859471763016565582e-01
4.975085399472750081e-01
4.601731672309840038e-01
6.172698812272452429e-01
4.725222283654291200e-01
3.476157907476765119e-01
1.865706175525927157e-01
2.761848449397181215e-01
2.317330549238484361e-01
8.388296905608264575e-01
3.550817095051194139e-01
3.687323284445609417e-01
4.471751898177640516e-01
4.998742460690142053e-01
3.161609128495081467e-01
4.024367108625074851e-01
3.518708211431434418e-01
4.840673338348818744e-01
4.472698704552928173e-01
7.185183451563117440e-01
4.573226199211141707e-01
3.849750621392780681e-01
1.909412874115600511e-01
3.154040042078656847e-01
2.286424354252785673e-01
6.718471181668985714e-01
2.868331585114072269e-01
3.450656184845273811e-01
5.391581217864581665e-01
4.831082958837814578e-01
3.997107667781770179e-01
3.941484044831087274e-01
3.328242713889372761e-01
4.540423262430676177e-01
4.052379381218655929e-01
6.942936070719009090e-01
4.744746287099542714e-01
4.356249108748046495e-01
1.316441025086939054e-01
2.701789988557348754e-01
3.425491366837500329e-01
6.855142549482028391e-01
2.648003046243280201e-01
3.820664024736074027e-01
4.189846766399608069e-01
4.449346265440941028e-01
3.849206184475562620e-01
3.492638715885858502e-01
2.982073650773465201e-01
1.936409606519176596e-01
3.758472520879183043e-01
7.602834705585462816e-01
2.910141949761902436e-01
3.830754509678071518e-01
2.064781950311468939e-01
2.823168663050776850e-01
6.574250863207189433e-01
8.004198102028183825e-01
3.994868379617082521e-01
6.953164679631742562e-01
6.886694588383136528e-01
3.972167281037122244e-01
2.883023255065219059e-01
5.896264522868133184e-01
2.371147224796389397e-01
3.346138617605851628e-01
2.386384264438037861e-01
6.531266885993997073e-01
2.060220859526575854e-01
2.042047987566938116e-01
1.052940705830030660e-01
5.833420504238773230e-02
3.900600902160470951e-01
1.461891102252367847e-01
8.998153710188680487e-02
1.350283976075048464e-01
2.488741257518718719e-01
7.557948386830792842e-01
3.383900628194606020e-01
2.127023054475534469e-01
3.862415098990228945e-01
5.143213910647614906e-01
3.187370484592635944e-01
5.439309277409497545e-01
4.018120553042292542e-01
5.171630310989805412e-01
1.113330716929026576e-01
1.336576409610919502e-01
5.347662006859650319e-01
4.537090076633140123e-01
2.432765157203015671e-01
2.295047582693680865e-01
3.716917081969276504e-01
5.880874036284210460e-01
2.327905773128109423e-01
2.398804607645276255e-01
3.491987355914477620e-01
5.282919267031284116e-01
5.683626826404944987e-01
6.682236428187715571e-01
3.981848417607981028e-01
4.977160719263600264e-01
2.388949341461603371e-01
1.439719617837800503e-01
4.210664676151838481e-01
3.916490229064252815e-01
4.084349523517669667e-01
3.797932962320549888e-01
2.890967385858540517e-01
3.362137540508178812e-01
3.371691567027552128e-01
3.762589847761087514e-01
1.245749865870563050e-01
