2.892570378949229498e-02
2.580532213669747277e-01
4.107905636249796211e-01
6.362591929398886403e-02
1.348672692463460665e-01
3.949697395710873304e-01
9.458869977520345529e-01
2.038919736706479302e-01
1.002302950830117612e-01
3.730941441584268992e-01
3.288848426105649980e-01
3.298228307406297910e-01
4.114754356307019634e-02
1.411120270027295398e-01
1.321002014301535799e-01
7.884243702093078621e-02
1.424445978783359656e-01
3.734549083581448770e-01
3.885355249401388211e-01
1.150057883452346857e-01
2.192454086981573957e-01
3.843502790731672669e-01
5.200211024997531961e-01
4.116496766724084266e-01
6.357097108621728720e-01
5.590927936120425601e-01
7.166963474412780810e-01
8.618555638943995456e-01
1.557388802013340012e-01
2.627581771444442160e-01
4.338186771773262507e-01
2.637289055510289026e-01
5.397294807034622721e-01
8.212257051880365033e-01
3.059103463597771522e-01
1.123598070315805914e-01
4.200678840878874776e-01
4.563997106866250486e-01
6.235677370500070094e-01
6.722823228279186658e-01
3.871763197350020502e-01
5.956082109324573048e-01
4.478511008738071952e-01
4.593807042301031318e-01
2.151265516878000383e-01
7.218407516960487769e-01
4.200293677463077802e-01
2.936686682836384121e-01
6.167742090821434070e-02
2.515436921986882735e-01
8.359630550595847920e-02
7.426255245573497310e-02
3.834625968222872272e-01
4.345191031542089410e-01
6.268879439364269945e-01
1.067912478504397245e-01
3.118545346281764163e-01
4.689317219599424824e-01
4.244897225723476275e-01
2.220601845681553221e-01
5.722797330950125938e-02
5.028507363115239936e-01
2.055955067401159519e-01
4.340161942949054968e-02
4.171221109115381964e-02
2.250120476964678762e-01
4.678176072917809569e-01
7.366993359362856986e-02
1.204997462409735653e-01
5.226004486557476181e-01
9.416079442121469967e-01
2.397509963275272771e-01
1.092911398724344951e-01
5.676314694419777318e-01
3.762663152647026665e-01
5.835785284420422214e-02
8.309066250817642718e-02
1.068688749980984676e-01
1.947529675678815742e-01
5.949565612129561476e-01
4.678240338138046628e-01
3.220667889656276817e-01
4.065647805455897545e-01
6.742553670285366119e-01
6.319496514188974734e-01
6.388581912206907631e-01
9.788093353930923946e-02
3.686068281942794789e-01
5.205641122489345074e-01
8.117866425645914319e-01
4.459550071230815593e-01
5.745623810567859202e-01
3.870768721040170890e-01
2.309004224786077586e-01
5.811978950974429348e-02
3.628101107433476247e-01
1.717708514856395863e-01
6.770760689673166466e-01
8.363107790228341276e-01
1.952842268546330362e-01
1.192804556639257552e-01
5.413805089119541059e-01
2.387720791999190517e-01
7.028127532813863154e-02
1.438590393692098512e-01
5.104534102263724726e-01
7.776647501975157972e-01
4.370851760174018219e-01
6.016716150167407129e-01
6.551219424908512057e-01
5.875846796285409956e-01
4.657744353607891630e-01
9.180415149516928108e-02
5.700754126982836567e-01
3.334966609887068389e-01
1.383530669520023348e-01
2.892570378949229498e-02
2.580532213669747277e-01
4.107905636249796211e-01
6.362591929398886403e-02
1.348672692463460665e-01
3.949697395710873304e-01
9.458869977520345529e-01
2.038919736706479302e-01
1.002302950830117612e-01
3.730941441584268992e-01
3.288848426105649980e-01
3.298228307406297910e-01
4.114754356307019634e-02
1.411120270027295398e-01
1.321002014301535799e-01
7.884243702093078621e-02
1.424445978783359656e-01
3.734549083581448770e-01
3.885355249401388211e-01
1.150057883452346857e-01
2.192454086981573957e-01
3.843502790731672669e-01
5.200211024997531961e-01
4.116496766724084266e-01
6.357097108621728720e-01
5.590927936120425601e-01
7.166963474412780810e-01
8.618555638943995456e-01
1.557388802013340012e-01
2.627581771444442160e-01
4.338186771773262507e-01
2.637289055510289026e-01
5.397294807034622721e-01
8.212257051880365033e-01
3.059103463597771522e-01
1.123598070315805914e-01
4.200678840878874776e-01
4.563997106866250486e-01
6.235677370500070094e-01
6.722823228279186658e-01
3.871763197350020502e-01
5.956082109324573048e-01
4.478511008738071952e-01
4.593807042301031318e-01
2.151265516878000383e-01
7.218407516960487769e-01
4.200293677463077802e-01
2.936686682836384121e-01
6.167742090821434070e-02
2.515436921986882735e-01
8.359630550595847920e-02
7.426255245573497310e-02
3.834625968222872272e-01
4.345191031542089410e-01
6.268879439364269945e-01
1.067912478504397245e-01
3.118545346281764163e-01
4.689317219599424824e-01
4.244897225723476275e-01
2.220601845681553221e-01
5.722797330950125938e-02
5.028507363115239936e-01
2.055955067401159519e-01
4.340161942949054968e-02
1.192774169475261103e-01
5.413805089119541059e-01
2.387720791999190517e-01
7.028127532813863154e-02
1.438590393692098512e-01
5.104534102263724726e-01
7.776647501975157972e-01
4.370832011329233158e-01
6.016597302298201111e-01
6.551219424908512057e-01
5.875846796285409956e-01
4.657744353607891630e-01
9.180415149516928108e-02
5.700754126982836567e-01
3.334966609887068389e-01
1.383530669520023348e-01
3.671591450039368709e-02
2.767845872004765506e-01
7.148868582860634646e-01
1.025607973903375075e-01
4.030607175495976580e-01
4.585875055968450242e-01
7.650899534112659550e-01
4.641280834815307288e-01
5.235125061685017567e-01
7.805453268878739248e-01
6.922261189972030992e-01
3.613663826198418860e-01
1.442140698473983740e-01
4.281371684870294292e-01
3.371975142465371000e-01
7.700104172327017216e-02
5.841377645530482221e-02
3.323286348515372413e-01
3.695086145575163239e-01
7.873355042550961302e-02
4.521006553017672402e-01
4.449224171647445103e-01
7.213242362036770272e-01
5.124325134046601171e-01
3.779133365067115502e-01
7.304535391862524429e-01
7.406795847299160185e-01
3.054797374027019008e-01
8.883612369830667932e-02
5.260282506518813017e-01
3.704048201607179625e-01
5.151715931861512721e-02
7.833321888313270198e-02
4.788188596052624924e-01
3.291738874694692951e-01
1.156036113806636206e-01
3.344595417123305547e-01
5.480048026912979209e-01
7.615783333407903921e-01
2.870489453452743644e-01
7.262100521913205098e-01
8.182934769220857607e-01
7.350648298526982760e-01
4.225102999362322365e-01
7.979980795298545482e-02
5.608880792710415619e-01
3.474507696359216413e-01
1.177399688181371556e-01
7.180682753029433985e-02
3.844519520471311735e-01
5.401834625318937544e-01
1.150784518219460789e-01
4.152324381487352833e-01
5.807757750132688246e-01
7.764973931608284419e-01
3.543163331578523256e-01
4.212295718975278547e-01
7.463927574018356381e-01
7.236230234546272566e-01
4.575058877805078250e-01
1.058446825653682616e-01
5.055873331145681604e-01
4.005339755815894298e-01
9.747867800625938106e-02
1.057936015118585704e-01
2.984411433602951469e-01
3.469923486967482207e-01
9.586261962575839957e-02
2.923433203295511817e-01
4.589476945390481566e-01
7.889764963666707764e-01
4.093917403050152948e-01
3.704387403328348594e-01
7.801532803459382270e-01
7.460005718229451022e-01
3.223087657485649848e-01
7.128918818322607653e-02
4.462315247619506597e-01
2.823806026702760930e-01
9.113429216973288616e-02
2.892570378949229151e-02
2.580532213669747832e-01
4.107905636249795656e-01
6.362591929398886403e-02
1.348672692463460665e-01
3.949697395710873860e-01
9.458869977520346639e-01
2.038919736706479857e-01
1.002302950830117889e-01
3.730941441584268992e-01
3.288848426105649425e-01
3.298228307406297355e-01
4.114754356307019634e-02
1.411120270027295953e-01
1.321002014301536076e-01
7.884243702093078621e-02
1.424445978783359656e-01
3.734549083581448770e-01
3.885355249401388766e-01
1.150057883452347135e-01
2.192454086981573957e-01
3.843502790731672669e-01
5.200211024997531961e-01
4.116496766724083711e-01
6.357097108621728720e-01
5.590927936120425601e-01
7.166963474412781920e-01
8.618555638943993236e-01
1.557388802013339735e-01
2.627581771444441605e-01
4.338186771773263062e-01
2.637289055510288471e-01
5.397294807034622721e-01
8.212257051880362813e-01
3.059103463597771522e-01
1.123598070315806052e-01
4.200678840878875331e-01
4.563997106866251041e-01
6.235677370500070094e-01
6.722823228279185548e-01
3.871763197350019947e-01
5.956082109324573048e-01
4.478511008738071397e-01
4.593807042301032428e-01
2.151265516878000106e-01
7.218407516960487769e-01
4.200293677463078357e-01
2.936686682836385232e-01
6.167742090821435458e-02
2.515436921986882735e-01
8.359630550595847920e-02
7.426255245573497310e-02
3.834625968222873382e-01
4.345191031542088855e-01
6.268879439364269945e-01
1.067912478504397245e-01
3.118545346281764163e-01
4.689317219599424824e-01
4.244897225723476275e-01
2.220601845681553499e-01
5.722797330950126632e-02
5.028507363115241047e-01
2.055955067401159519e-01
4.340161942949054968e-02
