1.137604259237669918e-01
4.205628576131748009e-01
4.370384709271338264e-01
1.537263866895267894e-01
2.716087389819527020e-01
2.431816462607474527e-01
5.532800675772144849e-01
5.612316508024128847e-01
5.405647966746636168e-01
2.894059197908797620e-01
2.892901619370351618e-01
6.073738597031308473e-01
1.134430784102220952e-01
6.988160324460978012e-01
3.662793745805820178e-01
1.399269564975655356e-01
2.419882687157096091e-01
3.326072575792959340e-01
5.847183982949190062e-01
3.049701049894826266e-01
3.223785820252466072e-01
5.524585033645851989e-02
1.766895212492386180e-01
3.877810882019546157e-01
5.802551930855603946e-01
1.386957288043712544e-01
2.288869576926721439e-01
6.775683360355826412e-01
1.933390658218640257e-01
5.902941886000131477e-01
3.808112028703019569e-01
4.890604149274069279e-01
7.161188842127621523e-01
5.234993228593979309e-01
4.923112502256006828e-01
5.067207421162290837e-01
3.129383735206880957e-01
1.278045371688144582e-01
1.496407661657951915e-01
4.800398330528465873e-01
3.969914799064240274e-01
1.505055189154892448e-01
3.817507327336792933e-02
2.560346837388825514e-01
3.247795273070305244e-01
6.205546576022751282e-01
3.277677463373279143e-01
4.736955944944585828e-01
8.200718912519595893e-02
2.937545031384380945e-01
2.166464135644763644e-01
1.190337358663580425e-01
7.791436956484307785e-01
5.490564014582886010e-01
7.147376879863734933e-01
6.928417112365796715e-01
4.808919502996279460e-01
3.977273671838504332e-01
3.176305385585891927e-01
4.161952554915865354e-01
5.679855317287655497e-02
8.430186776217027944e-01
4.091970559367120175e-01
1.149695143971897204e-01
1.317610594669409163e-01
4.350066507387488346e-01
6.817570350990176387e-01
1.502750807046682180e-01
3.421739483263930293e-01
2.958480184967635651e-01
6.329971495054333985e-01
6.065964994973698232e-01
8.717207898574972358e-01
4.012382860383633676e-01
3.415579630172655423e-01
1.163486172315113948e-01
5.679587602411644287e-01
3.195586848182720985e-01
3.616979294234418107e-01
4.656908758266705695e-01
5.367244601910353685e-01
3.133535926393029580e-01
3.218735220813959130e-02
2.197825907371565024e-01
6.416800207153467994e-01
1.558834098399740353e-01
1.926875522400943452e-01
6.949508214244631832e-01
8.615882720741910861e-01
5.894394083301286447e-01
3.333634535504692575e-01
1.392770863621215494e-01
4.589607589754416406e-01
3.087649008310534016e-01
6.660483351441327804e-02
7.686940120574685675e-01
3.952136913396356310e-01
4.969293086852136776e-01
5.170209643831008561e-01
4.838552897960531340e-01
2.299252574821473438e-01
4.758375256056585623e-01
4.348937523288025631e-01
3.232384928026859616e-01
3.298523452383074206e-01
2.502361859154725865e-01
4.180566015272632052e-01
6.934704153625524947e-01
8.635575563533810506e-01
2.265404968636524630e-01
2.113733490918635605e-01
4.949444345897441866e-01
1.604150653929802828e-01
1.000000000000000000e+00
4.140575415502651402e-01
2.842967323661835244e-01
1.137604259237669918e-01
4.205628576131748009e-01
4.370384709271338264e-01
1.537263866895267894e-01
2.716087389819527020e-01
2.431816462607474527e-01
5.532800675772144849e-01
5.612316508024128847e-01
5.405647966746636168e-01
2.894059197908797620e-01
2.892901619370351618e-01
6.073738597031308473e-01
1.134430784102220952e-01
6.988160324460978012e-01
3.662793745805820178e-01
1.399269564975655356e-01
2.419882687157096091e-01
3.326072575792959340e-01
5.847183982949190062e-01
3.049701049894826266e-01
3.223785820252466072e-01
5.524585033645851989e-02
1.766895212492386180e-01
3.877810882019546157e-01
5.802551930855603946e-01
1.386957288043712544e-01
2.288869576926721439e-01
6.775683360355826412e-01
1.933390658218640257e-01
5.902941886000131477e-01
3.808112028703019569e-01
4.890604149274069279e-01
7.161188842127621523e-01
5.234993228593979309e-01
4.923112502256006828e-01
5.067207421162290837e-01
3.129383735206880957e-01
1.278045371688144582e-01
1.496407661657951915e-01
4.800398330528465873e-01
3.969914799064240274e-01
1.505055189154892448e-01
3.817507327336792933e-02
2.560346837388825514e-01
3.247795273070305244e-01
6.205546576022751282e-01
3.277677463373279143e-01
4.736955944944585828e-01
8.200718912519595893e-02
2.937545031384380945e-01
2.166464135644763644e-01
1.190337358663580425e-01
7.791436956484307785e-01
5.490564014582886010e-01
7.147376879863734933e-01
6.928417112365796715e-01
4.808919502996279460e-01
3.977273671838504332e-01
3.176305385585891927e-01
4.161952554915865354e-01
5.679855317287655497e-02
8.430186776217027944e-01
4.091970559367120175e-01
1.149695143971897204e-01
2.299194000460173526e-01
4.758375256056585623e-01
4.348937523288025631e-01
3.232384928026859616e-01
3.298523452383074206e-01
2.502361859154725865e-01
4.180566015272632052e-01
6.934693399591467244e-01
8.635534853671527067e-01
2.265404968636524630e-01
2.113733490918635605e-01
4.949444345897441866e-01
1.604150653929802828e-01
1.000000000000000000e+00
4.140575415502651402e-01
2.842967323661835244e-01
2.336750515213851243e-01
4.483679228998369015e-01
5.978012178263669707e-01
2.872131216232274298e-01
4.972844672472137018e-01
2.551137158474006128e-01
4.131786569396992403e-01
5.805190326164575421e-01
6.319980468353122438e-01
3.606339274661872762e-01
3.180151832138960466e-01
4.631576744334887641e-01
2.823775493130283309e-01
6.420904250898662458e-01
5.043390849176249136e-01
3.139581133487128750e-01
2.736143169581642942e-01
3.265807181920820645e-01
3.480439752402896825e-01
3.356965109167913131e-01
4.123053938955045794e-01
2.958386180339792060e-01
4.303080576329035845e-01
6.037188369131789578e-01
4.214282032976823800e-01
4.371178633220906828e-01
3.889081419480461266e-01
3.087724330308340703e-01
3.627338954667743698e-01
6.199389079260432256e-01
4.119309954444149158e-01
3.195955141346570882e-01
2.577335786153157060e-01
5.655365154292057994e-01
3.066488666977204014e-01
3.546232808057821484e-01
3.932907550127625051e-01
3.327362228317032322e-01
4.541954906894806743e-01
3.749679568523344164e-01
6.588857976201386579e-01
4.356522198029543769e-01
3.525823144323746994e-01
5.449294286943500154e-01
3.477302956668987810e-01
6.704521935290521650e-01
3.990435663958780688e-01
3.511322149432347106e-01
2.540886999012747505e-01
4.972453773727680271e-01
4.960938722676727086e-01
3.308162188485416766e-01
4.612376702392063099e-01
3.309714245608281757e-01
4.392589361099661360e-01
4.750699286759447193e-01
4.115344740088741071e-01
4.497050636610425700e-01
3.415625801771803305e-01
5.142242328189586820e-01
3.495115534818796776e-01
6.392718857412660327e-01
4.496793243132363171e-01
3.428732788846108326e-01
2.555890786709309470e-01
3.862773419868005265e-01
4.307391406642319120e-01
3.343574410885638004e-01
3.786844567599823574e-01
2.898694149409657972e-01
4.338062533582990321e-01
5.161837102295825375e-01
4.188623336444273759e-01
4.329739561106980550e-01
3.697286783572569790e-01
3.952886320703705159e-01
3.237553097883492104e-01
5.760862966927533524e-01
3.408439825447785454e-01
3.457601666252463901e-01
1.137604259237669779e-01
4.205628576131747454e-01
4.370384709271338819e-01
1.537263866895267894e-01
2.716087389819527020e-01
2.431816462607473972e-01
5.532800675772145960e-01
5.612316508024128847e-01
5.405647966746636168e-01
2.894059197908798176e-01
2.892901619370351618e-01
6.073738597031307362e-01
1.134430784102220952e-01
6.988160324460979123e-01
3.662793745805820733e-01
1.399269564975655356e-01
2.419882687157096646e-01
3.326072575792959340e-01
5.847183982949190062e-01
3.049701049894826266e-01
3.223785820252466072e-01
5.524585033645851295e-02
1.766895212492385903e-01
3.877810882019545602e-01
5.802551930855603946e-01
1.386957288043712544e-01
2.288869576926721716e-01
6.775683360355826412e-01
1.933390658218639702e-01
5.902941886000130367e-01
3.808112028703020124e-01
4.890604149274069279e-01
7.161188842127620413e-01
5.234993228593978198e-01
4.923112502256006828e-01
5.067207421162290837e-01
3.129383735206880957e-01
1.278045371688144860e-01
1.496407661657951915e-01
4.800398330528465873e-01
3.969914799064240274e-01
1.505055189154892725e-01
3.817507327336792933e-02
2.560346837388826069e-01
3.247795273070304134e-01
6.205546576022751282e-01
3.277677463373279698e-01
4.736955944944586938e-01
8.200718912519597281e-02
2.937545031384380390e-01
2.166464135644764200e-01
1.190337358663580564e-01
7.791436956484307785e-01
5.490564014582886010e-01
7.147376879863736043e-01
6.928417112365796715e-01
4.808919502996278350e-01
3.977273671838504887e-01
3.176305385585892482e-01
4.161952554915865354e-01
5.679855317287656885e-02
8.430186776217027944e-01
4.091970559367120730e-01
1.149695143971897066e-01
