2.029877469796405667e-02
2.103565943388680803e-01
2.014174191488102839e-01
5.691386536589874978e-02
1.714645980605549735e-01
5.474748357181916658e-01
6.853711145106982094e-01
1.109581252190655065e-01
8.502423674506207063e-02
3.932063232863902691e-01
3.322711110574072535e-01
2.332181808944368551e-01
3.566975905508652095e-02
2.660428772339978876e-01
2.246118492912087261e-01
5.052796521867568974e-02
1.264827155771836575e-01
4.879377518186790441e-01
6.667947963338899386e-01
2.179952744919338992e-01
7.314020866874962890e-01
4.763121069506158212e-01
5.847249749840272015e-01
4.329279243016292966e-01
3.651774468741581514e-01
5.091495254747299137e-01
8.180196451427651505e-01
7.234336831297627501e-01
1.196099444152889935e-01
2.351125669708185317e-01
4.459592058165913198e-01
2.217933230467510342e-01
3.513636983674444658e-01
6.162234981185557015e-01
2.140391995358806865e-01
1.772815024719605614e-01
3.803907124889648328e-01
6.596779818646826277e-01
5.708028246418853646e-01
5.839533352778804032e-01
5.084003363210066739e-01
7.836963732560495721e-01
4.945741159148917543e-01
5.118513463967544475e-01
2.052637659779553148e-01
6.239120235066212272e-01
5.134103848722643137e-01
1.498002967117409989e-01
1.311427904943633649e-02
2.258641220470028466e-01
1.123819299526818971e-01
3.728046246069387920e-02
2.928537793076407825e-01
6.413027996755076288e-01
4.263028244696434044e-01
1.327486645192638981e-01
2.175292707133445469e-01
3.733323117939743585e-01
7.011692196138856747e-01
2.410878800437186997e-01
1.596845281062965818e-02
4.150510425246001223e-01
1.369223213133257122e-01
1.800994789420815728e-02
2.205950766566699278e-02
1.089055873260427743e-01
2.826557534374788960e-01
5.482641317666342440e-02
1.578952152821235522e-01
6.524935089916230613e-01
7.291780817334364562e-01
1.293116741197490871e-01
1.168769379848972889e-01
5.280677668531588154e-01
3.897199537977496520e-01
3.650686297556346438e-02
1.774866176764263725e-01
2.070863133210816553e-01
1.494392228243350829e-01
7.942175316877929658e-01
6.314773243697946459e-01
9.473346794519954539e-01
4.773660702174549186e-01
7.644445724463493352e-01
3.887146681786061153e-01
5.833022398677176756e-01
9.263343006989011030e-02
2.890544589706141032e-01
3.410420215554854639e-01
6.439366659024208239e-01
3.596799951303234488e-01
7.962856608408183101e-01
5.786333371909656575e-01
2.135142739407962509e-01
1.367917128024290219e-02
2.158062296005823222e-01
1.243110271385586274e-01
7.491852945875910885e-01
8.501560411373165760e-01
1.446232564206231808e-01
5.918975159202488623e-02
4.788477290705777656e-01
2.151267920330022787e-01
1.041633094826470429e-01
3.344925431143367378e-01
7.116935480772567102e-01
6.793584141546272770e-01
3.958505178150312220e-01
4.047032694811300568e-01
6.896015457164466067e-01
7.256449588328155453e-01
4.144780130755111869e-01
5.618028673943763207e-02
5.277384440151854372e-01
3.800105868778375640e-01
7.947049872694655903e-02
2.029877469796405667e-02
2.103565943388680803e-01
2.014174191488102839e-01
5.691386536589874978e-02
1.714645980605549735e-01
5.474748357181916658e-01
6.853711145106982094e-01
1.109581252190655065e-01
8.502423674506207063e-02
3.932063232863902691e-01
3.322711110574072535e-01
2.332181808944368551e-01
3.566975905508652095e-02
2.660428772339978876e-01
2.246118492912087261e-01
5.052796521867568974e-02
1.264827155771836575e-01
4.879377518186790441e-01
6.667947963338899386e-01
2.179952744919338992e-01
7.314020866874962890e-01
4.763121069506158212e-01
5.847249749840272015e-01
4.329279243016292966e-01
3.651774468741581514e-01
5.091495254747299137e-01
8.180196451427651505e-01
7.234336831297627501e-01
1.196099444152889935e-01
2.351125669708185317e-01
4.459592058165913198e-01
2.217933230467510342e-01
3.513636983674444658e-01
6.162234981185557015e-01
2.140391995358806865e-01
1.772815024719605614e-01
3.803907124889648328e-01
6.596779818646826277e-01
5.708028246418853646e-01
5.839533352778804032e-01
5.084003363210066739e-01
7.836963732560495721e-01
4.945741159148917543e-01
5.118513463967544475e-01
2.052637659779553148e-01
6.239120235066212272e-01
5.134103848722643137e-01
1.498002967117409989e-01
1.311427904943633649e-02
2.258641220470028466e-01
1.123819299526818971e-01
3.728046246069387920e-02
2.928537793076407825e-01
6.413027996755076288e-01
4.263028244696434044e-01
1.327486645192638981e-01
2.175292707133445469e-01
3.733323117939743585e-01
7.011692196138856747e-01
2.410878800437186997e-01
1.596845281062965818e-02
4.150510425246001223e-01
1.369223213133257122e-01
1.800994789420815728e-02
5.918824370988401418e-02
4.788477290705777656e-01
2.151267920330022787e-01
1.041633094826470429e-01
3.344925431143367378e-01
7.116935480772567102e-01
6.793584141546272770e-01
3.958483982662392986e-01
4.046855078174787512e-01
6.896015457164466067e-01
7.256449588328155453e-01
4.144780130755111869e-01
5.618028673943763207e-02
5.277384440151854372e-01
3.800105868778375640e-01
7.947049872694655903e-02
3.538313744583487797e-02
3.732796696965823835e-01
4.898180572580552172e-01
5.074471726389685744e-02
4.344707296925759965e-01
4.870549769369254545e-01
9.132970585639246242e-01
4.497040494277598222e-01
4.593336347195419167e-01
8.697421569842384015e-01
6.827522985226148755e-01
3.232093047128139496e-01
5.904745173961641058e-02
4.245600932040078934e-01
3.362742026849209198e-01
5.942092656380844329e-02
7.534226404269403488e-02
2.082878243358998183e-01
2.460331621117833323e-01
9.585628978125346200e-02
2.666608659901860134e-01
5.765544281794864334e-01
8.893173850629778610e-01
3.777736686390532617e-01
3.116109754691024358e-01
8.672126683461098828e-01
7.603678501636158549e-01
1.513768677063841994e-01
9.515627433742207542e-02
3.622927560941676672e-01
2.035477720452739669e-01
7.418073587169636551e-02
4.117010003561448472e-02
5.317118048000787356e-01
2.385111780108354340e-01
7.178340998738912127e-02
3.643420293154644996e-01
6.698343996230486930e-01
8.260132936435957696e-01
2.269489474946846386e-01
6.323083763496845089e-01
8.209765387571694717e-01
7.830721304562262564e-01
4.726978469388422033e-01
4.714762767989276460e-02
5.884566826145343210e-01
2.839810319840748165e-01
7.292850990613573836e-02
4.103626852154369786e-02
4.335683683541739497e-01
4.760403521789183245e-01
5.680182124373435448e-02
4.013639644613989366e-01
6.458005439906551182e-01
8.804487213790067601e-01
4.074285762382252041e-01
3.876494714187310731e-01
8.298808358961921039e-01
7.326719726987420689e-01
3.759953906679723845e-01
6.432083371909440295e-02
5.021818658751839859e-01
3.465209241561973963e-01
6.697561383978338501e-02
7.990064382856718050e-02
2.263598046240010708e-01
2.855761972124539749e-01
8.894441557188456637e-02
2.329131829310106538e-01
5.696258200610083700e-01
8.932438342911311890e-01
3.420220756944835627e-01
2.797326354028897288e-01
9.095620647190566510e-01
7.617690129977824354e-01
1.974534106970836089e-01
7.052624524253212068e-02
3.135605615858000905e-01
1.814550096210324481e-01
9.671269981321807541e-02
2.029877469796405667e-02
2.103565943388680526e-01
2.014174191488103671e-01
5.691386536589875672e-02
1.714645980605550013e-01
5.474748357181916658e-01
6.853711145106983205e-01
1.109581252190655065e-01
8.502423674506207063e-02
3.932063232863902691e-01
3.322711110574072535e-01
2.332181808944368551e-01
3.566975905508652789e-02
2.660428772339979986e-01
2.246118492912087539e-01
5.052796521867568974e-02
1.264827155771836575e-01
4.879377518186790441e-01
6.667947963338900497e-01
2.179952744919338992e-01
7.314020866874962890e-01
4.763121069506158767e-01
5.847249749840272015e-01
4.329279243016292966e-01
3.651774468741581514e-01
5.091495254747298027e-01
8.180196451427652615e-01
7.234336831297626391e-01
1.196099444152889796e-01
2.351125669708184762e-01
4.459592058165913753e-01
2.217933230467510342e-01
3.513636983674444658e-01
6.162234981185557015e-01
2.140391995358806865e-01
1.772815024719605892e-01
3.803907124889648883e-01
6.596779818646827387e-01
5.708028246418853646e-01
5.839533352778804032e-01
5.084003363210066739e-01
7.836963732560495721e-01
4.945741159148916433e-01
5.118513463967545585e-01
2.052637659779552870e-01
6.239120235066213382e-01
5.134103848722644248e-01
1.498002967117409989e-01
1.311427904943633649e-02
2.258641220470028466e-01
1.123819299526818971e-01
3.728046246069387920e-02
2.928537793076407825e-01
6.413027996755075177e-01
4.263028244696433489e-01
1.327486645192638703e-01
2.175292707133445469e-01
3.733323117939743585e-01
7.011692196138857858e-01
2.410878800437186997e-01
1.596845281062966165e-02
4.150510425246001223e-01
1.369223213133257400e-01
1.800994789420815728e-02
