3.348367184800905560e-01
8.983603073222824476e-01
7.264038568519888550e-02
2.821797848671651621e-01
3.506943603129245024e-01
5.475990107122722383e-01
4.092331482442085888e-01
5.997523518140437382e-01
3.620104032910767544e-02
1.861144895076673467e-01
5.160741739621110824e-03
5.474650587384662925e-01
4.592828577654601840e-01
6.166658198176582228e-01
1.902372275876319241e-01
1.707816391345077234e-01
3.185723919273525939e-01
3.475781724015622465e-01
5.570690176531314375e-01
3.750814379117886066e-01
3.815188980971940258e-01
1.374454341465060347e-01
2.990784896625173772e-01
3.131224112100114976e-01
1.432885069376671483e-01
2.166991950864813887e-01
1.854297997694981937e-01
9.554019584209098026e-01
3.229947784202678585e-01
5.972537243685704933e-02
5.964809432062619932e-01
2.606807072758748900e-01
2.285850358023243656e-01
7.890022085548589748e-02
5.463225341941203156e-02
2.785754772110551891e-01
2.964384657712776372e-01
1.847849251303909091e-01
1.993444985737600761e-01
2.554250880916780764e-01
4.072078674269076493e-02
1.436251913120051016e-01
1.235079774043352507e-01
4.322769320472746868e-01
5.351168717807514019e-01
4.604910005116249483e-01
5.444071541501785960e-01
9.154038209313308805e-01
5.812403112271478101e-01
5.428435501448056755e-01
2.480342367575734674e-01
3.239152786345876889e-01
8.208207047007851642e-01
3.867982726711906016e-01
2.920588998999515962e-01
4.333919321223553278e-01
3.154287853638869099e-01
3.091210803934790197e-01
4.338511580954517721e-01
7.713731010781219588e-01
2.975344817503057238e-01
7.252467612584824197e-01
2.688862668154562430e-01
2.141287859980025576e-01
3.158161829320914049e-01
1.000000000000000222e+00
2.248250954324290674e-01
2.284036069000275893e-01
6.321625108037732810e-01
6.012481533743541107e-01
6.835287546122855717e-01
5.908458573292321159e-01
3.007655680205743587e-01
2.033545965397549060e-01
1.451568149787698381e-01
3.889305316938597712e-01
3.932862120893328983e-01
2.830637932124648870e-01
3.372823855311166685e-01
6.934915764885551948e-01
6.841973694185861099e-01
4.553383782413860104e-01
1.172156103322438137e-01
2.767233456946906478e-01
2.032033853443964977e-01
2.258123994086000952e-01
2.853438120876572448e-01
7.359885592612769312e-02
4.703292760307690168e-01
2.527938122040838120e-01
2.660311505310893887e-01
1.689461786903639351e-01
1.527785999657877980e-01
5.378916680355004809e-01
4.186112669687774845e-01
6.333115572217349332e-01
4.589325469184129536e-01
4.572288677074916041e-01
3.687975089247106375e-01
6.061430332543855659e-01
4.021877558410672515e-01
5.912731786413012447e-01
9.562819429837715601e-02
4.213026588016046126e-01
3.960242669400626525e-01
3.361296144721118151e-01
3.433578879128351691e-01
4.807968407679106271e-01
7.074226585287796132e-02
2.146734684538228466e-01
1.923152224555772505e-01
8.161860499851745221e-01
5.199465007092470836e-01
6.372902141605181203e-01
4.970201641976948470e-01
3.668196240639455263e-01
3.348367184800905560e-01
8.983603073222824476e-01
7.264038568519888550e-02
2.821797848671651621e-01
3.506943603129245024e-01
5.475990107122722383e-01
4.092331482442085888e-01
5.997523518140437382e-01
3.620104032910767544e-02
1.861144895076673467e-01
5.160741739621110824e-03
5.474650587384662925e-01
4.592828577654601840e-01
6.166658198176582228e-01
1.902372275876319241e-01
1.707816391345077234e-01
3.185723919273525939e-01
3.475781724015622465e-01
5.570690176531314375e-01
3.750814379117886066e-01
3.815188980971940258e-01
1.374454341465060347e-01
2.990784896625173772e-01
3.131224112100114976e-01
1.432885069376671483e-01
2.166991950864813887e-01
1.854297997694981937e-01
9.554019584209098026e-01
3.229947784202678585e-01
5.972537243685704933e-02
5.964809432062619932e-01
2.606807072758748900e-01
2.285850358023243656e-01
7.890022085548589748e-02
5.463225341941203156e-02
2.785754772110551891e-01
2.964384657712776372e-01
1.847849251303909091e-01
1.993444985737600761e-01
2.554250880916780764e-01
4.072078674269076493e-02
1.436251913120051016e-01
1.235079774043352507e-01
4.322769320472746868e-01
5.351168717807514019e-01
4.604910005116249483e-01
5.444071541501785960e-01
9.154038209313308805e-01
5.812403112271478101e-01
5.428435501448056755e-01
2.480342367575734674e-01
3.239152786345876889e-01
8.208207047007851642e-01
3.867982726711906016e-01
2.920588998999515962e-01
4.333919321223553278e-01
3.154287853638869099e-01
3.091210803934790197e-01
4.338511580954517721e-01
7.713731010781219588e-01
2.975344817503057238e-01
7.252467612584824197e-01
2.688862668154562430e-01
2.141287859980025576e-01
4.021775099502160056e-01
5.912731786413012447e-01
9.562819429837715601e-02
4.213026588016046126e-01
3.960242669400626525e-01
3.361296144721118151e-01
3.433578879128351691e-01
4.807950192378731558e-01
7.071453990970832937e-02
2.146734684538228466e-01
1.923152224555772505e-01
8.161860499851745221e-01
5.199465007092470836e-01
6.372902141605181203e-01
4.970201641976948470e-01
3.668196240639455263e-01
3.699579111570157064e-01
6.993838793212525662e-01
7.280178347051052823e-02
3.521177460821381389e-01
2.751147296633112416e-01
1.877521971875391882e-01
5.262617135770326637e-01
5.595077142815820803e-01
2.748624505812138352e-01
2.332014728679199234e-01
2.918605718328668996e-01
5.064874639872379847e-01
5.375947674008162425e-01
5.715627085768587579e-01
2.133647657726466251e-01
4.716607620433279080e-01
2.793788819875776541e-01
4.898918800938744655e-01
3.623722209039949571e-01
3.622403865597819683e-01
2.965859424279578826e-01
2.183146111089856456e-01
3.528331341368250995e-01
9.278549382716048122e-01
4.950971730422617512e-01
3.034506215035868149e-01
2.132922719287753399e-01
2.873193237114278209e-01
5.527987839434314044e-01
7.300930493398215537e-01
3.088467182847547399e-01
4.025669195893540886e-01
2.745906250690485217e-01
5.437331142770096548e-01
2.280707213082523444e-01
5.231617977954476917e-01
3.334710065125069955e-01
3.229344775625352382e-01
3.057949295193235217e-01
5.264957956455198484e-01
6.000421705445800891e-01
4.060948395237211073e-01
1.741398694107028633e-01
3.835201339035995138e-01
5.368124090834350826e-01
5.681847525312802016e-01
4.694040438926825876e-01
4.198946922777608837e-01
2.727018741500853438e-01
4.407675512465525913e-01
4.305552375422611600e-01
5.013771580216132007e-01
3.975731003094006843e-01
3.577864958897844505e-01
2.753355031033656308e-01
5.368377824752676997e-01
4.057262981480356245e-01
2.649376200601274434e-01
2.808205790406603786e-01
4.150665139220152122e-01
5.075498892653625971e-01
8.188211892536791936e-01
2.990777819344107025e-01
4.316580215574732371e-01
3.019152455543329117e-01
4.564530975194313056e-01
2.521789031957246685e-01
4.674445653795805677e-01
4.363841536562437784e-01
2.457744652165243515e-01
3.313491328752657394e-01
5.666796611971507414e-01
3.451601894070623899e-01
3.415264033681745248e-01
1.902041540920088036e-01
3.916043083220751009e-01
4.093781378821118588e-01
6.113313420632529027e-01
4.376347374296032378e-01
4.437689195347845894e-01
3.348367184800905005e-01
8.983603073222824476e-01
7.264038568519889938e-02
2.821797848671651621e-01
3.506943603129245579e-01
5.475990107122722383e-01
4.092331482442086443e-01
5.997523518140438492e-01
3.620104032910767544e-02
1.861144895076673744e-01
5.160741739621096946e-03
5.474650587384662925e-01
4.592828577654602396e-01
6.166658198176582228e-01
1.902372275876319518e-01
1.707816391345077511e-01
3.185723919273526494e-01
3.475781724015622465e-01
5.570690176531315485e-01
3.750814379117885511e-01
3.815188980971940258e-01
1.374454341465060625e-01
2.990784896625173772e-01
3.131224112100114421e-01
1.432885069376671483e-01
2.166991950864813887e-01
1.854297997694982214e-01
9.554019584209096916e-01
3.229947784202678029e-01
5.972537243685703545e-02
5.964809432062621042e-01
2.606807072758748900e-01
2.285850358023243656e-01
7.890022085548586972e-02
5.463225341941203850e-02
2.785754772110552446e-01
2.964384657712776927e-01
1.847849251303909368e-01
1.993444985737601038e-01
2.554250880916780764e-01
4.072078674269077880e-02
1.436251913120051016e-01
1.235079774043352230e-01
4.322769320472746868e-01
5.351168717807512909e-01
4.604910005116250038e-01
5.444071541501785960e-01
9.154038209313311025e-01
5.812403112271478101e-01
5.428435501448055645e-01
2.480342367575735230e-01
3.239152786345877444e-01
8.208207047007850532e-01
3.867982726711906016e-01
2.920588998999515407e-01
4.333919321223553278e-01
3.154287853638869099e-01
3.091210803934790197e-01
4.338511580954517721e-01
7.713731010781220698e-01
2.975344817503057238e-01
7.252467612584824197e-01
2.688862668154562985e-01
2.141287859980025299e-01
