2.762631320255647394e-01
3.967902950632491432e-01
3.109402863467308209e-01
2.884902469597598884e-01
2.391093724843898483e-01
3.724761786864252411e-01
4.031510571553455491e-01
3.291356972388159163e-01
2.409050080926929960e-01
3.432948898065116827e-01
2.575172810642265553e-01
4.269118234131427658e-01
2.478819805790445918e-01
4.048837747153269939e-01
4.938049482122368605e-01
2.539809504645000882e-01
2.644729142414715128e-01
3.222602065349869926e-01
6.759306436351152358e-01
2.712953261583225806e-01
3.760480522507367307e-01
2.129581409738525166e-01
2.636173158702359021e-01
3.559786123927385360e-01
2.350444640714827449e-01
2.540244268289467700e-01
3.685823055522407521e-01
4.797608662002961211e-01
1.726963983350098542e-01
2.163532621321806459e-01
5.537561285559434721e-01
2.582048578129536032e-01
4.905906148571660408e-01
3.243646637943755628e-01
2.580346646932769605e-01
3.798265292045958086e-01
5.305342405290506269e-01
2.704001225658334007e-01
3.291846766177843886e-01
5.378412980196145554e-01
3.611635899008502348e-01
3.513679974596442546e-01
2.870391060168094866e-01
3.801397135526133897e-01
2.972993638253599302e-01
3.764506646318747096e-01
4.287623276380927440e-01
4.055181984883198809e-01
2.755786660374854868e-01
3.063103921885398373e-01
1.205893360614541387e-01
2.673325677436963477e-01
5.834359826210347988e-01
3.725008264700386817e-01
2.457445810797809771e-01
3.038978145075436066e-01
4.960813369082014423e-01
6.270498100428114618e-01
5.161609192698840554e-01
4.114937370147038753e-01
2.108285426009303687e-01
4.422508552168226137e-01
4.113678222950816199e-01
2.320283443887428410e-01
2.926451664993797164e-01
3.792491686355874969e-01
3.920585041809430682e-01
2.773967234835433282e-01
3.170886200303330016e-01
4.573250390773959118e-01
4.546226717546535401e-01
3.682096566619874056e-01
3.601195609061038638e-01
4.693618933289641082e-01
3.068116510378471329e-01
2.579907086753689960e-01
3.615634442355735167e-01
3.559140265991125318e-01
3.768517406271405523e-01
5.556788094229152541e-01
7.179326585172745023e-01
5.192652762619638374e-01
2.378148305627094117e-01
3.426751464815119275e-01
2.328667304783371972e-01
3.138822094103640992e-01
1.280253249135778482e-01
3.077076546176452099e-01
4.484631784325220361e-01
3.484313804546649851e-01
6.165881853644887833e-01
3.323719282725234314e-01
3.357999257868448661e-01
3.002276210730597805e-01
2.377821946965386624e-01
6.639693171636940061e-01
4.100544488702869139e-01
4.633641395342786851e-01
5.789368950574947936e-01
4.503733994411299180e-01
3.276653339174229185e-01
3.765438862104685813e-01
2.825741898278009145e-01
4.008589772864506462e-01
3.550716045045344549e-01
3.536044378171845359e-01
3.616288226834221131e-01
4.792088373217274766e-01
4.705622961299704143e-01
4.329255486894972305e-01
4.038498073004329059e-01
4.134614498177855979e-01
2.856917656381843806e-01
4.895114621538265709e-01
5.698854048475574530e-01
3.162931330731743040e-01
2.762631320255647394e-01
3.967902950632491432e-01
3.109402863467308209e-01
2.884902469597598884e-01
2.391093724843898483e-01
3.724761786864252411e-01
4.031510571553455491e-01
3.291356972388159163e-01
2.409050080926929960e-01
3.432948898065116827e-01
2.575172810642265553e-01
4.269118234131427658e-01
2.478819805790445918e-01
4.048837747153269939e-01
4.938049482122368605e-01
2.539809504645000882e-01
2.644729142414715128e-01
3.222602065349869926e-01
6.759306436351152358e-01
2.712953261583225806e-01
3.760480522507367307e-01
2.129581409738525166e-01
2.636173158702359021e-01
3.559786123927385360e-01
2.350444640714827449e-01
2.540244268289467700e-01
3.685823055522407521e-01
4.797608662002961211e-01
1.726963983350098542e-01
2.163532621321806459e-01
5.537561285559434721e-01
2.582048578129536032e-01
4.905906148571660408e-01
3.243646637943755628e-01
2.580346646932769605e-01
3.798265292045958086e-01
5.305342405290506269e-01
2.704001225658334007e-01
3.291846766177843886e-01
5.378412980196145554e-01
3.611635899008502348e-01
3.513679974596442546e-01
2.870391060168094866e-01
3.801397135526133897e-01
2.972993638253599302e-01
3.764506646318747096e-01
4.287623276380927440e-01
4.055181984883198809e-01
2.755786660374854868e-01
3.063103921885398373e-01
1.205893360614541387e-01
2.673325677436963477e-01
5.834359826210347988e-01
3.725008264700386817e-01
2.457445810797809771e-01
3.038978145075436066e-01
4.960813369082014423e-01
6.270498100428114618e-01
5.161609192698840554e-01
4.114937370147038753e-01
2.108285426009303687e-01
4.422508552168226137e-01
4.113678222950816199e-01
2.320283443887428410e-01
3.276569865145041449e-01
3.765438862104685813e-01
2.825741898278009145e-01
4.008589772864506462e-01
3.550716045045344549e-01
3.536044378171845359e-01
3.616288226834221131e-01
4.792070102204682991e-01
4.705464994794288924e-01
4.329255486894972305e-01
4.038498073004329059e-01
4.134614498177855979e-01
2.856917656381843806e-01
4.895114621538265709e-01
5.698854048475574530e-01
3.162931330731743040e-01
2.921269925802122414e-01
4.084612815086310911e-01
4.808245104473485854e-01
3.254696361237262581e-01
2.459542817569063122e-01
2.572754217654936726e-01
5.966586848029314938e-01
3.871913539201904952e-01
5.761334289797735986e-01
3.962484462027251464e-01
4.596862752543112163e-01
4.487202274587588358e-01
3.939395284582349333e-01
4.593033253927888415e-01
2.566264769293551407e-01
3.467638718360981365e-01
2.942673735466547758e-01
3.652566732819673700e-01
4.357097547676373472e-01
2.727950926972788626e-01
3.587271211300141482e-01
2.664656921449511384e-01
4.280907443307863103e-01
5.792549679285623476e-01
6.096308560023384615e-01
3.499611871010875896e-01
4.650166861842931487e-01
3.716608230567744475e-01
3.099633477396352976e-01
6.587203752050928562e-01
4.007678139167434317e-01
2.894095338413223972e-01
2.859820722081263256e-01
5.195054975822314125e-01
4.106701244366059989e-01
3.276013940319937867e-01
4.348477736141071470e-01
3.253655699926092937e-01
3.872046698803374154e-01
3.173518696781426618e-01
6.786034317269481475e-01
4.691793520410431628e-01
4.612007161429177438e-01
5.145064833388663939e-01
3.111500044741158932e-01
5.072144984443840432e-01
4.624301801722525140e-01
3.565641255534829357e-01
2.679440410032158382e-01
4.865747021103583037e-01
5.418064302111154085e-01
3.291433161163660470e-01
4.172781367829616062e-01
3.135613081518213718e-01
4.682138524954304604e-01
3.758404900897664436e-01
5.153310319247768057e-01
4.038428095254886774e-01
4.541116452636259071e-01
5.236324726235472848e-01
3.391797233076489504e-01
6.078767770977733242e-01
3.886459750555428805e-01
3.319239773999870802e-01
2.784692526885201858e-01
3.887797563786649091e-01
4.898061175370652665e-01
3.096638270745892818e-01
3.751911056072821382e-01
2.450931968330025135e-01
4.501589183025455077e-01
4.662359244532673919e-01
5.399449751530162045e-01
4.306252878582737531e-01
4.249534569644665138e-01
4.295560689529147047e-01
2.762674388285439875e-01
5.361060313419339085e-01
3.885383879193293755e-01
3.148660532216269181e-01
2.762631320255647394e-01
3.967902950632491987e-01
3.109402863467308764e-01
2.884902469597598884e-01
2.391093724843899315e-01
3.724761786864252411e-01
4.031510571553456046e-01
3.291356972388159163e-01
2.409050080926930237e-01
3.432948898065116827e-01
2.575172810642264443e-01
4.269118234131427658e-01
2.478819805790446196e-01
4.048837747153269939e-01
4.938049482122370271e-01
2.539809504645001437e-01
2.644729142414715684e-01
3.222602065349869926e-01
6.759306436351152358e-01
2.712953261583225806e-01
3.760480522507367307e-01
2.129581409738525166e-01
2.636173158702359021e-01
3.559786123927385360e-01
2.350444640714827449e-01
2.540244268289467144e-01
3.685823055522408076e-01
4.797608662002960656e-01
1.726963983350098264e-01
2.163532621321806182e-01
5.537561285559435831e-01
2.582048578129536032e-01
4.905906148571660408e-01
3.243646637943755073e-01
2.580346646932769605e-01
3.798265292045958086e-01
5.305342405290507379e-01
2.704001225658334007e-01
3.291846766177843886e-01
5.378412980196145554e-01
3.611635899008502348e-01
3.513679974596442546e-01
2.870391060168094310e-01
3.801397135526134452e-01
2.972993638253598192e-01
3.764506646318747651e-01
4.287623276380926884e-01
4.055181984883199364e-01
2.755786660374854868e-01
3.063103921885397818e-01
1.205893360614541665e-01
2.673325677436963477e-01
5.834359826210347988e-01
3.725008264700386262e-01
2.457445810797809771e-01
3.038978145075436066e-01
4.960813369082015534e-01
6.270498100428114618e-01
5.161609192698840554e-01
4.114937370147038753e-01
2.108285426009303964e-01
4.422508552168226137e-01
4.113678222950816199e-01
2.320283443887428410e-01
