8.035395293509620118e-02
1.631134946064981828e-01
2.524061963079752835e-01
4.494155627736982211e-02
5.510068561606833171e-02
4.431281770980868284e-01
3.802778643124840041e-01
1.621732421977296057e-01
1.474158402502255827e-01
3.481914487189075591e-01
7.330093596613291851e-01
2.188193802183158176e-01
6.596646397641421633e-02
1.598463427570999962e-01
1.664332366155490683e-01
5.649159004939027090e-02
1.757640828402821653e-01
3.211740236976121099e-01
5.178586528868037719e-01
1.778339373394107192e-01
5.829882196395430594e-01
8.018294136551622486e-01
4.051763491732805478e-01
8.392656725990059741e-01
1.686251556081495295e-01
2.837345895601018908e-01
6.756647992729739594e-01
4.781747275787034956e-01
2.358659457896917500e-01
4.295879038000286476e-01
4.081043701071518925e-01
3.244650260512785822e-01
2.442637069398680971e-01
3.545661722849863251e-01
5.386744541393158059e-01
1.184708943365578998e-01
3.630384365707108318e-01
6.545322369702535337e-01
4.417958974921000204e-01
4.858184654281212378e-01
7.325033565275789194e-01
8.058208180208555893e-01
9.755946509005248846e-01
5.607921988621531462e-01
1.595046930316321998e-01
3.015366986489864676e-01
5.307632822121975957e-01
1.888774902015877277e-01
3.907553857216198440e-02
2.231421710262089797e-01
1.874687546249375059e-01
6.927512674639112189e-02
2.807619039933832994e-01
6.214526214526214787e-01
2.140745331271280139e-01
2.100419109171568488e-01
2.165440763435456661e-01
4.872940508364515533e-01
8.213407855281135150e-01
1.408678052259222935e-01
4.016415164024591394e-02
3.558501683501683610e-01
3.283434026289718810e-01
1.164403437130709928e-01
1.134829426264301888e-01
1.025599194917267143e-01
4.078777568839700440e-01
5.243100471758582737e-02
1.253813241224652208e-02
6.183395490743546219e-01
4.409808375900770017e-01
1.485384014926044438e-01
2.206888740208847732e-01
4.416832480162151131e-01
8.308094687922704669e-01
6.768601989629469129e-02
9.504544418963328800e-02
1.583221646841211083e-01
2.787372471067495194e-01
6.553240545388627769e-01
5.202098558810157591e-01
9.320466057627943002e-01
8.854947761019129615e-01
5.812772768748083463e-01
1.812704721075734382e-01
3.887525158474878784e-01
2.014434290133531313e-01
6.289705446673298228e-01
2.327493812805128126e-01
3.264061429214277221e-01
4.222477460601186117e-01
8.053248050945390757e-01
7.009513056426188715e-01
1.880869345685433625e-01
3.865923264844726981e-02
2.074659844295218547e-01
1.187816710122481800e-01
6.723520353387336668e-01
8.895052994340719721e-01
2.044529710199595729e-01
8.825477466309358809e-02
2.548191263595713241e-01
3.547422363973141701e-01
8.069218572842665194e-02
2.108844564080881723e-01
7.924028684902891806e-01
4.446032104639952021e-01
5.602455044526998273e-01
3.922745103725647220e-01
6.011678097320358738e-01
9.737530626810539935e-01
2.940311422490790583e-01
9.701920434130757720e-02
4.396487968341208363e-01
4.250221429294767650e-01
1.637588112186113554e-01
8.035395293509620118e-02
1.631134946064981828e-01
2.524061963079752835e-01
4.494155627736982211e-02
5.510068561606833171e-02
4.431281770980868284e-01
3.802778643124840041e-01
1.621732421977296057e-01
1.474158402502255827e-01
3.481914487189075591e-01
7.330093596613291851e-01
2.188193802183158176e-01
6.596646397641421633e-02
1.598463427570999962e-01
1.664332366155490683e-01
5.649159004939027090e-02
1.757640828402821653e-01
3.211740236976121099e-01
5.178586528868037719e-01
1.778339373394107192e-01
5.829882196395430594e-01
8.018294136551622486e-01
4.051763491732805478e-01
8.392656725990059741e-01
1.686251556081495295e-01
2.837345895601018908e-01
6.756647992729739594e-01
4.781747275787034956e-01
2.358659457896917500e-01
4.295879038000286476e-01
4.081043701071518925e-01
3.244650260512785822e-01
2.442637069398680971e-01
3.545661722849863251e-01
5.386744541393158059e-01
1.184708943365578998e-01
3.630384365707108318e-01
6.545322369702535337e-01
4.417958974921000204e-01
4.858184654281212378e-01
7.325033565275789194e-01
8.058208180208555893e-01
9.755946509005248846e-01
5.607921988621531462e-01
1.595046930316321998e-01
3.015366986489864676e-01
5.307632822121975957e-01
1.888774902015877277e-01
3.907553857216198440e-02
2.231421710262089797e-01
1.874687546249375059e-01
6.927512674639112189e-02
2.807619039933832994e-01
6.214526214526214787e-01
2.140745331271280139e-01
2.100419109171568488e-01
2.165440763435456661e-01
4.872940508364515533e-01
8.213407855281135150e-01
1.408678052259222935e-01
4.016415164024591394e-02
3.558501683501683610e-01
3.283434026289718810e-01
1.164403437130709928e-01
8.825252633808824965e-02
2.548191263595713241e-01
3.547422363973141701e-01
8.069218572842665194e-02
2.108844564080881723e-01
7.924028684902891806e-01
4.446032104639952021e-01
5.602439616538773537e-01
3.922563778763056841e-01
6.011678097320358738e-01
9.737530626810539935e-01
2.940311422490790583e-01
9.701920434130757720e-02
4.396487968341208363e-01
4.250221429294767650e-01
1.637588112186113554e-01
6.478755093547722277e-02
2.524875590820417348e-01
5.345868989389064296e-01
5.468808864191844477e-02
2.732939453757036730e-01
4.967736242532698743e-01
7.100169029002491028e-01
5.461435290659220065e-01
4.862130004071577583e-01
7.355620278280725621e-01
9.370104955510143441e-01
2.907533156722299506e-01
7.756773089697797940e-02
4.329979510969008683e-01
3.986087259062914834e-01
1.225464706299050216e-01
6.341580741322985770e-02
2.504732722422098878e-01
2.261503094641754141e-01
8.325191175616122874e-02
2.714050669429078910e-01
4.639451804001454294e-01
8.456168618447602592e-01
3.962600760165297942e-01
3.282317436289906576e-01
7.836925971125756618e-01
8.092458296895066461e-01
3.097461770989359819e-01
8.560752624005885103e-02
4.242896788222687565e-01
3.628548324572483663e-01
1.060140283363818908e-01
4.722210773908365467e-02
4.471773134981403830e-01
2.784432947163342220e-01
7.753054493627488386e-02
2.926193347769593944e-01
5.663482814511737740e-01
7.403871431580788531e-01
3.080708654516133294e-01
5.938518951362271592e-01
8.007431539249507679e-01
8.526533595065045601e-01
5.698125864333312141e-01
9.002226576244000411e-02
5.560642381497391540e-01
4.121590387970628933e-01
9.356207830287334437e-02
3.604300299967332089e-02
3.876247742444307032e-01
4.819748058046836037e-01
7.326256364178927727e-02
3.028478570964308614e-01
5.771994543213039286e-01
8.280732432302311263e-01
3.817106532139837305e-01
4.612339475448254955e-01
7.053924992119894322e-01
8.093797499443823318e-01
5.298690907052566734e-01
7.904047906563459180e-02
5.713371193382701385e-01
4.187376750800766434e-01
1.019961951743000445e-01
8.216237280528732034e-02
2.108539098503255937e-01
2.975569427542308354e-01
7.695875607191746126e-02
1.906757872018353672e-01
4.946798768249406342e-01
8.212652776479737460e-01
3.498540080069834635e-01
2.994095608033157108e-01
7.891255011558102606e-01
8.507139760071175116e-01
3.596013395639426347e-01
7.086189264461686954e-02
3.863338507326639637e-01
2.662952637737850958e-01
1.393138173778377675e-01
8.035395293509620118e-02
1.631134946064981550e-01
2.524061963079753390e-01
4.494155627736982211e-02
5.510068561606831783e-02
4.431281770980868284e-01
3.802778643124840596e-01
1.621732421977296057e-01
1.474158402502256104e-01
3.481914487189076146e-01
7.330093596613290741e-01
2.188193802183157899e-01
6.596646397641423021e-02
1.598463427570999962e-01
1.664332366155490961e-01
5.649159004939027090e-02
1.757640828402821653e-01
3.211740236976121099e-01
5.178586528868037719e-01
1.778339373394106637e-01
5.829882196395430594e-01
8.018294136551621376e-01
4.051763491732804923e-01
8.392656725990059741e-01
1.686251556081495295e-01
2.837345895601018353e-01
6.756647992729739594e-01
4.781747275787034401e-01
2.358659457896917500e-01
4.295879038000285366e-01
4.081043701071519481e-01
3.244650260512785267e-01
2.442637069398680971e-01
3.545661722849862696e-01
5.386744541393158059e-01
1.184708943365579137e-01
3.630384365707108318e-01
6.545322369702536447e-01
4.417958974920999649e-01
4.858184654281212378e-01
7.325033565275789194e-01
8.058208180208557003e-01
9.755946509005247735e-01
5.607921988621532572e-01
1.595046930316321721e-01
3.015366986489864676e-01
5.307632822121975957e-01
1.888774902015877277e-01
3.907553857216198440e-02
2.231421710262089242e-01
1.874687546249375336e-01
6.927512674639110801e-02
2.807619039933832994e-01
6.214526214526214787e-01
2.140745331271280139e-01
2.100419109171567933e-01
2.165440763435456106e-01
4.872940508364515533e-01
8.213407855281134040e-01
1.408678052259222935e-01
4.016415164024591394e-02
3.558501683501684165e-01
3.283434026289718810e-01
1.164403437130709651e-01
