8.664706267501010029e-02
4.020093901193372288e-01
3.602460939554821273e-01
9.550549064722888004e-02
2.240041808924396749e-01
4.232565188906706188e-01
8.363876772935261439e-01
2.708575845877896349e-01
2.229035975406047920e-01
2.828549441904971706e-01
3.585760603808524349e-01
2.858533864597578855e-01
3.799052303716674711e-02
5.579883214329035557e-01
3.042786248270812344e-01
6.174520010044974583e-02
3.276472638785084546e-01
4.048600199406350297e-01
4.274549969584088838e-01
2.735654339205741414e-01
2.883210696572220955e-01
2.023573182199417397e-01
3.447928630890349511e-01
4.497435351786081004e-01
7.594473740528070449e-01
6.189270632734212851e-01
4.757383294868302581e-01
7.523575374928843651e-01
1.713521854076640316e-01
4.561076328752001752e-01
3.751116906648295224e-01
1.806653552332668777e-01
4.940802797266060642e-01
7.831065935499028630e-01
3.794035115009994352e-01
3.247050106576986339e-01
6.826887907243016640e-01
3.141326325718661883e-01
6.628981507094129366e-01
5.176462330186346605e-01
3.505429153359782002e-01
4.822668209367703129e-01
2.506872839804767938e-01
3.090750328949173342e-01
7.881768345661818720e-02
6.326338907923506616e-01
3.525002177355597843e-01
2.794324473595916070e-01
2.639208703375651305e-02
1.589956077590592431e-01
2.818295602990804338e-02
6.347427786004265771e-02
4.892193363214721868e-01
4.091017493909419045e-01
8.130029445539247446e-01
2.209159935332481450e-01
2.852150124388600494e-01
5.405172949288277184e-01
3.999503681032343660e-01
1.916812182153874444e-01
2.074652128059988748e-02
4.357968846311895961e-01
1.914558443577072944e-01
4.106164882824016316e-02
7.341074279952070070e-02
3.070832530350864897e-01
3.599047586992693559e-01
7.937536195810357409e-02
1.604795238619966258e-01
4.434725247123104119e-01
8.279931207066488774e-01
2.494135616189935845e-01
2.856180620670015213e-01
4.193499135417220747e-01
4.133010169431189929e-01
5.123476837522053517e-02
3.954721868633428450e-01
2.741948228468028548e-01
3.030904987476478185e-01
5.576957861644361580e-01
4.451099818842911837e-01
3.551768517412743353e-01
2.142001795367804995e-01
4.461745314405404228e-01
7.868060552974317501e-01
6.931187320146051656e-01
7.659469411418848295e-02
5.362919097489893261e-01
4.463722416040956098e-01
7.434218659778260019e-01
6.556664239907825653e-01
4.293563092513283941e-01
3.505595018807404761e-01
1.150930469041887977e-01
2.211257410558941858e-02
4.014861900269794392e-01
2.732128162603122967e-01
6.660333440577674846e-01
7.363035230221428584e-01
1.998786883266235326e-01
1.769096031110775347e-01
5.684765872632369099e-01
2.496389414421082975e-01
2.004839314926322724e-01
3.362085528657317024e-01
3.888315822626380314e-01
7.487401905104460464e-01
4.571687991422758168e-01
7.164316629206490816e-01
6.316251035164079930e-01
4.240700100905047121e-01
3.338023352840812641e-01
3.761013771891463797e-02
7.303072162362914677e-01
3.236717325570810933e-01
1.078891003609585841e-01
8.664706267501010029e-02
4.020093901193372288e-01
3.602460939554821273e-01
9.550549064722888004e-02
2.240041808924396749e-01
4.232565188906706188e-01
8.363876772935261439e-01
2.708575845877896349e-01
2.229035975406047920e-01
2.828549441904971706e-01
3.585760603808524349e-01
2.858533864597578855e-01
3.799052303716674711e-02
5.579883214329035557e-01
3.042786248270812344e-01
6.174520010044974583e-02
3.276472638785084546e-01
4.048600199406350297e-01
4.274549969584088838e-01
2.735654339205741414e-01
2.883210696572220955e-01
2.023573182199417397e-01
3.447928630890349511e-01
4.497435351786081004e-01
7.594473740528070449e-01
6.189270632734212851e-01
4.757383294868302581e-01
7.523575374928843651e-01
1.713521854076640316e-01
4.561076328752001752e-01
3.751116906648295224e-01
1.806653552332668777e-01
4.940802797266060642e-01
7.831065935499028630e-01
3.794035115009994352e-01
3.247050106576986339e-01
6.826887907243016640e-01
3.141326325718661883e-01
6.628981507094129366e-01
5.176462330186346605e-01
3.505429153359782002e-01
4.822668209367703129e-01
2.506872839804767938e-01
3.090750328949173342e-01
7.881768345661818720e-02
6.326338907923506616e-01
3.525002177355597843e-01
2.794324473595916070e-01
2.639208703375651305e-02
1.589956077590592431e-01
2.818295602990804338e-02
6.347427786004265771e-02
4.892193363214721868e-01
4.091017493909419045e-01
8.130029445539247446e-01
2.209159935332481450e-01
2.852150124388600494e-01
5.405172949288277184e-01
3.999503681032343660e-01
1.916812182153874444e-01
2.074652128059988748e-02
4.357968846311895961e-01
1.914558443577072944e-01
4.106164882824016316e-02
1.769050962695398188e-01
5.684765872632369099e-01
2.496389414421082975e-01
2.004839314926322724e-01
3.362085528657317024e-01
3.888315822626380314e-01
7.487401905104460464e-01
4.571668947175434594e-01
7.164232021897780633e-01
6.316251035164079930e-01
4.240700100905047121e-01
3.338023352840812641e-01
3.761013771891463797e-02
7.303072162362914677e-01
3.236717325570810933e-01
1.078891003609585841e-01
1.153389195939816259e-01
4.605315939944259473e-01
7.177780986020185772e-01
1.107233082825376108e-01
6.752674458236356259e-01
4.833085001903084654e-01
5.631595825286771495e-01
4.666185146979169862e-01
5.323563971824226693e-01
6.430439963269304338e-01
6.368041261127684871e-01
3.360236562537687321e-01
1.261181968826196598e-01
3.750617395406861121e-01
4.213228297639850517e-01
9.019793156804979672e-02
1.841977459703096065e-01
3.433271985739940191e-01
3.755158655528805789e-01
1.450108929985705897e-01
4.074374331533500149e-01
4.705826191850834839e-01
7.401650641044290602e-01
3.831805967561736637e-01
4.282080447654713629e-01
7.109188190217189396e-01
6.045418046703167070e-01
2.157939839301488694e-01
1.763644320899159790e-01
3.876150830810316528e-01
2.211001957423256448e-01
9.893347594682926072e-02
1.311464339563241932e-01
6.560956452603327049e-01
4.320734868935056650e-01
1.341150938490134892e-01
4.523359892742542798e-01
5.380857164576436924e-01
6.803842630600778207e-01
2.737645132333366149e-01
7.568874471248775437e-01
7.024417648897423039e-01
6.084111764713512338e-01
4.172293417257366688e-01
1.509127334527666786e-01
5.331325735620584538e-01
2.659361498299256943e-01
1.201269281787456927e-01
1.356583695309508397e-01
5.519024634306268773e-01
6.035922080388138600e-01
1.321964024427855766e-01
5.565755393214846247e-01
5.296108259096772297e-01
6.782744009105642347e-01
3.994256615474464644e-01
5.032370759224296108e-01
6.849497712701029251e-01
5.964647365865467510e-01
3.586559420881064719e-01
1.260298959493463822e-01
5.042574118128382299e-01
3.489941424016054228e-01
1.139042801015853895e-01
1.756842235316381229e-01
3.650577746460936801e-01
4.397580339032969299e-01
1.598226610301853035e-01
3.594991508277321501e-01
4.810557091833436161e-01
7.031493021896975115e-01
3.769615710177087187e-01
4.233844672727292702e-01
7.223324064505659559e-01
6.241798694533061687e-01
2.360405919257237417e-01
1.528199378732435221e-01
3.460804387677696714e-01
2.118010427950336449e-01
1.055277571261944852e-01
8.664706267501008641e-02
4.020093901193372843e-01
3.602460939554821273e-01
9.550549064722888004e-02
2.240041808924397027e-01
4.232565188906706188e-01
8.363876772935262549e-01
2.708575845877896904e-01
2.229035975406047643e-01
2.828549441904972817e-01
3.585760603808524349e-01
2.858533864597578855e-01
3.799052303716674711e-02
5.579883214329036667e-01
3.042786248270812344e-01
6.174520010044974583e-02
3.276472638785084546e-01
4.048600199406350297e-01
4.274549969584088838e-01
2.735654339205741414e-01
2.883210696572220955e-01
2.023573182199417397e-01
3.447928630890349511e-01
4.497435351786081004e-01
7.594473740528071559e-01
6.189270632734211741e-01
4.757383294868302581e-01
7.523575374928842541e-01
1.713521854076640039e-01
4.561076328752000641e-01
3.751116906648295779e-01
1.806653552332668777e-01
4.940802797266060642e-01
7.831065935499027519e-01
3.794035115009994352e-01
3.247050106576986339e-01
6.826887907243015530e-01
3.141326325718662438e-01
6.628981507094129366e-01
5.176462330186346605e-01
3.505429153359782002e-01
4.822668209367703129e-01
2.506872839804767938e-01
3.090750328949173342e-01
7.881768345661815944e-02
6.326338907923506616e-01
3.525002177355598398e-01
2.794324473595916625e-01
2.639208703375651999e-02
1.589956077590591876e-01
2.818295602990804685e-02
6.347427786004265771e-02
4.892193363214721868e-01
4.091017493909418490e-01
8.130029445539247446e-01
2.209159935332480895e-01
2.852150124388600494e-01
5.405172949288277184e-01
3.999503681032344216e-01
1.916812182153874444e-01
2.074652128059988748e-02
4.357968846311895961e-01
1.914558443577073221e-01
4.106164882824015622e-02
