3.519911288302378094e-01
5.372843215197936617e-01
8.663582883390317235e-01
1.647980369180266358e-01
4.567075269124585279e-01
3.693295896997144667e-01
2.120876065120557707e-01
8.261825752188256544e-01
9.433346918854399465e-01
5.971568339963182481e-01
7.040838839133929383e-01
7.913302093357322820e-01
1.143504268540565666e-01
6.341075079552955795e-01
2.310017001013043025e-01
8.504107220060527772e-02
2.513498946141426993e-01
1.429768780569106168e-01
7.875429631694914612e-01
4.579547625906198183e-02
4.185025436072079552e-01
7.881112442571146237e-02
2.774125839682654165e-02
3.485269594219010392e-01
2.780852077174001402e-01
0.000000000000000000e+00
1.461973275420022089e-01
1.826769278397594454e-01
9.543595774775867069e-01
1.932191261074124033e-01
2.585229426993326252e-01
4.715172782705527865e-01
5.463976321179394580e-01
5.490125602162365670e-01
7.385189576580556414e-01
3.292295196825744119e-01
0.000000000000000000e+00
9.712592854616200477e-02
9.430080705877386116e-02
5.753808613071291767e-01
4.033168067242708377e-01
3.484232791331341728e-02
2.667038944797555655e-01
5.158508002688446670e-01
6.027469257516547829e-01
2.042458556135527126e-01
2.710886740356664437e-01
5.730841232749998015e-01
6.244090395484944711e-01
5.741536474016000202e-01
6.104260125493790046e-01
2.465763227335748542e-01
3.339023546576261881e-01
2.904391328515842363e-01
2.930661776764017512e-01
4.227608819567394427e-01
4.872986007258094387e-01
1.827888878834494635e-01
1.465965940674112122e-01
3.547653444363428332e-01
3.818946091118222141e-01
3.557879377431906742e-01
3.007103852185290527e-01
6.139065477586878872e-02
2.371400928909210004e-01
5.679328467197082286e-01
9.717057939699378366e-01
1.251978851340418419e-01
4.262963200450747836e-01
5.428736071865603030e-01
2.061178615731739661e-01
8.651545129314386351e-01
9.772775083884532865e-01
6.514630151264331204e-01
5.474761362749289706e-01
1.830699784760284332e-01
4.317168915643527782e-01
1.100892668747290026e-01
3.116989629710442689e-01
2.323443800182513896e-01
5.570075633295890061e-01
2.460772267950332159e-01
1.583995450394575788e-01
8.494669929923728824e-02
2.786844567995350186e-01
4.855525726583048707e-02
8.513918103730575559e-01
6.218537254509712842e-01
4.262527195690676285e-01
3.860911411410856697e-01
0.000000000000000000e+00
5.825165396426697922e-02
3.136551737305345866e-01
5.884189529364360904e-01
4.853731356677461473e-01
5.030808028835107582e-01
6.789461810770718309e-01
3.231526865834088991e-01
5.029709000728455059e-01
4.161982872762509111e-01
4.698812081056515932e-01
5.462580713590392545e-01
8.870915593422530332e-01
2.451450595836288104e-01
2.066458105836623815e-01
2.143357315081839409e-01
1.586146862868526020e-01
6.984192376862150553e-01
8.407727426849076480e-01
1.408240117153007620e-01
3.111751170034379177e-01
4.542919972929472805e-01
5.912860787379612404e-01
4.561727876252799074e-01
2.566199841899955425e-01
2.496335633595936077e-01
3.519911288302378094e-01
5.372843215197936617e-01
8.663582883390317235e-01
1.647980369180266358e-01
4.567075269124585279e-01
3.693295896997144667e-01
2.120876065120557707e-01
8.261825752188256544e-01
9.433346918854399465e-01
5.971568339963182481e-01
7.040838839133929383e-01
7.913302093357322820e-01
1.143504268540565666e-01
6.341075079552955795e-01
2.310017001013043025e-01
8.504107220060527772e-02
2.513498946141426993e-01
1.429768780569106168e-01
7.875429631694914612e-01
4.579547625906198183e-02
4.185025436072079552e-01
7.881112442571146237e-02
2.774125839682654165e-02
3.485269594219010392e-01
2.780852077174001402e-01
0.000000000000000000e+00
1.461973275420022089e-01
1.826769278397594454e-01
9.543595774775867069e-01
1.932191261074124033e-01
2.585229426993326252e-01
4.715172782705527865e-01
5.463976321179394580e-01
5.490125602162365670e-01
7.385189576580556414e-01
3.292295196825744119e-01
0.000000000000000000e+00
9.712592854616200477e-02
9.430080705877386116e-02
5.753808613071291767e-01
4.033168067242708377e-01
3.484232791331341728e-02
2.667038944797555655e-01
5.158508002688446670e-01
6.027469257516547829e-01
2.042458556135527126e-01
2.710886740356664437e-01
5.730841232749998015e-01
6.244090395484944711e-01
5.741536474016000202e-01
6.104260125493790046e-01
2.465763227335748542e-01
3.339023546576261881e-01
2.904391328515842363e-01
2.930661776764017512e-01
4.227608819567394427e-01
4.872986007258094387e-01
1.827888878834494635e-01
1.465965940674112122e-01
3.547653444363428332e-01
3.818946091118222141e-01
3.557879377431906742e-01
3.007103852185290527e-01
6.139065477586878872e-02
4.698692376975490692e-01
5.462580713590392545e-01
8.870915593422530332e-01
2.451450595836288104e-01
2.066458105836623815e-01
2.143357315081839409e-01
1.586146862868526020e-01
6.984181796448540869e-01
8.407679918760362359e-01
1.408240117153007620e-01
3.111751170034379177e-01
4.542919972929472805e-01
5.912860787379612404e-01
4.561727876252799074e-01
2.566199841899955425e-01
2.496335633595936077e-01
4.975446815984045923e-01
6.602003659617490250e-01
8.191945684723314081e-01
3.466264191777238546e-01
6.401844721832419260e-01
6.216443223342428548e-02
3.087012155470125752e-01
3.063581087669742242e-01
5.367381077511581555e-01
2.106272481703177490e-01
4.530098854929934249e-01
5.595035171350227765e-01
5.522651184571183425e-01
2.956502507822812431e-01
2.119041863153460215e-01
2.506484410205668811e-01
5.134562361106982387e-01
2.831445956541763231e-01
9.221477269503493002e-01
3.951394720712203545e-01
4.571517722700865205e-01
1.354488020170288576e-01
1.963862586413739342e-01
5.123659844054579970e-01
7.690542142564442685e-01
2.767948081155963691e-01
3.863178752295326479e-01
2.750973215080594891e-01
5.480728947357841330e-01
5.291832004982787163e-01
1.642592253033708927e-01
1.995656000843372135e-01
6.158996049243106174e-01
3.958967788528470200e-01
8.628766947027417533e-01
3.713842107654452551e-01
5.292688926573623220e-01
1.794637229540674006e-01
2.274587055167701100e-01
1.486617927313720333e-01
5.712041709628807862e-01
4.205387291388411053e-01
3.807999419677168262e-01
5.706894361986223352e-01
4.827492598629630205e-01
3.262643390386015807e-01
2.705478654624174362e-01
3.242186684581164213e-01
3.974014208891334388e-01
6.504240848049787083e-01
1.000000000000000000e+00
4.366618387984866900e-01
5.240183730634839776e-01
1.662682096632586703e-01
3.033511720212142548e-01
1.693171867031006417e-01
7.647169461861067496e-01
2.633328715915174145e-01
3.248900164637004151e-01
5.362098457095885173e-01
5.620523734115943082e-01
3.114802834296165890e-01
1.942709313370195590e-01
2.811610655473077980e-01
5.937819921738530793e-01
3.598957972068934641e-01
5.672608586492594585e-01
5.259663096845319519e-01
3.780212106707331876e-01
1.586169920590538018e-01
3.284833431232344059e-01
2.342361404993651974e-01
9.111700151643923329e-01
3.984287111224515954e-01
2.996967267198412666e-01
1.823935646246129250e-01
3.098817919384293518e-01
1.310849697139603864e-01
4.977130943233459837e-01
3.227142787588768158e-01
3.519911288302378094e-01
5.372843215197935507e-01
8.663582883390319456e-01
1.647980369180266635e-01
4.567075269124585279e-01
3.693295896997144667e-01
2.120876065120557985e-01
8.261825752188256544e-01
9.433346918854400576e-01
5.971568339963182481e-01
7.040838839133930493e-01
7.913302093357321709e-01
1.143504268540565805e-01
6.341075079552956906e-01
2.310017001013043303e-01
8.504107220060526384e-02
2.513498946141427548e-01
1.429768780569106168e-01
7.875429631694914612e-01
4.579547625906195407e-02
4.185025436072079552e-01
7.881112442571146237e-02
2.774125839682653819e-02
3.485269594219010392e-01
2.780852077174001402e-01
0.000000000000000000e+00
1.461973275420022367e-01
1.826769278397593899e-01
9.543595774775864848e-01
1.932191261074123478e-01
2.585229426993326252e-01
4.715172782705527865e-01
5.463976321179394580e-01
5.490125602162364560e-01
7.385189576580557524e-01
3.292295196825744119e-01
0.000000000000000000e+00
9.712592854616201865e-02
9.430080705877386116e-02
5.753808613071291767e-01
4.033168067242708377e-01
3.484232791331341728e-02
2.667038944797555100e-01
5.158508002688446670e-01
6.027469257516547829e-01
2.042458556135527126e-01
2.710886740356664437e-01
5.730841232749999126e-01
6.244090395484944711e-01
5.741536474015999092e-01
6.104260125493790046e-01
2.465763227335748542e-01
3.339023546576261881e-01
2.904391328515841808e-01
2.930661776764017512e-01
4.227608819567394427e-01
4.872986007258094387e-01
1.827888878834494357e-01
1.465965940674112122e-01
3.547653444363428332e-01
3.818946091118222141e-01
3.557879377431906742e-01
3.007103852185291082e-01
6.139065477586878178e-02
