3.950591141984209909e-01
4.944853971621180344e-01
6.502279954200541612e-01
4.260970784014434520e-01
4.870750750742137702e-01
2.051610156560050302e-01
3.070335855664392821e-01
5.561629398068876906e-01
6.863119572980964644e-01
3.934196138642653273e-01
3.859466509559346670e-01
6.444222666355140516e-01
4.659719209264943651e-01
3.553157522871616125e-01
5.124432388530801852e-01
3.468083774976293276e-01
3.948077403757071502e-01
2.099747901876543033e-01
5.176184391080123071e-01
2.352497551920137986e-01
2.409625243187812071e-01
9.627013383163382509e-02
8.612888057621620463e-02
2.875196606390249543e-01
1.582342023297991229e-01
6.539973330192611067e-02
1.407979764295143876e-01
3.193684867501301872e-01
6.257236048237144743e-01
2.660599206860030930e-01
1.894335535642896196e-01
3.633439781589852813e-01
5.690155151870478489e-01
2.673609605608065487e-01
4.032937494651732679e-01
3.476681954667372731e-01
3.538808193794832913e-01
7.899182003284589693e-02
7.289445790813878223e-02
5.044376022143063354e-01
3.802527059532629372e-01
1.233602257524347989e-01
1.521100180457833906e-01
2.836708962493145192e-01
6.351093999437531501e-01
1.828434327813495408e-01
2.142942873599101294e-01
4.070967012989953338e-01
5.922636567535776164e-01
6.112261849280645754e-01
6.252406624351199982e-01
4.692808496389875295e-01
4.210040667517409574e-01
2.949109115551952764e-01
1.944434612410042285e-01
3.677274549819427585e-01
3.386221282599561344e-01
3.095325170868533649e-01
3.248790743607585241e-01
3.649996085635903165e-01
4.266008696464939076e-01
4.090595428918004650e-01
3.676199754146129428e-01
2.271197009130305755e-01
3.578299748997933460e-01
4.416723307111290464e-01
7.243363573638326169e-01
3.941359103169512212e-01
4.536266307821736898e-01
2.897265475278968383e-01
3.244224659690769230e-01
6.266224816466972047e-01
7.429833862250623255e-01
4.811817234720679459e-01
3.398789397796037615e-01
4.676916150602273281e-01
3.202248723856642720e-01
3.431899646027962714e-01
4.356963973234356802e-01
2.389768129140492359e-01
3.549871253789844139e-01
2.563800610086917064e-01
1.102280585823790515e-01
1.195230291314201831e-01
1.664171887617576506e-01
7.470595891525633192e-02
6.682638503688778098e-01
4.371324510309206324e-01
4.764520010336139588e-01
2.146912085256731939e-01
3.020838609081238912e-01
9.585544271884657852e-02
3.024666466781040230e-01
6.230782120443271177e-01
4.971241671870260115e-01
4.117486884009931569e-01
7.057327141074245525e-01
2.873889042892253665e-01
3.814504778296242682e-01
5.460584395076899522e-01
5.252033288192194949e-01
4.530703455489018538e-01
5.703170467508524855e-01
5.345219897972073309e-01
2.965668845919213759e-01
1.755302039552211757e-01
1.678499764156320129e-01
5.290644900310423893e-01
5.474016519518025703e-01
1.858315078790110930e-01
2.430102305160304343e-01
3.641763021370361675e-01
6.918089346327023215e-01
4.128637156033153621e-01
3.093689713802156294e-01
3.740229391840376172e-01
3.950591141984209909e-01
4.944853971621180344e-01
6.502279954200541612e-01
4.260970784014434520e-01
4.870750750742137702e-01
2.051610156560050302e-01
3.070335855664392821e-01
5.561629398068876906e-01
6.863119572980964644e-01
3.934196138642653273e-01
3.859466509559346670e-01
6.444222666355140516e-01
4.659719209264943651e-01
3.553157522871616125e-01
5.124432388530801852e-01
3.468083774976293276e-01
3.948077403757071502e-01
2.099747901876543033e-01
5.176184391080123071e-01
2.352497551920137986e-01
2.409625243187812071e-01
9.627013383163382509e-02
8.612888057621620463e-02
2.875196606390249543e-01
1.582342023297991229e-01
6.539973330192611067e-02
1.407979764295143876e-01
3.193684867501301872e-01
6.257236048237144743e-01
2.660599206860030930e-01
1.894335535642896196e-01
3.633439781589852813e-01
5.690155151870478489e-01
2.673609605608065487e-01
4.032937494651732679e-01
3.476681954667372731e-01
3.538808193794832913e-01
7.899182003284589693e-02
7.289445790813878223e-02
5.044376022143063354e-01
3.802527059532629372e-01
1.233602257524347989e-01
1.521100180457833906e-01
2.836708962493145192e-01
6.351093999437531501e-01
1.828434327813495408e-01
2.142942873599101294e-01
4.070967012989953338e-01
5.922636567535776164e-01
6.112261849280645754e-01
6.252406624351199982e-01
4.692808496389875295e-01
4.210040667517409574e-01
2.949109115551952764e-01
1.944434612410042285e-01
3.677274549819427585e-01
3.386221282599561344e-01
3.095325170868533649e-01
3.248790743607585241e-01
3.649996085635903165e-01
4.266008696464939076e-01
4.090595428918004650e-01
3.676199754146129428e-01
2.271197009130305755e-01
5.251899490583898933e-01
4.530703455489018538e-01
5.703170467508524855e-01
5.345219897972073309e-01
2.965668845919213759e-01
1.755302039552211757e-01
1.678499764156320129e-01
5.290628378392907560e-01
5.473881479306732523e-01
1.858315078790110930e-01
2.430102305160304343e-01
3.641763021370361675e-01
6.918089346327023215e-01
4.128637156033153621e-01
3.093689713802156294e-01
3.740229391840376172e-01
5.790208274197092830e-01
3.849080193294343588e-01
7.044309392097016786e-01
5.116999126172381285e-01
3.942169107113479565e-01
1.285677277550355546e-01
2.485066332147729262e-01
3.504181901614581984e-01
7.189631373721460106e-01
1.623518892722397855e-01
2.492155190698463474e-01
3.811300198263765093e-01
5.327749038894071809e-01
3.949078287057696812e-01
2.933560605801830423e-01
4.170704114413154029e-01
5.636420557678972765e-01
3.837058397155257983e-01
5.858104932121501740e-01
5.175646988253388425e-01
4.325686739022231997e-01
1.206343633160572998e-01
1.806543694089617902e-01
4.653847939101374287e-01
6.405871818499875303e-01
1.892616607987985256e-01
2.817677239393070465e-01
2.730654646991297896e-01
6.286357776734693426e-01
4.234837618588501718e-01
2.822794463297485512e-01
3.530276525273720045e-01
5.934868731277953557e-01
4.214219669462965223e-01
5.844634796192320625e-01
5.717968651575252581e-01
3.695451331950794782e-01
1.730014912307415165e-01
1.912203539143570441e-01
2.538721042343604628e-01
7.814046023219519688e-01
2.728324224937588860e-01
2.433908254976322461e-01
3.463292196063272321e-01
5.767415575257371918e-01
3.784393097458494393e-01
3.306862061551341658e-01
4.319781762597655894e-01
5.942727013294806238e-01
4.531245218805757813e-01
6.107665245790419029e-01
5.500065275598512438e-01
3.744835012339857161e-01
1.731018871454115260e-01
2.459392302075613657e-01
2.454486669333319493e-01
6.263512607277563760e-01
2.090899778429558264e-01
2.332448664167819374e-01
4.474911402381060999e-01
5.564929649327126082e-01
4.480708847021071528e-01
3.233201725283963990e-01
4.178788013291310222e-01
5.685690380689080170e-01
3.645541312614989371e-01
5.889853028754185038e-01
5.929209019556229698e-01
3.856638566507793464e-01
1.336272137261773907e-01
2.091207665209132704e-01
3.559079760202808473e-01
6.072707091044210470e-01
2.131354829092878544e-01
2.659323049773871239e-01
3.034593528773293358e-01
5.532088876916895215e-01
3.715764947891255221e-01
2.796151815664499329e-01
3.833358131840956529e-01
3.950591141984209353e-01
4.944853971621179789e-01
6.502279954200542722e-01
4.260970784014435075e-01
4.870750750742138813e-01
2.051610156560050302e-01
3.070335855664393376e-01
5.561629398068878016e-01
6.863119572980964644e-01
3.934196138642653828e-01
3.859466509559346115e-01
6.444222666355139406e-01
4.659719209264944206e-01
3.553157522871616125e-01
5.124432388530801852e-01
3.468083774976293276e-01
3.948077403757071502e-01
2.099747901876542755e-01
5.176184391080123071e-01
2.352497551920137986e-01
2.409625243187812071e-01
9.627013383163382509e-02
8.612888057621620463e-02
2.875196606390248988e-01
1.582342023297991229e-01
6.539973330192609680e-02
1.407979764295143876e-01
3.193684867501300761e-01
6.257236048237142523e-01
2.660599206860030375e-01
1.894335535642896751e-01
3.633439781589852813e-01
5.690155151870477379e-01
2.673609605608065487e-01
4.032937494651732679e-01
3.476681954667373287e-01
3.538808193794833468e-01
7.899182003284589693e-02
7.289445790813878223e-02
5.044376022143062244e-01
3.802527059532629372e-01
1.233602257524347989e-01
1.521100180457833628e-01
2.836708962493145747e-01
6.351093999437530391e-01
1.828434327813495408e-01
2.142942873599101572e-01
4.070967012989954448e-01
5.922636567535776164e-01
6.112261849280645754e-01
6.252406624351201092e-01
4.692808496389875295e-01
4.210040667517409574e-01
2.949109115551952209e-01
1.944434612410042285e-01
3.677274549819427030e-01
3.386221282599561344e-01
3.095325170868533649e-01
3.248790743607585241e-01
3.649996085635903165e-01
4.266008696464939631e-01
4.090595428918004650e-01
3.676199754146129428e-01
2.271197009130305478e-01
