7.421854061227202148e-01
3.926919320771087296e-01
6.702278580140538233e-01
7.527501617000931233e-01
1.802300382411393120e-01
4.853105527384427020e-02
5.143599836677992254e-02
5.407881638829403759e-01
5.406824777218759426e-01
2.235971996475703549e-01
1.652533593523219935e-01
6.026396874852041341e-01
6.352539925181093228e-01
3.521361489683644264e-01
3.663945872200561338e-01
6.998977017848179161e-01
4.245302953522532841e-01
7.564602709341436415e-02
8.547122912105120651e-02
3.243537465150159727e-01
1.983561335307623685e-01
6.080854899719288775e-02
7.338655077698839034e-03
2.637918780481827152e-01
3.678224312062369772e-02
2.385385754227619184e-02
1.933747461569458245e-02
4.516809204588399101e-02
5.192195236663318392e-01
2.282886731782281242e-01
3.702694388901319605e-02
5.785149668245399557e-01
4.779902277658858445e-01
1.069791685535362580e-01
2.678292161981103980e-01
3.081443230320300430e-01
1.674672140012158361e-01
6.280665637330588857e-02
2.217446781184182966e-02
3.526218992704507893e-01
1.309165454736887502e-01
9.063548089716441658e-02
4.780705599697706448e-02
7.365977004830107089e-02
3.033851153396819322e-01
1.304484599823612645e-01
1.374511195938260544e-01
3.950320263802535314e-01
9.664336455912984070e-01
2.121257855309553464e-01
5.946528406795672517e-01
6.041461341725775647e-01
5.970197924187072847e-01
2.458642746856848915e-01
5.353092229057231088e-02
5.063425057847701360e-01
4.344941184208914176e-01
1.773011446376776823e-01
2.283744733564599949e-01
3.664595676127485047e-01
7.105969969559560173e-01
5.355871504546234618e-01
6.435241146639104626e-01
7.064506691372363090e-01
8.343474539479742713e-01
3.703951392929611397e-01
9.250292060594553778e-01
7.446290234351092829e-01
2.473197494170695510e-01
5.562578106801066569e-02
5.039818168074608473e-02
5.924695039193381696e-01
7.348897724514902308e-01
2.844400455750917822e-01
2.060022225977748977e-01
6.190868259944457552e-01
2.948282808338232308e-01
3.308427437828940221e-01
5.962718511887810102e-01
3.746934121178224775e-02
0.000000000000000000e+00
1.435107131503382261e-01
3.986638013258737845e-02
1.062798944916215627e-02
3.371878632677861864e-02
2.497595580180392641e-02
5.895190426845670073e-01
3.216502663681435892e-01
5.029590691274467007e-01
9.604915542851430454e-02
1.008020959328081723e-01
6.852903964220941058e-02
1.253718847718486296e-01
2.587506156865007068e-01
8.201519541120508849e-01
6.124008294619931458e-01
8.110707340987379776e-01
1.422842882337750914e-01
1.209692620507037963e-01
8.572104534647151386e-01
7.979054529664116879e-01
1.147569636764232404e-01
3.672397892701014799e-01
7.646535404740804065e-01
1.312296073509675587e-01
1.080951353082956062e-01
2.971948190136660187e-02
5.136212289447398271e-01
3.360031594690226497e-01
7.661433648981699762e-02
7.570996312395851524e-02
1.624976930924899032e-01
7.971324362923641882e-01
4.297744901940236950e-01
2.702739956316512759e-01
7.970281789139076478e-01
7.421854061227202148e-01
3.926919320771087296e-01
6.702278580140538233e-01
7.527501617000931233e-01
1.802300382411393120e-01
4.853105527384427020e-02
5.143599836677992254e-02
5.407881638829403759e-01
5.406824777218759426e-01
2.235971996475703549e-01
1.652533593523219935e-01
6.026396874852041341e-01
6.352539925181093228e-01
3.521361489683644264e-01
3.663945872200561338e-01
6.998977017848179161e-01
4.245302953522532841e-01
7.564602709341436415e-02
8.547122912105120651e-02
3.243537465150159727e-01
1.983561335307623685e-01
6.080854899719288775e-02
7.338655077698839034e-03
2.637918780481827152e-01
3.678224312062369772e-02
2.385385754227619184e-02
1.933747461569458245e-02
4.516809204588399101e-02
5.192195236663318392e-01
2.282886731782281242e-01
3.702694388901319605e-02
5.785149668245399557e-01
4.779902277658858445e-01
1.069791685535362580e-01
2.678292161981103980e-01
3.081443230320300430e-01
1.674672140012158361e-01
6.280665637330588857e-02
2.217446781184182966e-02
3.526218992704507893e-01
1.309165454736887502e-01
9.063548089716441658e-02
4.780705599697706448e-02
7.365977004830107089e-02
3.033851153396819322e-01
1.304484599823612645e-01
1.374511195938260544e-01
3.950320263802535314e-01
9.664336455912984070e-01
2.121257855309553464e-01
5.946528406795672517e-01
6.041461341725775647e-01
5.970197924187072847e-01
2.458642746856848915e-01
5.353092229057231088e-02
5.063425057847701360e-01
4.344941184208914176e-01
1.773011446376776823e-01
2.283744733564599949e-01
3.664595676127485047e-01
7.105969969559560173e-01
5.355871504546234618e-01
6.435241146639104626e-01
7.064506691372363090e-01
7.978851260119932398e-01
1.147569636764232404e-01
3.672397892701014799e-01
7.646535404740804065e-01
1.312296073509675587e-01
1.080951353082956062e-01
2.971948190136660187e-02
5.136195225731100544e-01
3.359833480238349490e-01
7.661433648981699762e-02
7.570996312395851524e-02
1.624976930924899032e-01
7.971324362923641882e-01
4.297744901940236950e-01
2.702739956316512759e-01
7.970281789139076478e-01
7.212306717979527493e-01
2.025174831820975574e-01
3.922352284053251537e-01
8.144251360613877777e-01
2.428176310067661769e-01
5.846152224047353185e-02
0.000000000000000000e+00
3.951246679656105765e-01
2.818913979571203710e-01
8.955456807890010973e-02
1.021972511564303993e-01
2.112727551583877261e-01
8.718072388808549844e-01
2.181017411064254397e-01
2.788881076054426922e-01
7.818233402475290861e-01
7.434100564182880566e-01
2.096409536213930669e-01
3.566498501952720113e-01
7.703871695577814149e-01
1.693097189039911576e-01
5.025529722106979180e-02
3.560585317137943129e-02
4.719776743587543733e-01
3.192184916941104289e-01
6.796589520293565279e-02
6.327951754238345106e-02
2.274968325286548798e-01
9.770838270931270220e-01
3.000393535256399291e-01
2.141805796129170325e-01
7.206090466065627753e-01
7.379821185853701060e-01
3.242462399066047274e-01
2.284002604796411262e-01
8.470780277154399407e-01
2.224244284970965935e-01
5.519513893777220487e-02
7.142480026130695880e-02
2.108737019083603004e-01
4.247845219908092940e-01
7.410850714959343888e-02
4.272776374793312015e-02
3.340392996463965591e-01
8.924581190330185265e-01
3.309296582137817855e-01
2.450391877523689366e-01
8.066113583094751682e-01
7.049655729112985769e-01
3.415493252426148874e-01
2.815848748942473834e-01
8.628130992359887008e-01
2.164976285201327122e-01
5.799073228593468188e-02
8.044092540656609669e-02
2.249046192442032965e-01
3.537280074330698687e-01
2.598290135504174869e-02
4.955761307147013572e-02
3.974563200159610954e-01
8.796169688658228569e-01
4.619336722529371886e-01
2.438913427145891211e-01
7.467041049188175572e-01
7.058353581836409596e-01
1.882107566439352730e-01
3.374110865291096717e-01
8.856998909789681740e-01
2.130555671069160328e-01
5.100768378745847154e-02
5.237336952854856897e-02
3.399104213667229479e-01
3.211925550883775182e-01
5.362848123769216324e-02
5.143026748693231565e-02
2.335467998898460018e-01
8.533427349293422060e-01
3.521364234359788958e-01
1.899710473867064486e-01
7.704702144426800459e-01
7.421854061227202148e-01
3.926919320771087296e-01
6.702278580140540454e-01
7.527501617000931233e-01
1.802300382411392843e-01
4.853105527384427020e-02
5.143599836677992254e-02
5.407881638829403759e-01
5.406824777218759426e-01
2.235971996475703827e-01
1.652533593523219657e-01
6.026396874852041341e-01
6.352539925181094338e-01
3.521361489683644264e-01
3.663945872200561893e-01
6.998977017848179161e-01
4.245302953522533396e-01
7.564602709341436415e-02
8.547122912105120651e-02
3.243537465150159727e-01
1.983561335307623685e-01
6.080854899719288081e-02
7.338655077698838167e-03
2.637918780481827152e-01
3.678224312062369772e-02
2.385385754227619184e-02
1.933747461569458245e-02
4.516809204588398408e-02
5.192195236663318392e-01
2.282886731782280409e-01
3.702694388901320993e-02
5.785149668245399557e-01
4.779902277658859555e-01
1.069791685535362302e-01
2.678292161981103980e-01
3.081443230320299875e-01
1.674672140012158084e-01
6.280665637330588857e-02
2.217446781184182966e-02
3.526218992704507338e-01
1.309165454736887779e-01
9.063548089716441658e-02
4.780705599697705754e-02
7.365977004830108477e-02
3.033851153396818212e-01
1.304484599823612923e-01
1.374511195938260544e-01
3.950320263802536425e-01
9.664336455912984070e-01
2.121257855309552909e-01
5.946528406795672517e-01
6.041461341725775647e-01
5.970197924187073957e-01
2.458642746856848638e-01
5.353092229057231088e-02
5.063425057847701360e-01
4.344941184208914176e-01
1.773011446376777100e-01
2.283744733564599672e-01
3.664595676127485047e-01
7.105969969559562394e-01
5.355871504546234618e-01
6.435241146639104626e-01
7.064506691372363090e-01
