6.258724561227135830e-01
5.688084202409133816e-01
5.308783338055772516e-01
5.141853951140173962e-01
4.032974222193014824e-01
2.670072713546053356e-01
4.878558614850529995e-01
8.139478859003315692e-02
2.749312582528150584e-01
3.688605186316218365e-01
3.785747665086813263e-01
3.226803039091912240e-01
3.825551839533013476e-01
1.300048132756823349e-01
6.153306677829455396e-01
4.910732362006801077e-01
6.080361772015815403e-01
1.560978496177684582e-01
1.888566436360329392e-01
3.190935271157319120e-01
3.151567483738740849e-01
1.591288490650069054e-01
2.707591119216112285e-01
1.352419460977143661e-01
3.228089892687359685e-01
1.981411331757489402e-01
3.908616006494201600e-01
2.910647218593648278e-01
2.211844194175000278e-01
7.873714010776686201e-02
0.000000000000000000e+00
1.489908192629014749e-01
5.888784944550433664e-01
3.142831167415756632e-01
3.871915842595815560e-01
2.862442017942795069e-01
5.590850609423700934e-01
2.866038442568793476e-01
2.989409912375512457e-01
2.694377406219258253e-01
4.813835855000716535e-01
3.895642610637381487e-01
3.695900402328859413e-01
2.466247960032404984e-01
2.954446475269524863e-01
1.080793887520276053e-01
1.200506485130479611e-01
4.611999977908605719e-01
4.481995374207612404e-01
3.407166726493488507e-01
2.973335604046280500e-01
3.966250266206849395e-01
2.063136730483255132e-01
1.765022008393899167e-01
1.376767757754764343e-01
0.000000000000000000e+00
3.745651602814192294e-01
3.662669685232752270e-01
4.261565540611502723e-01
2.273267514613849516e-01
4.144459444877014453e-01
1.765022008393899167e-01
6.742378379039523084e-01
3.555796076780824433e-01
5.644384507530618711e-01
5.208187268265289660e-01
4.537363061079170978e-01
5.157667787922448621e-01
3.053368664871660698e-01
3.047847265805984085e-01
4.129053032823770120e-01
1.681674814763213788e-01
1.626791694296895185e-01
3.267489185756022874e-01
2.528386432667193984e-01
3.898674677768519947e-01
1.837785445514726335e-01
4.368575213101963950e-01
7.266382532144821660e-01
9.556537689109104172e-02
2.944471299909219575e-02
3.976351078015735174e-01
2.512158037713778103e-01
3.579935681382553359e-01
2.317753504207307191e-01
2.665461118313488531e-01
2.531170124863779680e-01
3.123112406992719636e-01
3.332821999952436665e-01
2.022549138730109775e-01
4.664610338009770318e-01
3.626910125249037664e-01
2.945715872864825280e-01
3.155737957681310490e-01
4.283083694366475180e-01
3.156064825943801222e-01
6.910230548072855417e-01
3.074510728423853756e-01
5.111161265348652671e-01
4.149497818083511258e-01
6.636019196228897243e-01
3.749557819968127315e-01
3.173320193772017905e-01
5.499011206905983773e-01
2.977352519944560516e-01
2.711604679606829937e-01
3.424587238558508551e-01
9.594829558540435288e-02
5.361863308307666109e-01
3.667584971605121757e-01
4.452101482808438204e-01
1.679533395387751149e-01
4.610869530716180109e-01
1.350595492593460178e-01
3.300842045522082713e-01
4.484248442204597507e-01
6.258724561227135830e-01
5.688084202409133816e-01
5.308783338055772516e-01
5.141853951140173962e-01
4.032974222193014824e-01
2.670072713546053356e-01
4.878558614850529995e-01
8.139478859003315692e-02
2.749312582528150584e-01
3.688605186316218365e-01
3.785747665086813263e-01
3.226803039091912240e-01
3.825551839533013476e-01
1.300048132756823349e-01
6.153306677829455396e-01
4.910732362006801077e-01
6.080361772015815403e-01
1.560978496177684582e-01
1.888566436360329392e-01
3.190935271157319120e-01
3.151567483738740849e-01
1.591288490650069054e-01
2.707591119216112285e-01
1.352419460977143661e-01
3.228089892687359685e-01
1.981411331757489402e-01
3.908616006494201600e-01
2.910647218593648278e-01
2.211844194175000278e-01
7.873714010776686201e-02
0.000000000000000000e+00
1.489908192629014749e-01
5.888784944550433664e-01
3.142831167415756632e-01
3.871915842595815560e-01
2.862442017942795069e-01
5.590850609423700934e-01
2.866038442568793476e-01
2.989409912375512457e-01
2.694377406219258253e-01
4.813835855000716535e-01
3.895642610637381487e-01
3.695900402328859413e-01
2.466247960032404984e-01
2.954446475269524863e-01
1.080793887520276053e-01
1.200506485130479611e-01
4.611999977908605719e-01
4.481995374207612404e-01
3.407166726493488507e-01
2.973335604046280500e-01
3.966250266206849395e-01
2.063136730483255132e-01
1.765022008393899167e-01
1.376767757754764343e-01
0.000000000000000000e+00
3.745651602814192294e-01
3.662669685232752270e-01
4.261565540611502723e-01
2.273267514613849516e-01
4.144459444877014453e-01
1.765022008393899167e-01
6.742378379039523084e-01
3.555796076780824433e-01
6.635850141036681027e-01
3.749557819968127315e-01
3.173320193772017905e-01
5.499011206905983773e-01
2.977352519944560516e-01
2.711604679606829937e-01
3.424587238558508551e-01
9.594512388410450510e-02
5.361724921819610579e-01
3.667584971605121757e-01
4.452101482808438204e-01
1.679533395387751149e-01
4.610869530716180109e-01
1.350595492593460178e-01
3.300842045522082713e-01
4.484248442204597507e-01
5.733244754169233293e-01
3.492121891786318932e-01
7.769033352795733371e-01
4.753822442289055705e-01
5.372139884267852494e-01
1.438042799120489990e-01
3.052631110363811517e-01
2.215465604286835366e-01
7.059397046014536103e-01
3.537850493565171117e-01
4.139027853698463155e-01
2.637312708724389720e-01
4.433211840033154938e-01
1.352794759272475944e-01
3.485554321222320562e-01
3.526820569260025184e-01
5.616797844565514231e-01
4.012535956930428083e-01
7.506757309104115095e-01
3.864794440780805473e-01
4.475280030644266382e-01
1.300763972475780794e-01
2.550893283874296480e-01
3.855606206014074999e-01
7.946120399700855597e-01
2.628171339935253537e-01
3.768825363216532498e-01
3.059859102627986993e-01
5.069853512621850244e-01
3.198029157242839871e-01
2.856919657994611006e-01
2.403523253498719425e-01
5.804396630669373947e-01
5.001433292085865068e-01
7.375603502202070505e-01
4.423721847357473536e-01
3.580440490125246789e-01
1.818618070793791008e-01
2.763983924115313018e-01
1.982365576714862909e-01
9.095064869755137282e-01
3.156829206154097012e-01
3.541697229228897292e-01
4.727947922821356119e-01
5.062783556532891582e-01
3.102958768618052088e-01
3.328679581021856682e-01
2.754713540831340568e-01
5.474508818839755042e-01
5.106616756901205534e-01
8.077606464568942712e-01
4.467713483524297646e-01
4.196471600092970822e-01
1.763272374192517977e-01
2.933344380084727532e-01
2.200179801626742093e-01
7.884531801461451828e-01
2.554869405287499839e-01
3.490796592515582053e-01
4.836709937310783580e-01
4.744338651270640916e-01
3.841897945800249459e-01
3.370305060968952215e-01
2.653973047919718220e-01
5.456619368144359772e-01
4.185964905202675945e-01
7.896133043321093004e-01
4.603144414611491930e-01
4.455746924388517827e-01
1.319813126536720505e-01
2.566753211126909240e-01
3.206410873165401187e-01
8.054741987209409482e-01
2.566481956209677451e-01
3.667686204106217485e-01
3.664901017089052249e-01
4.234452917479679668e-01
3.398702685084732944e-01
3.225748632973898244e-01
2.356554732035524569e-01
6.258724561227134719e-01
5.688084202409133816e-01
5.308783338055773626e-01
5.141853951140173962e-01
4.032974222193015379e-01
2.670072713546053356e-01
4.878558614850531105e-01
8.139478859003315692e-02
2.749312582528150584e-01
3.688605186316219475e-01
3.785747665086812708e-01
3.226803039091912240e-01
3.825551839533013476e-01
1.300048132756823904e-01
6.153306677829455396e-01
4.910732362006801077e-01
6.080361772015816513e-01
1.560978496177684582e-01
1.888566436360329392e-01
3.190935271157319675e-01
3.151567483738740849e-01
1.591288490650069054e-01
2.707591119216112285e-01
1.352419460977143661e-01
3.228089892687360241e-01
1.981411331757489125e-01
3.908616006494202155e-01
2.910647218593648278e-01
2.211844194174999723e-01
7.873714010776683425e-02
0.000000000000000000e+00
1.489908192629014749e-01
5.888784944550433664e-01
3.142831167415756077e-01
3.871915842595815560e-01
2.862442017942794514e-01
5.590850609423700934e-01
2.866038442568794031e-01
2.989409912375511902e-01
2.694377406219258253e-01
4.813835855000715425e-01
3.895642610637381487e-01
3.695900402328858303e-01
2.466247960032404984e-01
2.954446475269524308e-01
1.080793887520276331e-01
1.200506485130479611e-01
4.611999977908606829e-01
4.481995374207612959e-01
3.407166726493488507e-01
2.973335604046281055e-01
3.966250266206849950e-01
2.063136730483255132e-01
1.765022008393898889e-01
1.376767757754764621e-01
0.000000000000000000e+00
3.745651602814192294e-01
3.662669685232752270e-01
4.261565540611502723e-01
2.273267514613849793e-01
4.144459444877015009e-01
1.765022008393898889e-01
6.742378379039524194e-01
3.555796076780824433e-01
