3.038860020005334714e-02
2.553851902108182914e-01
3.239570227110024625e-01
9.191016153153586110e-02
1.936244817580780042e-01
3.903731309543895800e-01
5.707176372163207390e-01
3.513553180886934135e-01
2.591245330496524391e-01
4.236660328424808886e-01
4.248768692367423383e-01
4.426353643336741195e-01
8.864786942112491686e-02
3.870546196760333846e-01
3.280631507284701431e-01
7.488724887248872364e-02
2.411275001994174216e-01
4.229135963400114107e-01
5.697186688100235319e-01
2.189098408023946729e-01
3.809363146912275178e-01
2.869470664300663443e-01
3.272856730514724921e-01
4.518443908928885255e-01
5.023222518599320674e-01
3.815937190155564984e-01
5.190923517208593241e-01
6.460725909508737708e-01
1.468500621907589399e-01
5.776024355496771623e-01
3.616135339496382439e-01
2.716249712756698131e-01
3.861248148156940507e-01
5.381417643452897082e-01
5.182579768050660229e-01
3.115408098507534418e-01
4.879925626024478880e-01
3.307859499049535801e-01
4.411129724672343544e-01
6.320519836554296944e-01
4.760378836225063193e-01
4.264037273200736999e-01
3.955783250870167356e-01
5.156385216844815433e-01
2.854432086291854298e-01
6.607164402746396048e-01
4.784620621381857064e-01
2.513392832388599007e-01
5.024035203595388077e-02
2.617191362394858389e-01
1.527111241079166237e-01
9.822789360898534494e-02
6.033072671423389544e-01
4.813552727364008299e-01
6.612564495337657222e-01
2.728960686169032979e-01
3.287347139381331385e-01
5.214135197830382928e-01
4.965119224476103876e-01
2.998188832276113547e-01
3.390727168168171379e-02
4.263502679669653461e-01
2.904209119278933215e-01
2.541313492815865105e-02
3.212704474062556131e-02
1.980030003258878568e-01
4.129410590094492739e-01
8.493096683548870263e-02
2.119821664842612974e-01
5.559903374076677895e-01
6.278932696272349068e-01
3.900755922134073184e-01
3.511037073624510008e-01
5.756961305710330823e-01
4.507800763509885456e-01
9.362673503847172840e-02
3.122569879566640672e-01
2.529401777216244707e-01
3.000209929015886789e-01
6.988937678029680800e-01
5.139030995114406419e-01
5.067755418851479510e-01
3.301842808327387635e-01
4.559819032441809750e-01
5.735983642500349644e-01
4.440233660616733080e-01
1.305902921148301143e-01
7.049623256839890884e-01
3.708841610301669700e-01
6.187850268623940053e-01
5.220659003706966672e-01
4.086798354496407049e-01
4.671147023044256441e-01
2.728171920155856300e-01
3.987724804595058764e-02
5.134427623068067437e-01
2.395718558016506905e-01
6.137828359358707964e-01
7.580402778880206416e-01
2.755649466413241933e-01
1.104684068394567176e-01
4.441455327811038578e-01
3.801252881837192676e-01
1.929106433830443112e-01
3.281917964821401412e-01
4.340835249016392061e-01
5.699123397627152698e-01
5.461930590673538255e-01
6.293241011985031275e-01
5.233732549081264729e-01
5.366942027916704605e-01
4.842441422300158282e-01
1.160653197513599605e-01
7.332990122826238411e-01
4.153898573459463006e-01
1.222995734882550700e-01
3.038860020005334714e-02
2.553851902108182914e-01
3.239570227110024625e-01
9.191016153153586110e-02
1.936244817580780042e-01
3.903731309543895800e-01
5.707176372163207390e-01
3.513553180886934135e-01
2.591245330496524391e-01
4.236660328424808886e-01
4.248768692367423383e-01
4.426353643336741195e-01
8.864786942112491686e-02
3.870546196760333846e-01
3.280631507284701431e-01
7.488724887248872364e-02
2.411275001994174216e-01
4.229135963400114107e-01
5.697186688100235319e-01
2.189098408023946729e-01
3.809363146912275178e-01
2.869470664300663443e-01
3.272856730514724921e-01
4.518443908928885255e-01
5.023222518599320674e-01
3.815937190155564984e-01
5.190923517208593241e-01
6.460725909508737708e-01
1.468500621907589399e-01
5.776024355496771623e-01
3.616135339496382439e-01
2.716249712756698131e-01
3.861248148156940507e-01
5.381417643452897082e-01
5.182579768050660229e-01
3.115408098507534418e-01
4.879925626024478880e-01
3.307859499049535801e-01
4.411129724672343544e-01
6.320519836554296944e-01
4.760378836225063193e-01
4.264037273200736999e-01
3.955783250870167356e-01
5.156385216844815433e-01
2.854432086291854298e-01
6.607164402746396048e-01
4.784620621381857064e-01
2.513392832388599007e-01
5.024035203595388077e-02
2.617191362394858389e-01
1.527111241079166237e-01
9.822789360898534494e-02
6.033072671423389544e-01
4.813552727364008299e-01
6.612564495337657222e-01
2.728960686169032979e-01
3.287347139381331385e-01
5.214135197830382928e-01
4.965119224476103876e-01
2.998188832276113547e-01
3.390727168168171379e-02
4.263502679669653461e-01
2.904209119278933215e-01
2.541313492815865105e-02
1.104655926134576749e-01
4.441455327811038578e-01
3.801252881837192676e-01
1.929106433830443112e-01
3.281917964821401412e-01
4.340835249016392061e-01
5.699123397627152698e-01
5.461914669680775214e-01
6.293130414692948982e-01
5.233732549081264729e-01
5.366942027916704605e-01
4.842441422300158282e-01
1.160653197513599605e-01
7.332990122826238411e-01
4.153898573459463006e-01
1.222995734882550700e-01
1.001925840194456685e-01
3.849432853923612785e-01
5.943054126229843082e-01
1.602195510597744788e-01
4.438176405740251185e-01
4.441553774008467625e-01
6.018145758282484881e-01
4.564279480059496019e-01
5.526797290666121132e-01
5.724957487907258447e-01
6.773664591179188177e-01
4.484399350847834143e-01
1.773255040145076955e-01
4.365588558298351129e-01
4.807193700863547914e-01
1.306922712026069577e-01
1.469193509272927189e-01
3.240628658962163011e-01
3.700587947326545168e-01
1.293383073208171641e-01
3.320084763176067710e-01
3.902126833507423842e-01
7.107619917274431431e-01
4.989271476266831096e-01
4.990576265367931974e-01
6.638739090459496728e-01
6.034639769082530414e-01
3.125829246812343309e-01
1.525213921251813431e-01
4.928036936635550314e-01
3.819280096400986535e-01
1.545127619782614703e-01
1.456769294312614260e-01
4.831835931251448057e-01
3.632483010507664423e-01
1.645294019567916100e-01
3.458166975621483341e-01
4.913268360385565914e-01
6.561290914313819833e-01
2.882727821051477290e-01
7.141238712591523319e-01
6.858154560116371812e-01
6.415522393444452742e-01
5.116152747949791468e-01
1.452741427967412235e-01
5.789851834343942016e-01
3.777953203100951618e-01
1.873443982032543809e-01
1.224023957505958743e-01
4.763822295987786837e-01
5.366830652190515138e-01
1.506392213165467786e-01
4.191078615600172808e-01
4.745475144045958049e-01
6.970097519254083718e-01
3.935679635218649053e-01
4.982693230481748392e-01
6.321646722376618177e-01
6.095953235944209236e-01
5.094414561738914715e-01
1.514244358784899158e-01
5.583228644570497057e-01
4.378571239468260767e-01
1.671164153225514482e-01
1.388007021427040411e-01
3.313677844716451659e-01
4.252095878090795811e-01
1.553811899183049905e-01
3.196419424391253039e-01
4.024765571508223116e-01
6.612677629644694299e-01
4.466176005564118090e-01
4.116534053355241918e-01
6.785992052837281907e-01
6.492748136824053606e-01
3.530615326183288993e-01
1.510225700186288711e-01
4.386931177749596178e-01
3.254524063295687331e-01
1.585614764331059190e-01
3.038860020005334367e-02
2.553851902108183469e-01
3.239570227110024625e-01
9.191016153153587498e-02
1.936244817580780320e-01
3.903731309543895800e-01
5.707176372163208500e-01
3.513553180886934690e-01
2.591245330496524391e-01
4.236660328424808331e-01
4.248768692367422828e-01
4.426353643336740640e-01
8.864786942112491686e-02
3.870546196760334956e-01
3.280631507284702542e-01
7.488724887248872364e-02
2.411275001994174771e-01
4.229135963400114107e-01
5.697186688100235319e-01
2.189098408023946729e-01
3.809363146912275178e-01
2.869470664300663443e-01
3.272856730514725476e-01
4.518443908928885255e-01
5.023222518599320674e-01
3.815937190155564984e-01
5.190923517208594351e-01
6.460725909508736597e-01
1.468500621907589121e-01
5.776024355496770513e-01
3.616135339496382439e-01
2.716249712756698131e-01
3.861248148156940507e-01
5.381417643452895971e-01
5.182579768050661340e-01
3.115408098507533863e-01
4.879925626024478880e-01
3.307859499049536356e-01
4.411129724672343544e-01
6.320519836554296944e-01
4.760378836225063193e-01
4.264037273200736999e-01
3.955783250870166801e-01
5.156385216844816544e-01
2.854432086291853743e-01
6.607164402746396048e-01
4.784620621381857619e-01
2.513392832388599563e-01
5.024035203595388771e-02
2.617191362394857834e-01
1.527111241079166515e-01
9.822789360898534494e-02
6.033072671423388433e-01
4.813552727364007744e-01
6.612564495337658332e-01
2.728960686169032424e-01
3.287347139381331385e-01
5.214135197830382928e-01
4.965119224476103876e-01
2.998188832276114102e-01
3.390727168168171379e-02
4.263502679669654016e-01
2.904209119278933771e-01
2.541313492815865105e-02
