1.554543467551705582e-01
3.162365547303586100e-01
6.243024616783746650e-01
9.821066586973396795e-02
1.268368894171582051e-01
5.248982272950877270e-01
4.929299505391223080e-01
2.079674377970189281e-01
3.206189442463479033e-01
6.090738064708649535e-01
6.408779444301019312e-01
3.852248374014640708e-01
1.514369652272740951e-01
9.390439180926676843e-02
1.742384316633584229e-01
7.607224349305796718e-02
3.911460885118289710e-01
3.222438253581392242e-01
3.427123333167593766e-01
1.695390743484404550e-01
5.628388806158991509e-01
3.670827448886283539e-01
3.172965737701337607e-01
6.887601398445523104e-01
2.388925393349383142e-01
3.662701334788435736e-01
4.547941145301688248e-01
5.245816624640512460e-01
5.330471344552625279e-01
4.412263942064574285e-01
1.604973715240919363e-01
4.305748757981189279e-01
3.862254547672394622e-01
3.601779318805398700e-01
4.771373313372306302e-01
8.953841244876396821e-02
3.662970319523928264e-01
4.589796691060538669e-01
4.396177003314710729e-01
6.552644453906186772e-01
5.103101218000656303e-01
4.976083441234174232e-01
4.033721945796269193e-01
4.808227254797374783e-01
3.870344810298235183e-01
3.691036377904781673e-01
3.417276249845203617e-01
2.857002093408273491e-01
1.942813852484509274e-01
3.922512850691115549e-01
5.962854075018195754e-01
1.114808295529372134e-01
3.439825899433522904e-01
5.328753007017946741e-01
2.461444544937047285e-01
2.541153813785290705e-01
1.894132148204676902e-01
3.657386615218443104e-01
4.992205485262124487e-01
1.869708179090316946e-01
1.268480292510509033e-01
3.850534704802141550e-01
3.990935564852896578e-01
1.015001197436954938e-01
1.478327986212485956e-01
2.568578953731172065e-01
7.641744396921854587e-01
8.858155104272323610e-02
9.170394604273959804e-02
6.182616012953738860e-01
5.264639101409225308e-01
2.760903433267197782e-01
3.837054259301354575e-01
7.062071974987711442e-01
6.982854549268506794e-01
1.306712316330846668e-01
4.845984551786541861e-02
1.569345589164331811e-01
4.496114609002638263e-01
4.697717524562009528e-01
2.360346107930113013e-01
6.497213287186306419e-01
3.754520397720814695e-01
4.185379528745087896e-01
2.351929843781344065e-01
4.345436286517743718e-01
5.984607641169185088e-01
5.940084224494566190e-01
3.432654848213336773e-01
3.649567055069403709e-01
3.460098771170138088e-01
5.226688199608179319e-01
5.172697542037789642e-01
3.883345537523487656e-01
1.548632132968968955e-01
2.196942632135964746e-01
3.287734468119391518e-01
5.938015512824741382e-01
6.883773859492441360e-01
2.745900636480058110e-01
2.529823264073910449e-01
3.899871291632714398e-01
5.287044023973579421e-01
1.126853918578219482e-01
2.543273568857628009e-01
5.592366214478823316e-01
4.401095816009686912e-01
5.990363897468371501e-01
4.106359361089554905e-01
5.571198161896027123e-01
5.685850068999194207e-01
3.536100973588856555e-01
3.119736069546594215e-01
4.591636987840993500e-01
2.652543947470772934e-01
2.066032992213121255e-01
1.554543467551705582e-01
3.162365547303586100e-01
6.243024616783746650e-01
9.821066586973396795e-02
1.268368894171582051e-01
5.248982272950877270e-01
4.929299505391223080e-01
2.079674377970189281e-01
3.206189442463479033e-01
6.090738064708649535e-01
6.408779444301019312e-01
3.852248374014640708e-01
1.514369652272740951e-01
9.390439180926676843e-02
1.742384316633584229e-01
7.607224349305796718e-02
3.911460885118289710e-01
3.222438253581392242e-01
3.427123333167593766e-01
1.695390743484404550e-01
5.628388806158991509e-01
3.670827448886283539e-01
3.172965737701337607e-01
6.887601398445523104e-01
2.388925393349383142e-01
3.662701334788435736e-01
4.547941145301688248e-01
5.245816624640512460e-01
5.330471344552625279e-01
4.412263942064574285e-01
1.604973715240919363e-01
4.305748757981189279e-01
3.862254547672394622e-01
3.601779318805398700e-01
4.771373313372306302e-01
8.953841244876396821e-02
3.662970319523928264e-01
4.589796691060538669e-01
4.396177003314710729e-01
6.552644453906186772e-01
5.103101218000656303e-01
4.976083441234174232e-01
4.033721945796269193e-01
4.808227254797374783e-01
3.870344810298235183e-01
3.691036377904781673e-01
3.417276249845203617e-01
2.857002093408273491e-01
1.942813852484509274e-01
3.922512850691115549e-01
5.962854075018195754e-01
1.114808295529372134e-01
3.439825899433522904e-01
5.328753007017946741e-01
2.461444544937047285e-01
2.541153813785290705e-01
1.894132148204676902e-01
3.657386615218443104e-01
4.992205485262124487e-01
1.869708179090316946e-01
1.268480292510509033e-01
3.850534704802141550e-01
3.990935564852896578e-01
1.015001197436954938e-01
2.529758815833853536e-01
3.899871291632714398e-01
5.287044023973579421e-01
1.126853918578219482e-01
2.543273568857628009e-01
5.592366214478823316e-01
4.401095816009686912e-01
5.990349830387944330e-01
4.106183514562363190e-01
5.571198161896027123e-01
5.685850068999194207e-01
3.536100973588856555e-01
3.119736069546594215e-01
4.591636987840993500e-01
2.652543947470772934e-01
2.066032992213121255e-01
1.869682990251594901e-01
4.405226232103222617e-01
7.727718657767983501e-01
1.274032858840730142e-01
5.958602259430036963e-01
4.040095096296659749e-01
4.475053022602609731e-01
5.558144270973959244e-01
5.655697775666934657e-01
5.440358199639552250e-01
6.147444520555589431e-01
3.491695731709542061e-01
1.801852100653922317e-01
4.247817018756884222e-01
4.392231911831631086e-01
1.493058210259785024e-01
1.863549923296523858e-01
4.254950215834225058e-01
4.392963539790302741e-01
1.811576626224276343e-01
4.737676216976967059e-01
3.686153948058216723e-01
6.223137451715581303e-01
4.636309352345286960e-01
5.088692061828332669e-01
5.855071852660724829e-01
5.383441291411101837e-01
3.135579891071221259e-01
2.306834552090916146e-01
4.753944064220717580e-01
3.250865424061037956e-01
1.240513920473313575e-01
1.675515769671933608e-01
6.429695351576817375e-01
4.491879172702597511e-01
2.107813782189263963e-01
4.946118127903706418e-01
4.616651803223822959e-01
5.571569938385230181e-01
2.730149126688050654e-01
8.126334989129081476e-01
5.393413682556309485e-01
5.566042798055023111e-01
5.356518428596379611e-01
1.756804263539780142e-01
6.193198366714236514e-01
3.733144240452165863e-01
1.441919462472374680e-01
1.732085210491300931e-01
5.467778385869250801e-01
6.166133412733343366e-01
2.007338341349600985e-01
4.863152680487375368e-01
4.685121022068051699e-01
5.766462361862607633e-01
4.139548788355255637e-01
5.731481662659898557e-01
5.460619924775227396e-01
5.642393021874166914e-01
4.228079258592208900e-01
2.075648343639213134e-01
5.605678795572743844e-01
3.652902978717494920e-01
1.514114102490947134e-01
2.043032033275313519e-01
3.952867585558074159e-01
4.836315657304591786e-01
2.142291973163448493e-01
3.732984234032933890e-01
3.980025924146606831e-01
6.107408666080459403e-01
4.026240552037291809e-01
4.915092812835698544e-01
6.017964238996389437e-01
5.868204084341036575e-01
2.761207509406659599e-01
2.055238576939885375e-01
4.179952799120598139e-01
2.229183689313576355e-01
1.688131005604757151e-01
1.554543467551705582e-01
3.162365547303585545e-01
6.243024616783748870e-01
9.821066586973398183e-02
1.268368894171582328e-01
5.248982272950878381e-01
4.929299505391223635e-01
2.079674377970189281e-01
3.206189442463479589e-01
6.090738064708649535e-01
6.408779444301019312e-01
3.852248374014640708e-01
1.514369652272740951e-01
9.390439180926679619e-02
1.742384316633583952e-01
7.607224349305798106e-02
3.911460885118290265e-01
3.222438253581391687e-01
3.427123333167594321e-01
1.695390743484404550e-01
5.628388806158991509e-01
3.670827448886283539e-01
3.172965737701337052e-01
6.887601398445521994e-01
2.388925393349383419e-01
3.662701334788435736e-01
4.547941145301688248e-01
5.245816624640512460e-01
5.330471344552625279e-01
4.412263942064572619e-01
1.604973715240919918e-01
4.305748757981188723e-01
3.862254547672395177e-01
3.601779318805398700e-01
4.771373313372306302e-01
8.953841244876398209e-02
3.662970319523928819e-01
4.589796691060539779e-01
4.396177003314710729e-01
6.552644453906185662e-01
5.103101218000655193e-01
4.976083441234174232e-01
4.033721945796268638e-01
4.808227254797374783e-01
3.870344810298234073e-01
3.691036377904782229e-01
3.417276249845203617e-01
2.857002093408274046e-01
1.942813852484509274e-01
3.922512850691114994e-01
5.962854075018195754e-01
1.114808295529371995e-01
3.439825899433524015e-01
5.328753007017945631e-01
2.461444544937047285e-01
2.541153813785290150e-01
1.894132148204676902e-01
3.657386615218443104e-01
4.992205485262125042e-01
1.869708179090317224e-01
1.268480292510509311e-01
3.850534704802141550e-01
3.990935564852897133e-01
1.015001197436954938e-01
