6.147244184412936630e-01
6.295512600185675378e-01
6.564780856507934637e-01
6.100668487015693531e-01
5.335780838256042324e-01
1.435442848597244525e-01
3.535781363311116254e-01
4.577814669082342913e-01
6.191919330873678629e-01
2.470972429545680860e-01
2.539972016184335879e-01
6.079043286846229632e-01
5.787751868123095500e-01
3.438503005929314238e-01
6.388029009275079106e-01
4.584703564576494417e-01
5.590656220724780079e-01
2.186901513292989763e-01
3.494621987904020233e-01
2.243452582516489158e-01
1.814366607658504105e-01
5.119269184569529701e-02
4.562776377599824656e-02
1.710039021869472209e-01
1.972053959936290735e-01
7.805805556595098171e-02
1.075970430255386440e-01
2.595015906089721547e-01
4.927047218435797182e-01
9.326398323969389836e-02
1.080888344719605210e-01
2.475260961546308924e-01
6.986441960993869937e-01
2.299542384258256855e-01
2.533752478610805103e-01
4.282048124198549743e-01
3.745805805445985293e-01
4.630406462248042726e-02
1.075226580693487421e-01
2.983105476502829756e-01
2.554638769148336319e-01
1.112924999933856685e-01
8.723130235172346647e-02
2.640905343424570506e-01
4.898355512572112325e-01
1.354469474762972636e-01
2.153991844893761720e-01
5.148047955490346883e-01
6.654797722678474914e-01
4.554477519512165062e-01
5.787284452316255878e-01
5.235325944132697140e-01
4.854949029641912883e-01
1.481572269959785526e-01
1.626706494463683872e-01
1.861880591084466574e-01
4.481195399243272925e-01
2.759536055696899526e-01
3.389608582763524725e-01
3.811504601878111798e-01
4.824210514483082690e-01
3.459021240087186699e-01
4.908779814951679810e-01
3.124309727055171182e-01
5.330532732199377843e-01
5.911209416893377089e-01
6.284055680880940020e-01
5.433297225464223112e-01
4.957974522279211538e-01
2.382902358548347754e-01
3.222720873771664496e-01
5.501831057570649719e-01
5.590713651955273589e-01
2.671260919971462644e-01
2.040604087118952914e-01
5.500648789346723744e-01
3.640779830248649374e-01
3.922307735009802343e-01
6.016837447679722617e-01
2.482209965238250382e-01
2.002153449245423489e-01
2.219971799531723911e-01
5.457532982834081836e-02
7.767888368835174084e-02
1.734242714077633696e-01
9.973084261085549129e-02
5.653606597919301757e-01
2.297326092682384913e-01
5.171539755254410675e-01
1.686115485646645928e-01
2.933591921057402407e-01
7.010776522951545076e-02
1.433869951376799401e-01
4.725418419892082889e-01
5.604752767344783893e-01
5.575534800001880065e-01
8.389528700483726009e-01
2.015298747464688844e-01
3.166055210604596937e-01
5.742411854936404492e-01
7.274304475553760030e-01
4.405845160744484290e-01
4.368426500730883122e-01
6.696954241134940311e-01
3.187438790006800193e-01
9.745171593185415759e-02
1.649196912859844655e-01
3.019576357434629044e-01
5.479009335907978340e-01
1.410586349295581132e-01
1.785722657623041165e-01
3.298764897686994879e-01
6.966664765393221215e-01
2.911958762947882695e-01
3.566680224253122033e-01
4.484099268862147825e-01
6.147244184412936630e-01
6.295512600185675378e-01
6.564780856507934637e-01
6.100668487015693531e-01
5.335780838256042324e-01
1.435442848597244525e-01
3.535781363311116254e-01
4.577814669082342913e-01
6.191919330873678629e-01
2.470972429545680860e-01
2.539972016184335879e-01
6.079043286846229632e-01
5.787751868123095500e-01
3.438503005929314238e-01
6.388029009275079106e-01
4.584703564576494417e-01
5.590656220724780079e-01
2.186901513292989763e-01
3.494621987904020233e-01
2.243452582516489158e-01
1.814366607658504105e-01
5.119269184569529701e-02
4.562776377599824656e-02
1.710039021869472209e-01
1.972053959936290735e-01
7.805805556595098171e-02
1.075970430255386440e-01
2.595015906089721547e-01
4.927047218435797182e-01
9.326398323969389836e-02
1.080888344719605210e-01
2.475260961546308924e-01
6.986441960993869937e-01
2.299542384258256855e-01
2.533752478610805103e-01
4.282048124198549743e-01
3.745805805445985293e-01
4.630406462248042726e-02
1.075226580693487421e-01
2.983105476502829756e-01
2.554638769148336319e-01
1.112924999933856685e-01
8.723130235172346647e-02
2.640905343424570506e-01
4.898355512572112325e-01
1.354469474762972636e-01
2.153991844893761720e-01
5.148047955490346883e-01
6.654797722678474914e-01
4.554477519512165062e-01
5.787284452316255878e-01
5.235325944132697140e-01
4.854949029641912883e-01
1.481572269959785526e-01
1.626706494463683872e-01
1.861880591084466574e-01
4.481195399243272925e-01
2.759536055696899526e-01
3.389608582763524725e-01
3.811504601878111798e-01
4.824210514483082690e-01
3.459021240087186699e-01
4.908779814951679810e-01
3.124309727055171182e-01
7.274119159793664968e-01
4.405845160744484290e-01
4.368426500730883122e-01
6.696954241134940311e-01
3.187438790006800193e-01
9.745171593185415759e-02
1.649196912859844655e-01
3.019551867885379437e-01
5.478874444665629007e-01
1.410586349295581132e-01
1.785722657623041165e-01
3.298764897686994879e-01
6.966664765393221215e-01
2.911958762947882695e-01
3.566680224253122033e-01
4.484099268862147825e-01
7.318269352671592509e-01
3.484140183004959535e-01
7.220191567448466241e-01
6.209655749425452287e-01
4.454795494351000973e-01
8.082309646015668758e-02
1.448990343822656457e-01
2.334992496840769816e-01
6.609395998017929541e-01
1.229074255333826304e-01
1.852018401916018520e-01
3.720041094444903607e-01
6.336120575638800601e-01
2.179043316495470339e-01
3.291086903156728027e-01
4.499416147291543377e-01
7.456349868656861890e-01
3.516786554060661873e-01
5.862030292448534574e-01
6.171629353170097199e-01
4.063116260965659032e-01
6.647882850574846070e-02
1.244473342614906552e-01
3.029094202898551247e-01
6.562025899997065981e-01
1.037989882681529669e-01
2.312991499966091380e-01
2.687580346608725024e-01
7.270639541743507683e-01
3.221602875051986503e-01
2.284156204877457741e-01
3.860725242527502932e-01
7.771885803049130015e-01
4.308469999382618099e-01
5.849204463955839373e-01
6.358744997376677421e-01
3.337837900051576212e-01
1.154340830445783894e-01
1.246989182206385549e-01
1.516418757922307625e-01
7.258819685129459520e-01
1.806271252512464676e-01
1.822562328844979374e-01
4.030738953506916022e-01
6.941286910745453342e-01
2.109706604636721328e-01
3.181322123815497060e-01
4.622024262008727069e-01
7.496831503021997856e-01
3.864179214997769951e-01
6.340524510932270541e-01
6.712555381361258178e-01
3.240121548875380397e-01
1.092876684384376101e-01
1.626486284662237991e-01
1.687225178125738023e-01
6.453692519966560681e-01
1.410451770628080859e-01
1.709845071650828441e-01
4.262304203605911113e-01
6.781084462963653525e-01
3.613073071540893744e-01
2.975504307247838209e-01
4.131300011753977208e-01
7.485165513084445221e-01
3.519977460063022923e-01
6.214258448692179249e-01
6.640693319881608714e-01
3.764587723228342564e-01
7.620098435390948444e-02
1.249836482202242027e-01
2.738730315220530565e-01
6.296936893486185793e-01
1.288552414038225402e-01
2.195405732518145303e-01
2.717652918070962431e-01
6.272411657334829860e-01
2.585026648397886206e-01
2.412648843633590223e-01
4.380315133752923362e-01
6.147244184412936630e-01
6.295512600185675378e-01
6.564780856507936857e-01
6.100668487015694641e-01
5.335780838256044545e-01
1.435442848597244803e-01
3.535781363311117365e-01
4.577814669082344023e-01
6.191919330873678629e-01
2.470972429545681137e-01
2.539972016184335324e-01
6.079043286846228522e-01
5.787751868123095500e-01
3.438503005929315348e-01
6.388029009275080217e-01
4.584703564576494972e-01
5.590656220724781189e-01
2.186901513292989763e-01
3.494621987904020233e-01
2.243452582516489158e-01
1.814366607658504105e-01
5.119269184569530395e-02
4.562776377599823963e-02
1.710039021869471931e-01
1.972053959936291012e-01
7.805805556595098171e-02
1.075970430255386440e-01
2.595015906089720992e-01
4.927047218435796072e-01
9.326398323969387061e-02
1.080888344719605487e-01
2.475260961546308369e-01
6.986441960993869937e-01
2.299542384258256855e-01
2.533752478610805103e-01
4.282048124198549743e-01
3.745805805445985848e-01
4.630406462248043420e-02
1.075226580693487421e-01
2.983105476502829201e-01
2.554638769148336319e-01
1.112924999933856685e-01
8.723130235172345259e-02
2.640905343424571061e-01
4.898355512572111214e-01
1.354469474762972636e-01
2.153991844893761720e-01
5.148047955490346883e-01
6.654797722678474914e-01
4.554477519512165062e-01
5.787284452316255878e-01
5.235325944132697140e-01
4.854949029641913993e-01
1.481572269959785526e-01
1.626706494463683872e-01
1.861880591084466019e-01
4.481195399243272925e-01
2.759536055696900081e-01
3.389608582763524169e-01
3.811504601878111798e-01
4.824210514483083245e-01
3.459021240087186144e-01
4.908779814951679810e-01
3.124309727055170627e-01
