5.589088126206478435e-01
5.062163353879325367e-01
7.624521925553792157e-01
5.606919643369665529e-01
3.657908315160298685e-01
1.524997631765411810e-01
2.262806161199035493e-01
6.223806876806343702e-01
5.464630908564398482e-01
3.422397575598914443e-01
2.705046797901311528e-01
6.301008113534584121e-01
3.997719281056424379e-01
3.432780824475299974e-01
7.239329427491062452e-01
4.296186887105923891e-01
5.879515525655265584e-01
2.237937501577150490e-01
4.198892483442928092e-01
1.933766368070284902e-01
2.669756618959247541e-01
4.542849114188849541e-02
5.109217431323627434e-02
2.155986245701781989e-01
1.231531071704711627e-01
6.405350022523456643e-02
8.735450273947041600e-02
2.224834183384772346e-01
5.738586058554904223e-01
1.420239625779278758e-01
2.360384117235092838e-01
3.012796962960067049e-01
6.409596706384088627e-01
2.222564320836983298e-01
2.042386188276415215e-01
4.565808559700476055e-01
4.806070849955023649e-01
1.046884324646906728e-01
8.485009160299301911e-02
4.999203538181952733e-01
2.344067311628159622e-01
1.846738681177803043e-01
9.135330998297042093e-02
2.730027089444361788e-01
4.179789973654189916e-01
1.554280956394820667e-01
2.642471947346933803e-01
4.608319744395451001e-01
6.177390410600894777e-01
3.751869834917993529e-01
5.004303048291861566e-01
4.194630146633466783e-01
5.850794867278067413e-01
1.853821506720850498e-01
1.253730512049383294e-01
1.902984756673260502e-01
5.454978505941928679e-01
4.522925041982596150e-01
4.438048822075080779e-01
3.491372290158538116e-01
4.281732429015644437e-01
3.394249179431071961e-01
5.592726831435419488e-01
2.830955489598815933e-01
4.840927003476348522e-01
4.812099087215157556e-01
7.503153779679319069e-01
5.039055999164004929e-01
3.611318905089023756e-01
2.496787119316808412e-01
2.329865119821993846e-01
6.541254029371006418e-01
5.072244098219188535e-01
4.462733260621759013e-01
2.374135533970450074e-01
4.100056469259547032e-01
3.810549929075065512e-01
4.115802106646373471e-01
6.549221948751381417e-01
3.012022709649073704e-01
3.359137221753369928e-01
3.749808522731122862e-01
5.365599636004834971e-02
7.137378309230647810e-02
1.149799533846877775e-01
8.009669572020586270e-02
5.696721462768655764e-01
2.257968693700685980e-01
4.758596689810097313e-01
1.746895338153403587e-01
4.729584085398648163e-01
1.443402563368195168e-01
1.522770477712037107e-01
3.965600576256047560e-01
5.089632669131046727e-01
7.130050053402066101e-01
7.640574863350027002e-01
2.379688914505047048e-01
3.575771507976176489e-01
5.682001579679076819e-01
6.807363058506855635e-01
3.548529997970970018e-01
4.561800780239981812e-01
5.998393916971860307e-01
3.480131149242344790e-01
1.307613408076370443e-01
1.235230726208002144e-01
4.448859374726558125e-01
5.045895805463791461e-01
2.298326505886549298e-01
2.069098675111319952e-01
3.121893197784129659e-01
5.935747743009178734e-01
3.164710848323859516e-01
4.829488125796578823e-01
4.267808581321082539e-01
5.589088126206478435e-01
5.062163353879325367e-01
7.624521925553792157e-01
5.606919643369665529e-01
3.657908315160298685e-01
1.524997631765411810e-01
2.262806161199035493e-01
6.223806876806343702e-01
5.464630908564398482e-01
3.422397575598914443e-01
2.705046797901311528e-01
6.301008113534584121e-01
3.997719281056424379e-01
3.432780824475299974e-01
7.239329427491062452e-01
4.296186887105923891e-01
5.879515525655265584e-01
2.237937501577150490e-01
4.198892483442928092e-01
1.933766368070284902e-01
2.669756618959247541e-01
4.542849114188849541e-02
5.109217431323627434e-02
2.155986245701781989e-01
1.231531071704711627e-01
6.405350022523456643e-02
8.735450273947041600e-02
2.224834183384772346e-01
5.738586058554904223e-01
1.420239625779278758e-01
2.360384117235092838e-01
3.012796962960067049e-01
6.409596706384088627e-01
2.222564320836983298e-01
2.042386188276415215e-01
4.565808559700476055e-01
4.806070849955023649e-01
1.046884324646906728e-01
8.485009160299301911e-02
4.999203538181952733e-01
2.344067311628159622e-01
1.846738681177803043e-01
9.135330998297042093e-02
2.730027089444361788e-01
4.179789973654189916e-01
1.554280956394820667e-01
2.642471947346933803e-01
4.608319744395451001e-01
6.177390410600894777e-01
3.751869834917993529e-01
5.004303048291861566e-01
4.194630146633466783e-01
5.850794867278067413e-01
1.853821506720850498e-01
1.253730512049383294e-01
1.902984756673260502e-01
5.454978505941928679e-01
4.522925041982596150e-01
4.438048822075080779e-01
3.491372290158538116e-01
4.281732429015644437e-01
3.394249179431071961e-01
5.592726831435419488e-01
2.830955489598815933e-01
6.808033770286255892e-01
3.549262044048499543e-01
4.562578139103841135e-01
5.999193450390825078e-01
3.477812546933320981e-01
1.305879929935213624e-01
1.235373342862253060e-01
4.449491334616140215e-01
5.046702589508984538e-01
2.298686770260673362e-01
2.069422566182387291e-01
3.119235186189657782e-01
5.936473344147681352e-01
3.165182999521164442e-01
4.830263284593449558e-01
4.266872900447125638e-01
5.918710166060778821e-01
3.416148289362382351e-01
7.615425964277517945e-01
6.184814663017402792e-01
4.867620075477663844e-01
8.633652968432112274e-02
1.995961937642980744e-01
2.504153382285961293e-01
6.310612511869210239e-01
1.802228533398527177e-01
1.740526368968097204e-01
4.490851210577042618e-01
6.399098934529128258e-01
2.746121681133006920e-01
3.709495936726200371e-01
3.895395627556636486e-01
6.428211737594263786e-01
3.936290061955673436e-01
5.384685396288488857e-01
5.726429500284737628e-01
4.280157957051596851e-01
7.425814665509336554e-02
1.778492665939782613e-01
3.521277868964574065e-01
6.614238335080746545e-01
1.672298861958271265e-01
2.572145559926758418e-01
2.575321427977284583e-01
6.609959691896162282e-01
3.168458687866593237e-01
2.976230080572477288e-01
3.981288660356421261e-01
6.643075631253029245e-01
4.806044187164115744e-01
5.241305549776278383e-01
6.116515790040578660e-01
3.422736769011680003e-01
1.241131945280433690e-01
1.701308759567161377e-01
2.033397414908730827e-01
7.797864466005234307e-01
2.212306379333597306e-01
2.148157980943144474e-01
3.904807456062890925e-01
6.362506159770792147e-01
2.616420464215787889e-01
3.763778910302569281e-01
4.480808516435527133e-01
6.530296757672806596e-01
3.974500039899647175e-01
6.227595288274492269e-01
6.268869347913310630e-01
3.629285566405066610e-01
1.362823732474731375e-01
2.120640679162633657e-01
1.676493411362138808e-01
6.170175232141135169e-01
1.622176761907384579e-01
2.067460865034175255e-01
4.990797975437508693e-01
6.239031336452010024e-01
4.347917460098872922e-01
3.213263708408666819e-01
4.073139389879549821e-01
6.413341166770005763e-01
3.744431953856937056e-01
6.343295595248948926e-01
6.075103942052422212e-01
3.639468421408583176e-01
9.999211852749087526e-02
1.669684299860550447e-01
3.159541784916079510e-01
6.281351661268527176e-01
1.737928716519251404e-01
2.520402407073670248e-01
2.894800010867893403e-01
5.991768649864528395e-01
2.686761470394132822e-01
2.505363753468230481e-01
4.413810995984454033e-01
5.589088126206478435e-01
5.062163353879325367e-01
7.624521925553793267e-01
5.606919643369665529e-01
3.657908315160298685e-01
1.524997631765411810e-01
2.262806161199035770e-01
6.223806876806344812e-01
5.464630908564398482e-01
3.422397575598915553e-01
2.705046797901311528e-01
6.301008113534584121e-01
3.997719281056424934e-01
3.432780824475299974e-01
7.239329427491061342e-01
4.296186887105924446e-01
5.879515525655266694e-01
2.237937501577150212e-01
4.198892483442928092e-01
1.933766368070284902e-01
2.669756618959247541e-01
4.542849114188848847e-02
5.109217431323627434e-02
2.155986245701781712e-01
1.231531071704711627e-01
6.405350022523455256e-02
8.735450273947041600e-02
2.224834183384771791e-01
5.738586058554903113e-01
1.420239625779278481e-01
2.360384117235093948e-01
3.012796962960067049e-01
6.409596706384088627e-01
2.222564320836982743e-01
2.042386188276415493e-01
4.565808559700474945e-01
4.806070849955023649e-01
1.046884324646907005e-01
8.485009160299301911e-02
4.999203538181952733e-01
2.344067311628159067e-01
1.846738681177803043e-01
9.135330998297042093e-02
2.730027089444361788e-01
4.179789973654189361e-01
1.554280956394820667e-01
2.642471947346933803e-01
4.608319744395452111e-01
6.177390410600894777e-01
3.751869834917992974e-01
5.004303048291861566e-01
4.194630146633466783e-01
5.850794867278067413e-01
1.853821506720850221e-01
1.253730512049383294e-01
1.902984756673260502e-01
5.454978505941928679e-01
4.522925041982596150e-01
4.438048822075080779e-01
3.491372290158538116e-01
4.281732429015644992e-01
3.394249179431071961e-01
5.592726831435419488e-01
2.830955489598815933e-01
