7.696509875030975723e-01
3.637327009459419003e-01
3.989147247866417501e-01
9.409406572560576887e-01
2.693893291298513626e-01
1.424981660595929511e-02
1.185135128568919616e-01
1.737782565051811390e-01
2.757722293685279102e-01
2.903095476243544582e-02
6.886008283301971178e-02
7.096443923300772560e-01
7.669481772631504546e-01
1.630391650475045695e-01
4.850981044967367373e-01
1.000000000000000000e+00
3.803015834287296615e-01
7.783650580542710029e-02
1.899638260853867000e-01
8.899210622330992748e-02
1.093595868907498159e-01
1.801998129662619672e-02
3.987012581994338334e-02
7.210037039726922836e-02
8.856278714258709883e-02
2.790332638815346336e-02
6.207997856098493306e-02
1.363566378762512965e-01
1.190538155037411949e-01
2.966713229603046634e-02
4.271533414224745057e-02
1.379063486124587345e-01
4.814612800774832335e-01
1.419774712568980940e-02
1.670506669558771973e-01
4.039796219781219833e-01
1.468294446297603861e-01
2.538013587835651758e-02
4.106983123895081855e-02
1.052476023885638434e-01
1.183064568998299509e-01
2.276176480356265422e-02
2.657445883510244772e-02
2.464861423449183908e-01
3.408099780937193235e-01
5.346422848545986234e-02
2.302255363378651609e-01
7.988789106666336348e-01
1.000000000000000000e+00
2.129012479505807409e-01
3.927451724767945240e-01
9.503906409784431686e-01
3.346431119934494269e-01
1.252269591110465596e-01
1.039321770349240781e-01
5.069377574956959731e-02
5.211143221960078398e-01
1.910594577978505793e-01
2.968823245894929297e-01
4.833867838601371147e-01
1.000000000000000000e+00
2.988370615149974485e-01
7.378487770840996829e-01
9.651992506593422005e-01
1.000000000000000000e+00
5.938350429139627185e-01
3.503327249399630916e-01
9.999999999999998890e-01
3.854273527983259617e-01
1.455035790156116171e-01
1.314270442488792989e-01
4.570427492849409856e-01
2.005307913350417026e-01
1.560562453070094002e-02
4.869383932768489576e-02
8.622856584055068607e-01
2.698002433739143391e-01
2.464475223154081462e-01
6.172146121555217579e-01
1.310747481980621687e-01
6.230810305444091368e-02
1.314009143506758293e-01
7.176517919346574875e-03
5.200879119429578645e-02
8.582326408248781846e-02
3.700682419133581591e-02
2.459782111399056725e-01
1.321239772192625561e-01
3.464781134727570322e-01
2.989431092836267179e-03
9.680314381876023444e-02
9.589684283968686468e-03
4.830340490981666068e-02
2.788584954896913826e-01
9.999999999999998890e-01
5.364015413144245237e-01
8.327377926256780416e-01
0.000000000000000000e+00
1.322213171575989943e-01
9.937420575615469875e-01
8.110171887119245193e-01
6.231020347563065442e-02
1.939214582031507095e-01
9.673120299464448291e-01
4.644375771288578036e-02
4.137624110864346338e-02
7.618923923937907794e-02
5.421003659455528312e-02
2.891830828235514850e-01
3.241958698260702376e-03
8.117711868005396403e-02
3.584512779798067483e-01
9.200505928290988455e-01
1.563402047624161406e-01
3.828417737716139357e-01
1.000000000000000000e+00
7.696509875030975723e-01
3.637327009459419003e-01
3.989147247866417501e-01
9.409406572560576887e-01
2.693893291298513626e-01
1.424981660595929511e-02
1.185135128568919616e-01
1.737782565051811390e-01
2.757722293685279102e-01
2.903095476243544582e-02
6.886008283301971178e-02
7.096443923300772560e-01
7.669481772631504546e-01
1.630391650475045695e-01
4.850981044967367373e-01
1.000000000000000000e+00
3.803015834287296615e-01
7.783650580542710029e-02
1.899638260853867000e-01
8.899210622330992748e-02
1.093595868907498159e-01
1.801998129662619672e-02
3.987012581994338334e-02
7.210037039726922836e-02
8.856278714258709883e-02
2.790332638815346336e-02
6.207997856098493306e-02
1.363566378762512965e-01
1.190538155037411949e-01
2.966713229603046634e-02
4.271533414224745057e-02
1.379063486124587345e-01
4.814612800774832335e-01
1.419774712568980940e-02
1.670506669558771973e-01
4.039796219781219833e-01
1.468294446297603861e-01
2.538013587835651758e-02
4.106983123895081855e-02
1.052476023885638434e-01
1.183064568998299509e-01
2.276176480356265422e-02
2.657445883510244772e-02
2.464861423449183908e-01
3.408099780937193235e-01
5.346422848545986234e-02
2.302255363378651609e-01
7.988789106666336348e-01
1.000000000000000000e+00
2.129012479505807409e-01
3.927451724767945240e-01
9.503906409784431686e-01
3.346431119934494269e-01
1.252269591110465596e-01
1.039321770349240781e-01
5.069377574956959731e-02
5.211143221960078398e-01
1.910594577978505793e-01
2.968823245894929297e-01
4.833867838601371147e-01
1.000000000000000000e+00
2.988370615149974485e-01
7.378487770840996829e-01
9.651992506593422005e-01
8.109965277308944787e-01
6.231020347563065442e-02
1.939214582031507095e-01
9.673120299464448291e-01
4.644375771288578036e-02
4.137624110864346338e-02
7.618923923937907794e-02
5.420671846215013856e-02
2.891618744238520500e-01
3.241958698260702376e-03
8.117711868005396403e-02
3.584512779798067483e-01
9.200505928290988455e-01
1.563402047624161406e-01
3.828417737716139357e-01
1.000000000000000000e+00
7.392313296959669433e-01
2.280019160898028030e-02
2.718937355595918981e-01
9.999999999999998890e-01
3.100762538349111086e-02
0.000000000000000000e+00
6.235261761482521758e-02
5.745896109575168720e-02
2.866087164746009552e-01
4.771862876699131673e-03
9.917961638655135859e-02
3.865696156100788539e-01
1.000000000000000000e+00
4.760550528720686181e-02
3.232576000912943393e-01
9.823429755100350214e-01
8.375964806494646808e-01
9.734628673847445235e-03
2.787486474030302364e-01
8.696189740577203731e-01
0.000000000000000000e+00
5.986046585093537931e-04
5.132538849843465423e-03
9.775406762425320473e-02
3.780119661969620903e-01
0.000000000000000000e+00
9.245992122664151158e-02
2.728850256980180355e-01
9.808670855407795042e-01
3.112606365343206782e-02
3.418082333531422545e-01
1.000000000000000222e+00
7.906506824325051364e-01
0.000000000000000000e+00
2.217650510666672181e-01
1.000000000000000000e+00
0.000000000000000000e+00
5.781109388484029221e-03
1.360808510264167881e-02
3.298788091121079846e-02
4.529538471814054112e-01
0.000000000000000000e+00
8.198121597869666155e-02
3.996316458347843881e-01
1.000000000000000000e+00
1.685130524782458283e-01
3.197787709514510746e-01
1.000000000000000000e+00
7.563570383172464329e-01
1.187791125410470050e-02
3.254856586849450006e-01
9.999999999999998890e-01
3.239491556002505046e-03
1.556926850120491507e-03
0.000000000000000000e+00
5.372290000692020451e-02
3.327768343175533383e-01
0.000000000000000000e+00
7.052670687963388807e-02
4.644157308268268558e-01
1.000000000000000000e+00
2.725354817689621956e-01
3.205583599442708431e-01
9.344390916488048981e-01
7.251084883111927892e-01
2.600312704157964339e-02
3.416270804019830853e-01
1.000000000000000000e+00
0.000000000000000000e+00
1.075150742882315102e-03
8.225856867024719521e-03
1.356824702654125248e-01
3.316181058247293922e-01
0.000000000000000000e+00
6.490285906375585501e-02
3.331020531424453979e-01
1.000000000000000000e+00
9.982494399647434680e-03
2.761058934016606958e-01
1.000000000000000000e+00
7.696509875030975723e-01
3.637327009459419003e-01
3.989147247866418056e-01
9.409406572560577997e-01
2.693893291298513626e-01
1.424981660595930899e-02
1.185135128568919893e-01
1.737782565051811390e-01
2.757722293685279658e-01
2.903095476243544582e-02
6.886008283301969790e-02
7.096443923300771450e-01
7.669481772631504546e-01
1.630391650475045695e-01
4.850981044967367928e-01
1.000000000000000000e+00
3.803015834287297170e-01
7.783650580542710029e-02
1.899638260853867278e-01
8.899210622330992748e-02
1.093595868907498020e-01
1.801998129662619672e-02
3.987012581994337640e-02
7.210037039726922836e-02
8.856278714258711271e-02
2.790332638815345989e-02
6.207997856098493999e-02
1.363566378762512687e-01
1.190538155037411810e-01
2.966713229603045940e-02
4.271533414224745057e-02
1.379063486124587345e-01
4.814612800774832335e-01
1.419774712568980940e-02
1.670506669558771973e-01
4.039796219781219833e-01
1.468294446297604139e-01
2.538013587835652451e-02
4.106983123895082549e-02
1.052476023885638295e-01
1.183064568998299648e-01
2.276176480356265422e-02
2.657445883510245119e-02
2.464861423449183908e-01
3.408099780937192680e-01
5.346422848545987622e-02
2.302255363378651609e-01
7.988789106666336348e-01
1.000000000000000000e+00
2.129012479505806854e-01
3.927451724767945795e-01
9.503906409784432796e-01
3.346431119934494269e-01
1.252269591110465319e-01
1.039321770349240781e-01
5.069377574956958343e-02
5.211143221960078398e-01
1.910594577978505793e-01
2.968823245894929297e-01
4.833867838601371147e-01
1.000000000000000000e+00
2.988370615149974485e-01
7.378487770840996829e-01
9.651992506593422005e-01
