5.920777910564536395e-01
3.917415699508216553e-01
4.382166496600601868e-01
8.161275286961171549e-01
3.384771436634560482e-01
1.216428902426680558e-01
9.780598338016384397e-02
5.068044134982583326e-01
4.560934131401560010e-01
8.812764812337495202e-02
1.536906167801024292e-01
5.647639139998825719e-01
9.902536798721371936e-01
4.198771105948637672e-01
4.604877105664254566e-01
6.963419341056256151e-01
3.777122793600574679e-01
1.477604586356929262e-01
1.827902612733000864e-01
3.727838442655164730e-01
2.279336764866902731e-01
5.737714371484711751e-02
1.497464107320578899e-02
2.479505942218874770e-01
5.734952342524223673e-02
2.002144053280835792e-02
2.256212277712767861e-02
9.808262479719860594e-02
5.501028293356766685e-01
1.557482828081591941e-01
7.492912969807802304e-02
4.327212045406556573e-01
4.668969411059383789e-01
7.253779727978981740e-02
1.572585190579260106e-01
3.399181108144602170e-01
1.700871991614315570e-01
3.880587478720836508e-02
2.236263270672085926e-02
2.100853943144151137e-01
1.552717869751021884e-01
4.243805710263819780e-02
4.867480199381121059e-02
1.033932280449097185e-01
4.311392940978828747e-01
1.061444252860840876e-01
1.428308035419597610e-01
4.278638962084153063e-01
9.139958461571616732e-01
4.684313644744433902e-01
6.391554408374779950e-01
8.888032973619878208e-01
5.399140106568968145e-01
2.481113922726150001e-01
6.316257325542995460e-02
4.809652244388852860e-01
3.392156243026422380e-01
2.293839868484955635e-01
2.133192123875069512e-01
4.509046082470631878e-01
6.923239181587608204e-01
5.264930175946920254e-01
5.262624205784652842e-01
5.697551961843946300e-01
6.691835669573327205e-01
3.894438140199966703e-01
6.337682469254388717e-01
7.727955513002425780e-01
4.104627743089288572e-01
1.208504403710771724e-01
1.016136857864554377e-01
5.505148807063995342e-01
6.524471749114956198e-01
1.148236748956557307e-01
1.910312049472209228e-01
9.375285706822746867e-01
3.439306959931295316e-01
4.001337439446556177e-01
5.066848896156812554e-01
1.102461943165678193e-01
8.264575999954783259e-02
1.539222577076971576e-01
3.852759890516264940e-02
1.705006701718823209e-02
4.961501909572558350e-02
2.289452078546798386e-02
6.318835019009901854e-01
2.020455762813927469e-01
4.897565647161973290e-01
6.374073117099626762e-02
1.359699126288030080e-01
2.818672620273338092e-02
1.412041923125679221e-01
4.477423977053605064e-01
7.871872590207614762e-01
4.849255702910719168e-01
8.231752967854435443e-01
1.488538901387174151e-01
9.401772685299331078e-02
8.625358108773983901e-01
6.912697624830728138e-01
2.346404570041369930e-01
2.719906001402058182e-01
9.473660473005374172e-01
1.971739553803392164e-01
1.146346792886909910e-01
4.475541718454459361e-02
4.322535129812371535e-01
2.693554994772768274e-01
3.172871861193313214e-02
7.001216916740525542e-02
2.213690235218587765e-01
9.765929878248940099e-01
4.080699123863060773e-01
2.728429260975901438e-01
6.962830772196145768e-01
5.920777910564536395e-01
3.917415699508216553e-01
4.382166496600601868e-01
8.161275286961171549e-01
3.384771436634560482e-01
1.216428902426680558e-01
9.780598338016384397e-02
5.068044134982583326e-01
4.560934131401560010e-01
8.812764812337495202e-02
1.536906167801024292e-01
5.647639139998825719e-01
9.902536798721371936e-01
4.198771105948637672e-01
4.604877105664254566e-01
6.963419341056256151e-01
3.777122793600574679e-01
1.477604586356929262e-01
1.827902612733000864e-01
3.727838442655164730e-01
2.279336764866902731e-01
5.737714371484711751e-02
1.497464107320578899e-02
2.479505942218874770e-01
5.734952342524223673e-02
2.002144053280835792e-02
2.256212277712767861e-02
9.808262479719860594e-02
5.501028293356766685e-01
1.557482828081591941e-01
7.492912969807802304e-02
4.327212045406556573e-01
4.668969411059383789e-01
7.253779727978981740e-02
1.572585190579260106e-01
3.399181108144602170e-01
1.700871991614315570e-01
3.880587478720836508e-02
2.236263270672085926e-02
2.100853943144151137e-01
1.552717869751021884e-01
4.243805710263819780e-02
4.867480199381121059e-02
1.033932280449097185e-01
4.311392940978828747e-01
1.061444252860840876e-01
1.428308035419597610e-01
4.278638962084153063e-01
9.139958461571616732e-01
4.684313644744433902e-01
6.391554408374779950e-01
8.888032973619878208e-01
5.399140106568968145e-01
2.481113922726150001e-01
6.316257325542995460e-02
4.809652244388852860e-01
3.392156243026422380e-01
2.293839868484955635e-01
2.133192123875069512e-01
4.509046082470631878e-01
6.923239181587608204e-01
5.264930175946920254e-01
5.262624205784652842e-01
5.697551961843946300e-01
6.912521521147007020e-01
2.346404570041369930e-01
2.719906001402058182e-01
9.473660473005374172e-01
1.971739553803392164e-01
1.146346792886909910e-01
4.475541718454459361e-02
4.322515211457459428e-01
2.693336994887975400e-01
3.172871861193313214e-02
7.001216916740525542e-02
2.213690235218587765e-01
9.765929878248940099e-01
4.080699123863060773e-01
2.728429260975901438e-01
6.962830772196145768e-01
7.631757165194897885e-01
1.974583123747877811e-01
3.170627833416118091e-01
8.263410241586754967e-01
2.584135791083211342e-01
5.618872754244566559e-02
4.192913726158617460e-02
3.560319724464464097e-01
3.547887148267104829e-01
4.544660945264731439e-02
6.298920628609359917e-02
1.948237153564024160e-01
8.026860623764821012e-01
3.415488398262165326e-01
2.296098299783013719e-01
8.136207658521488195e-01
7.567540325474498841e-01
2.059023165558613866e-01
2.429074506358709917e-01
8.451241203461542506e-01
2.275829929480367442e-01
6.135592302258097153e-02
3.154490902799778063e-02
4.143014864282636989e-01
2.868550606903415012e-01
2.376589964093274443e-02
9.086093703488640205e-02
1.755124896816920299e-01
9.699731294235309775e-01
4.080861072145351987e-01
1.699138820006694806e-01
7.164768111092990610e-01
7.714459152223616112e-01
2.900764789705464475e-01
2.310904154634935148e-01
8.482655435387680409e-01
2.099791564433352575e-01
8.243741816477498374e-02
4.501546263690646421e-02
2.417528680806961816e-01
4.009335263059606858e-01
5.932470196257971784e-02
5.466165558657763712e-02
2.454944523074100715e-01
8.977014451883683632e-01
3.596547851907426208e-01
1.789861555364111179e-01
8.350563198630863715e-01
7.561325011189481415e-01
2.961766746455290478e-01
2.890204985717885200e-01
8.477363290861701373e-01
2.010761158791118386e-01
8.113689535546088349e-02
5.580790753914431634e-02
2.555783321452464452e-01
3.394098653277251021e-01
3.861377383609838898e-02
5.277998587156529364e-02
2.846065052945864204e-01
8.598807891634084877e-01
4.658416430422600008e-01
1.717222381971980072e-01
8.065505321070095546e-01
7.553080484539239636e-01
1.978378275830924293e-01
2.718888129454126723e-01
8.753937833981153549e-01
1.912236330413839558e-01
6.530615256284394432e-02
4.568405320907537037e-02
3.635352130843403917e-01
2.752164147878001232e-01
3.907576743313977141e-02
5.797470597480193499e-02
1.782566054062796890e-01
8.518147352845960585e-01
3.583114669522658446e-01
1.450408753453046318e-01
8.006250036007923621e-01
5.920777910564536395e-01
3.917415699508216553e-01
4.382166496600602423e-01
8.161275286961172659e-01
3.384771436634560482e-01
1.216428902426680558e-01
9.780598338016385784e-02
5.068044134982583326e-01
4.560934131401560565e-01
8.812764812337495202e-02
1.536906167801024015e-01
5.647639139998824609e-01
9.902536798721371936e-01
4.198771105948637672e-01
4.604877105664255121e-01
6.963419341056256151e-01
3.777122793600575235e-01
1.477604586356929262e-01
1.827902612733000864e-01
3.727838442655165285e-01
2.279336764866902731e-01
5.737714371484711751e-02
1.497464107320578726e-02
2.479505942218874492e-01
5.734952342524224367e-02
2.002144053280835445e-02
2.256212277712768208e-02
9.808262479719859206e-02
5.501028293356765575e-01
1.557482828081591386e-01
7.492912969807805079e-02
4.327212045406556573e-01
4.668969411059383789e-01
7.253779727978981740e-02
1.572585190579260106e-01
3.399181108144602170e-01
1.700871991614315293e-01
3.880587478720837202e-02
2.236263270672086273e-02
2.100853943144151137e-01
1.552717869751021884e-01
4.243805710263819780e-02
4.867480199381121753e-02
1.033932280449097324e-01
4.311392940978828192e-01
1.061444252860840876e-01
1.428308035419597610e-01
4.278638962084154174e-01
9.139958461571617843e-01
4.684313644744432792e-01
6.391554408374779950e-01
8.888032973619878208e-01
5.399140106568967035e-01
2.481113922726149723e-01
6.316257325542994072e-02
4.809652244388852860e-01
3.392156243026422935e-01
2.293839868484955913e-01
2.133192123875069512e-01
4.509046082470632433e-01
6.923239181587608204e-01
5.264930175946920254e-01
5.262624205784652842e-01
5.697551961843947410e-01
