9.951065907500696861e-01
7.055779637943817573e-01
4.750738212775614255e-01
9.003529644645114072e-01
5.790216804411100204e-01
1.459175710272742066e-01
3.361817053287409762e-01
1.391959600071524528e-01
3.278931126950206942e-01
4.450934954657692622e-02
2.322541854938879602e-02
2.892729338547063156e-01
4.148405860331546013e-01
4.421542013970578555e-01
6.284700950003886399e-01
7.037078677028083540e-01
8.456422771504826796e-01
2.518867649320720159e-01
1.480550462198454709e-01
2.794272589224383041e-01
2.065752237780086320e-01
2.988782769421216914e-02
1.429440885659498950e-01
2.937180868506113207e-02
2.356093759652312936e-01
7.302000006352833694e-02
2.248519280707889367e-01
2.966379706704476704e-01
4.713625954204785778e-02
2.068730712128550100e-02
1.157129478590641219e-02
1.205115543780256870e-01
9.954330641260323853e-01
1.834215556542760917e-01
5.340116278400745126e-02
4.374853459617424889e-01
3.501997564322242851e-01
8.107249475123180782e-02
1.328304196116677216e-01
6.996374674169275609e-02
2.759619054768306379e-01
1.396843240337881653e-01
6.719572138441856635e-02
1.730905279847045897e-01
1.409898289819589423e-01
1.291990062992473542e-01
2.001724085788571805e-01
5.818262278154480160e-01
4.443578743271409115e-01
1.652864083147462249e-01
1.455267056161520522e-01
3.689511406755047740e-01
7.844015157618602352e-01
1.734335369975038288e-01
1.925428057954149952e-01
1.727122335446101831e-02
6.483124050119983828e-01
3.146893904813159448e-01
3.553332412656908246e-01
3.886680615699044106e-01
3.755551447191501357e-01
4.589345107040802563e-01
9.165097431609173784e-01
4.693234602589547166e-01
8.417873421063488681e-01
6.790697140707901980e-01
3.893900325926951678e-01
8.169116501520973239e-01
5.315024792882593330e-01
1.810921864148818949e-01
3.300731045114666529e-01
1.793053139379544025e-01
2.153119416535853037e-01
4.490604612438386933e-03
3.956704506922897879e-04
3.909912327110784958e-01
4.129731373811058592e-01
4.196259740147284534e-01
9.996764272006763985e-01
2.642518103316136013e-01
1.552790557961176987e-02
2.549995819747626902e-01
3.357600687248200877e-02
1.963399692652383621e-01
2.085990079566687472e-01
1.098981500939647526e-01
6.862456640264796848e-02
4.903736168348975938e-02
7.830458356893629235e-01
1.388747346339912481e-01
3.031109297635534716e-01
1.059718399311747883e-01
1.701923155779164754e-01
1.508708346926347366e-01
4.044272094997750089e-01
9.346348090844900369e-01
9.034777038011467809e-01
1.867352347034281213e-01
2.563756062388091728e-01
5.832108837992806549e-01
9.973690785389595082e-01
3.592595360360105183e-01
8.825628230151127962e-02
7.592486681325802955e-01
4.315435239837243087e-01
1.111589770101922420e-01
2.169439122847970358e-01
6.943091160028225239e-04
5.562738554632795651e-01
1.059893956546188176e-01
1.650714899359392862e-01
2.033933843085122262e-01
3.698084208661522321e-01
3.366471082718042185e-01
4.628148107388534993e-01
5.980109219900208162e-01
9.951065907500696861e-01
7.055779637943817573e-01
4.750738212775614255e-01
9.003529644645114072e-01
5.790216804411100204e-01
1.459175710272742066e-01
3.361817053287409762e-01
1.391959600071524528e-01
3.278931126950206942e-01
4.450934954657692622e-02
2.322541854938879602e-02
2.892729338547063156e-01
4.148405860331546013e-01
4.421542013970578555e-01
6.284700950003886399e-01
7.037078677028083540e-01
8.456422771504826796e-01
2.518867649320720159e-01
1.480550462198454709e-01
2.794272589224383041e-01
2.065752237780086320e-01
2.988782769421216914e-02
1.429440885659498950e-01
2.937180868506113207e-02
2.356093759652312936e-01
7.302000006352833694e-02
2.248519280707889367e-01
2.966379706704476704e-01
4.713625954204785778e-02
2.068730712128550100e-02
1.157129478590641219e-02
1.205115543780256870e-01
9.954330641260323853e-01
1.834215556542760917e-01
5.340116278400745126e-02
4.374853459617424889e-01
3.501997564322242851e-01
8.107249475123180782e-02
1.328304196116677216e-01
6.996374674169275609e-02
2.759619054768306379e-01
1.396843240337881653e-01
6.719572138441856635e-02
1.730905279847045897e-01
1.409898289819589423e-01
1.291990062992473542e-01
2.001724085788571805e-01
5.818262278154480160e-01
4.443578743271409115e-01
1.652864083147462249e-01
1.455267056161520522e-01
3.689511406755047740e-01
7.844015157618602352e-01
1.734335369975038288e-01
1.925428057954149952e-01
1.727122335446101831e-02
6.483124050119983828e-01
3.146893904813159448e-01
3.553332412656908246e-01
3.886680615699044106e-01
3.755551447191501357e-01
4.589345107040802563e-01
9.165097431609173784e-01
4.693234602589547166e-01
9.973436701704336826e-01
3.592595360360105183e-01
8.825628230151127962e-02
7.592486681325802955e-01
4.315435239837243087e-01
1.111589770101922420e-01
2.169439122847970358e-01
6.908032333820812720e-04
5.562606161590326614e-01
1.059893956546188176e-01
1.650714899359392862e-01
2.033933843085122262e-01
3.698084208661522321e-01
3.366471082718042185e-01
4.628148107388534993e-01
5.980109219900208162e-01
8.412448953192925849e-01
3.284942317091857356e-01
4.789923106569047850e-01
7.482993809654377992e-01
4.876724032875733861e-01
6.307785722476219603e-02
1.631081173003406937e-01
1.581732445881444682e-01
6.468723825027630214e-01
1.361876687659147878e-01
1.095818983965002463e-01
2.745718817842975890e-01
6.227727516787457951e-01
1.858432905066174090e-01
4.165142717760986768e-01
4.538500898984016430e-01
8.513101225123052007e-01
3.605089250730584838e-01
5.158502758366882990e-01
6.677391605064416646e-01
4.305959409142792182e-01
6.217073506026762897e-02
8.733417226857392857e-02
2.773515271824421591e-01
5.518344443815728084e-01
9.929175171351432849e-02
1.875016242953718992e-01
2.315615379585448941e-01
7.849723342596256481e-01
2.406050875965918268e-01
2.239759497802124022e-01
3.890687861387975843e-01
8.560865629245296704e-01
4.406093530615785570e-01
5.242350807244946509e-01
7.051597122128085982e-01
3.281552736568116857e-01
9.802481892052783419e-02
1.239914819879378571e-01
1.302374251926312065e-01
6.477243697745770357e-01
1.709994634219456078e-01
1.478527132464417804e-01
3.127690212404405923e-01
7.805233786564050869e-01
1.810787326816399312e-01
2.201842567722473443e-01
4.693732256197934438e-01
8.659355234061639761e-01
4.114012203486508423e-01
5.711321314730648524e-01
6.878530410284789953e-01
3.071315026011533500e-01
9.643059659786339111e-02
1.461408785600266103e-01
1.692000717287910350e-01
5.858622712414811584e-01
1.238392231565345891e-01
1.460223759238752084e-01
3.370159471594664780e-01
7.166411933941195800e-01
3.191613964800418812e-01
2.061488105752669053e-01
4.574085232218295105e-01
8.398209680762748208e-01
3.570396743961811170e-01
5.804354028161499146e-01
7.137339238335183023e-01
3.631421539261889264e-01
6.453840833030886903e-02
1.062054415685092235e-01
2.806293216329594498e-01
5.755075578486278376e-01
1.120549365485040277e-01
1.652923537360126982e-01
2.214832723033846595e-01
6.920511936980645595e-01
2.408945936901928930e-01
1.872037565156223771e-01
4.341576972237590759e-01
9.951065907500695751e-01
7.055779637943817573e-01
4.750738212775615921e-01
9.003529644645114072e-01
5.790216804411101315e-01
1.459175710272742066e-01
3.361817053287409762e-01
1.391959600071524528e-01
3.278931126950206387e-01
4.450934954657689846e-02
2.322541854938878214e-02
2.892729338547063156e-01
4.148405860331546013e-01
4.421542013970578555e-01
6.284700950003885289e-01
7.037078677028084650e-01
8.456422771504826796e-01
2.518867649320720159e-01
1.480550462198454986e-01
2.794272589224383041e-01
2.065752237780086320e-01
2.988782769421216567e-02
1.429440885659498950e-01
2.937180868506112860e-02
2.356093759652313213e-01
7.302000006352833694e-02
2.248519280707889367e-01
2.966379706704476149e-01
4.713625954204785085e-02
2.068730712128549407e-02
1.157129478590641219e-02
1.205115543780256870e-01
9.954330641260323853e-01
1.834215556542760639e-01
5.340116278400745820e-02
4.374853459617424889e-01
3.501997564322243406e-01
8.107249475123182170e-02
1.328304196116677216e-01
6.996374674169274221e-02
2.759619054768305824e-01
1.396843240337881376e-01
6.719572138441856635e-02
1.730905279847046452e-01
1.409898289819589423e-01
1.291990062992473820e-01
2.001724085788571805e-01
5.818262278154480160e-01
4.443578743271409670e-01
1.652864083147462249e-01
1.455267056161520800e-01
3.689511406755047740e-01
7.844015157618601242e-01
1.734335369975038010e-01
1.925428057954149674e-01
1.727122335446101831e-02
6.483124050119984938e-01
3.146893904813159448e-01
3.553332412656908246e-01
3.886680615699044661e-01
3.755551447191501913e-01
4.589345107040802563e-01
9.165097431609173784e-01
4.693234602589547166e-01
