3.733100549963179748e-01
4.781878257006570987e-01
3.547286750825679458e-01
6.363554182370170231e-01
2.914404796450104640e-01
2.586522869689599213e-01
2.673237417428236951e-01
5.064957750357572674e-01
3.319442739413454579e-01
2.587582707255851044e-01
1.408500923817905259e-01
5.538477794574661051e-01
5.703662552635833105e-01
5.514365236220855060e-01
4.224468476409751760e-01
5.307201233273998175e-01
4.300043971557091504e-01
2.351742373807796660e-01
4.348816832170567248e-01
5.017396273246014227e-01
3.985611699729821877e-01
8.758029274854597923e-02
7.933293805680523281e-02
2.635689688362243821e-01
1.687451351258831833e-01
9.370339459659983439e-02
1.011464864419428650e-01
2.660962377921190503e-01
3.785884207521721390e-01
2.059434429754827822e-01
2.441263733325577390e-01
4.579209716038171174e-01
5.105005624109051343e-01
1.678055420432255918e-01
1.792148844947166475e-01
3.164844185825638201e-01
3.371194470275624133e-01
9.716955450598210864e-02
9.144029747498771954e-02
3.845270554558812282e-01
2.002811091959623702e-01
9.642252993652548898e-02
6.111845326482728130e-02
1.648286285150872277e-01
3.616270865574678917e-01
2.039826287861898624e-01
1.674550605969120920e-01
4.553966018869048393e-01
6.156054524056001620e-01
4.330394038268136625e-01
4.580291391899551368e-01
4.659403827057874148e-01
8.887066686516034153e-01
3.449284537890616176e-01
1.849401595553972211e-01
4.547761092978824249e-01
3.796385592057929248e-01
3.749324215317940689e-01
2.874583838081368192e-01
3.444719667913833661e-01
4.586121407934592442e-01
7.406842341667915219e-01
4.696165030543917318e-01
4.745266905171082739e-01
4.887280142889797729e-01
4.603192899638063884e-01
5.962658676617691444e-01
5.957682949264145877e-01
3.077996253668232596e-01
2.467660493758040419e-01
2.767906309733164649e-01
5.436259077577163534e-01
5.395655256447970949e-01
3.254539356553364793e-01
1.925073193832525509e-01
5.160947444360549641e-01
3.875977296716975884e-01
4.582023176956966370e-01
5.101708416644769040e-01
2.163284443178682681e-01
3.503435646873720999e-01
3.472965310139319861e-01
6.033293340606117605e-02
9.602709329179716369e-02
1.678755834543344538e-01
1.003427820543168203e-01
4.327954314849362660e-01
2.475431734744389933e-01
6.612710030873608646e-01
1.691278013313380346e-01
3.337513803100002896e-01
9.183641655883537092e-02
2.238795646652426696e-01
3.942856734047179290e-01
5.254469747529555423e-01
7.371701953763076798e-01
6.468532982723180780e-01
3.171786903563273974e-01
2.183576535005377073e-01
7.239607808274723943e-01
5.172431961688933599e-01
3.464710448954854694e-01
2.806307663982894329e-01
7.055450021536027183e-01
4.123117550846865376e-01
2.044703517118832137e-01
1.611189881950859937e-01
4.952617201633683353e-01
3.322162490223006803e-01
1.688581203312375378e-01
1.237280462236323014e-01
2.552306405457087091e-01
6.181494054208336308e-01
5.963265921876902409e-01
3.248039206551676661e-01
5.985171278543173212e-01
3.733100549963179748e-01
4.781878257006570987e-01
3.547286750825679458e-01
6.363554182370170231e-01
2.914404796450104640e-01
2.586522869689599213e-01
2.673237417428236951e-01
5.064957750357572674e-01
3.319442739413454579e-01
2.587582707255851044e-01
1.408500923817905259e-01
5.538477794574661051e-01
5.703662552635833105e-01
5.514365236220855060e-01
4.224468476409751760e-01
5.307201233273998175e-01
4.300043971557091504e-01
2.351742373807796660e-01
4.348816832170567248e-01
5.017396273246014227e-01
3.985611699729821877e-01
8.758029274854597923e-02
7.933293805680523281e-02
2.635689688362243821e-01
1.687451351258831833e-01
9.370339459659983439e-02
1.011464864419428650e-01
2.660962377921190503e-01
3.785884207521721390e-01
2.059434429754827822e-01
2.441263733325577390e-01
4.579209716038171174e-01
5.105005624109051343e-01
1.678055420432255918e-01
1.792148844947166475e-01
3.164844185825638201e-01
3.371194470275624133e-01
9.716955450598210864e-02
9.144029747498771954e-02
3.845270554558812282e-01
2.002811091959623702e-01
9.642252993652548898e-02
6.111845326482728130e-02
1.648286285150872277e-01
3.616270865574678917e-01
2.039826287861898624e-01
1.674550605969120920e-01
4.553966018869048393e-01
6.156054524056001620e-01
4.330394038268136625e-01
4.580291391899551368e-01
4.659403827057874148e-01
8.887066686516034153e-01
3.449284537890616176e-01
1.849401595553972211e-01
4.547761092978824249e-01
3.796385592057929248e-01
3.749324215317940689e-01
2.874583838081368192e-01
3.444719667913833661e-01
4.586121407934592442e-01
7.406842341667915219e-01
4.696165030543917318e-01
4.745266905171082739e-01
5.172300191955656601e-01
3.464710448954854694e-01
2.806307663982894329e-01
7.055450021536027183e-01
4.123117550846865376e-01
2.044703517118832137e-01
1.611189881950859937e-01
4.952599493807345876e-01
3.321963245883692850e-01
1.688581203312375378e-01
1.237280462236323014e-01
2.552306405457087091e-01
6.181494054208336308e-01
5.963265921876902409e-01
3.248039206551676661e-01
5.985171278543173212e-01
4.759440973622987014e-01
4.121954652650042239e-01
3.377334504232563650e-01
6.657992292729163486e-01
4.049401201675884576e-01
1.294166337083139107e-01
2.266864885385641293e-01
4.750185241377825052e-01
4.451615907026603702e-01
1.391742135586931106e-01
1.210998319539359075e-01
2.886117080893609854e-01
6.618219563714297093e-01
5.441102948317149135e-01
2.513727085298864683e-01
5.783675797800769125e-01
5.363040311993312326e-01
3.636477860107412696e-01
2.570329251811365734e-01
6.106640068942583710e-01
3.790343214793657767e-01
1.602164683148711855e-01
1.684660251256969721e-01
5.887552103920370428e-01
3.100568080779935176e-01
1.519684241036652894e-01
1.562992930668747338e-01
2.586060288731651391e-01
7.183180055754990745e-01
5.826583264696162390e-01
2.768906927423272490e-01
5.535061982753883836e-01
4.998230498475571548e-01
4.886096042095816605e-01
2.723438364438834913e-01
6.693672250684291614e-01
4.381046583644580550e-01
1.684855324770448692e-01
1.568690141946945116e-01
3.689890211124141617e-01
4.524148251300911250e-01
2.061748010783318596e-01
1.140452214664426228e-01
3.525463790052127955e-01
6.764177979435590515e-01
5.817859898052171186e-01
2.867728611129591321e-01
6.140542993654837245e-01
4.947805440310797387e-01
5.317803386273178834e-01
3.229539955016951791e-01
6.422062778880074374e-01
3.898128142361922399e-01
1.678447922689271787e-01
2.145592311305621891e-01
4.011720312207230354e-01
4.166691815018950251e-01
1.347030991964807412e-01
1.097150862336448707e-01
3.955935738698332926e-01
6.448398345779592367e-01
6.864156324890227090e-01
2.631654918874233307e-01
6.032350653472129398e-01
5.131168408878360454e-01
3.783888479399002414e-01
2.818998774870278279e-01
6.670352496765937778e-01
3.688511215015444766e-01
1.583117604753513374e-01
1.705640817367604090e-01
4.878415085252542638e-01
3.052184477439994215e-01
1.640882787869909487e-01
1.241776493335614434e-01
2.865672615696415737e-01
6.345572302796077535e-01
5.402730154129404827e-01
2.637053923147227863e-01
5.914033300039542862e-01
3.733100549963179193e-01
4.781878257006570432e-01
3.547286750825680013e-01
6.363554182370171342e-01
2.914404796450105195e-01
2.586522869689599213e-01
2.673237417428237506e-01
5.064957750357573785e-01
3.319442739413454024e-01
2.587582707255851044e-01
1.408500923817905537e-01
5.538477794574659940e-01
5.703662552635833105e-01
5.514365236220855060e-01
4.224468476409752316e-01
5.307201233273999286e-01
4.300043971557092060e-01
2.351742373807796382e-01
4.348816832170567248e-01
5.017396273246014227e-01
3.985611699729821877e-01
8.758029274854597923e-02
7.933293805680523281e-02
2.635689688362243821e-01
1.687451351258831833e-01
9.370339459659983439e-02
1.011464864419428650e-01
2.660962377921189947e-01
3.785884207521720279e-01
2.059434429754827267e-01
2.441263733325578500e-01
4.579209716038170619e-01
5.105005624109051343e-01
1.678055420432255640e-01
1.792148844947166753e-01
3.164844185825638201e-01
3.371194470275624688e-01
9.716955450598212252e-02
9.144029747498771954e-02
3.845270554558812282e-01
2.002811091959623702e-01
9.642252993652548898e-02
6.111845326482728824e-02
1.648286285150872277e-01
3.616270865574678361e-01
2.039826287861898624e-01
1.674550605969120920e-01
4.553966018869049504e-01
6.156054524056001620e-01
4.330394038268135515e-01
4.580291391899551923e-01
4.659403827057874148e-01
8.887066686516034153e-01
3.449284537890616176e-01
1.849401595553971933e-01
4.547761092978823139e-01
3.796385592057929803e-01
3.749324215317940689e-01
2.874583838081368192e-01
3.444719667913834216e-01
4.586121407934592997e-01
7.406842341667915219e-01
4.696165030543917873e-01
4.745266905171082739e-01
