4.403583191235327932e-01
4.482021916482072932e-01
5.182894238679974785e-01
3.995828506574674033e-01
3.336199592330074126e-01
1.401082678937800030e-01
4.387941992765521104e-01
2.689446256548148062e-01
3.219658161028391419e-01
2.944227323584748812e-01
3.216615654244787126e-01
4.893834218048183637e-01
3.191806028534986961e-01
5.272523261225372515e-01
5.751244367146484127e-01
3.411418569458994909e-01
4.183301975353196922e-01
1.949508552104953218e-01
3.842785820513177075e-01
3.085053975383216796e-01
2.620573365314129433e-01
1.010357660705157729e-01
1.796714621429135184e-01
2.092005915136736227e-01
3.673236898254383931e-01
1.768281823423284993e-01
3.163470559690324535e-01
4.189589845541528135e-01
2.463484250171375234e-01
2.041622703150121898e-01
1.823882565018075386e-01
2.590101240688460482e-01
7.642208890286810163e-01
3.018714646279514469e-01
3.248608845138908352e-01
4.704091771029836888e-01
4.036649922455540773e-01
1.593028406961107812e-01
2.762614937393999548e-01
3.888586482414295165e-01
5.003855500748207730e-01
2.721380612007298638e-01
2.399282927018247247e-01
2.458647361978803514e-01
2.711101299071633774e-01
2.732422690129334697e-01
3.334732277532251321e-01
4.741608317450383692e-01
2.601007029966085349e-01
3.011418669241749946e-01
2.483053027926240275e-01
3.382983229414098791e-01
5.197952211897340913e-01
3.572767303628582303e-01
3.623698152969372366e-01
2.171029549929661684e-01
5.132931682334673784e-01
3.937191442983435374e-01
4.258449085299522707e-01
3.785691262333893414e-01
2.354692939898426762e-01
4.497167036705977394e-01
5.825164161852071087e-01
3.145076941968611983e-01
4.344051485654210065e-01
4.526782152593610831e-01
5.401362609729030151e-01
3.783974998307688686e-01
3.590028942455666394e-01
2.243709664896541556e-01
4.458856992842315514e-01
3.736522142683149084e-01
3.575485183166613457e-01
3.504797041353551190e-01
2.619610878077296423e-01
3.291163355156747627e-01
4.704121417479339984e-01
4.131062259850827312e-01
5.609978456305740879e-01
3.425347679489763042e-01
2.756388063243461195e-01
3.563042945350041180e-01
1.565133179104310490e-01
2.639602942084777193e-01
3.603685603089891165e-01
2.427543521568246987e-01
2.408884508753272591e-01
3.459468700895189097e-01
6.287536788756757922e-01
2.816272324456500220e-01
3.873071940575463223e-01
2.240363640247041710e-01
4.101215403974214357e-01
2.839616972596408218e-01
2.452207998862110938e-01
6.418433856363798817e-01
5.739505735161347655e-01
3.360708162212444616e-01
5.222254327372622962e-01
4.890581228447080098e-01
5.033619231099114577e-01
3.213748614824359362e-01
3.339543101077201426e-01
5.270583042493459658e-01
2.850669156591058018e-01
2.100727935466272789e-01
3.475791402572530053e-01
3.122760301300420149e-01
6.730855922904022126e-01
2.953070897292707775e-01
3.562581365789062038e-01
3.398577033372253697e-01
3.388453178177368019e-01
4.906414443541061710e-01
4.548956939386533116e-01
4.022338536050263369e-01
4.403583191235327932e-01
4.482021916482072932e-01
5.182894238679974785e-01
3.995828506574674033e-01
3.336199592330074126e-01
1.401082678937800030e-01
4.387941992765521104e-01
2.689446256548148062e-01
3.219658161028391419e-01
2.944227323584748812e-01
3.216615654244787126e-01
4.893834218048183637e-01
3.191806028534986961e-01
5.272523261225372515e-01
5.751244367146484127e-01
3.411418569458994909e-01
4.183301975353196922e-01
1.949508552104953218e-01
3.842785820513177075e-01
3.085053975383216796e-01
2.620573365314129433e-01
1.010357660705157729e-01
1.796714621429135184e-01
2.092005915136736227e-01
3.673236898254383931e-01
1.768281823423284993e-01
3.163470559690324535e-01
4.189589845541528135e-01
2.463484250171375234e-01
2.041622703150121898e-01
1.823882565018075386e-01
2.590101240688460482e-01
7.642208890286810163e-01
3.018714646279514469e-01
3.248608845138908352e-01
4.704091771029836888e-01
4.036649922455540773e-01
1.593028406961107812e-01
2.762614937393999548e-01
3.888586482414295165e-01
5.003855500748207730e-01
2.721380612007298638e-01
2.399282927018247247e-01
2.458647361978803514e-01
2.711101299071633774e-01
2.732422690129334697e-01
3.334732277532251321e-01
4.741608317450383692e-01
2.601007029966085349e-01
3.011418669241749946e-01
2.483053027926240275e-01
3.382983229414098791e-01
5.197952211897340913e-01
3.572767303628582303e-01
3.623698152969372366e-01
2.171029549929661684e-01
5.132931682334673784e-01
3.937191442983435374e-01
4.258449085299522707e-01
3.785691262333893414e-01
2.354692939898426762e-01
4.497167036705977394e-01
5.825164161852071087e-01
3.145076941968611983e-01
5.033490997674602285e-01
3.213748614824359362e-01
3.339543101077201426e-01
5.270583042493459658e-01
2.850669156591058018e-01
2.100727935466272789e-01
3.475791402572530053e-01
3.122736173753306588e-01
6.730758382577410881e-01
2.953070897292707775e-01
3.562581365789062038e-01
3.398577033372253697e-01
3.388453178177368019e-01
4.906414443541061710e-01
4.548956939386533116e-01
4.022338536050263369e-01
4.448041638905649853e-01
3.577881688916593750e-01
6.940807816929464025e-01
4.175434957617187304e-01
4.286218291195788566e-01
1.574600924089019915e-01
3.349576125005484517e-01
3.335540927511695952e-01
7.278918515218349983e-01
2.866532857465246553e-01
4.038972979341839409e-01
4.052959512400121644e-01
3.931169141456952176e-01
3.536723062143175556e-01
4.333509504387991207e-01
3.932147967845101011e-01
4.418246538327025297e-01
3.619080325424247069e-01
5.946615670423138766e-01
3.776003402254040076e-01
3.910731058260267234e-01
1.480013313450684320e-01
2.856008553443588616e-01
4.938725490196077539e-01
6.916874186900239252e-01
2.791481480417191130e-01
4.028374515801644851e-01
3.445703115412194761e-01
4.609507953320755025e-01
4.572814639113838009e-01
3.929002982932833232e-01
3.191635513502864563e-01
4.470257139703616711e-01
4.652847840489543474e-01
6.241960057806210660e-01
4.190917108683637204e-01
3.418316340995409264e-01
2.287223878222822693e-01
2.777296161452447731e-01
2.408006179414015069e-01
8.306780036134159273e-01
3.141729208964892939e-01
3.940962032207282473e-01
5.185467378555370654e-01
4.588525256723875456e-01
3.865740493285342860e-01
3.921125960343035399e-01
3.911582419017998191e-01
4.386314564865415599e-01
4.322297160794743021e-01
6.764102008313364056e-01
4.352642090892169802e-01
3.575742715415565764e-01
2.155655320029668254e-01
3.174769805743118956e-01
2.887837594900269367e-01
6.428763743937147002e-01
3.002772011097702975e-01
3.855343207341826450e-01
5.082932036912751750e-01
4.597222583698989951e-01
4.414842388400754269e-01
3.970191186834386432e-01
3.629924568543366203e-01
4.208550736726249797e-01
3.732003511056662948e-01
6.226911862221257143e-01
4.541615887111679628e-01
3.549351328123618310e-01
1.567754490917797616e-01
3.055653306660020552e-01
3.867228134136237450e-01
6.675043016778899885e-01
3.092107832453790395e-01
3.901915344684919185e-01
3.838282518095125773e-01
4.274487046397521528e-01
3.692511942896823940e-01
3.750067006545353410e-01
3.352749334037651852e-01
4.403583191235327376e-01
4.482021916482072377e-01
5.182894238679975896e-01
3.995828506574674033e-01
3.336199592330074681e-01
1.401082678937800030e-01
4.387941992765521659e-01
2.689446256548148062e-01
3.219658161028391419e-01
2.944227323584749367e-01
3.216615654244786571e-01
4.893834218048183082e-01
3.191806028534986961e-01
5.272523261225373625e-01
5.751244367146484127e-01
3.411418569458994909e-01
4.183301975353198032e-01
1.949508552104953218e-01
3.842785820513177075e-01
3.085053975383216796e-01
2.620573365314129433e-01
1.010357660705157590e-01
1.796714621429135184e-01
2.092005915136735950e-01
3.673236898254383931e-01
1.768281823423284715e-01
3.163470559690325090e-01
4.189589845541527580e-01
2.463484250171374679e-01
2.041622703150121343e-01
1.823882565018075941e-01
2.590101240688460482e-01
7.642208890286810163e-01
3.018714646279513913e-01
3.248608845138908352e-01
4.704091771029836888e-01
4.036649922455540773e-01
1.593028406961108090e-01
2.762614937393999548e-01
3.888586482414294609e-01
5.003855500748207730e-01
2.721380612007298638e-01
2.399282927018247247e-01
2.458647361978803514e-01
2.711101299071633774e-01
2.732422690129334697e-01
3.334732277532251876e-01
4.741608317450384802e-01
2.601007029966085349e-01
3.011418669241749391e-01
2.483053027926240275e-01
3.382983229414098791e-01
5.197952211897340913e-01
3.572767303628581748e-01
3.623698152969372366e-01
2.171029549929661684e-01
5.132931682334673784e-01
3.937191442983435374e-01
4.258449085299522707e-01
3.785691262333893969e-01
2.354692939898427040e-01
4.497167036705977394e-01
5.825164161852071087e-01
3.145076941968611428e-01
