2.647401817657920042e-01
3.506666427293778643e-01
9.409463144085541408e-01
0.000000000000000000e+00
5.459576938702924709e-01
2.032886828762188736e-01
1.332982418921718204e-01
6.377337366816565600e-02
9.675502793657364542e-01
9.999999999999997780e-01
7.816911793168435096e-01
5.518910822232921953e-01
1.949456696616420348e-01
1.895619834932391057e-02
1.717730489735926624e-01
2.174682144831398267e-01
3.903624899266338044e-01
0.000000000000000000e+00
7.745830139095266631e-01
1.527030767107226961e-01
2.675501335996329222e-01
2.015369052478392653e-01
0.000000000000000000e+00
4.456289978678038555e-01
3.555616834993623465e-01
7.281703881326416494e-02
9.346446064252381114e-02
3.199407491048048002e-01
3.048562664876647288e-01
1.227111435911417137e-01
4.023680892991401414e-01
2.898760669788626454e-01
4.521948786791505359e-01
6.482237368773061670e-01
1.000000000000000000e+00
1.457648178238811765e-01
2.590869689969783618e-01
2.483717774762550790e-01
1.607648916358532798e-01
7.356859768951851120e-01
1.853330764813837517e-01
2.672978589170611485e-01
5.026192032133360854e-01
7.598983742157729981e-01
4.103998986344934430e-01
1.171390349457183122e-01
5.776931113363704684e-01
6.783960412826809394e-01
2.966309574860742648e-01
9.599074791622692893e-02
5.177616196905381329e-01
3.603133756504832141e-01
2.693853389953280164e-01
0.000000000000000000e+00
5.353092229057231366e-01
7.251452144996725635e-02
5.232709673510153037e-01
0.000000000000000000e+00
6.247980874846547072e-01
3.888046631988916757e-01
2.999599516807815447e-01
6.498756218905472615e-01
2.544716020302910109e-01
1.046593583907016733e-01
2.122462821446601255e-01
5.135152457585494545e-01
8.673027267989574796e-01
1.200524026602848709e-01
5.092581511075481293e-01
5.957024652621936145e-01
2.267872138965797979e-01
2.995988300437503749e-01
7.384090881847067411e-01
1.000000000000000000e+00
6.429326167648887758e-01
2.808894595124734606e-01
4.961603803560740711e-02
1.460973088452437729e-01
3.746786622510933640e-01
4.011580568678340120e-01
6.584107054137685600e-01
5.253011102691834688e-01
3.394997343533938117e-01
4.178734901760998433e-02
4.337302632700785754e-01
1.241661802718252161e-01
4.226270549006262423e-01
7.576202686041436651e-01
5.630475605897751201e-01
3.969370235467752361e-01
4.372106664749425553e-02
2.736369918487531194e-01
1.612208035958689889e-02
2.600945572282225560e-01
2.977737075248017562e-01
4.986548908762846177e-01
5.361832930508991790e-01
2.865262348463394337e-01
7.639497640329477868e-01
3.584413045048643887e-01
3.490430281642832311e-01
2.499112412280196094e-01
1.000000000000000000e+00
1.886801230309200772e-01
2.516239375765579878e-01
2.122562315549784417e-01
2.181267219134181423e-01
4.190672004274618168e-01
8.898586590881827352e-01
3.329368419469963536e-01
5.304925943934839516e-01
5.415942688638613056e-01
3.717016869400732726e-01
3.164592826666674519e-01
4.136631421981296630e-01
2.925143424950851778e-01
2.647401817657920042e-01
3.506666427293778643e-01
9.409463144085541408e-01
0.000000000000000000e+00
5.459576938702924709e-01
2.032886828762188736e-01
1.332982418921718204e-01
6.377337366816565600e-02
9.675502793657364542e-01
9.999999999999997780e-01
7.816911793168435096e-01
5.518910822232921953e-01
1.949456696616420348e-01
1.895619834932391057e-02
1.717730489735926624e-01
2.174682144831398267e-01
3.903624899266338044e-01
0.000000000000000000e+00
7.745830139095266631e-01
1.527030767107226961e-01
2.675501335996329222e-01
2.015369052478392653e-01
0.000000000000000000e+00
4.456289978678038555e-01
3.555616834993623465e-01
7.281703881326416494e-02
9.346446064252381114e-02
3.199407491048048002e-01
3.048562664876647288e-01
1.227111435911417137e-01
4.023680892991401414e-01
2.898760669788626454e-01
4.521948786791505359e-01
6.482237368773061670e-01
1.000000000000000000e+00
1.457648178238811765e-01
2.590869689969783618e-01
2.483717774762550790e-01
1.607648916358532798e-01
7.356859768951851120e-01
1.853330764813837517e-01
2.672978589170611485e-01
5.026192032133360854e-01
7.598983742157729981e-01
4.103998986344934430e-01
1.171390349457183122e-01
5.776931113363704684e-01
6.783960412826809394e-01
2.966309574860742648e-01
9.599074791622692893e-02
5.177616196905381329e-01
3.603133756504832141e-01
2.693853389953280164e-01
0.000000000000000000e+00
5.353092229057231366e-01
7.251452144996725635e-02
5.232709673510153037e-01
0.000000000000000000e+00
6.247980874846547072e-01
3.888046631988916757e-01
2.999599516807815447e-01
6.498756218905472615e-01
2.544716020302910109e-01
1.046593583907016733e-01
3.490341361562173117e-01
2.499112412280196094e-01
1.000000000000000000e+00
1.886801230309200772e-01
2.516239375765579878e-01
2.122562315549784417e-01
2.181267219134181423e-01
4.190651623301865358e-01
8.898553728389040351e-01
3.329368419469963536e-01
5.304925943934839516e-01
5.415942688638613056e-01
3.717016869400732726e-01
3.164592826666674519e-01
4.136631421981296630e-01
2.925143424950851778e-01
4.992110375084949370e-01
4.667486959006797442e-01
8.335297458763242240e-01
1.629973682007808677e-01
4.288391727602311465e-01
7.664256775717229186e-02
3.172059081514857493e-01
3.374940173827709056e-01
3.934439295925515889e-01
3.744129348910155697e-01
7.916052621257628763e-01
6.746808298735383902e-01
3.915412227601054451e-01
4.223207596984313028e-02
6.023595711973183109e-01
2.454168441203412043e-01
2.367967250141162772e-01
3.991820147878463731e-01
1.000000000000000000e+00
2.879824506911068394e-01
4.782598645077595911e-01
1.253207586835675125e-01
3.217075777555311600e-01
1.625000000000000888e-01
3.816241665713474562e-01
2.781275987849958775e-01
6.287036182692941066e-01
9.073414954883003425e-01
7.387208252419295018e-01
2.203525929738772149e-01
2.789862577777298958e-01
3.046410915483994952e-02
4.203040372496261168e-01
6.236598557313924873e-01
3.619509469067112573e-01
4.157775226482864905e-01
4.446610733747709543e-01
1.599018796311438284e-01
2.741062472478990597e-01
5.774675395444039960e-02
4.884798357268577140e-01
4.259623063990373715e-01
8.087431352670931828e-01
8.015907597918190408e-01
4.767905590788757975e-01
0.000000000000000000e+00
7.056949134754437747e-01
1.602971617686809735e-01
3.580459903461380433e-01
3.984477216373232822e-01
9.725301117338718271e-01
3.024965877577201478e-01
3.334252965620109754e-01
6.477569048202905244e-02
5.447274571834732626e-01
1.017088948222260036e-01
1.000000000000000000e+00
4.356931604512692680e-01
4.050876159394880549e-01
7.658560658542220567e-01
2.902820151681214655e-01
3.004540962167522866e-01
6.153184718472601844e-01
2.539196397871774646e-01
3.054133664599533171e-01
1.610649682337599309e-01
8.919392188374194452e-01
4.542551290588289215e-01
3.643036223855438682e-01
1.054544382054716234e-01
2.850315939790147302e-01
3.332737275959032908e-01
1.000000000000000000e+00
4.157272694301535343e-01
6.166498211226848492e-01
4.046163950672147513e-01
3.200224675209253355e-01
3.030313741427032581e-01
6.423213712891879812e-01
1.209172058844453918e-01
2.647401817657919487e-01
3.506666427293779198e-01
9.409463144085541408e-01
0.000000000000000000e+00
5.459576938702925819e-01
2.032886828762188736e-01
1.332982418921718482e-01
6.377337366816565600e-02
9.675502793657363432e-01
1.000000000000000000e+00
7.816911793168433986e-01
5.518910822232920843e-01
1.949456696616420348e-01
1.895619834932391057e-02
1.717730489735926902e-01
2.174682144831398545e-01
3.903624899266338599e-01
0.000000000000000000e+00
7.745830139095267741e-01
1.527030767107226961e-01
2.675501335996329777e-01
2.015369052478392653e-01
0.000000000000000000e+00
4.456289978678038000e-01
3.555616834993624020e-01
7.281703881326416494e-02
9.346446064252381114e-02
3.199407491048047447e-01
3.048562664876646733e-01
1.227111435911416859e-01
4.023680892991401414e-01
2.898760669788626454e-01
4.521948786791505359e-01
6.482237368773061670e-01
1.000000000000000000e+00
1.457648178238811765e-01
2.590869689969784173e-01
2.483717774762551067e-01
1.607648916358532798e-01
7.356859768951851120e-01
1.853330764813837517e-01
2.672978589170611485e-01
5.026192032133360854e-01
7.598983742157731092e-01
4.103998986344933875e-01
1.171390349457183122e-01
5.776931113363704684e-01
6.783960412826808284e-01
2.966309574860742648e-01
9.599074791622690117e-02
5.177616196905382440e-01
3.603133756504832141e-01
2.693853389953280164e-01
0.000000000000000000e+00
5.353092229057232476e-01
7.251452144996725635e-02
5.232709673510151926e-01
0.000000000000000000e+00
6.247980874846548183e-01
3.888046631988917312e-01
2.999599516807815447e-01
6.498756218905472615e-01
2.544716020302910109e-01
1.046593583907016872e-01
