4.209498827033748558e-01
5.792321916106399904e-01
5.497141584885253396e-01
5.127532876895344316e-01
4.953284746681660966e-01
2.932532992815843897e-01
1.732867617237245916e-01
5.762006009050195665e-01
6.101366362384159636e-01
1.581277372509973245e-01
2.596202750786310576e-01
6.974722059239990557e-01
4.873970059240894659e-01
3.518475704335196630e-01
5.178512735208672391e-01
4.220653913464999518e-01
4.461893789742078509e-01
3.017590466467860999e-01
3.026621069267115827e-01
4.018245660725228707e-01
3.156993733100856292e-01
8.284231609468131752e-02
5.008697418755295866e-02
2.959566657959497582e-01
9.113171529012384364e-02
5.352483326491307147e-02
6.237410281258602696e-02
2.159198449305025913e-01
5.603300638207655560e-01
2.056351611518088818e-01
1.659418449419950703e-01
4.194310932643179335e-01
6.093002696204844471e-01
1.770424756409444134e-01
2.478635648391513402e-01
2.943269049567287521e-01
2.422882905482812710e-01
6.485966876930210345e-02
6.919264619559664653e-02
2.718094537482730333e-01
1.509414632543351620e-01
6.807850867327518152e-02
7.104381064563664028e-02
2.924494999413892460e-01
4.501650190394065887e-01
2.509426260479087900e-01
2.648404075135278313e-01
6.988634064735815832e-01
6.001608767891997154e-01
4.624186525570132544e-01
7.538235139611929592e-01
4.147019359149219375e-01
6.427601812583617624e-01
2.471094491111814062e-01
1.014774427177070060e-01
4.887953602660881081e-01
4.248405943454020561e-01
3.089286420344379835e-01
2.670980256390708130e-01
6.029259879179426074e-01
4.801679612588286572e-01
5.304951400250216276e-01
6.137549607006893559e-01
3.608662936446595526e-01
4.501519629727835925e-01
6.695970839250429130e-01
7.015007465234432971e-01
4.769381214778736222e-01
6.176718857058742795e-01
3.508708223368918744e-01
2.000109662879638595e-01
6.702688373396004096e-01
7.744017205229600798e-01
1.954149269389449661e-01
2.752486095311216241e-01
4.496164139838411122e-01
2.863118904886947647e-01
4.420959711743116527e-01
5.944693339217563821e-01
3.747293814516652333e-01
2.179094080957427182e-01
2.663424831732751352e-01
6.283957658196499818e-02
5.865796367761264007e-02
8.611867699817195299e-02
6.605028981354189865e-02
7.006852985152360880e-01
2.942475053780202465e-01
5.836620304749831067e-01
1.989564323328014694e-01
2.321705467223641739e-01
5.744031380762994882e-02
1.380419716171016886e-01
4.549248222511175777e-01
5.311364607494387657e-01
6.309443401889867076e-01
6.984720077625103940e-01
2.606396708067914014e-01
2.710085615300764639e-01
6.892555300293929932e-01
5.621923734318999832e-01
4.406023141472061311e-01
4.274436987336904803e-01
5.854245671446351995e-01
3.596977056832103559e-01
1.745813465042427848e-01
1.005863356039542328e-01
4.971966393439454235e-01
4.096272608001856885e-01
9.563496637869797756e-02
1.354881699455735000e-01
4.587610129602963105e-01
6.630577863243317660e-01
4.600552421613131049e-01
4.134147480225272564e-01
5.344614086392559527e-01
4.209498827033748558e-01
5.792321916106399904e-01
5.497141584885253396e-01
5.127532876895344316e-01
4.953284746681660966e-01
2.932532992815843897e-01
1.732867617237245916e-01
5.762006009050195665e-01
6.101366362384159636e-01
1.581277372509973245e-01
2.596202750786310576e-01
6.974722059239990557e-01
4.873970059240894659e-01
3.518475704335196630e-01
5.178512735208672391e-01
4.220653913464999518e-01
4.461893789742078509e-01
3.017590466467860999e-01
3.026621069267115827e-01
4.018245660725228707e-01
3.156993733100856292e-01
8.284231609468131752e-02
5.008697418755295866e-02
2.959566657959497582e-01
9.113171529012384364e-02
5.352483326491307147e-02
6.237410281258602696e-02
2.159198449305025913e-01
5.603300638207655560e-01
2.056351611518088818e-01
1.659418449419950703e-01
4.194310932643179335e-01
6.093002696204844471e-01
1.770424756409444134e-01
2.478635648391513402e-01
2.943269049567287521e-01
2.422882905482812710e-01
6.485966876930210345e-02
6.919264619559664653e-02
2.718094537482730333e-01
1.509414632543351620e-01
6.807850867327518152e-02
7.104381064563664028e-02
2.924494999413892460e-01
4.501650190394065887e-01
2.509426260479087900e-01
2.648404075135278313e-01
6.988634064735815832e-01
6.001608767891997154e-01
4.624186525570132544e-01
7.538235139611929592e-01
4.147019359149219375e-01
6.427601812583617624e-01
2.471094491111814062e-01
1.014774427177070060e-01
4.887953602660881081e-01
4.248405943454020561e-01
3.089286420344379835e-01
2.670980256390708130e-01
6.029259879179426074e-01
4.801679612588286572e-01
5.304951400250216276e-01
6.137549607006893559e-01
3.608662936446595526e-01
5.621780513606486895e-01
4.406023141472061311e-01
4.274436987336904803e-01
5.854245671446351995e-01
3.596977056832103559e-01
1.745813465042427848e-01
1.005863356039542328e-01
4.971948753496244766e-01
4.096096460519685345e-01
9.563496637869797756e-02
1.354881699455735000e-01
4.587610129602963105e-01
6.630577863243317660e-01
4.600552421613131049e-01
4.134147480225272564e-01
5.344614086392559527e-01
5.852329404770332255e-01
3.526608449232315201e-01
5.067007997792822849e-01
5.995874818507557213e-01
3.854428195072057695e-01
1.277620077477277238e-01
1.367161775754268671e-01
4.134519452697818509e-01
4.747045136075590532e-01
1.270182002298874402e-01
1.745881056674373211e-01
3.795683686566577730e-01
6.323792444707645455e-01
3.749667545092285614e-01
3.855547457443287973e-01
5.626744057996984072e-01
6.087497453682702009e-01
3.405376484030800399e-01
4.056616334063791185e-01
5.727127084764596088e-01
3.093381670344239609e-01
1.281116628644760613e-01
1.174638066376553214e-01
5.586939391752080430e-01
4.652502118955144095e-01
9.498549625747891578e-02
1.967074582063912669e-01
3.352916086699062048e-01
7.140527021249423179e-01
5.078272347843354462e-01
3.355905174742427333e-01
4.967867512791366291e-01
5.853276270645656476e-01
3.844169013646673294e-01
4.139472688255554367e-01
6.660744171164004745e-01
3.123516025511494099e-01
1.557282860256271051e-01
1.481643187964250541e-01
2.997468618654521855e-01
5.589949763781066894e-01
1.929906224882803611e-01
1.730435443617973079e-01
3.743321951264328984e-01
7.111248026838421499e-01
4.496642066472397725e-01
2.749940907340712726e-01
5.816119221299588249e-01
5.820081558766373453e-01
4.123812003562788431e-01
4.634499248466319998e-01
6.432512753679289208e-01
3.436547869499355090e-01
1.367634572864625531e-01
1.685246717995996235e-01
3.314068450821084366e-01
4.959826496762544945e-01
1.614634130965548198e-01
1.559064572792282222e-01
3.865098749629023445e-01
6.377596755769979753e-01
5.423963112834033762e-01
3.076568893321168785e-01
5.808120969464880545e-01
5.772548567274931042e-01
2.757020003906329730e-01
4.508679647670953416e-01
6.827760240251448121e-01
3.107289617581981411e-01
1.317496296413901702e-01
1.360419511074822951e-01
4.235957425820522926e-01
4.484100203867510404e-01
1.585512303324157490e-01
1.506062229195497815e-01
3.304571362778647159e-01
6.404035024610503779e-01
4.414049759632828196e-01
3.270395563010648488e-01
5.291607866966322460e-01
4.209498827033748558e-01
5.792321916106398794e-01
5.497141584885255616e-01
5.127532876895344316e-01
4.953284746681662076e-01
2.932532992815844453e-01
1.732867617237246471e-01
5.762006009050195665e-01
6.101366362384159636e-01
1.581277372509972967e-01
2.596202750786310576e-01
6.974722059239990557e-01
4.873970059240895214e-01
3.518475704335197740e-01
5.178512735208673501e-01
4.220653913465000073e-01
4.461893789742079064e-01
3.017590466467860999e-01
3.026621069267115827e-01
4.018245660725228707e-01
3.156993733100856292e-01
8.284231609468131752e-02
5.008697418755295172e-02
2.959566657959497582e-01
9.113171529012384364e-02
5.352483326491306453e-02
6.237410281258603389e-02
2.159198449305025358e-01
5.603300638207654449e-01
2.056351611518088263e-01
1.659418449419950981e-01
4.194310932643179335e-01
6.093002696204844471e-01
1.770424756409444134e-01
2.478635648391513679e-01
2.943269049567287521e-01
2.422882905482813265e-01
6.485966876930211733e-02
6.919264619559666041e-02
2.718094537482730333e-01
1.509414632543351620e-01
6.807850867327518152e-02
7.104381064563664028e-02
2.924494999413893015e-01
4.501650190394064777e-01
2.509426260479087900e-01
2.648404075135278868e-01
6.988634064735816942e-01
6.001608767891998264e-01
4.624186525570132544e-01
7.538235139611930702e-01
4.147019359149219375e-01
6.427601812583617624e-01
2.471094491111813785e-01
1.014774427177070060e-01
4.887953602660881081e-01
4.248405943454020561e-01
3.089286420344379835e-01
2.670980256390708130e-01
6.029259879179426074e-01
4.801679612588287127e-01
5.304951400250216276e-01
6.137549607006893559e-01
3.608662936446595526e-01
