2.889580184979476107e-01
5.549415689955672359e-01
5.540058779577961001e-01
4.056545194209014715e-01
4.449924498409859597e-01
2.295444630893460625e-01
2.994422252490510639e-01
5.459797981559311175e-01
3.665661992756593657e-01
3.020541405212628372e-01
1.937012670510608880e-01
5.373412170115776654e-01
2.259305934186859599e-01
3.019164449866059696e-01
5.967866963894694621e-01
3.352242493942443335e-01
6.562111786524160717e-01
3.330166545280590085e-01
4.857777524596124108e-01
3.117311437123062023e-01
3.841903729761956821e-01
9.874480760019577197e-02
1.130966957895936792e-01
2.440928219181017766e-01
2.244636886466554460e-01
1.138931070598419443e-01
1.602781168187736027e-01
3.770916688030306330e-01
2.151546804075655517e-01
2.855220491567388996e-01
4.516108643229331254e-01
2.789617086126731649e-01
6.006931525704294339e-01
3.298765408074277317e-01
2.617758923276917171e-01
2.979153718945610207e-01
7.090106657333001827e-01
1.457183354044466750e-01
1.648073007353203501e-01
4.708108839931238743e-01
3.320470811855057436e-01
2.538705658972638668e-01
1.494828160840134534e-01
3.483354594272931593e-01
2.962275197196373999e-01
2.804563190005768258e-01
4.206497558858364183e-01
6.274543865090760342e-01
2.734981968034723709e-01
2.598727056627736509e-01
1.446297226261262225e-01
2.542837111192580157e-01
5.743621559698269818e-01
3.224712509743730138e-01
2.477532858400814386e-01
3.395529613130597313e-01
4.488908979411480038e-01
6.929372927507437829e-01
6.588760660876316066e-01
5.426759804716938529e-01
1.855995707971864472e-01
5.177874969529916438e-01
7.503251263417342054e-01
1.802646618982333970e-01
2.699219949896820570e-01
6.115797743429041144e-01
5.828138298234866177e-01
3.780129432758869701e-01
5.435397230327814189e-01
3.467908040795777413e-01
3.475082305492535051e-01
5.551209283688745000e-01
4.810914190774218113e-01
4.037477581276396887e-01
2.108550058507762670e-01
2.406660846967610401e-01
2.665175890054020669e-01
4.244662902097895429e-01
7.958779604449056633e-01
5.577361429591974895e-01
5.352447564717884854e-01
6.437422226256691582e-01
1.101947957504629261e-01
1.461152895498461224e-01
2.279065580341200770e-01
1.495949744239857826e-01
1.659103435846794317e-01
3.522919763754423506e-01
5.696298480313662926e-01
3.013313623520477713e-01
7.702068939151253124e-01
2.061139544415823976e-01
2.895813588787404802e-01
2.776293768867738598e-01
2.224669618140903971e-01
6.125607916864768132e-01
5.326615895002750900e-01
3.764148266096548623e-01
4.920823945134025212e-01
5.113387516589671389e-01
4.544749377506209775e-01
4.362242145773692070e-01
3.228422373006716306e-01
4.361711383048174073e-01
5.090464968484827990e-01
2.165560867257708688e-01
2.234348436353451595e-01
4.848189039069626949e-01
4.834327247041904640e-01
3.281280810937905468e-01
2.999100644818659123e-01
4.602652545289016017e-01
2.730583961024590223e-01
4.835385165912333694e-01
6.773012209748399126e-01
3.639405497892093666e-01
2.889580184979476107e-01
5.549415689955672359e-01
5.540058779577961001e-01
4.056545194209014715e-01
4.449924498409859597e-01
2.295444630893460625e-01
2.994422252490510639e-01
5.459797981559311175e-01
3.665661992756593657e-01
3.020541405212628372e-01
1.937012670510608880e-01
5.373412170115776654e-01
2.259305934186859599e-01
3.019164449866059696e-01
5.967866963894694621e-01
3.352242493942443335e-01
6.562111786524160717e-01
3.330166545280590085e-01
4.857777524596124108e-01
3.117311437123062023e-01
3.841903729761956821e-01
9.874480760019577197e-02
1.130966957895936792e-01
2.440928219181017766e-01
2.244636886466554460e-01
1.138931070598419443e-01
1.602781168187736027e-01
3.770916688030306330e-01
2.151546804075655517e-01
2.855220491567388996e-01
4.516108643229331254e-01
2.789617086126731649e-01
6.006931525704294339e-01
3.298765408074277317e-01
2.617758923276917171e-01
2.979153718945610207e-01
7.090106657333001827e-01
1.457183354044466750e-01
1.648073007353203501e-01
4.708108839931238743e-01
3.320470811855057436e-01
2.538705658972638668e-01
1.494828160840134534e-01
3.483354594272931593e-01
2.962275197196373999e-01
2.804563190005768258e-01
4.206497558858364183e-01
6.274543865090760342e-01
2.734981968034723709e-01
2.598727056627736509e-01
1.446297226261262225e-01
2.542837111192580157e-01
5.743621559698269818e-01
3.224712509743730138e-01
2.477532858400814386e-01
3.395529613130597313e-01
4.488908979411480038e-01
6.929372927507437829e-01
6.588760660876316066e-01
5.426759804716938529e-01
1.855995707971864472e-01
5.177874969529916438e-01
7.503251263417342054e-01
1.802646618982333970e-01
4.544633598232993288e-01
4.362242145773692070e-01
3.228422373006716306e-01
4.361711383048174073e-01
5.090464968484827990e-01
2.165560867257708688e-01
2.234348436353451595e-01
4.848170964876037381e-01
4.834173120641964139e-01
3.281280810937905468e-01
2.999100644818659123e-01
4.602652545289016017e-01
2.730583961024590223e-01
4.835385165912333694e-01
6.773012209748399126e-01
3.639405497892093666e-01
3.675749294519949362e-01
3.610982971966935628e-01
5.805025646393562333e-01
4.746432386518518176e-01
5.232737157447329146e-01
1.844814626704350535e-01
3.505460354208287388e-01
3.433570792691461038e-01
7.046051985517333138e-01
2.821653258545428478e-01
3.174446177789446155e-01
4.555490754714556223e-01
3.643479596903303475e-01
4.851112131759628410e-01
5.432209071205783557e-01
3.509735445952473776e-01
3.741966419837998714e-01
4.235143429255988079e-01
4.399282241006234329e-01
4.129325270784781621e-01
4.684199355742778570e-01
1.886657884839013088e-01
3.035067437830831216e-01
4.606401181323832583e-01
6.203339143835726599e-01
2.614080521562124337e-01
3.866269797344110692e-01
3.539149121657307329e-01
4.367114057054541920e-01
5.121026713892947724e-01
4.451309126858398191e-01
3.379777818325283567e-01
3.960826475583554829e-01
5.004783152622519493e-01
4.303014419754116471e-01
4.637896659152669354e-01
4.019503523358914365e-01
2.544893538747549644e-01
2.954127723541610795e-01
2.706267055123716680e-01
6.927861687144062364e-01
3.750442293036362340e-01
3.574828009995582589e-01
4.991615010083165771e-01
4.592537812712182976e-01
3.986138649803169787e-01
4.696233142955684170e-01
3.858972558515178508e-01
3.825912848184581661e-01
4.475190902196956588e-01
6.283512509393047729e-01
4.298823936869937135e-01
4.006918851712605867e-01
2.552152154086815838e-01
3.314835504815192846e-01
3.202049337907504900e-01
5.953151899929538526e-01
2.912268689728382265e-01
3.254324388981948979e-01
5.655701117845471915e-01
4.365503064761175889e-01
5.623492411834982718e-01
4.206013004657064291e-01
3.639179894964645889e-01
3.675516720767875167e-01
4.056108844154958648e-01
6.004104322437248120e-01
4.185871872315317654e-01
3.987671124277534784e-01
1.826277537104653848e-01
3.034574717272955913e-01
4.526169304733441145e-01
5.677048214225354217e-01
3.146412565626514057e-01
3.616716686423486204e-01
3.966209303328449010e-01
4.193941548982719203e-01
4.627555700061387056e-01
3.407603190764666445e-01
3.631725829007995676e-01
2.889580184979476107e-01
5.549415689955672359e-01
5.540058779577963222e-01
4.056545194209014715e-01
4.449924498409860707e-01
2.295444630893460625e-01
2.994422252490511194e-01
5.459797981559311175e-01
3.665661992756593657e-01
3.020541405212628927e-01
1.937012670510608603e-01
5.373412170115775544e-01
2.259305934186859321e-01
3.019164449866060806e-01
5.967866963894694621e-01
3.352242493942443335e-01
6.562111786524161827e-01
3.330166545280589530e-01
4.857777524596124108e-01
3.117311437123062023e-01
3.841903729761956265e-01
9.874480760019577197e-02
1.130966957895936653e-01
2.440928219181017489e-01
2.244636886466554737e-01
1.138931070598419304e-01
1.602781168187736027e-01
3.770916688030305219e-01
2.151546804075655239e-01
2.855220491567388441e-01
4.516108643229331809e-01
2.789617086126731649e-01
6.006931525704294339e-01
3.298765408074277317e-01
2.617758923276917171e-01
2.979153718945610763e-01
7.090106657333001827e-01
1.457183354044467027e-01
1.648073007353203501e-01
4.708108839931237632e-01
3.320470811855056881e-01
2.538705658972638668e-01
1.494828160840134534e-01
3.483354594272932148e-01
2.962275197196373444e-01
2.804563190005768258e-01
4.206497558858364183e-01
6.274543865090760342e-01
2.734981968034723709e-01
2.598727056627735399e-01
1.446297226261262225e-01
2.542837111192580157e-01
5.743621559698269818e-01
3.224712509743729583e-01
2.477532858400814109e-01
3.395529613130596758e-01
4.488908979411480038e-01
6.929372927507437829e-01
6.588760660876316066e-01
5.426759804716938529e-01
1.855995707971864750e-01
5.177874969529917548e-01
7.503251263417342054e-01
1.802646618982333693e-01
