5.384962599175905362e-01
8.091925500005647809e-01
7.063475339060755198e-01
5.906147186589141285e-01
8.836684400294473329e-01
1.853277334978052915e-01
3.207535008401843912e-01
7.037561742600877412e-01
5.785895707708025304e-01
3.072395463522873960e-01
1.023039087855857621e-01
6.780606634778010289e-01
5.872258100856155849e-01
5.459829633583022090e-01
7.388647458604020724e-01
5.789153577630179459e-01
7.183183832536905733e-01
2.323967430811376134e-01
1.751313905362663070e-01
8.023017418448494809e-01
1.986539416368265365e-01
6.604441326478244223e-02
9.599806597751144033e-02
1.197516237255411564e-01
2.036447177323021385e-01
8.880916797139092045e-02
9.262875046841829996e-02
3.155283974521138068e-01
5.329379712113433420e-01
1.890912046101868027e-01
1.835644748346502153e-01
7.230875014020670122e-01
5.727839451327834119e-01
9.851000781611243817e-02
1.851559870394736962e-01
5.362377358980940922e-01
2.662119118483549096e-01
6.531434405076733118e-02
8.622833960673211007e-02
3.117582614467221958e-01
2.782432307534897786e-01
6.099442595598542072e-02
6.901828936377929491e-02
1.806434016280913935e-01
9.533000798309456680e-01
1.024713440759250360e-01
2.227879233385368085e-01
8.045655027756397626e-01
5.640773282496114316e-01
9.660130689170285390e-01
5.278455892668751925e-01
5.737180864571079786e-01
5.827061516974334499e-01
2.816726267263733319e-01
2.035025327300397369e-01
5.917492951038351157e-01
5.530369784764201935e-01
2.687511996427462968e-01
1.669780398588722181e-01
8.739187319341152893e-01
5.433803503661492895e-01
5.939722159375595556e-01
7.389685170115438684e-01
5.686904948284654537e-01
5.533050431497179567e-01
8.068716462405672862e-01
7.146679885894182682e-01
5.847080215625151123e-01
8.787939689785004838e-01
1.829528288227559307e-01
3.181280185380661041e-01
6.908102739546337911e-01
5.851626697571860047e-01
3.095012691139624739e-01
1.108819185386103467e-01
5.804231217755545513e-01
5.411709736026641959e-01
7.896441368708196906e-01
7.284385694604357253e-01
2.275674540973470217e-01
1.764986152371262884e-01
1.784869516160683123e-01
6.750987889821799537e-02
9.430278586127394114e-02
2.035736724187423019e-01
8.751670676853601227e-02
5.304070706770108723e-01
1.848621797687544088e-01
5.833146803453750362e-01
1.004812241072123580e-01
2.674849237326576423e-01
6.317564298165331826e-02
2.799807927541305697e-01
9.611483160216488519e-01
5.535942456696024694e-01
5.677077968945095643e-01
7.761395473454530958e-01
2.273894175225847913e-01
2.064419548142316652e-01
7.793808802743260600e-01
6.671377107099699666e-01
4.384647505900889364e-01
3.489271790213445135e-01
7.387736112893856788e-01
5.081722577250926687e-01
9.807370660480899116e-02
1.672429398146652313e-01
3.682377373799420317e-01
3.527786225825929600e-01
1.215529828946440571e-01
9.790873604826211274e-02
4.306886736390402870e-01
6.655665893031396108e-01
3.693657020053396911e-01
4.896485553662623946e-01
6.901788484994111350e-01
5.384962599175905362e-01
8.091925500005647809e-01
7.063475339060755198e-01
5.906147186589141285e-01
8.836684400294473329e-01
1.853277334978052915e-01
3.207535008401843912e-01
7.037561742600877412e-01
5.785895707708025304e-01
3.072395463522873960e-01
1.023039087855857621e-01
6.780606634778010289e-01
5.872258100856155849e-01
5.459829633583022090e-01
7.388647458604020724e-01
5.789153577630179459e-01
7.183183832536905733e-01
2.323967430811376134e-01
1.751313905362663070e-01
8.023017418448494809e-01
1.986539416368265365e-01
6.604441326478244223e-02
9.599806597751144033e-02
1.197516237255411564e-01
2.036447177323021385e-01
8.880916797139092045e-02
9.262875046841829996e-02
3.155283974521138068e-01
5.329379712113433420e-01
1.890912046101868027e-01
1.835644748346502153e-01
7.230875014020670122e-01
5.727839451327834119e-01
9.851000781611243817e-02
1.851559870394736962e-01
5.362377358980940922e-01
2.662119118483549096e-01
6.531434405076733118e-02
8.622833960673211007e-02
3.117582614467221958e-01
2.782432307534897786e-01
6.099442595598542072e-02
6.901828936377929491e-02
1.806434016280913935e-01
9.533000798309456680e-01
1.024713440759250360e-01
2.227879233385368085e-01
8.045655027756397626e-01
5.640773282496114316e-01
9.660130689170285390e-01
5.278455892668751925e-01
5.737180864571079786e-01
5.827061516974334499e-01
2.816726267263733319e-01
2.035025327300397369e-01
5.917492951038351157e-01
5.530369784764201935e-01
2.687511996427462968e-01
1.669780398588722181e-01
8.739187319341152893e-01
5.433803503661492895e-01
5.939722159375595556e-01
7.389685170115438684e-01
5.686904948284654537e-01
6.671377107099699666e-01
4.384647505900889364e-01
3.489271790213445135e-01
7.387734746685958864e-01
5.081722577250926687e-01
9.807328230977763184e-02
1.672429398146652313e-01
3.682377373799420317e-01
3.527786225825929600e-01
1.215529828946440571e-01
9.790871825502794890e-02
4.306886736390402870e-01
6.655665893031396108e-01
3.693657020053396911e-01
4.896485553662623946e-01
6.901788484994111350e-01
7.257127827974341194e-01
3.341759190299835591e-01
5.122485927379916149e-01
6.554543289692661423e-01
3.810394361319864309e-01
1.384119205976337696e-01
1.338968819049108361e-01
5.826923200608393749e-01
6.577579213630859734e-01
8.347323409745383005e-02
1.283866378898607385e-01
3.325155263839123521e-01
6.059749953540829459e-01
7.142519544234648965e-01
3.567617644130056664e-01
7.272240318669931369e-01
6.415566378162332883e-01
4.170355756926691360e-01
7.174969355964901929e-01
6.811245471731516288e-01
4.239781611119044502e-01
1.336417667847268065e-01
9.861025118472729889e-02
7.050875940092387051e-01
6.259666272973987144e-01
1.080658608481855354e-01
1.168212335906688160e-01
4.026253985529841817e-01
7.053082662350890208e-01
6.576397339575672518e-01
3.989332296545364809e-01
6.413473462783603196e-01
7.104503100544572458e-01
4.140581491719759200e-01
7.807629926088277550e-01
6.613749602154486151e-01
4.100655962346424488e-01
1.532625100162084142e-01
9.458506008725300895e-02
8.321184847319864630e-01
3.886715302205789868e-01
1.575707572368707787e-01
1.503672380905211048e-01
3.540978764850062355e-01
7.317657710432098339e-01
4.645691746523528121e-01
3.262552371884521740e-01
7.170049297045671954e-01
7.065895027109505566e-01
5.120474468228222165e-01
5.412716975574718425e-01
7.008332967366968091e-01
3.850198118444194684e-01
1.473264782939972262e-01
1.394039318709943687e-01
6.050587676202150433e-01
7.075881371085368521e-01
1.195342231813706080e-01
1.360468913542889902e-01
4.244992795739657154e-01
7.045386050983812876e-01
7.362273978839750654e-01
3.257962418107052116e-01
7.145741697518279700e-01
6.736017014021205007e-01
5.837408976872751065e-01
7.120926376154668169e-01
6.869510855813026895e-01
6.323051446410918874e-01
1.330730009859316665e-01
1.096963366124335537e-01
7.095108568348305056e-01
6.672237200087485220e-01
1.232543808769601401e-01
1.184994110093817998e-01
5.978711735142303585e-01
6.879722872117784993e-01
7.058740337919495733e-01
5.787218467175310188e-01
6.769925760952145710e-01
5.384962599175906472e-01
8.091925500005648919e-01
7.063475339060756308e-01
5.906147186589141285e-01
8.836684400294473329e-01
1.853277334978053470e-01
3.207535008401844467e-01
7.037561742600879633e-01
5.785895707708025304e-01
3.072395463522874515e-01
1.023039087855857343e-01
6.780606634778011399e-01
5.872258100856155849e-01
5.459829633583020980e-01
7.388647458604022944e-01
5.789153577630180569e-01
7.183183832536905733e-01
2.323967430811377244e-01
1.751313905362663348e-01
8.023017418448494809e-01
1.986539416368264810e-01
6.604441326478244223e-02
9.599806597751144033e-02
1.197516237255412397e-01
2.036447177323021385e-01
8.880916797139090657e-02
9.262875046841829996e-02
3.155283974521138068e-01
5.329379712113433420e-01
1.890912046101868305e-01
1.835644748346502153e-01
7.230875014020667901e-01
5.727839451327834119e-01
9.851000781611241042e-02
1.851559870394736684e-01
5.362377358980942033e-01
2.662119118483550761e-01
6.531434405076734506e-02
8.622833960673212395e-02
3.117582614467221402e-01
2.782432307534897786e-01
6.099442595598541378e-02
6.901828936377929491e-02
1.806434016280913935e-01
9.533000798309458901e-01
1.024713440759250360e-01
2.227879233385368640e-01
8.045655027756397626e-01
5.640773282496114316e-01
9.660130689170283169e-01
5.278455892668753036e-01
5.737180864571079786e-01
5.827061516974333388e-01
2.816726267263733319e-01
2.035025327300397646e-01
5.917492951038352267e-01
5.530369784764203045e-01
2.687511996427462968e-01
1.669780398588722736e-01
8.739187319341151783e-01
5.433803503661492895e-01
5.939722159375595556e-01
7.389685170115438684e-01
5.686904948284654537e-01
