4.126633406770779944e-01
5.248401580284169921e-01
7.877107636810642965e-01
4.118621727872631699e-01
7.330129060076019387e-01
3.656460516529983495e-01
2.017579072760668224e-01
5.120207565496395219e-01
5.712119331269408518e-01
1.000000000000000222e+00
3.519114011985431389e-01
5.130787527019153860e-01
4.069014243832859146e-01
6.516082513558323352e-01
6.045626045125298553e-01
4.072944048955359220e-01
8.504644644905561268e-01
2.665751455739748255e-01
4.846543196736071146e-01
6.527668577762457680e-01
3.842930983941828527e-01
9.600096342128654203e-02
7.644177986054520590e-02
3.600538450384031530e-01
1.414478730279573049e-01
8.270096630529115422e-02
7.510761300529657236e-02
2.052258715553428869e-01
6.774125301675221200e-01
3.353248036893508033e-01
5.196084052359872807e-01
7.968955055534987508e-01
2.719157207739017479e-01
3.031325207215950224e-01
3.483383972990250488e-01
6.477022301954837857e-01
3.782645002994792227e-01
2.210678614773421702e-01
8.207890894642355661e-02
1.000000000000000000e+00
2.765659445044279519e-01
2.166854767180802499e-01
1.006894138422168017e-01
3.896604912347478300e-01
5.278463882354744729e-01
3.101907066647112687e-01
2.802801387261076860e-01
5.550864000162560874e-01
4.165475146027917686e-01
5.119333083401236273e-01
7.015961883565797752e-01
4.017475976100722823e-01
9.149319523155883260e-01
2.681989432215896030e-01
1.455976116498696460e-01
5.894222147055097061e-01
8.978127142518113057e-01
3.852494351559901942e-01
3.894833518186163190e-01
7.333017346251309299e-01
4.070853436749228837e-01
2.849470432910730655e-01
8.898065773276679913e-01
4.341193324092516015e-01
4.231864465457960134e-01
5.400115218254442073e-01
7.922759594346455714e-01
4.095560278975406976e-01
7.331573089703435908e-01
3.778211080788935194e-01
2.035004716165936811e-01
5.125537956795859218e-01
5.803077151020533675e-01
1.000000000000000000e+00
3.558659836532007126e-01
4.043058814105064402e-01
6.496795396981875914e-01
6.437784646419141277e-01
8.697451874314879872e-01
2.734631270561423966e-01
5.001370156295372738e-01
3.849890014302063124e-01
9.831133639488061349e-02
7.577049023648299575e-02
1.435213651466335505e-01
8.238944423226363112e-02
6.894317451636187144e-01
3.397568611152921303e-01
2.783923893120101023e-01
3.066447727002596935e-01
3.817662322036212696e-01
2.189405161018681267e-01
2.723266605012603092e-01
5.207245084662053269e-01
4.117548960967697402e-01
9.062778383460629028e-01
6.465139660611805006e-01
3.498074500940410170e-01
3.406776034300353917e-01
6.541162165015677044e-01
5.214986786815158926e-01
2.568874567725989433e-01
7.673365153731427357e-01
5.713064907410955184e-01
7.439933393984015098e-01
1.867169987928077035e-01
1.255846395584543085e-01
7.259456315706199758e-01
4.126258754120427641e-01
2.807912845530484147e-01
1.955572074143965000e-01
2.963657688239014210e-01
5.002793216085322792e-01
4.225115422472111026e-01
7.498081931742131001e-01
5.421409838721068519e-01
4.126633406770779944e-01
5.248401580284169921e-01
7.877107636810642965e-01
4.118621727872631699e-01
7.330129060076019387e-01
3.656460516529983495e-01
2.017579072760668224e-01
5.120207565496395219e-01
5.712119331269408518e-01
1.000000000000000222e+00
3.519114011985431389e-01
5.130787527019153860e-01
4.069014243832859146e-01
6.516082513558323352e-01
6.045626045125298553e-01
4.072944048955359220e-01
8.504644644905561268e-01
2.665751455739748255e-01
4.846543196736071146e-01
6.527668577762457680e-01
3.842930983941828527e-01
9.600096342128654203e-02
7.644177986054520590e-02
3.600538450384031530e-01
1.414478730279573049e-01
8.270096630529115422e-02
7.510761300529657236e-02
2.052258715553428869e-01
6.774125301675221200e-01
3.353248036893508033e-01
5.196084052359872807e-01
7.968955055534987508e-01
2.719157207739017479e-01
3.031325207215950224e-01
3.483383972990250488e-01
6.477022301954837857e-01
3.782645002994792227e-01
2.210678614773421702e-01
8.207890894642355661e-02
1.000000000000000000e+00
2.765659445044279519e-01
2.166854767180802499e-01
1.006894138422168017e-01
3.896604912347478300e-01
5.278463882354744729e-01
3.101907066647112687e-01
2.802801387261076860e-01
5.550864000162560874e-01
4.165475146027917686e-01
5.119333083401236273e-01
7.015961883565797752e-01
4.017475976100722823e-01
9.149319523155883260e-01
2.681989432215896030e-01
1.455976116498696460e-01
5.894222147055097061e-01
8.978127142518113057e-01
3.852494351559901942e-01
3.894833518186163190e-01
7.333017346251309299e-01
4.070853436749228837e-01
2.849470432910730655e-01
8.898065773276679913e-01
4.341193324092516015e-01
5.214986786815158926e-01
2.568874567725989433e-01
7.673365153731427357e-01
5.713062665353936254e-01
7.439933393984015098e-01
1.867161910014271120e-01
1.255846395584543085e-01
7.259456315706199758e-01
4.126258754120427641e-01
2.807912845530484147e-01
1.955571718752268096e-01
2.963657688239014210e-01
5.002793216085322792e-01
4.225115422472111026e-01
7.498081931742131001e-01
5.421409838721068519e-01
5.629135384576841039e-01
8.191083492938535660e-01
6.418801439926005159e-01
4.630151317521218890e-01
6.478327569570283551e-01
1.890115666748302947e-01
2.330703923339599304e-01
6.999913594506428360e-01
2.350586313385609749e-01
2.806492233833359218e-01
1.867973523757121279e-01
8.596919929178001851e-01
5.765800119437027860e-01
2.701189113543147613e-01
6.892131010185071904e-01
5.669383922288691036e-01
5.142590036123726449e-01
6.879334031224122459e-01
8.234667812634315354e-01
4.539774967177143683e-01
6.731545208993383600e-01
1.856965283569437519e-01
2.142856741823148115e-01
7.879859428723479109e-01
8.240794554237285130e-01
1.951498688297651773e-01
1.794328464518133992e-01
6.926763965495856823e-01
4.723708297139185275e-01
8.334676252865471646e-01
6.783252389948029037e-01
5.225093495983174074e-01
5.302509172475518007e-01
6.833882891694318396e-01
7.288440573812802192e-01
5.512954664170240937e-01
6.729312691895179555e-01
2.433783153768049601e-01
2.121109215947489524e-01
7.589121970171710529e-01
6.255203998060245851e-01
2.368920156491607087e-01
2.472622585444667065e-01
6.702292731886698718e-01
5.805752352691413432e-01
6.452399608389536301e-01
6.731974386802992427e-01
5.430248172565024234e-01
5.433439977992973180e-01
8.202551068362620157e-01
5.748138088646124189e-01
5.631030459021553192e-01
6.158755186860727093e-01
2.434649759380783374e-01
2.577585247001594193e-01
6.107437542902189875e-01
6.617046729679740835e-01
2.239785183855340644e-01
2.407809264953628126e-01
8.068657822733564799e-01
5.787662741061851968e-01
6.535192299999486032e-01
6.118974735013105182e-01
5.575609108089816246e-01
5.034772133856433296e-01
8.104239756624946889e-01
8.233959437848428209e-01
5.291390767035870635e-01
8.840386802859472315e-01
2.087079418449607204e-01
2.116249293168107615e-01
8.047731262064012903e-01
7.937881948042608826e-01
2.239957077856804812e-01
2.092348590511839690e-01
8.555426690400145251e-01
5.239758927648222597e-01
8.186034869885754350e-01
8.440177576261813641e-01
5.144994586495955646e-01
4.126633406770780499e-01
5.248401580284168810e-01
7.877107636810642965e-01
4.118621727872631699e-01
7.330129060076018277e-01
3.656460516529984051e-01
2.017579072760668224e-01
5.120207565496396329e-01
5.712119331269408518e-01
1.000000000000000000e+00
3.519114011985432500e-01
5.130787527019153860e-01
4.069014243832859146e-01
6.516082513558321132e-01
6.045626045125298553e-01
4.072944048955359775e-01
8.504644644905561268e-01
2.665751455739749365e-01
4.846543196736071701e-01
6.527668577762459901e-01
3.842930983941827972e-01
9.600096342128656979e-02
7.644177986054520590e-02
3.600538450384032085e-01
1.414478730279573049e-01
8.270096630529114035e-02
7.510761300529658624e-02
2.052258715553428037e-01
6.774125301675221200e-01
3.353248036893508033e-01
5.196084052359872807e-01
7.968955055534985288e-01
2.719157207739017479e-01
3.031325207215950224e-01
3.483383972990251598e-01
6.477022301954840078e-01
3.782645002994791672e-01
2.210678614773421979e-01
8.207890894642357049e-02
1.000000000000000222e+00
2.765659445044279519e-01
2.166854767180802777e-01
1.006894138422168017e-01
3.896604912347477745e-01
5.278463882354744729e-01
3.101907066647112687e-01
2.802801387261077415e-01
5.550864000162560874e-01
4.165475146027918241e-01
5.119333083401235163e-01
7.015961883565798862e-01
4.017475976100722823e-01
9.149319523155884371e-01
2.681989432215896030e-01
1.455976116498696737e-01
5.894222147055097061e-01
8.978127142518111947e-01
3.852494351559903052e-01
3.894833518186164856e-01
7.333017346251309299e-01
4.070853436749228282e-01
2.849470432910730655e-01
8.898065773276679913e-01
4.341193324092516015e-01
