5.405299955455525884e-01
8.013555421464524375e-01
8.900496560969350934e-01
6.130586409415758053e-01
6.338326724874290274e-01
2.135933009057534582e-01
2.215526736021350696e-01
9.242494448611566771e-01
6.251069872924154280e-01
4.920595425908778631e-01
1.082646135225716066e-01
8.743123431430990244e-01
4.525877388925905742e-01
5.985546659947096337e-01
6.570101896765878635e-01
5.977541089069515756e-01
8.605816927815952422e-01
1.665474006016026132e-01
2.702071661035423955e-01
5.942544645165352968e-01
3.018226031805754661e-01
4.419754655951212141e-02
6.686207308748372269e-02
1.053439912965097314e-01
1.404158352045080937e-01
6.697802397448028577e-02
6.864664980910786807e-02
2.091645317569769680e-01
6.715445688938919133e-01
1.307747720495086585e-01
2.781325374730651001e-01
8.161905032408944827e-01
4.947018848141135350e-01
1.611311995397047281e-01
1.263836911461579671e-01
6.618614585136115558e-01
3.095370595117258317e-01
9.790643130680803941e-02
6.620507413541681929e-02
5.044010881112284128e-01
2.136875971181183276e-01
9.970461505865123308e-02
5.081430118091836284e-02
2.643934534793080382e-01
7.273854654687592625e-01
1.522287569252194495e-01
1.784698711949441741e-01
8.023628786027166004e-01
6.441019678927379921e-01
7.487511727165131470e-01
6.512029986333666143e-01
4.503155438797659671e-01
7.362683543656705076e-01
1.978454498244512916e-01
1.377315475241082665e-01
5.532424543758255320e-01
7.751078658785945930e-01
3.109808132205755804e-01
3.268030197774041690e-01
5.909871305618679127e-01
6.267391721541364369e-01
4.521800952238178017e-01
8.599747734692411161e-01
5.368333795804952624e-01
5.387169877087738534e-01
8.018608170778022126e-01
8.533386090512380395e-01
6.053317885318537650e-01
6.124115846213957770e-01
2.393484188597513884e-01
2.153279456388853264e-01
8.990901574719001310e-01
5.892116541899395932e-01
4.982367752409302408e-01
1.066078346236436492e-01
4.514434280614673112e-01
6.298142377499242883e-01
6.421937916488605902e-01
8.602842546862529138e-01
1.725395055050512050e-01
2.716456012768619921e-01
3.114214313424427116e-01
4.745814860874261742e-02
6.775998764131663243e-02
1.390745822108427343e-01
6.659093597884964411e-02
6.614348615697089873e-01
1.261575399070263281e-01
4.735682250139940375e-01
1.567012196639023247e-01
3.102608512904407867e-01
9.883084022570798322e-02
2.056609028070252310e-01
7.392021356214181216e-01
6.353076587635279049e-01
7.559024968375110953e-01
7.925247911212751628e-01
2.131972126590470085e-01
2.157673224544917057e-01
7.678260456969705494e-01
7.013566620043045763e-01
3.424875755180674108e-01
5.325858415572036764e-01
6.877882265794363903e-01
5.413396408905928325e-01
8.807656370676386626e-02
1.176821953857075664e-01
4.883037893663638718e-01
3.579887101469730881e-01
1.540805229781004870e-01
1.040172197095145523e-01
3.346239776879587069e-01
6.405914996912903669e-01
2.993838516357577584e-01
5.633251597262647348e-01
6.945201205342445006e-01
5.405299955455525884e-01
8.013555421464524375e-01
8.900496560969350934e-01
6.130586409415758053e-01
6.338326724874290274e-01
2.135933009057534582e-01
2.215526736021350696e-01
9.242494448611566771e-01
6.251069872924154280e-01
4.920595425908778631e-01
1.082646135225716066e-01
8.743123431430990244e-01
4.525877388925905742e-01
5.985546659947096337e-01
6.570101896765878635e-01
5.977541089069515756e-01
8.605816927815952422e-01
1.665474006016026132e-01
2.702071661035423955e-01
5.942544645165352968e-01
3.018226031805754661e-01
4.419754655951212141e-02
6.686207308748372269e-02
1.053439912965097314e-01
1.404158352045080937e-01
6.697802397448028577e-02
6.864664980910786807e-02
2.091645317569769680e-01
6.715445688938919133e-01
1.307747720495086585e-01
2.781325374730651001e-01
8.161905032408944827e-01
4.947018848141135350e-01
1.611311995397047281e-01
1.263836911461579671e-01
6.618614585136115558e-01
3.095370595117258317e-01
9.790643130680803941e-02
6.620507413541681929e-02
5.044010881112284128e-01
2.136875971181183276e-01
9.970461505865123308e-02
5.081430118091836284e-02
2.643934534793080382e-01
7.273854654687592625e-01
1.522287569252194495e-01
1.784698711949441741e-01
8.023628786027166004e-01
6.441019678927379921e-01
7.487511727165131470e-01
6.512029986333666143e-01
4.503155438797659671e-01
7.362683543656705076e-01
1.978454498244512916e-01
1.377315475241082665e-01
5.532424543758255320e-01
7.751078658785945930e-01
3.109808132205755804e-01
3.268030197774041690e-01
5.909871305618679127e-01
6.267391721541364369e-01
4.521800952238178017e-01
8.599747734692411161e-01
5.368333795804952624e-01
7.013566620043045763e-01
3.424875755180674108e-01
5.325858415572036764e-01
6.877880632934096905e-01
5.413396408905928325e-01
8.807618266224487291e-02
1.176821953857075664e-01
4.883037893663638718e-01
3.579887101469730881e-01
1.540805229781004870e-01
1.040172008061682196e-01
3.346239776879587069e-01
6.405914996912903669e-01
2.993838516357577584e-01
5.633251597262647348e-01
6.945201205342445006e-01
6.535633694567306584e-01
5.126200600587809131e-01
5.123252524249308770e-01
7.224634270104270950e-01
5.924371619321440186e-01
8.981577709614088634e-02
1.457595594007907447e-01
4.334309338918742593e-01
4.448994064106106539e-01
1.323537106015086062e-01
8.647063852089040270e-02
6.136533257138356845e-01
7.237462204116060782e-01
4.303534975279370567e-01
5.654367288399717584e-01
6.218801293011777531e-01
6.599651965224595518e-01
4.377530367298536618e-01
5.793359288667656593e-01
7.225920052859111653e-01
5.011747326432383076e-01
1.137533076004163812e-01
1.292053446659452431e-01
4.649887928649090174e-01
6.510342358574707777e-01
1.132476946823830211e-01
1.218926510229205173e-01
4.126941423406940146e-01
6.949366941261942987e-01
5.788730348004875736e-01
4.588652873961078793e-01
6.326817114095227845e-01
7.226636077366435096e-01
3.971306959322866703e-01
5.881256031264521233e-01
7.186727633758130951e-01
5.640742387583412842e-01
1.284296940025470846e-01
1.136003320510928782e-01
5.202648767311091049e-01
5.415166092378114193e-01
1.578072627028175579e-01
1.369756086374110393e-01
3.609630366745593122e-01
6.952071840253281065e-01
4.551865073818184282e-01
5.891699996494530467e-01
6.912583301669585900e-01
7.027873425145618747e-01
5.634427477025387709e-01
5.669810250903171145e-01
7.230584236342558757e-01
4.695822853888214077e-01
1.214369297714548157e-01
1.448881797162785978e-01
4.664802985554410419e-01
7.524351570632776820e-01
1.211104001320529866e-01
1.203721923661445481e-01
5.784568395305162980e-01
7.156555135975652959e-01
6.567373981529955884e-01
4.477422205045473724e-01
6.722724873193154371e-01
6.895916198009084397e-01
6.152282701589293357e-01
7.826779632934908193e-01
6.848245638312753236e-01
6.206308429887286149e-01
1.165616843390410717e-01
1.101674836151724790e-01
6.605996703951575455e-01
7.296128878361893833e-01
1.207982355988691248e-01
1.279762599779745991e-01
5.944667985778930852e-01
6.955540223243056319e-01
6.254759211517020301e-01
5.550704978327196670e-01
6.658058997394087353e-01
5.405299955455526995e-01
8.013555421464523265e-01
8.900496560969353155e-01
6.130586409415758053e-01
6.338326724874290274e-01
2.135933009057534027e-01
2.215526736021351251e-01
9.242494448611567881e-01
6.251069872924155391e-01
4.920595425908779186e-01
1.082646135225715789e-01
8.743123431430991355e-01
4.525877388925906297e-01
5.985546659947096337e-01
6.570101896765880856e-01
5.977541089069516866e-01
8.605816927815952422e-01
1.665474006016027242e-01
2.702071661035424510e-01
5.942544645165352968e-01
3.018226031805754106e-01
4.419754655951213529e-02
6.686207308748372269e-02
1.053439912965098146e-01
1.404158352045080937e-01
6.697802397448027190e-02
6.864664980910786807e-02
2.091645317569769125e-01
6.715445688938918023e-01
1.307747720495086863e-01
2.781325374730650446e-01
8.161905032408944827e-01
4.947018848141135350e-01
1.611311995397047003e-01
1.263836911461579948e-01
6.618614585136117778e-01
3.095370595117258872e-01
9.790643130680805328e-02
6.620507413541683317e-02
5.044010881112285238e-01
2.136875971181183831e-01
9.970461505865121921e-02
5.081430118091837672e-02
2.643934534793079827e-01
7.273854654687592625e-01
1.522287569252194495e-01
1.784698711949442296e-01
8.023628786027168225e-01
6.441019678927379921e-01
7.487511727165129249e-01
6.512029986333667253e-01
4.503155438797659116e-01
7.362683543656706187e-01
1.978454498244513471e-01
1.377315475241082943e-01
5.532424543758256430e-01
7.751078658785947040e-01
3.109808132205755804e-01
3.268030197774042245e-01
5.909871305618679127e-01
6.267391721541364369e-01
4.521800952238176907e-01
8.599747734692411161e-01
5.368333795804952624e-01
