4.641883569897603534e-01
6.422973430313023702e-01
6.804132372732730749e-01
4.072012789557148960e-01
8.118712134176773176e-01
1.868585603277248541e-01
3.358295087698580650e-01
4.092704294759130779e-01
5.162735551655853738e-01
6.848926959984837914e-01
1.871192970444162662e-01
3.916351965984573025e-01
3.694434036529397614e-01
6.945952817319687167e-01
7.367675201345074143e-01
3.971963830831315989e-01
6.949090571814815487e-01
2.649092607189741932e-01
4.632547955910046311e-01
7.829721274981495949e-01
2.017845080752939668e-01
1.185105329329568108e-01
2.482584655199738255e-01
2.065317307065435704e-01
2.552502446294079852e-01
1.671200101397594673e-01
2.483546831112534437e-01
3.343457018298509054e-01
2.371070932815627641e-01
2.799917230450063022e-01
4.849944144873338248e-01
6.859235724070467111e-01
5.441790627171048111e-01
2.608945807649107884e-01
2.804548751449186250e-01
6.847287653216329595e-01
3.996887311549979227e-01
2.431999359219983170e-01
1.671334478451126093e-01
6.737563024221446817e-01
3.922104074279011421e-01
2.388709656935874004e-01
1.219728106116997890e-01
2.043662546463513308e-01
4.872479746588793126e-01
2.682076925082571561e-01
2.634322877368766580e-01
6.497473585191011480e-01
3.211185015175685997e-01
4.833658845212519539e-01
2.338831095623404299e-01
3.639235594259000450e-01
8.691901645789417152e-01
3.893754772003350517e-01
2.601116747045142397e-01
5.272691479036243356e-01
8.403541425790654884e-01
4.010662869039884892e-01
1.858226552658009401e-01
8.026474392630289501e-01
3.088624977316105635e-01
5.585895080029161797e-01
7.103805960819125076e-01
4.865425053274171630e-01
4.751519643819766547e-01
6.460342335615151255e-01
6.831521012395007642e-01
4.021500723191974158e-01
8.072596886768665936e-01
1.957347685561525164e-01
3.350839333101182094e-01
4.003854546400600345e-01
5.217657005671170189e-01
6.793186701286964002e-01
1.967026498094282538e-01
3.666635289065099945e-01
6.897234020263145471e-01
7.788554566743742802e-01
7.024913254812070740e-01
2.641669500561799611e-01
4.721532703679142129e-01
1.895519442639354013e-01
1.202166729275989249e-01
2.483068776585486415e-01
2.576793462824617520e-01
1.671267396507420955e-01
2.355047817883090810e-01
2.781614948010682764e-01
5.513411659863443059e-01
2.645336873849078452e-01
4.003793361520477934e-01
2.411053002720256189e-01
3.907740416431285668e-01
4.860733080404291417e-01
3.149107981266420220e-01
8.546129842228423756e-01
6.082764354547705032e-01
3.945521385255510438e-01
3.785602415968258860e-01
6.102695901508174980e-01
5.427676553064633147e-01
2.669407391050979683e-01
4.258418511738207846e-01
5.770342269265489321e-01
6.842574101484379945e-01
2.025791760029118926e-01
2.628093376476188237e-01
4.307319730978257377e-01
5.330842373607508344e-01
2.977775325845731791e-01
2.075407987516389718e-01
2.808525726146315904e-01
3.652594941075780755e-01
5.513813833348885085e-01
6.706472093504018961e-01
5.586811283430070940e-01
4.641883569897603534e-01
6.422973430313023702e-01
6.804132372732730749e-01
4.072012789557148960e-01
8.118712134176773176e-01
1.868585603277248541e-01
3.358295087698580650e-01
4.092704294759130779e-01
5.162735551655853738e-01
6.848926959984837914e-01
1.871192970444162662e-01
3.916351965984573025e-01
3.694434036529397614e-01
6.945952817319687167e-01
7.367675201345074143e-01
3.971963830831315989e-01
6.949090571814815487e-01
2.649092607189741932e-01
4.632547955910046311e-01
7.829721274981495949e-01
2.017845080752939668e-01
1.185105329329568108e-01
2.482584655199738255e-01
2.065317307065435704e-01
2.552502446294079852e-01
1.671200101397594673e-01
2.483546831112534437e-01
3.343457018298509054e-01
2.371070932815627641e-01
2.799917230450063022e-01
4.849944144873338248e-01
6.859235724070467111e-01
5.441790627171048111e-01
2.608945807649107884e-01
2.804548751449186250e-01
6.847287653216329595e-01
3.996887311549979227e-01
2.431999359219983170e-01
1.671334478451126093e-01
6.737563024221446817e-01
3.922104074279011421e-01
2.388709656935874004e-01
1.219728106116997890e-01
2.043662546463513308e-01
4.872479746588793126e-01
2.682076925082571561e-01
2.634322877368766580e-01
6.497473585191011480e-01
3.211185015175685997e-01
4.833658845212519539e-01
2.338831095623404299e-01
3.639235594259000450e-01
8.691901645789417152e-01
3.893754772003350517e-01
2.601116747045142397e-01
5.272691479036243356e-01
8.403541425790654884e-01
4.010662869039884892e-01
1.858226552658009401e-01
8.026474392630289501e-01
3.088624977316105635e-01
5.585895080029161797e-01
7.103805960819125076e-01
4.865425053274171630e-01
5.427676553064633147e-01
2.669407391050979683e-01
4.258418511738207846e-01
5.770340057164395908e-01
6.842574101484379945e-01
2.025782995871955317e-01
2.628093376476188237e-01
4.307319730978257377e-01
5.330842373607508344e-01
2.977775325845731791e-01
2.075407610346570175e-01
2.808525726146315904e-01
3.652594941075780755e-01
5.513813833348885085e-01
6.706472093504018961e-01
5.586811283430070940e-01
5.820566367121271512e-01
5.871853195710088347e-01
5.926778997348094435e-01
4.301019110189133188e-01
2.197336913873293440e-01
2.399299986827873321e-01
3.646291000041498864e-01
6.520584614908584431e-01
5.873881201698494259e-01
2.790611353493164803e-01
2.334266207839964802e-01
5.942440186428532556e-01
4.820931033338036742e-01
6.278219739595904958e-01
2.145479001878547454e-01
5.827659478370341706e-01
4.596249362825175488e-01
7.114744437183551096e-01
8.780964485097864092e-01
4.163856153824292416e-01
6.315491576665499540e-01
2.531108561767739795e-01
2.262960450487163655e-01
8.498868502127072677e-01
7.195539267105963699e-01
2.284668607212519686e-01
2.396478322089831692e-01
6.934862128642240720e-01
4.885384155775255310e-01
7.329568689152825556e-01
6.142391531009681049e-01
4.611086153602466098e-01
5.212158943243681009e-01
6.265970024334146515e-01
8.519650824128173205e-01
4.737827266460722386e-01
6.525575549729842884e-01
2.956319692662187082e-01
2.296424796909982968e-01
9.085820136697413396e-01
6.626628549686559566e-01
2.847274147265704825e-01
2.953102816814853204e-01
5.726767647794743787e-01
5.133084973899575409e-01
6.978207519124752789e-01
6.114473328369509630e-01
5.268345764614845717e-01
5.150428070541531733e-01
7.169909119259867403e-01
8.147358842778014143e-01
4.945951285539576525e-01
5.882594065397976912e-01
2.779113737696793374e-01
2.794918767822782701e-01
8.415167895765134354e-01
7.717664407690292272e-01
2.717242333129756271e-01
2.677533391005665897e-01
6.667549080360242186e-01
5.192406822314101777e-01
7.792761306401763122e-01
5.469114794752139019e-01
5.229731277744198437e-01
4.697655448820197699e-01
8.125225836832068449e-01
9.175857520799524103e-01
4.666396088647011275e-01
8.285178538578483742e-01
2.436092693395595643e-01
2.567977973311865170e-01
9.006043741843190453e-01
8.466932136730624947e-01
2.667737006643928765e-01
2.354984453952352619e-01
8.301173654106388522e-01
4.796978095416176702e-01
8.711352722768086476e-01
7.717670708204873442e-01
4.738423904600304049e-01
4.641883569897604644e-01
6.422973430313023702e-01
6.804132372732731859e-01
4.072012789557148960e-01
8.118712134176772066e-01
1.868585603277249096e-01
3.358295087698581205e-01
4.092704294759130779e-01
5.162735551655854849e-01
6.848926959984839025e-01
1.871192970444162385e-01
3.916351965984572470e-01
3.694434036529397614e-01
6.945952817319687167e-01
7.367675201345076363e-01
3.971963830831316544e-01
6.949090571814815487e-01
2.649092607189743043e-01
4.632547955910046866e-01
7.829721274981495949e-01
2.017845080752939113e-01
1.185105329329568108e-01
2.482584655199738255e-01
2.065317307065436536e-01
2.552502446294080407e-01
1.671200101397594395e-01
2.483546831112533881e-01
3.343457018298507943e-01
2.371070932815627919e-01
2.799917230450063022e-01
4.849944144873337692e-01
6.859235724070467111e-01
5.441790627171048111e-01
2.608945807649107884e-01
2.804548751449186805e-01
6.847287653216329595e-01
3.996887311549978672e-01
2.431999359219982892e-01
1.671334478451126093e-01
6.737563024221449037e-01
3.922104074279011421e-01
2.388709656935874281e-01
1.219728106116998168e-01
2.043662546463513308e-01
4.872479746588793126e-01
2.682076925082571561e-01
2.634322877368767135e-01
6.497473585191011480e-01
3.211185015175685997e-01
4.833658845212518429e-01
2.338831095623404854e-01
3.639235594259000450e-01
8.691901645789418263e-01
3.893754772003351072e-01
2.601116747045142397e-01
5.272691479036244466e-01
8.403541425790653774e-01
4.010662869039884892e-01
1.858226552658009956e-01
8.026474392630289501e-01
3.088624977316105635e-01
5.585895080029161797e-01
7.103805960819127296e-01
4.865425053274171630e-01
