4.623517436227025379e-01
7.703819590153253571e-01
5.624900788955062847e-01
4.960629699483218302e-01
5.370599851875251796e-01
4.368702816976638426e-01
2.352771794736452649e-01
7.014244555534694392e-01
5.817002472792176526e-01
3.616063501011594350e-01
2.330953997550493373e-01
6.904570682144464122e-01
3.535857497624936840e-01
7.363065100628247706e-01
3.181237817456039063e-01
4.872773530450051904e-01
7.050600517492560115e-01
2.279349735392549037e-01
2.932111822232384424e-01
3.260062355742904816e-01
3.741897970300427922e-01
2.713633139922830839e-01
2.075593278050222867e-01
2.412229235625913959e-01
3.054942116853405776e-01
1.264600731654546562e-01
2.066481064911142307e-01
2.293742812633113026e-01
6.506356687552563578e-01
3.112692702179263304e-01
2.978316460137738764e-01
5.612638374663556640e-01
4.124293022942100984e-01
2.419962728659862949e-01
3.199874684650134693e-01
7.434075563977837753e-01
2.031343922930003432e-01
1.896719504555011149e-01
1.255400368468827521e-01
3.663586654694641065e-01
3.966794834144764526e-01
1.918699789944516843e-01
2.786382902631044933e-01
4.385432918763508270e-01
5.333457196977264836e-01
2.475472428388032775e-01
2.234599795638725350e-01
7.668331911242607379e-01
4.800185528124796819e-01
5.369586196619489105e-01
6.564896489416118808e-01
3.508196612142207016e-01
5.057914882992651240e-01
3.855000875735153931e-01
3.064230507700780315e-01
5.768804285208671834e-01
4.866523883021792729e-01
1.996125867075516647e-01
3.656939939032488041e-01
5.136629031012145408e-01
4.696963248329829588e-01
4.166961109949628983e-01
7.130167390403447936e-01
4.772619764235789264e-01
4.696644775316916043e-01
7.686019147794761475e-01
5.618805862997451328e-01
4.916273449330187395e-01
5.253623632493917839e-01
4.377184794354153641e-01
2.323111224157464738e-01
6.958988715592347996e-01
5.792928149505979230e-01
3.639849952723035464e-01
2.370172978237880534e-01
3.521927068820324691e-01
7.398128584120713391e-01
3.287539842446932647e-01
7.089594529792376809e-01
2.256858899174620792e-01
2.930987762244597894e-01
3.678822412359052940e-01
2.749482742777987765e-01
2.071008443620822870e-01
3.059583229697361295e-01
1.259993252663478835e-01
6.535450816278933761e-01
3.135434467032902073e-01
4.145499393695245005e-01
2.447585131112364754e-01
2.013688183496362694e-01
1.908210283937828433e-01
3.910152517080857093e-01
5.359880818906345157e-01
4.747903127801410550e-01
4.961162941094375833e-01
6.362314090301266489e-01
3.684941920522302183e-01
3.552658939736229593e-01
6.313269842862598846e-01
5.704114551126064914e-01
3.240191176416202801e-01
4.852590207421610957e-01
5.611054687689974729e-01
3.685678376894041541e-01
2.776917357517160179e-01
2.277928405893649422e-01
4.697749892407810934e-01
4.854349781205357095e-01
1.828495482105548797e-01
2.864851340058746088e-01
3.249655357114142884e-01
5.026776391516586395e-01
4.874778336294601777e-01
3.577908624785750558e-01
5.826953622399191346e-01
4.623517436227025379e-01
7.703819590153253571e-01
5.624900788955062847e-01
4.960629699483218302e-01
5.370599851875251796e-01
4.368702816976638426e-01
2.352771794736452649e-01
7.014244555534694392e-01
5.817002472792176526e-01
3.616063501011594350e-01
2.330953997550493373e-01
6.904570682144464122e-01
3.535857497624936840e-01
7.363065100628247706e-01
3.181237817456039063e-01
4.872773530450051904e-01
7.050600517492560115e-01
2.279349735392549037e-01
2.932111822232384424e-01
3.260062355742904816e-01
3.741897970300427922e-01
2.713633139922830839e-01
2.075593278050222867e-01
2.412229235625913959e-01
3.054942116853405776e-01
1.264600731654546562e-01
2.066481064911142307e-01
2.293742812633113026e-01
6.506356687552563578e-01
3.112692702179263304e-01
2.978316460137738764e-01
5.612638374663556640e-01
4.124293022942100984e-01
2.419962728659862949e-01
3.199874684650134693e-01
7.434075563977837753e-01
2.031343922930003432e-01
1.896719504555011149e-01
1.255400368468827521e-01
3.663586654694641065e-01
3.966794834144764526e-01
1.918699789944516843e-01
2.786382902631044933e-01
4.385432918763508270e-01
5.333457196977264836e-01
2.475472428388032775e-01
2.234599795638725350e-01
7.668331911242607379e-01
4.800185528124796819e-01
5.369586196619489105e-01
6.564896489416118808e-01
3.508196612142207016e-01
5.057914882992651240e-01
3.855000875735153931e-01
3.064230507700780315e-01
5.768804285208671834e-01
4.866523883021792729e-01
1.996125867075516647e-01
3.656939939032488041e-01
5.136629031012145408e-01
4.696963248329829588e-01
4.166961109949628983e-01
7.130167390403447936e-01
4.772619764235789264e-01
5.704114551126064914e-01
3.240191176416202801e-01
4.852590207421610957e-01
5.611052392281850043e-01
3.685678376894041541e-01
2.776905343774862533e-01
2.277928405893649422e-01
4.697749892407810934e-01
4.854349781205357095e-01
1.828495482105548797e-01
2.864850819421131956e-01
3.249655357114142884e-01
5.026776391516586395e-01
4.874778336294601777e-01
3.577908624785750558e-01
5.826953622399191346e-01
5.508699392630356240e-01
6.786581928281305576e-01
2.454499733444877041e-01
5.768235838920567904e-01
7.558966455049311861e-01
2.872548153228601242e-01
2.675740415856013299e-01
2.854288373189692862e-01
3.413100592186013582e-01
2.348183202091292388e-01
2.811508149816384083e-01
6.926964691144767983e-01
5.213139333580729673e-01
3.675258721559100383e-01
7.447625460019147159e-01
5.441405222177535528e-01
4.647020263510858173e-01
6.583408028508188625e-01
8.167867706893678914e-01
4.998260126887829058e-01
6.686855763925068086e-01
2.222865781096884097e-01
2.176603590674260347e-01
7.682499443698909136e-01
9.945047044120840507e-01
1.650737454257398540e-01
2.093766121231783184e-01
6.449061173188654905e-01
4.693044319092104510e-01
9.938216168529190320e-01
6.535960732445749155e-01
4.570425104401540928e-01
5.396801035497942323e-01
6.322470371142148160e-01
5.625705314467737139e-01
5.601333909742365336e-01
7.494120509972677091e-01
2.724032037668330242e-01
2.372427021527567514e-01
5.815293061799389207e-01
8.277195933806846817e-01
2.160591449243654816e-01
2.712497827087299584e-01
5.912199123109842525e-01
5.001439628624622102e-01
8.320505689714490227e-01
7.252972382834443899e-01
5.348756381674567573e-01
5.068632204534299079e-01
8.012053835639143529e-01
5.724212812766245051e-01
5.838080904705502672e-01
7.632439565831430350e-01
2.537269061448483853e-01
2.594081332727890543e-01
5.835442148706424526e-01
8.629812377798429246e-01
2.212871364117400819e-01
2.446120078896046324e-01
7.611787956898981022e-01
5.310126854229191284e-01
8.451655228088466032e-01
7.333828613194488533e-01
5.054436447215463479e-01
4.794167421694484621e-01
8.597052792924004816e-01
9.622993932550221174e-01
4.973970431314798102e-01
9.157639428841293228e-01
2.251571488921590425e-01
2.035290064000548349e-01
9.231761751981579778e-01
1.000000000000000000e+00
2.034609415064024540e-01
2.183114076765555189e-01
8.644919736227760776e-01
4.819768922787812659e-01
9.889089484841850908e-01
8.584917560733980046e-01
4.762354388965054364e-01
4.623517436227025934e-01
7.703819590153252461e-01
5.624900788955065067e-01
4.960629699483218302e-01
5.370599851875250685e-01
4.368702816976637870e-01
2.352771794736453204e-01
7.014244555534695502e-01
5.817002472792176526e-01
3.616063501011593795e-01
2.330953997550493650e-01
6.904570682144466343e-01
3.535857497624936840e-01
7.363065100628245485e-01
3.181237817456039618e-01
4.872773530450052459e-01
7.050600517492557895e-01
2.279349735392549037e-01
2.932111822232384979e-01
3.260062355742905371e-01
3.741897970300427367e-01
2.713633139922830839e-01
2.075593278050223145e-01
2.412229235625914792e-01
3.054942116853405776e-01
1.264600731654546284e-01
2.066481064911142307e-01
2.293742812633112471e-01
6.506356687552562468e-01
3.112692702179263859e-01
2.978316460137739319e-01
5.612638374663554419e-01
4.124293022942099873e-01
2.419962728659862117e-01
3.199874684650135248e-01
7.434075563977837753e-01
2.031343922930002877e-01
1.896719504555011149e-01
1.255400368468827521e-01
3.663586654694641620e-01
3.966794834144763415e-01
1.918699789944516843e-01
2.786382902631044933e-01
4.385432918763508825e-01
5.333457196977267056e-01
2.475472428388033330e-01
2.234599795638724795e-01
7.668331911242607379e-01
4.800185528124796819e-01
5.369586196619486884e-01
6.564896489416118808e-01
3.508196612142207016e-01
5.057914882992652350e-01
3.855000875735154486e-01
3.064230507700780315e-01
5.768804285208672944e-01
4.866523883021792729e-01
1.996125867075516092e-01
3.656939939032487485e-01
5.136629031012145408e-01
4.696963248329829033e-01
4.166961109949628983e-01
7.130167390403447936e-01
4.772619764235788709e-01
