2.837681752829163129e-01
7.817230419464458180e-01
3.577630978496363356e-01
2.905546120168335800e-01
6.136530973945970580e-01
5.503086057493384864e-01
5.083962225172526939e-01
5.019571777281319758e-01
3.204783411387338576e-01
6.456004655689733251e-01
1.606113281883037591e-01
4.844285493368852280e-01
2.637715572974200784e-01
6.301202371603491503e-01
5.719276738376368741e-01
2.853750237939189915e-01
5.304374385394454716e-01
5.317115895501658418e-01
7.114983433076265129e-01
6.134807854494068735e-01
5.809280030233427983e-01
1.641454853364501254e-01
3.371116112521272967e-01
1.753326016388444542e-01
3.328364784678760624e-01
3.378979457971263423e-01
3.303942773729873217e-01
5.002252459058218470e-01
1.907378807868794768e-01
2.118178762920680525e-01
7.284636256681156219e-01
3.561731810916997643e-01
3.596556118680746539e-01
3.111265102125322368e-01
2.111316909409653719e-01
6.189499161324334420e-01
5.894959742648481216e-01
3.787454609580898635e-01
3.334341463914377579e-01
6.396648877579436121e-01
3.020369399900704188e-01
3.739101680307949649e-01
1.653914881400191661e-01
5.323970204136974083e-01
5.870934921106254478e-01
3.098703172400323336e-01
5.105493996199165219e-01
7.713754123333322887e-01
2.766200275688096566e-01
5.938839819636735351e-01
1.864782136401123003e-01
2.612584446990068310e-01
6.187976013436797817e-01
2.979685462901665582e-01
3.334981567911228240e-01
3.134390584706129301e-01
6.000619594218181696e-01
5.834706398721046794e-01
5.546906274605358789e-01
5.816422915436463281e-01
2.697689467690061460e-01
3.584779236606579489e-01
5.374830569884385678e-01
2.909360927892103987e-01
2.872836853426943282e-01
7.765327226545296613e-01
3.569728436070360167e-01
2.879395752649059892e-01
5.976489519461143374e-01
5.412276292228490604e-01
5.042905134257708033e-01
4.931259123149974721e-01
3.169623175048230657e-01
6.426295698257491473e-01
1.678315321037169849e-01
2.625059168264370357e-01
6.246045659691945584e-01
6.068564534092203422e-01
5.338903445342247922e-01
5.210757015388692848e-01
7.188832871236288113e-01
5.683137292722030276e-01
1.647594901661774136e-01
3.337317667321643699e-01
3.331670980353607092e-01
3.356625055686391357e-01
1.886208373334631871e-01
2.092340056435860185e-01
3.590702916789207388e-01
3.105014110314103237e-01
5.864753153597008772e-01
3.764350850694541117e-01
2.999756188849851402e-01
5.914078245273641787e-01
2.731499341961901584e-01
6.093263632032926980e-01
4.604793877197117524e-01
5.499306246285619038e-01
5.306751632158323018e-01
4.526411016112170671e-01
3.786924784609760897e-01
5.879383346759610163e-01
3.266032849991243880e-01
4.393734824591839505e-01
7.884842609868099039e-01
3.002250968415889343e-01
4.038092145118518106e-01
3.327555837533330285e-01
3.879968716370133519e-01
4.656487534321295252e-01
3.022121224847933441e-01
5.660887546042070451e-01
3.111126205216280249e-01
3.893226502282912671e-01
7.528048897570256415e-01
3.845175862717360449e-01
2.837681752829163129e-01
7.817230419464458180e-01
3.577630978496363356e-01
2.905546120168335800e-01
6.136530973945970580e-01
5.503086057493384864e-01
5.083962225172526939e-01
5.019571777281319758e-01
3.204783411387338576e-01
6.456004655689733251e-01
1.606113281883037591e-01
4.844285493368852280e-01
2.637715572974200784e-01
6.301202371603491503e-01
5.719276738376368741e-01
2.853750237939189915e-01
5.304374385394454716e-01
5.317115895501658418e-01
7.114983433076265129e-01
6.134807854494068735e-01
5.809280030233427983e-01
1.641454853364501254e-01
3.371116112521272967e-01
1.753326016388444542e-01
3.328364784678760624e-01
3.378979457971263423e-01
3.303942773729873217e-01
5.002252459058218470e-01
1.907378807868794768e-01
2.118178762920680525e-01
7.284636256681156219e-01
3.561731810916997643e-01
3.596556118680746539e-01
3.111265102125322368e-01
2.111316909409653719e-01
6.189499161324334420e-01
5.894959742648481216e-01
3.787454609580898635e-01
3.334341463914377579e-01
6.396648877579436121e-01
3.020369399900704188e-01
3.739101680307949649e-01
1.653914881400191661e-01
5.323970204136974083e-01
5.870934921106254478e-01
3.098703172400323336e-01
5.105493996199165219e-01
7.713754123333322887e-01
2.766200275688096566e-01
5.938839819636735351e-01
1.864782136401123003e-01
2.612584446990068310e-01
6.187976013436797817e-01
2.979685462901665582e-01
3.334981567911228240e-01
3.134390584706129301e-01
6.000619594218181696e-01
5.834706398721046794e-01
5.546906274605358789e-01
5.816422915436463281e-01
2.697689467690061460e-01
3.584779236606579489e-01
5.374830569884385678e-01
2.909360927892103987e-01
3.786925768017098681e-01
5.879387224816203794e-01
3.266035676516331199e-01
4.393733146163621428e-01
7.884846693876754742e-01
3.002222619844330254e-01
4.038093054891616629e-01
3.327558344441833293e-01
3.879971338275428616e-01
4.656488899991857444e-01
3.022121638447662906e-01
5.660891313924474311e-01
3.111127024231660765e-01
3.893229165791459723e-01
7.528052817783534856e-01
3.845176867934092524e-01
3.786068357038475662e-01
8.785866865775553425e-01
4.128999365675984912e-01
3.541038842516447960e-01
4.266501884174425108e-01
3.963387446846344808e-01
5.218506177183452888e-01
4.665786183486630989e-01
5.300254678395384111e-01
3.951222829713532669e-01
3.852609307721857057e-01
8.551296122771288033e-01
3.826725196231023918e-01
5.556264037069957862e-01
4.014563882779131898e-01
3.703456489621327341e-01
3.054003958109569039e-01
6.670082481546197872e-01
8.612326149006697129e-01
2.930099691722527488e-01
6.069452275387947626e-01
4.037993512372132221e-01
3.862634739499758996e-01
8.264917353400142996e-01
9.834546631316494203e-01
3.312903334353313189e-01
3.852365313178669481e-01
6.323863757388399343e-01
2.968025387802896153e-01
1.000000000000000000e+00
5.663417587611452308e-01
2.951391071824844836e-01
3.565223756046678738e-01
7.968465670113253907e-01
5.908609423424047158e-01
3.673552737370113785e-01
9.414945841839252871e-01
4.434816984939373707e-01
3.902913303515616050e-01
6.104512494526561639e-01
8.296396499775724465e-01
4.117808702469830662e-01
4.298493041366351353e-01
7.443437732411775087e-01
3.195885575012296087e-01
8.343224245125193672e-01
9.059708038622171777e-01
3.508553332075292630e-01
3.379123382952633481e-01
9.176130332174352588e-01
7.998031023047782462e-01
3.620911494459872482e-01
7.678868508411853533e-01
4.225557427181422243e-01
4.404682257458023553e-01
8.107440787650652680e-01
8.910753093985928075e-01
3.818174184452426401e-01
4.052632063008477226e-01
8.488509471970733244e-01
3.539565023643460040e-01
8.757977082369015065e-01
7.120038998917297413e-01
3.357078545219747134e-01
3.135231214808407718e-01
8.997344411568233280e-01
9.142940334577853712e-01
3.052302572081668774e-01
9.143639926536464291e-01
3.763609650522379835e-01
4.138198986319984174e-01
8.930254910670152313e-01
9.371917233041626716e-01
4.038625796696126979e-01
3.647627971886618914e-01
8.987438879785727419e-01
3.010577508996872265e-01
9.617461318868165687e-01
8.294213371994434425e-01
3.039587933267419162e-01
2.837681752829164239e-01
7.817230419464459290e-01
3.577630978496363356e-01
2.905546120168335800e-01
6.136530973945970580e-01
5.503086057493384864e-01
5.083962225172526939e-01
5.019571777281320868e-01
3.204783411387339687e-01
6.456004655689732141e-01
1.606113281883037869e-01
4.844285493368852835e-01
2.637715572974200784e-01
6.301202371603489283e-01
5.719276738376369851e-01
2.853750237939190471e-01
5.304374385394452496e-01
5.317115895501660638e-01
7.114983433076265129e-01
6.134807854494068735e-01
5.809280030233425762e-01
1.641454853364501254e-01
3.371116112521272967e-01
1.753326016388444819e-01
3.328364784678760624e-01
3.378979457971262867e-01
3.303942773729872662e-01
5.002252459058217360e-01
1.907378807868795045e-01
2.118178762920680247e-01
7.284636256681156219e-01
3.561731810916997643e-01
3.596556118680746539e-01
3.111265102125322368e-01
2.111316909409653997e-01
6.189499161324335530e-01
5.894959742648480105e-01
3.787454609580898635e-01
3.334341463914378134e-01
6.396648877579436121e-01
3.020369399900704188e-01
3.739101680307949094e-01
1.653914881400191661e-01
5.323970204136975193e-01
5.870934921106254478e-01
3.098703172400323336e-01
5.105493996199166329e-01
7.713754123333325108e-01
2.766200275688096566e-01
5.938839819636734241e-01
1.864782136401124113e-01
2.612584446990068310e-01
6.187976013436798928e-01
2.979685462901666693e-01
3.334981567911228240e-01
3.134390584706128746e-01
6.000619594218182806e-01
5.834706398721047904e-01
5.546906274605358789e-01
5.816422915436463281e-01
2.697689467690060905e-01
3.584779236606579489e-01
5.374830569884385678e-01
2.909360927892103987e-01
