9.094500052586163008e-03
1.489352326438601604e-01
6.934585956965311215e-02
6.114928105747291509e-03
2.676427586012317117e-01
8.558603981651633497e-01
7.573002652695197678e-01
1.817299955605851391e-01
6.796441133612224350e-02
6.022266929047679351e-01
3.758030185368661513e-01
1.754160882203452676e-01
7.252903628826825461e-03
1.999436761209728020e-01
5.010577356232914781e-02
6.021270493985257655e-03
7.515562333744332801e-02
8.086129622402256079e-01
5.419586136618723682e-01
5.883963409623776952e-02
5.065375254781250280e-01
5.224848590221508049e-01
9.150090983352739959e-01
3.879817654388384995e-01
6.504969778717226703e-01
6.119067399655404582e-01
8.909184733530771672e-01
7.444488256177043128e-01
1.377748333228133448e-02
5.932015339451913727e-01
5.463584206052795045e-01
5.958284714851663777e-02
8.287699389682118278e-02
7.903776998575273716e-01
6.222262553160462506e-01
1.848922884228815788e-01
4.429682699914653243e-01
8.885067658634869803e-01
6.029038247726441480e-01
5.838021202247531960e-01
5.945185625254372219e-01
8.809480164727715445e-01
5.275221870072333008e-01
8.134133933520917292e-01
2.612202777109122742e-01
7.903311248519570009e-01
7.799299232044258900e-01
1.418609580760555322e-01
2.012158154345087060e-03
2.692407375966878735e-01
6.937324026224767071e-03
6.633761243612985858e-03
7.460435377298946236e-02
5.833950937074869891e-01
6.430555747512877174e-01
5.666137738404408708e-02
6.627882817255026371e-02
4.268581661365283830e-01
4.792590039987076334e-01
2.381702481782629333e-01
1.206735460886544653e-03
7.750707904518905345e-02
6.103779163743644487e-02
8.683238548735630960e-03
8.892796565804064746e-03
1.453868118809972243e-01
6.449323948885354874e-02
6.067642860991356163e-03
2.529076611551575593e-01
8.343402341425913971e-01
7.508427418758932825e-01
1.785489256975580918e-01
6.231870333090427927e-02
5.930047626583025977e-01
3.817910985612920638e-01
6.941094416409381018e-03
1.925116152781563561e-01
5.330964061931803277e-02
6.823677780767883894e-02
7.941971767277659078e-01
5.425783614020477374e-01
4.924621309662309265e-01
5.249671517609005855e-01
9.028878358978940089e-01
6.467787459231754132e-01
6.073981415795529637e-01
1.037794201126471250e-02
6.061573220901096404e-01
8.020810449391829744e-02
7.903545234837690003e-01
4.348918504103593818e-01
8.849760439841598547e-01
5.888826671997856588e-01
2.656375549707854500e-01
1.604209097488545552e-03
7.039563565516282484e-02
3.636118010788669253e-02
9.794751967241951407e-01
9.584917055708784828e-01
2.520638018917398249e-02
3.185226111896252710e-02
6.603740275829641515e-01
2.328157960963094242e-01
3.776674547657737913e-02
2.756863784743401879e-01
7.183329885124893899e-01
8.064581783335503795e-01
2.409313287872328901e-01
5.374323835664421845e-01
7.605232481715805681e-01
7.210213095525047633e-01
6.302310320971795665e-01
1.798232878402249157e-02
5.324433320377804923e-01
2.493540895362007515e-01
2.835524086039931113e-02
9.094500052586163008e-03
1.489352326438601604e-01
6.934585956965311215e-02
6.114928105747291509e-03
2.676427586012317117e-01
8.558603981651633497e-01
7.573002652695197678e-01
1.817299955605851391e-01
6.796441133612224350e-02
6.022266929047679351e-01
3.758030185368661513e-01
1.754160882203452676e-01
7.252903628826825461e-03
1.999436761209728020e-01
5.010577356232914781e-02
6.021270493985257655e-03
7.515562333744332801e-02
8.086129622402256079e-01
5.419586136618723682e-01
5.883963409623776952e-02
5.065375254781250280e-01
5.224848590221508049e-01
9.150090983352739959e-01
3.879817654388384995e-01
6.504969778717226703e-01
6.119067399655404582e-01
8.909184733530771672e-01
7.444488256177043128e-01
1.377748333228133448e-02
5.932015339451913727e-01
5.463584206052795045e-01
5.958284714851663777e-02
8.287699389682118278e-02
7.903776998575273716e-01
6.222262553160462506e-01
1.848922884228815788e-01
4.429682699914653243e-01
8.885067658634869803e-01
6.029038247726441480e-01
5.838021202247531960e-01
5.945185625254372219e-01
8.809480164727715445e-01
5.275221870072333008e-01
8.134133933520917292e-01
2.612202777109122742e-01
7.903311248519570009e-01
7.799299232044258900e-01
1.418609580760555322e-01
2.012158154345087060e-03
2.692407375966878735e-01
6.937324026224767071e-03
6.633761243612985858e-03
7.460435377298946236e-02
5.833950937074869891e-01
6.430555747512877174e-01
5.666137738404408708e-02
6.627882817255026371e-02
4.268581661365283830e-01
4.792590039987076334e-01
2.381702481782629333e-01
1.206735460886544653e-03
7.750707904518905345e-02
6.103779163743644487e-02
8.683238548735630960e-03
3.185226111896252710e-02
6.603740275829641515e-01
2.328157960963094242e-01
3.776624223083721588e-02
2.756863784743401879e-01
7.183298807976040701e-01
8.064581783335503795e-01
2.409313287872328901e-01
5.374323835664421845e-01
7.605232481715805681e-01
7.210211785192432998e-01
6.302310320971795665e-01
1.798232878402249157e-02
5.324433320377804923e-01
2.493540895362007515e-01
2.835524086039931113e-02
3.525440615085717599e-02
3.294844656232391866e-01
3.839700956726441738e-01
3.785008589818822378e-02
3.325105667113503749e-01
8.745296675100889816e-01
9.261495676480386852e-01
4.306705638518171231e-01
2.358244718823945263e-01
9.586857343682251287e-01
8.636800768146621898e-01
2.966058835547258354e-01
1.405205582711885337e-02
2.563683932610330007e-01
2.898195598269712736e-01
2.918253544488939866e-02
1.894199511417077320e-02
7.374477499268294878e-02
2.170635717490791983e-01
1.657731720471292136e-02
2.080435851892050714e-01
9.402288744482980576e-01
9.068651641653342477e-01
1.694497286798468672e-01
1.268335961090518715e-01
9.588084384399395699e-01
9.044416535479654629e-01
4.679868776644746653e-02
1.898816101810121837e-02
9.620933757315985879e-02
1.654872003380385426e-01
1.056688971048561076e-02
2.415913037529228424e-02
5.232252053602426400e-01
1.083234503429690854e-01
1.652997581526585713e-02
2.025809150815796045e-01
9.780081035572811832e-01
9.399490328000952299e-01
8.976893364284421750e-02
5.876290961743610985e-01
9.479123043571896501e-01
9.497546625056964009e-01
4.448766700992403678e-01
2.577749630850861839e-02
6.023914221374491174e-01
8.692671785740468948e-02
1.998491414344835682e-02
2.144284465718303279e-02
2.606560338617893713e-01
4.808796696547146254e-01
3.614294694176864442e-02
5.763692897578960306e-01
9.650124714680519133e-01
9.472163569219518298e-01
4.841964193023255980e-01
1.303947713728756952e-01
9.193069348055735723e-01
9.349758160789829464e-01
1.295202828838504239e-01
1.698654447001604617e-02
1.034880452231941028e-01
5.002639671763269291e-01
1.725460484592911126e-02
2.254208875686675162e-02
1.850264841142650329e-01
1.261163870042776303e-01
1.430353803103762145e-02
1.901334970540857761e-01
9.568592047701833803e-01
9.383971517241023186e-01
1.095401250473830856e-01
1.189019282852974424e-01
9.451372772902520980e-01
9.317989374858075546e-01
1.505056910088986566e-01
1.436704483952447320e-02
8.187059908915217399e-02
1.449261560482173472e-01
1.356159282422503276e-02
9.094500052586163008e-03
1.489352326438601604e-01
6.934585956965313991e-02
6.114928105747291509e-03
2.676427586012317117e-01
8.558603981651633497e-01
7.573002652695198789e-01
1.817299955605851391e-01
6.796441133612224350e-02
6.022266929047678241e-01
3.758030185368662623e-01
1.754160882203453509e-01
7.252903628826825461e-03
1.999436761209728575e-01
5.010577356232914781e-02
6.021270493985259389e-03
7.515562333744335577e-02
8.086129622402258299e-01
5.419586136618724792e-01
5.883963409623782503e-02
5.065375254781249170e-01
5.224848590221509159e-01
9.150090983352739959e-01
3.879817654388385550e-01
6.504969778717226703e-01
6.119067399655404582e-01
8.909184733530770561e-01
7.444488256177039798e-01
1.377748333228134836e-02
5.932015339451914837e-01
5.463584206052793935e-01
5.958284714851658226e-02
8.287699389682118278e-02
7.903776998575271495e-01
6.222262553160463616e-01
1.848922884228816343e-01
4.429682699914653798e-01
8.885067658634870913e-01
6.029038247726442590e-01
5.838021202247531960e-01
5.945185625254372219e-01
8.809480164727714335e-01
5.275221870072333008e-01
8.134133933520916182e-01
2.612202777109122187e-01
7.903311248519570009e-01
7.799299232044261121e-01
1.418609580760555322e-01
2.012158154345089663e-03
2.692407375966878735e-01
6.937324026224767071e-03
6.633761243612989328e-03
7.460435377298946236e-02
5.833950937074872112e-01
6.430555747512878284e-01
5.666137738404414259e-02
6.627882817255015269e-02
4.268581661365283830e-01
4.792590039987075778e-01
2.381702481782628500e-01
1.206735460886545520e-03
7.750707904518905345e-02
6.103779163743647262e-02
8.683238548735629225e-03
