2.004297082674224295e-01
4.199637002289527410e-01
5.235413545609390873e-01
2.198899185809380374e-01
3.965747474619162327e-01
4.083018152523766320e-01
4.499803375901721414e-01
1.384576104109198902e-01
2.812723528355376423e-01
7.059036936431291043e-01
2.638113869761213870e-01
1.391330219077674957e-01
1.967841466629320080e-01
7.068550314360957376e-01
7.059648299232677005e-01
2.176052511982254634e-01
5.472427703985380809e-01
4.093782097674239506e-01
5.013726652047398868e-01
7.507817998846433305e-01
5.279969414726199961e-01
2.008773835469248037e-01
4.933555207133605292e-01
2.648589916033387559e-01
5.064671364781772045e-01
4.710345733216986797e-01
4.978479668883854514e-01
4.522835115806103090e-01
9.837000934297222832e-02
2.489839739841404609e-01
5.079355113989716397e-01
4.932726645893144579e-01
4.556629938731740492e-01
3.583613648943501095e-01
2.550815650797729761e-01
6.971008255914263874e-01
6.963480196105317210e-01
6.047404397527760267e-01
4.771297249368994242e-01
7.028093216403947796e-01
4.011856111371293609e-01
6.130717606924995788e-01
2.205552377611279258e-01
4.325553002490353793e-01
1.531798575053878730e-01
3.564346876798943908e-01
4.371835358786138048e-01
4.559872866490204402e-01
9.161432862339327632e-02
1.565111357890586752e-01
9.316570732264163601e-02
1.986170691623767581e-01
4.631535150828177683e-01
3.953350420640360241e-01
5.130018021194616695e-01
2.598629749556783386e-01
4.455373371151569728e-01
7.007962207013258560e-01
5.087294167505675979e-01
3.851844548709371652e-01
9.228845567572069308e-02
4.606587774830225857e-01
5.484453084968061720e-01
2.154004358465199942e-01
2.077721118819031154e-01
4.380329511154674726e-01
5.084965664934970597e-01
2.187364505995853525e-01
3.908800486100473814e-01
4.205980650713121993e-01
4.511376242697813232e-01
1.387978959174985816e-01
2.705786668220726554e-01
7.043548879659813355e-01
2.641818021154900276e-01
1.977072333948744487e-01
7.020386083417564649e-01
7.464553403611834392e-01
5.478321084443774636e-01
4.233528662472559878e-01
5.029211237971503712e-01
5.182169750878808934e-01
2.105742297270319363e-01
4.956159070301756064e-01
5.097323006101639464e-01
4.740869835850238800e-01
9.578348482306832390e-02
2.498057185055918006e-01
4.581459371420916749e-01
3.574026233829676880e-01
6.985780200322468936e-01
6.090646733354404541e-01
3.982213204620622671e-01
1.550847082523498510e-01
9.195577603657396903e-02
4.542481881476102545e-01
3.273359962347368590e-01
6.726946579047933250e-01
6.692990164702760092e-01
3.262010388645797399e-01
2.973137658986731990e-01
1.512526536123226517e-01
2.763955668499283869e-01
4.087289932012730942e-01
6.665400535056960063e-01
3.932919672583391479e-01
5.431375529099777832e-01
2.691903766072426540e-01
5.256342083578345870e-01
6.509461520939019419e-01
4.134234987107945347e-01
1.853345543234361514e-01
1.339145570644478256e-01
5.290956132900691555e-01
6.525262763263761645e-01
3.072030363902981676e-01
2.004297082674224295e-01
4.199637002289527410e-01
5.235413545609390873e-01
2.198899185809380374e-01
3.965747474619162327e-01
4.083018152523766320e-01
4.499803375901721414e-01
1.384576104109198902e-01
2.812723528355376423e-01
7.059036936431291043e-01
2.638113869761213870e-01
1.391330219077674957e-01
1.967841466629320080e-01
7.068550314360957376e-01
7.059648299232677005e-01
2.176052511982254634e-01
5.472427703985380809e-01
4.093782097674239506e-01
5.013726652047398868e-01
7.507817998846433305e-01
5.279969414726199961e-01
2.008773835469248037e-01
4.933555207133605292e-01
2.648589916033387559e-01
5.064671364781772045e-01
4.710345733216986797e-01
4.978479668883854514e-01
4.522835115806103090e-01
9.837000934297222832e-02
2.489839739841404609e-01
5.079355113989716397e-01
4.932726645893144579e-01
4.556629938731740492e-01
3.583613648943501095e-01
2.550815650797729761e-01
6.971008255914263874e-01
6.963480196105317210e-01
6.047404397527760267e-01
4.771297249368994242e-01
7.028093216403947796e-01
4.011856111371293609e-01
6.130717606924995788e-01
2.205552377611279258e-01
4.325553002490353793e-01
1.531798575053878730e-01
3.564346876798943908e-01
4.371835358786138048e-01
4.559872866490204402e-01
9.161432862339327632e-02
1.565111357890586752e-01
9.316570732264163601e-02
1.986170691623767581e-01
4.631535150828177683e-01
3.953350420640360241e-01
5.130018021194616695e-01
2.598629749556783386e-01
4.455373371151569728e-01
7.007962207013258560e-01
5.087294167505675979e-01
3.851844548709371652e-01
9.228845567572069308e-02
4.606587774830225857e-01
5.484453084968061720e-01
2.154004358465199942e-01
2.973122113364394248e-01
1.512427149611481614e-01
2.764002978924146037e-01
4.087307506540290292e-01
6.665467026592313271e-01
3.932816369943017420e-01
5.431396632357342602e-01
2.691945007478354635e-01
5.256294540288165562e-01
6.509492298056144266e-01
4.134182899417992441e-01
1.853396751586802171e-01
1.339153133278596641e-01
5.291007784144007298e-01
6.525327221926731092e-01
3.072044942463443284e-01
2.701486980367235891e-01
6.286924922545502614e-01
6.494294874852186705e-01
2.108450636874591444e-01
6.264871775096105821e-01
4.880356227957221016e-01
5.782511169971371601e-01
6.717900280125197465e-01
5.621998030986787853e-01
5.812940906551319342e-01
5.017683682571822956e-01
6.682654202410325261e-01
1.905200330345664939e-01
6.005676241214434885e-01
6.110069429472455571e-01
2.704067199918267494e-01
1.746120982990799486e-01
6.170407013843053345e-01
8.426458121100939280e-01
1.755554088711040739e-01
5.814160468261626580e-01
4.995123865730659585e-01
5.411163305792738853e-01
8.003189091761864216e-01
8.426393167519805605e-01
5.204999480383885047e-01
5.007177078902623757e-01
6.133417664274478653e-01
2.038690764349639917e-01
8.516681157498302568e-01
5.703858026643999768e-01
1.724475764501283981e-01
2.140180840964742703e-01
7.394038308442940632e-01
5.904999791037597312e-01
2.663483418996717145e-01
9.046159968582894173e-01
5.950933954754451527e-01
4.950718630704625811e-01
6.055199424095047966e-01
7.803294925388688519e-01
5.617945826853248947e-01
5.985437812452373274e-01
7.231759575339609114e-01
2.279873864250686610e-01
7.663139614421907719e-01
9.321686946970046961e-01
2.150606132302886608e-01
2.155352283784831013e-01
8.065010168485922115e-01
8.851778180814653396e-01
2.357184368733895585e-01
7.541512954589220108e-01
5.791467165317267796e-01
5.435758051562721294e-01
8.551654464881379702e-01
7.497837570932075479e-01
5.086096207032970717e-01
5.768920528569672079e-01
8.252584630704502544e-01
2.457725705172986164e-01
7.375181688918570622e-01
7.357296503508896635e-01
2.184217917978155399e-01
1.968036875698117028e-01
7.495407377524652137e-01
8.751717668916194626e-01
1.873187920098060288e-01
7.247186610766556125e-01
5.153298691635412876e-01
5.559601363880871672e-01
8.479734696790739434e-01
8.889383687778167342e-01
5.462800054481135037e-01
5.188002732269979544e-01
7.881989189292533116e-01
1.906314202233234945e-01
8.796280242390455140e-01
7.171550097964174419e-01
1.938241635300559373e-01
2.004297082674224573e-01
4.199637002289526855e-01
5.235413545609391983e-01
2.198899185809380097e-01
3.965747474619162327e-01
4.083018152523766875e-01
4.499803375901721969e-01
1.384576104109199457e-01
2.812723528355376423e-01
7.059036936431289933e-01
2.638113869761214980e-01
1.391330219077675789e-01
1.967841466629320080e-01
7.068550314360957376e-01
7.059648299232677005e-01
2.176052511982254911e-01
5.472427703985380809e-01
4.093782097674240616e-01
5.013726652047398868e-01
7.507817998846431085e-01
5.279969414726199961e-01
2.008773835469248592e-01
4.933555207133605292e-01
2.648589916033388114e-01
5.064671364781774265e-01
4.710345733216986241e-01
4.978479668883855624e-01
4.522835115806102535e-01
9.837000934297221444e-02
2.489839739841404886e-01
5.079355113989716397e-01
4.932726645893144579e-01
4.556629938731740492e-01
3.583613648943499985e-01
2.550815650797729761e-01
6.971008255914261653e-01
6.963480196105318321e-01
6.047404397527760267e-01
4.771297249368994797e-01
7.028093216403950017e-01
4.011856111371293609e-01
6.130717606924994678e-01
2.205552377611279258e-01
4.325553002490354348e-01
1.531798575053878730e-01
3.564346876798943908e-01
4.371835358786138603e-01
4.559872866490204957e-01
9.161432862339329020e-02
1.565111357890586474e-01
9.316570732264164989e-02
1.986170691623767304e-01
4.631535150828177683e-01
3.953350420640361906e-01
5.130018021194617805e-01
2.598629749556782831e-01
4.455373371151568618e-01
7.007962207013258560e-01
5.087294167505677089e-01
3.851844548709371097e-01
9.228845567572067921e-02
4.606587774830225857e-01
5.484453084968061720e-01
2.154004358465199942e-01
