5.606833058684181914e-01
8.593628657411684912e-01
6.863136148917138302e-01
5.544628189105547111e-01
7.719959355569111503e-01
2.436953618209585226e-01
3.212928068050725505e-01
7.309343539238740695e-01
4.830400901797028412e-01
4.332186007130470196e-01
6.440130903741830837e-02
7.219209275096873935e-01
4.384706213328822821e-01
5.652851203220272680e-01
6.097107872423965791e-01
5.396525983676973004e-01
7.933014066733365954e-01
2.824252669163200280e-01
2.281235252562164306e-01
6.657990205291837160e-01
3.678755532089125757e-01
6.919637254946450766e-02
1.398870904029601570e-01
8.347181588835692057e-02
2.534160613517923988e-01
1.386552149743897344e-01
1.350195994034311398e-01
3.166179252620375806e-01
5.320332685172357579e-01
1.448744768005953976e-01
2.246539429408265232e-01
6.986345822151420748e-01
5.605205381870301817e-01
1.601380169798249931e-01
1.322919590141352353e-01
5.553512834578389068e-01
3.120964518743920557e-01
1.190278939090158306e-01
1.347740721170542777e-01
4.249941178839475309e-01
3.017357150059251092e-01
1.132133752684062605e-01
7.041033031786703145e-02
2.281858113333505300e-01
7.279572499251083517e-01
1.647634766923588290e-01
2.625706577221114113e-01
8.432916936646526196e-01
5.022440479455818618e-01
7.325935779446151042e-01
5.331255370631008406e-01
4.228708936822340170e-01
5.522242050101331401e-01
3.059039507986601181e-01
2.544156029711153733e-01
4.987158167810140652e-01
5.249038545564117531e-01
3.054928481484122660e-01
3.277114956942299151e-01
7.402309192834160001e-01
4.793526310789131273e-01
5.797128883760456208e-01
8.064046453508812995e-01
5.784972944835450326e-01
5.694201888091409147e-01
8.513016461584020922e-01
6.924376441225996714e-01
5.469855312658755686e-01
7.561146752418310690e-01
2.358321905117099493e-01
3.189437970641820219e-01
7.263932136150756946e-01
4.908698972506052582e-01
4.291020543876347126e-01
7.378681391843322501e-02
4.306143690251109102e-01
5.603799991824909288e-01
6.530257947786898276e-01
7.997230219947263352e-01
2.724465548551542327e-01
2.238044438729087093e-01
3.455778174347278187e-01
6.979458623786803650e-02
1.374379992789034888e-01
2.539155004391149273e-01
1.367115651623625472e-01
5.325761231335057744e-01
1.363133224872430938e-01
5.700592853462507215e-01
1.624397103835564238e-01
3.087858913144722051e-01
1.161577458623586356e-01
3.038476228113913269e-01
7.314164520696873062e-01
4.906494753109729157e-01
5.384132266457303251e-01
7.267520234047653016e-01
2.831291762857133243e-01
2.592636931188666560e-01
7.209270310160282857e-01
6.676520679199375863e-01
4.288245253065590123e-01
3.388953897117720215e-01
6.393372165088992976e-01
5.557009588974823888e-01
1.310974007746047720e-01
2.126444752451868980e-01
3.508328407012505368e-01
3.597714238296344513e-01
1.893408559752223219e-01
1.285782448313518012e-01
4.135230761450932047e-01
5.475843421093500307e-01
3.787452500666353972e-01
5.166746916263393885e-01
6.808729897430082501e-01
5.606833058684181914e-01
8.593628657411684912e-01
6.863136148917138302e-01
5.544628189105547111e-01
7.719959355569111503e-01
2.436953618209585226e-01
3.212928068050725505e-01
7.309343539238740695e-01
4.830400901797028412e-01
4.332186007130470196e-01
6.440130903741830837e-02
7.219209275096873935e-01
4.384706213328822821e-01
5.652851203220272680e-01
6.097107872423965791e-01
5.396525983676973004e-01
7.933014066733365954e-01
2.824252669163200280e-01
2.281235252562164306e-01
6.657990205291837160e-01
3.678755532089125757e-01
6.919637254946450766e-02
1.398870904029601570e-01
8.347181588835692057e-02
2.534160613517923988e-01
1.386552149743897344e-01
1.350195994034311398e-01
3.166179252620375806e-01
5.320332685172357579e-01
1.448744768005953976e-01
2.246539429408265232e-01
6.986345822151420748e-01
5.605205381870301817e-01
1.601380169798249931e-01
1.322919590141352353e-01
5.553512834578389068e-01
3.120964518743920557e-01
1.190278939090158306e-01
1.347740721170542777e-01
4.249941178839475309e-01
3.017357150059251092e-01
1.132133752684062605e-01
7.041033031786703145e-02
2.281858113333505300e-01
7.279572499251083517e-01
1.647634766923588290e-01
2.625706577221114113e-01
8.432916936646526196e-01
5.022440479455818618e-01
7.325935779446151042e-01
5.331255370631008406e-01
4.228708936822340170e-01
5.522242050101331401e-01
3.059039507986601181e-01
2.544156029711153733e-01
4.987158167810140652e-01
5.249038545564117531e-01
3.054928481484122660e-01
3.277114956942299151e-01
7.402309192834160001e-01
4.793526310789131273e-01
5.797128883760456208e-01
8.064046453508812995e-01
5.784972944835450326e-01
6.676520679199375863e-01
4.288245253065590123e-01
3.388953897117720215e-01
6.393370278831076448e-01
5.557009588974823888e-01
1.310968336095847397e-01
2.126444752451868980e-01
3.508328407012505368e-01
3.597714238296344513e-01
1.893408559752223219e-01
1.285782214644602406e-01
4.135230761450932047e-01
5.475843421093500307e-01
3.787452500666353972e-01
5.166746916263393885e-01
6.808729897430082501e-01
6.562009037028134761e-01
5.096815738181634803e-01
3.927190531263116124e-01
6.315255068629596069e-01
6.575465108490168298e-01
1.690532299753888246e-01
1.859764951553601331e-01
4.645192237660418222e-01
5.843705958753395713e-01
1.471525523660948964e-01
1.548355420713734276e-01
4.828264383057119247e-01
5.456898790286921486e-01
6.305152834487464109e-01
6.229856142075058667e-01
6.463348515893569957e-01
5.985958086183925664e-01
5.360397366591385104e-01
6.387230080909915841e-01
6.123435147114654198e-01
5.576503178750755740e-01
1.672037065110137111e-01
1.622405195057196048e-01
6.280519936392769953e-01
7.342771025090846226e-01
1.342313641109304234e-01
1.461947475985264644e-01
5.006625429294009333e-01
5.933814978641717142e-01
7.547524005480510390e-01
5.243930977489903444e-01
5.866886186772644063e-01
6.637169776490166040e-01
5.459654597644374441e-01
7.400872737510377775e-01
5.932117433884211977e-01
5.648762654930781224e-01
1.873614444158050174e-01
1.495987970820625013e-01
7.897379569744087391e-01
4.878992158584187777e-01
2.004762822245374776e-01
1.783849153346118710e-01
4.698856994671261056e-01
6.401629258927649113e-01
5.406987111967678228e-01
4.853641048187999907e-01
6.580704835282168430e-01
6.369103021279067800e-01
6.807888934709152018e-01
5.958644716870846736e-01
6.403964577046794560e-01
5.993475970916914974e-01
1.719463059713837449e-01
1.807940991901001437e-01
6.405726007635488273e-01
7.945440703933628335e-01
1.623050691326712869e-01
1.540349799259263519e-01
5.894698586369950810e-01
6.199785481704183088e-01
8.055150607759951065e-01
5.359982585662463883e-01
6.336683276699681677e-01
5.996184961125805568e-01
7.545494425989989207e-01
7.972558489765710910e-01
6.115189644770065991e-01
7.841337506715644334e-01
1.639173720341527418e-01
1.469158388397264203e-01
7.857938861860640500e-01
7.442910365117541005e-01
1.595637070445377892e-01
1.451611962921251775e-01
7.422255281692893281e-01
6.190413281060525019e-01
7.582364803202661374e-01
7.103336643255659943e-01
5.927093931760518686e-01
5.606833058684181914e-01
8.593628657411683802e-01
6.863136148917139412e-01
5.544628189105546001e-01
7.719959355569110393e-01
2.436953618209585781e-01
3.212928068050726060e-01
7.309343539238741805e-01
4.830400901797029523e-01
4.332186007130469640e-01
6.440130903741828061e-02
7.219209275096875045e-01
4.384706213328822266e-01
5.652851203220271570e-01
6.097107872423965791e-01
5.396525983676973004e-01
7.933014066733365954e-01
2.824252669163201390e-01
2.281235252562164584e-01
6.657990205291834940e-01
3.678755532089126312e-01
6.919637254946450766e-02
1.398870904029601570e-01
8.347181588835694832e-02
2.534160613517923988e-01
1.386552149743897067e-01
1.350195994034311398e-01
3.166179252620374696e-01
5.320332685172357579e-01
1.448744768005954253e-01
2.246539429408265232e-01
6.986345822151420748e-01
5.605205381870301817e-01
1.601380169798249653e-01
1.322919590141352075e-01
5.553512834578389068e-01
3.120964518743921112e-01
1.190278939090158167e-01
1.347740721170543055e-01
4.249941178839475864e-01
3.017357150059251092e-01
1.132133752684062744e-01
7.041033031786703145e-02
2.281858113333505855e-01
7.279572499251083517e-01
1.647634766923588290e-01
2.625706577221113558e-01
8.432916936646526196e-01
5.022440479455819728e-01
7.325935779446148821e-01
5.331255370631009516e-01
4.228708936822340170e-01
5.522242050101332511e-01
3.059039507986601736e-01
2.544156029711154288e-01
4.987158167810141207e-01
5.249038545564116420e-01
3.054928481484123770e-01
3.277114956942299706e-01
7.402309192834158891e-01
4.793526310789130718e-01
5.797128883760456208e-01
8.064046453508812995e-01
5.784972944835450326e-01
