7.709380968965750570e-03
1.252724032356468675e-01
6.041036183921794089e-02
5.670729967759510770e-03
2.106345260283021270e-01
8.534165172581935632e-01
7.257388032745596407e-01
1.390370316096894709e-01
5.764120748293183327e-02
6.528410476246275795e-01
3.668522063471963968e-01
1.323328068645297506e-01
5.419015035301837091e-03
2.093054216401376011e-01
2.571438954991311920e-02
5.183985738686117811e-03
5.829575738503631199e-02
7.385077040118788183e-01
5.192872752306392226e-01
2.730927461859450345e-02
4.955002339376563536e-01
5.530949503619863039e-01
9.594015087641463158e-01
3.748959554558291551e-01
6.409271854694211790e-01
6.303314876430818892e-01
9.419379903046976032e-01
7.096332918120206168e-01
7.898393389277447163e-03
6.088778277431640129e-01
5.298014685963087222e-01
5.063632538884577095e-02
7.610642575240117447e-02
7.723768834130189109e-01
6.421370775133198316e-01
1.988408173613218088e-01
3.969772987240822726e-01
9.097686520052821191e-01
6.248265310453240406e-01
6.400663606549821250e-01
6.354193246243952098e-01
9.078837120505457436e-01
5.683021311894501659e-01
8.261380582158701635e-01
2.295234277605152085e-01
7.699573853042638305e-01
7.219657617805277372e-01
1.237425405430734870e-01
1.856146359625448702e-03
2.382010618015008574e-01
5.636929533830992156e-04
4.618337573511897831e-03
4.396039920480554475e-02
6.145000152697465134e-01
6.342971897790209423e-01
5.218036566488426509e-02
4.352086639291030679e-02
3.848674739978407144e-01
4.819377405768688338e-01
1.845523395578200776e-01
9.471525431206037626e-04
7.138704846668703086e-02
4.573839501518162098e-02
7.457937529074582308e-03
7.586060361323936421e-03
1.245050317559812658e-01
5.555226236094013004e-02
5.424985712997241333e-03
1.975944573767455248e-01
8.395866389084958303e-01
7.176461910962054214e-01
1.356593122130380635e-01
5.491359306559112641e-02
6.464470175322887258e-01
3.707603571545880494e-01
5.015782088045459691e-03
2.041382186382497133e-01
2.462839767635072175e-02
5.214166429592123619e-02
7.301939025744151879e-01
5.228434554936784995e-01
4.881767817328790393e-01
5.605887396599350536e-01
9.506146927108707345e-01
6.376143879504855283e-01
6.275746430100050954e-01
4.253066417576167879e-03
6.239379709208748848e-01
7.376085857412190139e-02
7.711729073363982057e-01
3.909063244818644645e-01
9.090761510516877086e-01
6.248201995009923237e-01
2.342192840680864807e-01
1.395738212272117085e-03
4.373820666134564661e-02
1.952865051724506085e-02
9.921275759137840877e-01
9.781444877875932198e-01
9.964978645419009240e-03
2.729169901401309883e-02
5.777028355544795435e-01
2.235323364773961208e-01
3.446556880106857457e-02
2.038130434940190749e-01
7.436185758575483140e-01
8.215124539396628789e-01
2.346988552930281413e-01
5.388961069359535783e-01
7.789092209183171578e-01
7.563063397502500784e-01
5.557476463128003807e-01
1.199591649933608173e-02
5.297214141104126250e-01
1.928048319316686410e-01
2.420852527447039937e-02
7.709380968965750570e-03
1.252724032356468675e-01
6.041036183921794089e-02
5.670729967759510770e-03
2.106345260283021270e-01
8.534165172581935632e-01
7.257388032745596407e-01
1.390370316096894709e-01
5.764120748293183327e-02
6.528410476246275795e-01
3.668522063471963968e-01
1.323328068645297506e-01
5.419015035301837091e-03
2.093054216401376011e-01
2.571438954991311920e-02
5.183985738686117811e-03
5.829575738503631199e-02
7.385077040118788183e-01
5.192872752306392226e-01
2.730927461859450345e-02
4.955002339376563536e-01
5.530949503619863039e-01
9.594015087641463158e-01
3.748959554558291551e-01
6.409271854694211790e-01
6.303314876430818892e-01
9.419379903046976032e-01
7.096332918120206168e-01
7.898393389277447163e-03
6.088778277431640129e-01
5.298014685963087222e-01
5.063632538884577095e-02
7.610642575240117447e-02
7.723768834130189109e-01
6.421370775133198316e-01
1.988408173613218088e-01
3.969772987240822726e-01
9.097686520052821191e-01
6.248265310453240406e-01
6.400663606549821250e-01
6.354193246243952098e-01
9.078837120505457436e-01
5.683021311894501659e-01
8.261380582158701635e-01
2.295234277605152085e-01
7.699573853042638305e-01
7.219657617805277372e-01
1.237425405430734870e-01
1.856146359625448702e-03
2.382010618015008574e-01
5.636929533830992156e-04
4.618337573511897831e-03
4.396039920480554475e-02
6.145000152697465134e-01
6.342971897790209423e-01
5.218036566488426509e-02
4.352086639291030679e-02
3.848674739978407144e-01
4.819377405768688338e-01
1.845523395578200776e-01
9.471525431206037626e-04
7.138704846668703086e-02
4.573839501518162098e-02
7.457937529074582308e-03
2.729169901401309883e-02
5.777028355544795435e-01
2.235323364773961208e-01
3.446506382882072450e-02
2.038130434940190749e-01
7.436153587499475526e-01
8.215124539396628789e-01
2.346988552930281413e-01
5.388961069359535783e-01
7.789092209183171578e-01
7.563062023045394877e-01
5.557476463128003807e-01
1.199591649933608173e-02
5.297214141104126250e-01
1.928048319316686410e-01
2.420852527447039937e-02
2.505549039781246323e-02
3.524877137833122287e-01
3.270115980144763235e-01
2.714275446486472121e-02
2.876807821588771574e-01
8.932709421046342024e-01
9.583027828157320016e-01
3.647086313260297086e-01
2.129988291543587486e-01
9.679987220593961883e-01
8.917829893352724469e-01
3.414319586295824216e-01
6.863987616250011303e-03
2.300824995052224153e-01
2.578059232069713769e-01
2.038207558739521530e-02
1.332968422982713785e-02
2.405703077379706123e-02
1.900754110595523905e-01
5.892175558769141563e-03
1.653979638602807167e-01
9.578472812128402403e-01
9.283692037146418219e-01
1.444795391599760226e-01
7.484341429422469716e-02
9.899354485606077780e-01
9.309621848585828419e-01
1.002309824945069039e-02
1.173946972585174220e-02
3.864643677480827932e-02
1.421033367758872679e-01
4.917254723361436097e-03
1.315795829459026622e-02
4.747411656538744751e-01
7.847758381277403217e-02
9.768718964351136291e-03
1.449332804893161963e-01
9.871363353547806252e-01
9.704938170941022069e-01
5.989172742797244098e-02
5.893146571003033962e-01
9.818155523739876545e-01
9.684388006955256811e-01
4.021951421948366523e-01
1.469016177544757440e-02
5.895499865715521093e-01
5.323662432862752425e-02
1.034787667811766509e-02
1.143114090877270228e-02
1.876908990321060067e-01
4.686608052981671158e-01
2.818059111057538701e-02
5.344661193884334693e-01
9.929142538365034465e-01
9.607035227846043579e-01
4.607756606321431470e-01
9.061322893924028676e-02
9.367182430470379906e-01
9.726622651206711101e-01
6.957875182923523028e-02
9.752331066331332288e-03
5.801595340545162571e-02
4.656613069427759655e-01
9.409435388908871101e-03
1.426341874600769999e-02
1.442071239299060892e-01
6.139877165800400327e-02
7.996800608281118272e-03
1.381814704249670900e-01
9.649469099583607434e-01
9.772411775011777824e-01
4.415924764473477815e-02
8.072761117761717564e-02
9.770376905736860573e-01
9.500726626307174350e-01
1.239616013753330748e-01
5.020591921388123380e-03
4.283234479204978129e-02
1.072904643004684022e-01
6.196018478800108253e-03
7.709380968965750570e-03
1.252724032356468120e-01
6.041036183921796865e-02
5.670729967759510770e-03
2.106345260283020715e-01
8.534165172581935632e-01
7.257388032745597517e-01
1.390370316096894709e-01
5.764120748293183327e-02
6.528410476246274685e-01
3.668522063471963968e-01
1.323328068645297784e-01
5.419015035301840560e-03
2.093054216401375456e-01
2.571438954991317472e-02
5.183985738686119546e-03
5.829575738503631199e-02
7.385077040118790404e-01
5.192872752306393336e-01
2.730927461859455896e-02
4.955002339376562981e-01
5.530949503619863039e-01
9.594015087641463158e-01
3.748959554558292107e-01
6.409271854694211790e-01
6.303314876430818892e-01
9.419379903046976032e-01
7.096332918120203948e-01
7.898393389277461041e-03
6.088778277431640129e-01
5.298014685963088333e-01
5.063632538884571543e-02
7.610642575240117447e-02
7.723768834130186889e-01
6.421370775133199427e-01
1.988408173613219754e-01
3.969772987240823281e-01
9.097686520052822301e-01
6.248265310453240406e-01
6.400663606549823470e-01
6.354193246243953208e-01
9.078837120505456326e-01
5.683021311894501659e-01
8.261380582158700525e-01
2.295234277605151529e-01
7.699573853042638305e-01
7.219657617805277372e-01
1.237425405430735426e-01
1.856146359625451304e-03
2.382010618015008296e-01
5.636929533830992156e-04
4.618337573511897831e-03
4.396039920480543373e-02
6.145000152697466245e-01
6.342971897790211644e-01
5.218036566488432060e-02
4.352086639291030679e-02
3.848674739978407144e-01
4.819377405768688893e-01
1.845523395578200498e-01
9.471525431206046300e-04
7.138704846668703086e-02
4.573839501518162098e-02
7.457937529074581441e-03
