2.062897355558053203e-01
4.478516293477132204e-01
4.949970401670317210e-01
2.210593298750185287e-01
4.012248605951572733e-01
4.287951153067154353e-01
4.569033080702042948e-01
1.414533720482973600e-01
2.625023816803310206e-01
7.012095515871199503e-01
2.542984195778631440e-01
1.337851889327496546e-01
2.011622470658542827e-01
6.983198060068949165e-01
7.104465456119901656e-01
2.149880561960162417e-01
5.346154843389367972e-01
4.361236233807984086e-01
4.926531472834687064e-01
7.481946877846270549e-01
5.188817395115832287e-01
2.099758735069977011e-01
5.053470421927191980e-01
2.739981088630376038e-01
5.131165287402024155e-01
4.803502249616865005e-01
4.897613516812455159e-01
4.447177120045674448e-01
9.262570465531459740e-02
2.478615764541918232e-01
5.161213468493407452e-01
5.223195908044653279e-01
4.576373080539640203e-01
3.532319252603379200e-01
2.528478213511642370e-01
7.095782325356914111e-01
7.020973021012567594e-01
6.155574334164756189e-01
4.713897362631783716e-01
7.041422078664356654e-01
4.058814211480669121e-01
6.065761039151474909e-01
2.101427458872144050e-01
4.126515179375360165e-01
1.516944682668484035e-01
3.622734316365786578e-01
4.105664165046047920e-01
4.260127975771957898e-01
9.422254807738944526e-02
1.513167451945517938e-01
9.605563074763938392e-02
1.928919689815925265e-01
4.549104427669042883e-01
3.917266996299555437e-01
5.088561910813907962e-01
2.759382601314769312e-01
4.495032392755753392e-01
6.994754546601754663e-01
5.197663642068890422e-01
3.764131097497530054e-01
8.756765049892277497e-02
4.589789151962016533e-01
5.609882540349333535e-01
2.080047634236092680e-01
2.071308721504676043e-01
4.368973804917456460e-01
5.085774754018397292e-01
2.179941047802198550e-01
3.888199598497556475e-01
4.206104892105034243e-01
4.507803542384896112e-01
1.375899915932849438e-01
2.692134158018221202e-01
7.026774147562910855e-01
2.640403723595285967e-01
1.969972133716479390e-01
7.038789818539834542e-01
7.475282867747438109e-01
5.475402112797291831e-01
4.232788473385900030e-01
5.025028203117593018e-01
5.191115467270785988e-01
2.100581048206894841e-01
4.975050602973982161e-01
5.109877738080725873e-01
4.758628734740672495e-01
9.433036897045220248e-02
2.481395770039480642e-01
4.583040972272947600e-01
3.577311052077056241e-01
7.007829008905326340e-01
6.112419992236114430e-01
3.987096899061821631e-01
1.517438885475745625e-01
9.085182210621699228e-02
4.521769942865427883e-01
3.281055419899289172e-01
6.815917004679173941e-01
6.627073220825333566e-01
3.231145189033634013e-01
2.995377753246706298e-01
1.738381586769970344e-01
2.550033597680071429e-01
4.084987681256100345e-01
6.641784680304689825e-01
4.027660994813305750e-01
5.446783471189335923e-01
2.846126205129596576e-01
5.275561213843619202e-01
6.528636411758360625e-01
4.051236683748301592e-01
1.590917209094369067e-01
1.324742169855616103e-01
5.273500776385545707e-01
6.547719785985901542e-01
3.034918894413045631e-01
2.062897355558053203e-01
4.478516293477132204e-01
4.949970401670317210e-01
2.210593298750185287e-01
4.012248605951572733e-01
4.287951153067154353e-01
4.569033080702042948e-01
1.414533720482973600e-01
2.625023816803310206e-01
7.012095515871199503e-01
2.542984195778631440e-01
1.337851889327496546e-01
2.011622470658542827e-01
6.983198060068949165e-01
7.104465456119901656e-01
2.149880561960162417e-01
5.346154843389367972e-01
4.361236233807984086e-01
4.926531472834687064e-01
7.481946877846270549e-01
5.188817395115832287e-01
2.099758735069977011e-01
5.053470421927191980e-01
2.739981088630376038e-01
5.131165287402024155e-01
4.803502249616865005e-01
4.897613516812455159e-01
4.447177120045674448e-01
9.262570465531459740e-02
2.478615764541918232e-01
5.161213468493407452e-01
5.223195908044653279e-01
4.576373080539640203e-01
3.532319252603379200e-01
2.528478213511642370e-01
7.095782325356914111e-01
7.020973021012567594e-01
6.155574334164756189e-01
4.713897362631783716e-01
7.041422078664356654e-01
4.058814211480669121e-01
6.065761039151474909e-01
2.101427458872144050e-01
4.126515179375360165e-01
1.516944682668484035e-01
3.622734316365786578e-01
4.105664165046047920e-01
4.260127975771957898e-01
9.422254807738944526e-02
1.513167451945517938e-01
9.605563074763938392e-02
1.928919689815925265e-01
4.549104427669042883e-01
3.917266996299555437e-01
5.088561910813907962e-01
2.759382601314769312e-01
4.495032392755753392e-01
6.994754546601754663e-01
5.197663642068890422e-01
3.764131097497530054e-01
8.756765049892277497e-02
4.589789151962016533e-01
5.609882540349333535e-01
2.080047634236092680e-01
2.995377753246706298e-01
1.738381586769970344e-01
2.550033597680071429e-01
4.084984587718501481e-01
6.641784680304689825e-01
4.027643569994695527e-01
5.446783471189335923e-01
2.846126205129596576e-01
5.275561213843619202e-01
6.528636411758360625e-01
4.051235947505492097e-01
1.590917209094369067e-01
1.324742169855616103e-01
5.273500776385545707e-01
6.547719785985901542e-01
3.034918894413045631e-01
2.730442639523342763e-01
6.531057747961879212e-01
6.286471423640607181e-01
2.099214077718398186e-01
6.145638087279636785e-01
5.022201790598147531e-01
5.796497990709641446e-01
6.923640496815053336e-01
5.716209712299114010e-01
5.829995288207793225e-01
4.884418673009998102e-01
6.431843073100558250e-01
1.890518401934586645e-01
5.922289019621536088e-01
6.256812913922435992e-01
2.653088798898057266e-01
1.762156289053742053e-01
6.200535561322377820e-01
8.413622000742755347e-01
1.748433898066954206e-01
5.800555589336371387e-01
5.152105899367506181e-01
5.423756939130872645e-01
7.999322281049121575e-01
8.468485423051423933e-01
5.216214342803805470e-01
4.880200342959641890e-01
6.078226437590001918e-01
2.029861796488735548e-01
8.472023162762440940e-01
5.690920177495717436e-01
1.686985065326089550e-01
2.145771677646799436e-01
7.479082044993576872e-01
5.935657561368250512e-01
2.650154803413989901e-01
9.418515493973989017e-01
6.060758366692918786e-01
4.962627716625902519e-01
6.022671175988247860e-01
7.562556689133645982e-01
5.627443486654029048e-01
5.895414980095995405e-01
7.195012738485706549e-01
2.268553415390608952e-01
7.903932549522159068e-01
8.950775234206940212e-01
2.117495661600615475e-01
2.171184399780781704e-01
8.491756693035408254e-01
8.522092896197062117e-01
2.343077592251264774e-01
7.587507061531830743e-01
5.890328410293110828e-01
5.443778356052068057e-01
8.902432091618592835e-01
7.500333442901858660e-01
5.099544115674017331e-01
5.695513081533771782e-01
7.776632387461059892e-01
2.446444362800148098e-01
7.343686197739902610e-01
7.322117753841257404e-01
2.148414171797461136e-01
1.962278348972344433e-01
7.604696993586308462e-01
8.805381395619606977e-01
1.863355725580611300e-01
7.556989802512583676e-01
5.265281280145035492e-01
5.574178291685730757e-01
8.413132943469969760e-01
8.735567922464584356e-01
5.474619132228124574e-01
5.104399418923090126e-01
7.744544277846816538e-01
1.899405962549172988e-01
8.937659450471275857e-01
6.824974016509317565e-01
1.923690069594712893e-01
2.062897355558053758e-01
4.478516293477131649e-01
4.949970401670318321e-01
2.210593298750185287e-01
4.012248605951572733e-01
4.287951153067153798e-01
4.569033080702043503e-01
1.414533720482974155e-01
2.625023816803310206e-01
7.012095515871200613e-01
2.542984195778631440e-01
1.337851889327496824e-01
2.011622470658542827e-01
6.983198060068946944e-01
7.104465456119903877e-01
2.149880561960162972e-01
5.346154843389367972e-01
4.361236233807986307e-01
4.926531472834687619e-01
7.481946877846270549e-01
5.188817395115831177e-01
2.099758735069977011e-01
5.053470421927191980e-01
2.739981088630376593e-01
5.131165287402024155e-01
4.803502249616864450e-01
4.897613516812455159e-01
4.447177120045673893e-01
9.262570465531458352e-02
2.478615764541917954e-01
5.161213468493408563e-01
5.223195908044651059e-01
4.576373080539640203e-01
3.532319252603378645e-01
2.528478213511642925e-01
7.095782325356914111e-01
7.020973021012568704e-01
6.155574334164756189e-01
4.713897362631783716e-01
7.041422078664356654e-01
4.058814211480669121e-01
6.065761039151472689e-01
2.101427458872144327e-01
4.126515179375359610e-01
1.516944682668484035e-01
3.622734316365787688e-01
4.105664165046049585e-01
4.260127975771958453e-01
9.422254807738947302e-02
1.513167451945517661e-01
9.605563074763939779e-02
1.928919689815925542e-01
4.549104427669042883e-01
3.917266996299555992e-01
5.088561910813907962e-01
2.759382601314768757e-01
4.495032392755752282e-01
6.994754546601755774e-01
5.197663642068891532e-01
3.764131097497529499e-01
8.756765049892276109e-02
4.589789151962016533e-01
5.609882540349333535e-01
2.080047634236092680e-01
