1.773515675323574792e-01
4.424779059956664429e-01
2.071042622401212396e-01
1.768303253727620261e-01
4.782298959416014794e-01
5.862001219881410874e-01
4.642331237052464976e-01
3.257708562410801534e-01
2.765590848055828888e-01
8.792229473993391498e-01
2.615358282965580261e-01
3.154877751156406895e-01
2.436072102700314601e-01
7.250846631103520235e-01
5.166381914628641603e-01
1.719609817740669899e-01
3.550237712064580053e-01
5.139080352756788539e-01
8.791572619271721400e-01
5.307344098386288511e-01
6.616122731850602179e-01
2.764916375709288721e-01
4.557269902196514622e-01
2.710487336860005758e-01
3.531825728909110396e-01
4.371201821942989896e-01
4.459638435464012285e-01
4.616927506920094348e-01
2.143385015023501761e-01
2.971989963081277386e-01
9.205646515372971628e-01
1.890884740061159475e-01
1.523463814474942390e-01
3.650473476382030680e-01
3.109493934181840613e-01
7.344044860314644652e-01
6.243416207491615522e-01
5.716879999575837923e-01
4.361383800843094960e-01
8.811108573021855239e-01
3.646276511068512471e-01
5.699724872516280794e-01
2.911019170978768056e-01
5.787605927379633197e-01
5.105842656782975109e-01
3.657530026821904645e-01
5.274266896127125515e-01
4.345023393222813279e-01
1.754127680341089623e-01
5.160789595067832858e-01
2.064856127440273248e-01
2.403608240998769130e-01
4.994101478074999267e-01
3.506496983524097777e-01
3.491770280108640323e-01
2.705937308779239325e-01
5.045112046730184652e-01
6.307875724609532941e-01
6.645821643465497086e-01
4.596796477258857094e-01
1.685187575346686339e-01
1.408396490713643701e-01
3.520747300936059587e-01
1.851459166479809682e-01
1.811743114048051106e-01
4.384774016177002132e-01
1.981496719984353616e-01
1.743719229051648167e-01
4.689555005411196187e-01
5.824283625808615028e-01
4.629566505157857170e-01
3.205900390854777848e-01
2.735794736174602670e-01
8.801678905325140967e-01
2.661599748357766915e-01
2.419722824422924912e-01
7.296865969906922711e-01
5.361965763825494724e-01
3.535785096142873840e-01
5.207023648826821782e-01
8.991536600506341292e-01
6.646895229599182331e-01
2.836912860528718605e-01
4.508146368403367354e-01
3.511811297889466665e-01
4.366285024090721945e-01
2.104356362869703734e-01
3.018805798150477893e-01
1.466274460548115388e-01
3.653984914511421156e-01
6.275731462000680994e-01
5.709877415419013502e-01
3.575454827760685683e-01
5.141310811646382373e-01
1.719209306373637447e-01
5.019888331038179219e-01
3.239510873707999172e-01
6.810714281533679637e-01
6.725340341875446493e-01
3.180392298321809141e-01
2.278478685871442311e-01
4.074312399790798178e-01
4.146225882813142638e-01
3.798830053667328066e-01
7.378311788570450780e-01
4.271464509453474223e-01
4.779793812778970197e-01
4.094216572313921221e-01
3.884800924995038818e-01
6.265183592480696451e-01
4.394870240177594090e-01
4.093455715988876253e-01
2.522240698266091652e-01
3.740181089289865701e-01
7.389397149170224832e-01
2.289317598287649025e-01
1.773515675323574792e-01
4.424779059956664429e-01
2.071042622401212396e-01
1.768303253727620261e-01
4.782298959416014794e-01
5.862001219881410874e-01
4.642331237052464976e-01
3.257708562410801534e-01
2.765590848055828888e-01
8.792229473993391498e-01
2.615358282965580261e-01
3.154877751156406895e-01
2.436072102700314601e-01
7.250846631103520235e-01
5.166381914628641603e-01
1.719609817740669899e-01
3.550237712064580053e-01
5.139080352756788539e-01
8.791572619271721400e-01
5.307344098386288511e-01
6.616122731850602179e-01
2.764916375709288721e-01
4.557269902196514622e-01
2.710487336860005758e-01
3.531825728909110396e-01
4.371201821942989896e-01
4.459638435464012285e-01
4.616927506920094348e-01
2.143385015023501761e-01
2.971989963081277386e-01
9.205646515372971628e-01
1.890884740061159475e-01
1.523463814474942390e-01
3.650473476382030680e-01
3.109493934181840613e-01
7.344044860314644652e-01
6.243416207491615522e-01
5.716879999575837923e-01
4.361383800843094960e-01
8.811108573021855239e-01
3.646276511068512471e-01
5.699724872516280794e-01
2.911019170978768056e-01
5.787605927379633197e-01
5.105842656782975109e-01
3.657530026821904645e-01
5.274266896127125515e-01
4.345023393222813279e-01
1.754127680341089623e-01
5.160789595067832858e-01
2.064856127440273248e-01
2.403608240998769130e-01
4.994101478074999267e-01
3.506496983524097777e-01
3.491770280108640323e-01
2.705937308779239325e-01
5.045112046730184652e-01
6.307875724609532941e-01
6.645821643465497086e-01
4.596796477258857094e-01
1.685187575346686339e-01
1.408396490713643701e-01
3.520747300936059587e-01
1.851459166479809682e-01
2.278478685871442311e-01
4.074312399790798178e-01
4.146225882813142638e-01
3.798826810469960180e-01
7.378311788570450780e-01
4.271446029870814565e-01
4.779793812778970197e-01
4.094216572313921221e-01
3.884800924995038818e-01
6.265183592480696451e-01
4.394869441485276806e-01
4.093455715988876253e-01
2.522240698266091652e-01
3.740181089289865701e-01
7.389397149170224832e-01
2.289317598287649025e-01
2.826908569746724442e-01
9.061957446817461292e-01
3.407061518733340844e-01
2.158402877188752567e-01
3.672525403934430166e-01
5.299685171477238610e-01
6.815398687841107694e-01
3.746561830482759703e-01
3.725723440162609368e-01
5.573316699159126530e-01
5.350718175690611922e-01
9.100539273760452907e-01
2.698744598077178480e-01
3.938214809568270081e-01
3.480123443701181873e-01
2.790487386204107967e-01
1.948125753540033422e-01
5.341809082475887926e-01
8.096874656961601247e-01
1.735438049862885468e-01
5.418876221676096616e-01
5.798220955643238472e-01
4.900702129759467174e-01
7.541526232800050966e-01
7.568181861345515404e-01
4.933189697816525721e-01
5.680975986952435663e-01
5.252215979512846467e-01
2.024536256205095031e-01
7.439628920472767248e-01
5.292439614399671033e-01
1.880697717444308192e-01
2.382516848540951471e-01
6.724476734849513804e-01
4.915953765070479875e-01
2.642024219923836403e-01
7.307631296545777921e-01
5.817971037682517776e-01
5.719484543709412172e-01
4.852427722132701682e-01
8.517739318865666931e-01
5.939876339424575713e-01
5.770765168184903704e-01
6.458425091793542627e-01
2.134046976178409771e-01
8.387626076622025639e-01
7.149016377275017042e-01
2.345880555436756498e-01
2.359220687474147815e-01
7.627875373252193114e-01
7.879601346618518853e-01
2.325134894257115947e-01
5.708829611106369661e-01
5.752580106052718190e-01
6.266992180355110964e-01
7.884150036317412180e-01
7.836098707840912780e-01
5.297587957615499388e-01
5.696732758235500960e-01
7.269477231964738273e-01
2.499356689757016303e-01
7.660897948065117369e-01
5.330337576849708547e-01
2.325522944853410101e-01
2.152769008363783487e-01
6.977102674870911958e-01
7.171337490165803352e-01
2.002578593169560828e-01
7.275175894818655120e-01
5.366855975173090432e-01
5.795525675781036945e-01
6.876699585006416093e-01
7.297750390732815617e-01
5.799319337130337537e-01
5.330823811763856224e-01
7.190719052418452772e-01
1.939338322375044055e-01
7.163931356318158361e-01
6.958097485033150065e-01
2.073505447245480027e-01
1.773515675323575069e-01
4.424779059956663874e-01
2.071042622401212674e-01
1.768303253727620261e-01
4.782298959416013684e-01
5.862001219881411984e-01
4.642331237052465531e-01
3.257708562410801534e-01
2.765590848055829998e-01
8.792229473993392608e-01
2.615358282965579706e-01
3.154877751156406340e-01
2.436072102700314601e-01
7.250846631103520235e-01
5.166381914628643823e-01
1.719609817740670177e-01
3.550237712064580053e-01
5.139080352756790759e-01
8.791572619271721400e-01
5.307344098386288511e-01
6.616122731850602179e-01
2.764916375709289276e-01
4.557269902196515177e-01
2.710487336860005758e-01
3.531825728909110396e-01
4.371201821942989341e-01
4.459638435464012285e-01
4.616927506920093238e-01
2.143385015023502038e-01
2.971989963081277386e-01
9.205646515372973848e-01
1.890884740061158920e-01
1.523463814474941835e-01
3.650473476382029014e-01
3.109493934181841168e-01
7.344044860314644652e-01
6.243416207491614411e-01
5.716879999575837923e-01
4.361383800843095515e-01
8.811108573021857460e-01
3.646276511068512471e-01
5.699724872516279683e-01
2.911019170978768056e-01
5.787605927379634307e-01
5.105842656782975109e-01
3.657530026821904645e-01
5.274266896127126625e-01
4.345023393222813834e-01
1.754127680341089623e-01
5.160789595067830637e-01
2.064856127440273803e-01
2.403608240998769130e-01
4.994101478074998157e-01
3.506496983524098332e-01
3.491770280108640323e-01
2.705937308779239880e-01
5.045112046730183541e-01
6.307875724609532941e-01
6.645821643465499307e-01
4.596796477258857649e-01
1.685187575346686339e-01
1.408396490713643701e-01
3.520747300936059587e-01
1.851459166479809404e-01
