6.711139097104191521e-03
1.492841989432312499e-01
3.995096230247668911e-02
3.730792409730902121e-03
1.844441779287131489e-01
1.000000000000000000e+00
6.836498703579761971e-01
1.288324995510032600e-01
0.000000000000000000e+00
6.060510821489690780e-01
3.134512669953546382e-01
1.197213235514721363e-01
3.904613084718936214e-03
1.627579468379431460e-01
0.000000000000000000e+00
3.750025065651623607e-03
9.601839117767424492e-02
8.733177431902554577e-01
5.020367449911253832e-01
5.267804198130721094e-03
6.314342126268512878e-01
5.184857751661141601e-01
9.999999999999998890e-01
3.184931348165462306e-01
5.707006006334602866e-01
6.605789870835807598e-01
9.999999999999998890e-01
6.690537465243970860e-01
1.420959349820713480e-02
4.926194601856925814e-01
5.546269527360261353e-01
3.481247052216485116e-02
3.597515528988443068e-02
6.927927630154842031e-01
5.151251230715638840e-01
1.464155467723062265e-01
4.320809878514044744e-01
9.795377813521224386e-01
6.619831897784433927e-01
6.605709869742462104e-01
5.210710190645864159e-01
1.000000000000000222e+00
5.569109163734101697e-01
1.000000000000000000e+00
2.498070718650367006e-01
6.868100155652048233e-01
8.867430171300896280e-01
1.595834444791250917e-01
3.293223289842599211e-03
2.550326516011857669e-01
9.529087288440346581e-03
3.774031394242219339e-03
2.481350707064933214e-02
4.951611601879492008e-01
5.762617287201540206e-01
0.000000000000000000e+00
2.300512632559426063e-02
4.444700427144382404e-01
6.612395671489281757e-01
1.673061270332765194e-01
2.831613722574254088e-03
4.290109728124663624e-02
8.326699276545673767e-02
7.852996258656848652e-03
7.271163725560511604e-03
1.544502490238587877e-01
3.739691982843645901e-02
3.740502467732689101e-03
1.758758257131776692e-01
1.000000000000000000e+00
6.763156872885881521e-01
1.242421110915262750e-01
0.000000000000000000e+00
6.333395717152969784e-01
3.158395107458382145e-01
3.838850224614274650e-03
1.546884110554807568e-01
0.000000000000000000e+00
8.976920519944969756e-02
8.800651408185581337e-01
5.262690042344734254e-01
6.476134289807561339e-01
5.374209029336076693e-01
1.000000000000000000e+00
5.734793190804055030e-01
6.612822021942431627e-01
1.188339412894853786e-02
5.021173459348092782e-01
3.941740227081147463e-02
6.898156642624270196e-01
4.382919475192118552e-01
9.900202271794525943e-01
5.079433468500080817e-01
2.528100484296432748e-01
3.059416632627058943e-03
2.389933478040495718e-02
0.000000000000000000e+00
1.000000000000000000e+00
1.000000000000000000e+00
0.000000000000000000e+00
2.568056507825854096e-02
6.057842645233226797e-01
1.262427998379526128e-01
2.155722147308594683e-02
2.710486663219677794e-01
7.510396578020888114e-01
8.278876182923052829e-01
1.738657144640474161e-01
3.836025095549614461e-01
8.327037314512137911e-01
7.872568477777852625e-01
6.064905260278110610e-01
1.591129857197166875e-02
3.818048423396195323e-01
2.948511917904499402e-01
2.542272040824677948e-02
6.711139097104191521e-03
1.492841989432312499e-01
3.995096230247668911e-02
3.730792409730902121e-03
1.844441779287131489e-01
1.000000000000000000e+00
6.836498703579761971e-01
1.288324995510032600e-01
0.000000000000000000e+00
6.060510821489690780e-01
3.134512669953546382e-01
1.197213235514721363e-01
3.904613084718936214e-03
1.627579468379431460e-01
0.000000000000000000e+00
3.750025065651623607e-03
9.601839117767424492e-02
8.733177431902554577e-01
5.020367449911253832e-01
5.267804198130721094e-03
6.314342126268512878e-01
5.184857751661141601e-01
9.999999999999998890e-01
3.184931348165462306e-01
5.707006006334602866e-01
6.605789870835807598e-01
9.999999999999998890e-01
6.690537465243970860e-01
1.420959349820713480e-02
4.926194601856925814e-01
5.546269527360261353e-01
3.481247052216485116e-02
3.597515528988443068e-02
6.927927630154842031e-01
5.151251230715638840e-01
1.464155467723062265e-01
4.320809878514044744e-01
9.795377813521224386e-01
6.619831897784433927e-01
6.605709869742462104e-01
5.210710190645864159e-01
1.000000000000000222e+00
5.569109163734101697e-01
1.000000000000000000e+00
2.498070718650367006e-01
6.868100155652048233e-01
8.867430171300896280e-01
1.595834444791250917e-01
3.293223289842599211e-03
2.550326516011857669e-01
9.529087288440346581e-03
3.774031394242219339e-03
2.481350707064933214e-02
4.951611601879492008e-01
5.762617287201540206e-01
0.000000000000000000e+00
2.300512632559426063e-02
4.444700427144382404e-01
6.612395671489281757e-01
1.673061270332765194e-01
2.831613722574254088e-03
4.290109728124663624e-02
8.326699276545673767e-02
7.852996258656848652e-03
2.568056507825854096e-02
6.057842645233226797e-01
1.262427998379526128e-01
2.155670974980267163e-02
2.710486663219677794e-01
7.510364085887555330e-01
8.278876182923052829e-01
1.738657144640474161e-01
3.836025095549614461e-01
8.327037314512137911e-01
7.872567047073504298e-01
6.064905260278110610e-01
1.591129857197166875e-02
3.818048423396195323e-01
2.948511917904499402e-01
2.542272040824677948e-02
1.182188275014099677e-02
4.123676904273769761e-01
2.067527621869760246e-01
2.299440948172527810e-02
3.077691914826665709e-01
8.898951920534062809e-01
1.000000000000000000e+00
2.502136047195406832e-01
1.148552264311513138e-01
9.922520330300697022e-01
9.083257866922176405e-01
4.730801240312052514e-01
3.033767856073177338e-03
1.537938624638266472e-01
3.281758863383503755e-01
1.023417350158402350e-02
0.000000000000000000e+00
1.103416782748412039e-02
1.169340164675025662e-01
0.000000000000000000e+00
9.850000368254252514e-02
1.000000000000000000e+00
9.233136651775306625e-01
1.005494260353514413e-01
8.012850234927593185e-02
9.558103719439126067e-01
9.999999999999998890e-01
1.326470616428832017e-02
0.000000000000000000e+00
7.102501489903279008e-02
9.415222337439588252e-02
0.000000000000000000e+00
5.495164951240458229e-03
4.172634607613492363e-01
2.466813211490226365e-02
0.000000000000000000e+00
3.507330398682162453e-02
1.000000000000000000e+00
1.000000000000000000e+00
1.622158288116404279e-02
5.597885848397345931e-01
9.999999999999998890e-01
9.999999999999998890e-01
4.209149387883504012e-01
9.879578204448805079e-03
5.880916249604009050e-01
4.902239991431578403e-03
4.532380242576475315e-03
5.493027831888777635e-03
6.636073038442669159e-02
4.351163616212705421e-01
2.250240268469996807e-02
4.698710755618540347e-01
1.000000000000000000e+00
9.850883209602339097e-01
4.687992531328424306e-01
3.706935611990447299e-02
9.710614582172409914e-01
1.000000000000000000e+00
0.000000000000000000e+00
0.000000000000000000e+00
1.497894198474813976e-02
4.755753372320161709e-01
5.129904081598787857e-03
0.000000000000000000e+00
1.110040912701943938e-01
1.429280063330207184e-03
0.000000000000000000e+00
9.934013056047241719e-02
9.704989769529834831e-01
1.000000000000000000e+00
1.434414514851911626e-02
1.118173371110864345e-02
9.999999999999998890e-01
9.820547181106222823e-01
1.212577462766315506e-01
0.000000000000000000e+00
6.711981675873612829e-03
9.467045471479962337e-02
0.000000000000000000e+00
6.711139097104193256e-03
1.492841989432313055e-01
3.995096230247666136e-02
3.730792409730905590e-03
1.844441779287131489e-01
1.000000000000000000e+00
6.836498703579763081e-01
1.288324995510032600e-01
0.000000000000000000e+00
6.060510821489691891e-01
3.134512669953546382e-01
1.197213235514721086e-01
3.904613084718934479e-03
1.627579468379430905e-01
0.000000000000000000e+00
3.750025065651621872e-03
9.601839117767427267e-02
8.733177431902556798e-01
5.020367449911254942e-01
5.267804198130776605e-03
6.314342126268512878e-01
5.184857751661142711e-01
1.000000000000000000e+00
3.184931348165462861e-01
5.707006006334605086e-01
6.605789870835808708e-01
1.000000000000000222e+00
6.690537465243969750e-01
1.420959349820714868e-02
4.926194601856925814e-01
5.546269527360261353e-01
3.481247052216479565e-02
3.597515528988448619e-02
6.927927630154839811e-01
5.151251230715639950e-01
1.464155467723061710e-01
4.320809878514045299e-01
9.795377813521226606e-01
6.619831897784433927e-01
6.605709869742464324e-01
5.210710190645864159e-01
9.999999999999998890e-01
5.569109163734101697e-01
9.999999999999998890e-01
2.498070718650367561e-01
6.868100155652049343e-01
8.867430171300898500e-01
1.595834444791250917e-01
3.293223289842601813e-03
2.550326516011857114e-01
9.529087288440360459e-03
3.774031394242221074e-03
2.481350707064933214e-02
4.951611601879492564e-01
5.762617287201540206e-01
0.000000000000000000e+00
2.300512632559414961e-02
4.444700427144381294e-01
6.612395671489281757e-01
1.673061270332764916e-01
2.831613722574253221e-03
4.290109728124658073e-02
8.326699276545673767e-02
7.852996258656846917e-03
