2.920698669095345146e-01
5.980872543694115695e-01
4.484687406008307509e-01
3.475688965081172865e-01
7.056827407338441827e-01
4.822521307854822359e-01
3.467509702491204382e-01
2.864522480136774130e-01
3.021990733102468685e-01
5.879087511578620084e-01
1.713901636171002996e-01
2.899857475853094835e-01
3.560790907804808336e-01
8.619420278861094076e-01
9.495530299566585786e-01
3.425829175110137181e-01
7.985680620969017873e-01
4.619332792297825008e-01
5.139507120475959034e-01
1.000000000000000000e+00
6.456155390727484900e-01
1.553338264235260002e-01
2.831988583326486841e-01
1.767699782947604881e-01
3.059420283991644007e-01
2.837055576536933743e-01
2.824038012671744591e-01
3.492498395906428188e-01
2.846759053290699448e-01
6.715925587779389416e-02
5.455598841743071192e-01
4.267751693833157778e-01
2.945548350259556414e-01
3.147734112794741690e-01
6.875778424372636088e-02
8.781465604370117806e-01
6.140376500878464983e-01
4.306703786897436159e-01
2.879092218895746846e-01
5.801227634623296048e-01
2.004533957369653840e-01
4.354213704632872717e-01
1.680817756609477298e-01
5.030289877458031800e-01
3.663411923273376947e-01
3.266333953188123029e-01
4.797735450126809909e-01
6.170448050365650028e-01
2.309548151662668414e-01
3.512607498437776421e-01
2.988657835358591863e-01
3.496646041286196049e-01
8.377753735083921516e-01
1.908289125418379251e-01
3.055506796641720979e-01
2.973486702609667853e-01
8.142512484747694845e-01
6.137043974036728855e-01
6.634677592824547165e-01
7.079005677227543369e-01
2.229583832531582543e-01
2.963481492622646596e-01
8.200799804059437648e-01
3.004736051281152176e-01
2.961914860857066123e-01
6.075962670258466813e-01
4.376861404387679122e-01
3.450516079205646625e-01
7.067915671056437255e-01
4.927857684739048172e-01
3.480065888932322160e-01
2.882324941263660345e-01
2.997763645543540800e-01
5.840116819191316644e-01
1.739181278249751217e-01
3.528486609492421100e-01
8.699434875696558933e-01
9.999999999999998890e-01
8.091105903683712963e-01
4.708996040564701335e-01
5.278841239370308802e-01
6.559681598950083403e-01
1.616157564308064454e-01
2.827988232422171122e-01
3.057464839103197773e-01
2.858107239673871591e-01
2.917282377596116527e-01
6.527365576608834541e-02
2.954461261345855960e-01
3.206751051063027602e-01
6.138705817357021921e-01
4.331597393283111441e-01
1.955769870609506966e-01
3.593817760159994101e-01
2.269045979527905543e-01
8.258834622962277772e-01
4.997115941372651804e-01
4.992385218885838638e-01
4.965090988668364735e-01
4.977229003562990695e-01
3.972561855224760463e-01
3.341746584326346081e-01
2.238003028282863349e-01
6.026435743819450463e-01
9.696363885331487076e-01
2.839536170553814687e-01
3.349723785765870154e-01
2.289271775479421178e-01
3.754570141754748347e-01
4.562918385282177525e-01
3.005834258303885509e-01
3.734036234851070279e-01
3.138924310021596331e-01
3.720082164454835416e-01
9.663572933915534069e-01
4.045256194780660897e-01
2.920698669095345146e-01
5.980872543694115695e-01
4.484687406008307509e-01
3.475688965081172865e-01
7.056827407338441827e-01
4.822521307854822359e-01
3.467509702491204382e-01
2.864522480136774130e-01
3.021990733102468685e-01
5.879087511578620084e-01
1.713901636171002996e-01
2.899857475853094835e-01
3.560790907804808336e-01
8.619420278861094076e-01
9.495530299566585786e-01
3.425829175110137181e-01
7.985680620969017873e-01
4.619332792297825008e-01
5.139507120475959034e-01
1.000000000000000000e+00
6.456155390727484900e-01
1.553338264235260002e-01
2.831988583326486841e-01
1.767699782947604881e-01
3.059420283991644007e-01
2.837055576536933743e-01
2.824038012671744591e-01
3.492498395906428188e-01
2.846759053290699448e-01
6.715925587779389416e-02
5.455598841743071192e-01
4.267751693833157778e-01
2.945548350259556414e-01
3.147734112794741690e-01
6.875778424372636088e-02
8.781465604370117806e-01
6.140376500878464983e-01
4.306703786897436159e-01
2.879092218895746846e-01
5.801227634623296048e-01
2.004533957369653840e-01
4.354213704632872717e-01
1.680817756609477298e-01
5.030289877458031800e-01
3.663411923273376947e-01
3.266333953188123029e-01
4.797735450126809909e-01
6.170448050365650028e-01
2.309548151662668414e-01
3.512607498437776421e-01
2.988657835358591863e-01
3.496646041286196049e-01
8.377753735083921516e-01
1.908289125418379251e-01
3.055506796641720979e-01
2.973486702609667853e-01
8.142512484747694845e-01
6.137043974036728855e-01
6.634677592824547165e-01
7.079005677227543369e-01
2.229583832531582543e-01
2.963481492622646596e-01
8.200799804059437648e-01
3.004736051281152176e-01
3.972561855224760463e-01
3.341746584326346081e-01
2.238003028282863349e-01
6.026433665654646887e-01
9.696363885331487076e-01
2.839523885904542411e-01
3.349723785765870154e-01
2.289271775479421178e-01
3.754570141754748347e-01
4.562918385282177525e-01
3.005833712045043460e-01
3.734036234851070279e-01
3.138924310021596331e-01
3.720082164454835416e-01
9.663572933915534069e-01
4.045256194780660897e-01
4.261913430906346667e-01
8.433746609724501742e-01
5.370277327250105870e-01
3.545708474900471363e-01
7.590081126844738790e-01
3.118879435307118086e-01
4.126000660353814076e-01
5.669851239426380030e-01
2.866424308845834101e-01
4.399966324992724553e-01
3.195921186718682083e-01
8.816848557062186842e-01
4.010230266837720436e-01
3.040224701529736784e-01
7.801219166279886874e-01
4.219181274581704222e-01
3.288386283394838516e-01
7.278098650387982982e-01
8.044707099903578573e-01
3.484822949373636014e-01
7.433120821878029805e-01
3.182916188922038092e-01
3.644991655823764387e-01
7.486952264124158152e-01
9.731217747692750830e-01
3.137783930055584314e-01
3.178980041856258043e-01
7.349540907071339113e-01
3.237432528525997499e-01
9.699696903491159539e-01
7.460911955610443069e-01
3.243997530076768721e-01
3.753817411953221383e-01
7.533478093971219813e-01
6.840186735735525048e-01
4.182045492159847111e-01
9.565070774168065171e-01
3.930757160631758174e-01
3.259900464674019283e-01
6.764984500668926870e-01
7.073573591319370912e-01
3.893365661198341376e-01
4.019071009897196012e-01
7.531612192667154204e-01
3.953051302797177535e-01
7.083932212690580155e-01
9.661992324863066806e-01
3.753361305269934389e-01
3.732397753877754742e-01
9.291280150624441347e-01
8.564654461086669279e-01
3.894896222824533738e-01
7.335170205323113812e-01
3.827114958218011953e-01
3.682629557901688777e-01
8.462902609795257547e-01
7.921380869101377620e-01
3.392839782589753828e-01
3.845947596729371587e-01
9.485143735103362950e-01
4.190549924370555179e-01
7.695901203979365057e-01
7.322533852890629191e-01
3.725335889364764785e-01
3.561570720021710046e-01
8.904652880633923129e-01
9.849413107718918425e-01
3.310106460177791865e-01
9.100191881997015120e-01
3.395698409047250288e-01
3.451341281915245585e-01
9.274507682269401698e-01
9.552292140533538145e-01
3.453803121461614944e-01
3.435427960762319488e-01
9.483985633514120384e-01
3.355099946966507707e-01
9.486159174642903036e-01
8.805979551727509680e-01
3.531751510643132974e-01
2.920698669095345701e-01
5.980872543694114585e-01
4.484687406008308619e-01
3.475688965081172865e-01
7.056827407338440716e-01
4.822521307854824024e-01
3.467509702491204937e-01
2.864522480136774130e-01
3.021990733102468685e-01
5.879087511578621195e-01
1.713901636171002718e-01
2.899857475853095945e-01
3.560790907804807781e-01
8.619420278861091855e-01
9.495530299566588006e-01
3.425829175110137736e-01
7.985680620969015653e-01
4.619332792297826118e-01
5.139507120475960145e-01
1.000000000000000000e+00
6.456155390727484900e-01
1.553338264235260557e-01
2.831988583326486841e-01
1.767699782947604603e-01
3.059420283991644007e-01
2.837055576536933743e-01
2.824038012671744591e-01
3.492498395906427078e-01
2.846759053290699448e-01
6.715925587779389416e-02
5.455598841743070082e-01
4.267751693833157778e-01
2.945548350259556414e-01
3.147734112794741135e-01
6.875778424372638864e-02
8.781465604370117806e-01
6.140376500878466093e-01
4.306703786897436714e-01
2.879092218895746846e-01
5.801227634623296048e-01
2.004533957369653840e-01
4.354213704632872162e-01
1.680817756609477021e-01
5.030289877458031800e-01
3.663411923273378057e-01
3.266333953188123029e-01
4.797735450126811574e-01
6.170448050365651138e-01
2.309548151662668691e-01
3.512607498437776421e-01
2.988657835358592973e-01
3.496646041286196049e-01
8.377753735083922626e-01
1.908289125418379806e-01
3.055506796641720424e-01
2.973486702609668408e-01
8.142512484747693735e-01
6.137043974036728855e-01
6.634677592824547165e-01
7.079005677227543369e-01
2.229583832531582543e-01
2.963481492622646596e-01
8.200799804059437648e-01
3.004736051281152176e-01
