4.319201933586705455e-01
7.601643671119890922e-01
7.051110645045146619e-01
4.482713272564479712e-01
7.632703915601654066e-01
4.298262725501229564e-01
2.673294673769868179e-01
7.305889522920696599e-01
6.442778795168675465e-01
4.844409875713579505e-01
2.124791955212054773e-01
6.936912813138080836e-01
4.025825401611585752e-01
6.361264250083975558e-01
5.556739666324883586e-01
4.267712109145947452e-01
9.367936094108046952e-01
2.907989416660122228e-01
3.872176740004905082e-01
6.624009261396459625e-01
5.526595953790969240e-01
1.007867053890659642e-01
1.170039452875245856e-01
2.520234991084083775e-01
2.050781077507432826e-01
8.787497369089901367e-02
1.094041578236976398e-01
2.651646128903216715e-01
5.618632896969477653e-01
2.963825342420449149e-01
4.322359493144399822e-01
7.268728844673231215e-01
4.730889059433421306e-01
3.305972849097892352e-01
2.722584089789198414e-01
5.807469156550590927e-01
2.991916311509130733e-01
1.669234826632231827e-01
8.272613631172145987e-02
4.732391127804366771e-01
3.369023450298351818e-01
1.570657206810752715e-01
9.282824525036531549e-02
3.897110069070269245e-01
6.397846225643633034e-01
3.367108233433178111e-01
2.417703292430971596e-01
7.265376043368116932e-01
3.412579886691655129e-01
6.431839156994758611e-01
5.715369522653254153e-01
3.771276307381382642e-01
8.312041893194772602e-01
3.801744442855603534e-01
2.058951752068479135e-01
6.817703751130019807e-01
7.610205710941011503e-01
2.946899490722491022e-01
4.733985567029282415e-01
7.286977510562437921e-01
3.156024224796664668e-01
5.161175721631368063e-01
9.146395996558702723e-01
4.375612218188070779e-01
4.346868396379686694e-01
7.432973509853683103e-01
7.159275871095296395e-01
4.374164886119529250e-01
7.459854294214682824e-01
4.094882746100981241e-01
2.662416827497242622e-01
7.119991848406552748e-01
6.630048587881078870e-01
4.788341868196874795e-01
2.321851402475054726e-01
3.897630733488386956e-01
6.087811800904467940e-01
6.227656908088373688e-01
9.259364059381770540e-01
2.661576907936720193e-01
4.073304591876795167e-01
5.130490616738607734e-01
9.686493816000531221e-02
1.131800918845749654e-01
2.054863703149717447e-01
8.529647112810814780e-02
5.666710747433651996e-01
2.826402690325588996e-01
4.944744873665088414e-01
3.336394670841968946e-01
2.969348193006968728e-01
1.620479945030531554e-01
3.588268926613189524e-01
6.424873562329457277e-01
3.282633659510195145e-01
7.957249799847320171e-01
6.629689212686395994e-01
3.587247094885120946e-01
3.139644886401694590e-01
6.552651689395865287e-01
5.569382923158583409e-01
4.832108955610467937e-01
5.515963505717073057e-01
5.696506809359636048e-01
7.532766581297631880e-01
2.010684134476614926e-01
1.638788441415602870e-01
5.736290038829537918e-01
4.850740699551109314e-01
1.818859404754196163e-01
1.833787942686239958e-01
4.417099974780991367e-01
4.543579910734130145e-01
5.501701089797722544e-01
6.733421615344874489e-01
5.594845158727210777e-01
4.319201933586705455e-01
7.601643671119890922e-01
7.051110645045146619e-01
4.482713272564479712e-01
7.632703915601654066e-01
4.298262725501229564e-01
2.673294673769868179e-01
7.305889522920696599e-01
6.442778795168675465e-01
4.844409875713579505e-01
2.124791955212054773e-01
6.936912813138080836e-01
4.025825401611585752e-01
6.361264250083975558e-01
5.556739666324883586e-01
4.267712109145947452e-01
9.367936094108046952e-01
2.907989416660122228e-01
3.872176740004905082e-01
6.624009261396459625e-01
5.526595953790969240e-01
1.007867053890659642e-01
1.170039452875245856e-01
2.520234991084083775e-01
2.050781077507432826e-01
8.787497369089901367e-02
1.094041578236976398e-01
2.651646128903216715e-01
5.618632896969477653e-01
2.963825342420449149e-01
4.322359493144399822e-01
7.268728844673231215e-01
4.730889059433421306e-01
3.305972849097892352e-01
2.722584089789198414e-01
5.807469156550590927e-01
2.991916311509130733e-01
1.669234826632231827e-01
8.272613631172145987e-02
4.732391127804366771e-01
3.369023450298351818e-01
1.570657206810752715e-01
9.282824525036531549e-02
3.897110069070269245e-01
6.397846225643633034e-01
3.367108233433178111e-01
2.417703292430971596e-01
7.265376043368116932e-01
3.412579886691655129e-01
6.431839156994758611e-01
5.715369522653254153e-01
3.771276307381382642e-01
8.312041893194772602e-01
3.801744442855603534e-01
2.058951752068479135e-01
6.817703751130019807e-01
7.610205710941011503e-01
2.946899490722491022e-01
4.733985567029282415e-01
7.286977510562437921e-01
3.156024224796664668e-01
5.161175721631368063e-01
9.146395996558702723e-01
4.375612218188070779e-01
5.569382923158583409e-01
4.832108955610467937e-01
5.515963505717073057e-01
5.696504558642769833e-01
7.532766581297631880e-01
2.010675435679379341e-01
1.638788441415602870e-01
5.736290038829537918e-01
4.850740699551109314e-01
1.818859404754196163e-01
1.833787609426720810e-01
4.417099974780991367e-01
4.543579910734130145e-01
5.501701089797722544e-01
6.733421615344874489e-01
5.594845158727210777e-01
5.880134025601961856e-01
6.714540323786752918e-01
4.777922353625794205e-01
5.341391944143912829e-01
8.697353005328394282e-01
1.890723435366830907e-01
2.309435141380214440e-01
6.038027180883389633e-01
4.757432708780775510e-01
2.510765543490500185e-01
1.600128981904093417e-01
5.791231260190254915e-01
4.777521683809629605e-01
5.815753367464091550e-01
7.740500735373581076e-01
5.732831880821109838e-01
5.024258349959691561e-01
6.677668895752113531e-01
6.983008768849665593e-01
5.391225653989025757e-01
6.868119511259969112e-01
2.143476535614986245e-01
2.149914291904436170e-01
7.138361777866502056e-01
7.868921803127444381e-01
1.781557268568053354e-01
1.775061881188259028e-01
5.840094977965324397e-01
5.267333780365338614e-01
8.728230526815052848e-01
5.674438780240114166e-01
4.923312961367336538e-01
5.587822465955716300e-01
6.086656956060281232e-01
6.605493563824120784e-01
5.806032755596691741e-01
6.092302362329271581e-01
2.736970416192707756e-01
2.135486316213373315e-01
7.569007897550474873e-01
6.163573153356471934e-01
2.225895744661118558e-01
2.461902234995474448e-01
4.719514860323155148e-01
5.953038443375506805e-01
7.276258974616258701e-01
4.307626746102704018e-01
5.535683208568464853e-01
5.494223901951338362e-01
7.970058774480874852e-01
6.472089255282709175e-01
5.796131034750491295e-01
6.396521145222497928e-01
2.518249205561909898e-01
2.328053305434876208e-01
7.507938771666093913e-01
6.700971342372841200e-01
2.211419614051524651e-01
2.197154657592436666e-01
6.089970234042483277e-01
5.986259648689187252e-01
7.494524724632665169e-01
4.905320169135034547e-01
5.478380439191476992e-01
5.085887242902031868e-01
8.230213214190216231e-01
8.323537815160677589e-01
5.541659992284361236e-01
8.797478536597995724e-01
2.289063039944408962e-01
1.965692281733520952e-01
8.688330879899894832e-01
7.423504257105300042e-01
2.144549932504003220e-01
1.957291234983245809e-01
7.477397155896972070e-01
5.641402738406461337e-01
8.368969710560489883e-01
7.096330230708289832e-01
5.012612102624720567e-01
4.319201933586706010e-01
7.601643671119892032e-01
7.051110645045148839e-01
4.482713272564479712e-01
7.632703915601654066e-01
4.298262725501230119e-01
2.673294673769868735e-01
7.305889522920698820e-01
6.442778795168676575e-01
4.844409875713580060e-01
2.124791955212054495e-01
6.936912813138081946e-01
4.025825401611585752e-01
6.361264250083974447e-01
5.556739666324884697e-01
4.267712109145947452e-01
9.367936094108046952e-01
2.907989416660123339e-01
3.872176740004905637e-01
6.624009261396459625e-01
5.526595953790967020e-01
1.007867053890659642e-01
1.170039452875246133e-01
2.520234991084083775e-01
2.050781077507432826e-01
8.787497369089899979e-02
1.094041578236976398e-01
2.651646128903216160e-01
5.618632896969477653e-01
2.963825342420448594e-01
4.322359493144400377e-01
7.268728844673231215e-01
4.730889059433421306e-01
3.305972849097892352e-01
2.722584089789198969e-01
5.807469156550590927e-01
2.991916311509132398e-01
1.669234826632232105e-01
8.272613631172145987e-02
4.732391127804367326e-01
3.369023450298351818e-01
1.570657206810752715e-01
9.282824525036534324e-02
3.897110069070269800e-01
6.397846225643633034e-01
3.367108233433178111e-01
2.417703292430972151e-01
7.265376043368119152e-01
3.412579886691655129e-01
6.431839156994757500e-01
5.715369522653256373e-01
3.771276307381382642e-01
8.312041893194773712e-01
3.801744442855604089e-01
2.058951752068479413e-01
6.817703751130017586e-01
7.610205710941012613e-01
2.946899490722492132e-01
4.733985567029284081e-01
7.286977510562435700e-01
3.156024224796664668e-01
5.161175721631368063e-01
9.146395996558702723e-01
4.375612218188070779e-01
