2.704982023579611816e-01
8.261076541670699935e-01
8.987432355541591367e-01
3.080998992377854129e-01
4.121012288641892063e-01
3.728971298326942962e-01
3.190371598077989534e-01
7.279745251166956921e-01
7.494638270286402282e-01
5.762695643411543944e-01
5.085932094896037370e-01
7.117383912783570299e-01
3.850775892055859906e-01
5.186125029517565377e-01
4.580720735581806369e-01
3.041306876344215815e-01
5.902177251643814238e-01
1.949752317436067584e-01
2.174623850566553274e-01
4.959590755391030670e-01
4.296997093091975972e-01
2.498928435657862823e-01
1.310446226331666297e-01
5.266724568826293140e-01
2.485805758054938641e-01
7.636382345074455014e-02
1.284764409005996200e-01
3.211440561887248801e-01
7.146262145218988948e-01
6.736385279554901739e-01
2.311340345517178818e-01
9.202928862258199505e-01
5.622250469029161923e-01
1.823623776548688458e-01
6.848164439925591429e-01
5.121573137760762062e-01
1.277247142840063909e-01
2.062162455715089993e-01
7.733928120947586304e-02
5.772786212552565299e-01
6.470147754397830298e-01
2.070760350692402163e-01
2.617068093358634884e-01
3.607108736531441928e-01
6.067982805850795636e-01
1.948115977397391341e-01
1.816471137816943471e-01
8.117409074379333678e-01
4.044380440906016339e-01
5.964009943157858595e-01
7.279820862977478546e-01
3.789951016709198206e-01
5.263910781681933049e-01
6.372631323511049883e-01
2.493816892585793699e-01
7.757517576535357673e-01
4.972196569858885473e-01
1.303754768460954616e-01
4.211659233687808368e-01
4.009336579303655612e-01
3.915566851795294068e-01
5.732180250705691815e-01
6.109880642447775845e-01
2.809021869558870343e-01
2.756008437435054637e-01
8.189013658190787970e-01
9.094543012655087466e-01
3.060959495467551750e-01
4.065178820917474956e-01
3.667188321422000796e-01
3.200958219527714754e-01
7.197944437087776537e-01
7.625942821788963544e-01
5.767746209651627431e-01
5.175747184971764003e-01
3.820143590132802913e-01
5.154250653767060708e-01
4.878289782330128554e-01
6.003968214131359948e-01
1.882766636600823329e-01
2.215541916245854503e-01
4.240730288133773840e-01
2.557145255237105452e-01
1.297524351207905713e-01
2.489808666629390044e-01
7.685232602823023618e-02
7.212640479331757781e-01
6.781435697125075546e-01
5.676886424623641680e-01
1.885572835737987507e-01
1.290536114068364659e-01
2.067017818128532858e-01
6.420739390334081476e-01
6.025561559601675388e-01
3.979135964167503925e-01
5.116443468811934236e-01
5.834491046017422633e-01
4.206376505008108113e-01
4.024828732785985519e-01
5.854248417118945724e-01
4.592416852176855468e-01
3.133142819109471233e-01
8.929843587199931543e-01
4.651146522638064384e-01
3.029142513488001232e-01
3.166426550976373377e-01
1.852059024457225200e-01
8.540250822102773975e-01
6.444442473125061577e-01
1.756454958353567131e-01
3.237070546473498345e-01
3.172084094884635164e-01
5.010990244750009870e-01
6.695352500825407782e-01
2.982616815614720363e-01
4.718352664217544401e-01
2.704982023579611816e-01
8.261076541670699935e-01
8.987432355541591367e-01
3.080998992377854129e-01
4.121012288641892063e-01
3.728971298326942962e-01
3.190371598077989534e-01
7.279745251166956921e-01
7.494638270286402282e-01
5.762695643411543944e-01
5.085932094896037370e-01
7.117383912783570299e-01
3.850775892055859906e-01
5.186125029517565377e-01
4.580720735581806369e-01
3.041306876344215815e-01
5.902177251643814238e-01
1.949752317436067584e-01
2.174623850566553274e-01
4.959590755391030670e-01
4.296997093091975972e-01
2.498928435657862823e-01
1.310446226331666297e-01
5.266724568826293140e-01
2.485805758054938641e-01
7.636382345074455014e-02
1.284764409005996200e-01
3.211440561887248801e-01
7.146262145218988948e-01
6.736385279554901739e-01
2.311340345517178818e-01
9.202928862258199505e-01
5.622250469029161923e-01
1.823623776548688458e-01
6.848164439925591429e-01
5.121573137760762062e-01
1.277247142840063909e-01
2.062162455715089993e-01
7.733928120947586304e-02
5.772786212552565299e-01
6.470147754397830298e-01
2.070760350692402163e-01
2.617068093358634884e-01
3.607108736531441928e-01
6.067982805850795636e-01
1.948115977397391341e-01
1.816471137816943471e-01
8.117409074379333678e-01
4.044380440906016339e-01
5.964009943157858595e-01
7.279820862977478546e-01
3.789951016709198206e-01
5.263910781681933049e-01
6.372631323511049883e-01
2.493816892585793699e-01
7.757517576535357673e-01
4.972196569858885473e-01
1.303754768460954616e-01
4.211659233687808368e-01
4.009336579303655612e-01
3.915566851795294068e-01
5.732180250705691815e-01
6.109880642447775845e-01
2.809021869558870343e-01
4.592416852176855468e-01
3.133142819109471233e-01
8.929843587199931543e-01
4.651143725200215795e-01
3.029142513488001232e-01
3.166412852105399689e-01
1.852059024457225200e-01
8.540250822102773975e-01
6.444442473125061577e-01
1.756454958353567131e-01
3.237069958191425290e-01
3.172084094884635164e-01
5.010990244750009870e-01
6.695352500825407782e-01
2.982616815614720363e-01
4.718352664217544401e-01
4.553988648783802162e-01
6.438068786646959918e-01
9.080937973993516987e-01
4.233508786195885887e-01
6.379703841543262754e-01
3.267931772466973195e-01
1.788805830671750807e-01
9.782309135688196378e-01
6.769957281438507835e-01
2.228802229856045591e-01
3.185699046231568188e-01
6.312787709100202704e-01
4.611850074805227684e-01
7.095208533036279075e-01
6.471505832796469182e-01
4.558901990491668887e-01
3.795814901891273463e-01
5.918573595984861768e-01
8.750179245597413669e-01
4.893498726268686871e-01
5.941516250499481178e-01
2.714692871481489966e-01
2.667576725801203419e-01
8.517098006056589288e-01
9.102825624520554104e-01
2.475597710467789814e-01
2.527703021624713164e-01
5.796968482208932905e-01
4.928759659156433104e-01
9.288448558991642123e-01
5.863002716944396564e-01
3.792150259463386019e-01
4.418236775914811121e-01
7.962870613748656012e-01
5.125121678811810355e-01
5.361310570887029003e-01
7.163905179413050384e-01
2.967406508024065248e-01
3.232527162592215841e-01
5.589469906086170781e-01
8.786260653251747321e-01
2.559611182735226365e-01
2.899445314022280340e-01
7.575775391913208701e-01
4.969493019034922909e-01
8.984690438576052873e-01
6.889331247260845892e-01
4.466115433845410099e-01
4.722587139039796655e-01
8.217606857217525373e-01
6.761288070428190800e-01
4.972437459347789912e-01
7.346296384020098991e-01
3.087103526119813202e-01
2.962214897563016924e-01
7.193222799515082144e-01
7.050659659702831483e-01
2.868447081090064743e-01
2.952793265079799445e-01
7.697306851308161058e-01
4.960455126215254640e-01
7.109235465599752501e-01
7.044242804217741849e-01
4.797412766579420840e-01
4.466302322716429463e-01
7.614234872486786987e-01
9.919392019685120410e-01
4.356502098450786287e-01
8.330095754581277046e-01
2.745506245178258031e-01
2.622789079963836478e-01
9.700472536161282022e-01
9.622352723174958378e-01
2.727477615509461550e-01
2.613030601386721052e-01
7.914528373686848806e-01
4.287408767611958771e-01
1.000000000000000222e+00
7.798529251859531719e-01
4.483136601671046106e-01
2.704982023579611816e-01
8.261076541670698825e-01
8.987432355541593587e-01
3.080998992377854129e-01
4.121012288641890953e-01
3.728971298326943518e-01
3.190371598077990090e-01
7.279745251166959141e-01
7.494638270286404502e-01
5.762695643411542834e-01
5.085932094896038480e-01
7.117383912783570299e-01
3.850775892055859906e-01
5.186125029517564267e-01
4.580720735581808034e-01
3.041306876344216370e-01
5.902177251643814238e-01
1.949752317436068694e-01
2.174623850566553551e-01
4.959590755391029004e-01
4.296997093091976527e-01
2.498928435657862823e-01
1.310446226331666297e-01
5.266724568826293140e-01
2.485805758054938641e-01
7.636382345074453626e-02
1.284764409005995922e-01
3.211440561887247691e-01
7.146262145218987838e-01
6.736385279554902850e-01
2.311340345517178263e-01
9.202928862258199505e-01
5.622250469029161923e-01
1.823623776548688180e-01
6.848164439925592539e-01
5.121573137760763172e-01
1.277247142840063909e-01
2.062162455715089715e-01
7.733928120947587692e-02
5.772786212552565299e-01
6.470147754397830298e-01
2.070760350692401885e-01
2.617068093358634884e-01
3.607108736531441373e-01
6.067982805850793415e-01
1.948115977397390786e-01
1.816471137816943471e-01
8.117409074379333678e-01
4.044380440906016894e-01
5.964009943157857485e-01
7.279820862977479656e-01
3.789951016709197651e-01
5.263910781681934159e-01
6.372631323511053214e-01
2.493816892585794809e-01
7.757517576535357673e-01
4.972196569858885473e-01
1.303754768460954616e-01
4.211659233687808923e-01
4.009336579303655057e-01
3.915566851795294068e-01
5.732180250705691815e-01
6.109880642447775845e-01
2.809021869558870343e-01
