1.330822830820519997e-01
3.958976270327408398e-01
4.330047232414074854e-01
1.544915258876437547e-01
5.248829362960618639e-01
2.502376607147672738e-01
5.045248932059780422e-01
5.447010458536196698e-01
7.075709450454474858e-01
6.302341500733141810e-01
4.797744207869318878e-01
5.386731385383016768e-01
3.711812222122951588e-01
4.074514361349199087e-01
2.786985174555545730e-01
1.524523803280990741e-01
4.531637856038959744e-01
3.730804403815123904e-01
3.944562785346951705e-01
3.026585356041341934e-01
5.069120172603811536e-01
3.435806088956934179e-01
3.331035734993479380e-01
5.173548334226434342e-01
3.771874633504134766e-01
2.889740198539202942e-01
3.344516594834255341e-01
5.098684421943329159e-01
6.100336024227455134e-01
8.888235707059040092e-01
4.006622090373787026e-01
4.765880550347909028e-01
1.537449066573696732e-01
4.218245699722535380e-01
8.823441913845483375e-01
3.800931355617032659e-01
1.831488536840423786e-01
5.882683949723990224e-01
2.878165576370514400e-01
6.484088733913613289e-01
4.891741995063159099e-01
5.939212067270805973e-01
3.499740679956003242e-01
2.550835212869628221e-01
5.608990389190560144e-01
4.405768323548737708e-01
3.871541541893490646e-01
4.007436144218676777e-01
1.871779088030718907e-01
5.741420601004231239e-01
6.033892132456859514e-01
3.721499856140182971e-01
3.040860681891454087e-01
5.074806504765830839e-01
3.924980911937801520e-01
7.650399018097517878e-01
2.881993391939218219e-01
1.864962360705786359e-01
5.030595568012277141e-01
5.132516381778025050e-01
1.865476550602026273e-01
1.779036612255416316e-01
4.664111880673553201e-01
1.442968022333232792e-01
1.385824516954949348e-01
3.983283500847419889e-01
4.546674377731278471e-01
1.534620153645584462e-01
5.190677441479467635e-01
2.526944586632540735e-01
5.072098914265794622e-01
5.416640683902872455e-01
7.362758883935210941e-01
6.393310248610610813e-01
4.985500781575500917e-01
3.716691057113481467e-01
3.939424787886153800e-01
2.962252596113537084e-01
4.596560524946573523e-01
3.801537368813809881e-01
3.954674241966518178e-01
5.046109152128547271e-01
3.467311754552249159e-01
3.337818665703344290e-01
3.848376960656913481e-01
2.883943706879552593e-01
6.067313583448439296e-01
8.853547225456794845e-01
1.657519953795915102e-01
4.311559578371528811e-01
1.848269846815521200e-01
5.912509951588593715e-01
4.984494753344915763e-01
5.683960762191544447e-01
1.868586833552765281e-01
2.960550119695031235e-01
3.613687086185093378e-01
6.412702416983401266e-01
6.160554372103043130e-01
3.762521001136962528e-01
2.245647391759055811e-01
3.820587676151865342e-01
8.001342911965346749e-01
3.360205163404770823e-01
3.275740515509550921e-01
4.436778068568875133e-01
3.977757164783932708e-01
8.035558425425565199e-01
5.832979187415953115e-01
4.446625927677770873e-01
4.481545115183848127e-01
4.013379694668401942e-01
3.823896425968190682e-01
6.441880352225358708e-01
3.277857736591942572e-01
2.388167910863032706e-01
1.330822830820519997e-01
3.958976270327408398e-01
4.330047232414074854e-01
1.544915258876437547e-01
5.248829362960618639e-01
2.502376607147672738e-01
5.045248932059780422e-01
5.447010458536196698e-01
7.075709450454474858e-01
6.302341500733141810e-01
4.797744207869318878e-01
5.386731385383016768e-01
3.711812222122951588e-01
4.074514361349199087e-01
2.786985174555545730e-01
1.524523803280990741e-01
4.531637856038959744e-01
3.730804403815123904e-01
3.944562785346951705e-01
3.026585356041341934e-01
5.069120172603811536e-01
3.435806088956934179e-01
3.331035734993479380e-01
5.173548334226434342e-01
3.771874633504134766e-01
2.889740198539202942e-01
3.344516594834255341e-01
5.098684421943329159e-01
6.100336024227455134e-01
8.888235707059040092e-01
4.006622090373787026e-01
4.765880550347909028e-01
1.537449066573696732e-01
4.218245699722535380e-01
8.823441913845483375e-01
3.800931355617032659e-01
1.831488536840423786e-01
5.882683949723990224e-01
2.878165576370514400e-01
6.484088733913613289e-01
4.891741995063159099e-01
5.939212067270805973e-01
3.499740679956003242e-01
2.550835212869628221e-01
5.608990389190560144e-01
4.405768323548737708e-01
3.871541541893490646e-01
4.007436144218676777e-01
1.871779088030718907e-01
5.741420601004231239e-01
6.033892132456859514e-01
3.721499856140182971e-01
3.040860681891454087e-01
5.074806504765830839e-01
3.924980911937801520e-01
7.650399018097517878e-01
2.881993391939218219e-01
1.864962360705786359e-01
5.030595568012277141e-01
5.132516381778025050e-01
1.865476550602026273e-01
1.779036612255416316e-01
4.664111880673553201e-01
1.442968022333232792e-01
2.245647391759055811e-01
3.820587676151865342e-01
8.001342911965346749e-01
3.360201690807610997e-01
3.275740515509550921e-01
4.436758873792264746e-01
3.977757164783932708e-01
8.035558425425565199e-01
5.832979187415953115e-01
4.446625927677770873e-01
4.481544300739857545e-01
4.013379694668401942e-01
3.823896425968190682e-01
6.441880352225358708e-01
3.277857736591942572e-01
2.388167910863032706e-01
3.741054853816657699e-01
2.153147533624555354e-01
6.306313748923768614e-01
2.502553815027964701e-01
6.968226122564176173e-01
5.862383527665063765e-01
4.076035359184683737e-01
7.470150233657997241e-01
1.726178184554376660e-01
5.991384681486144892e-01
5.737305826906127226e-01
2.272822445131823521e-01
2.281678538491875297e-01
2.589847437019439091e-01
7.167076881044567305e-01
3.857326307935364240e-01
1.949163390899001647e-01
4.551433411852430222e-01
6.951043207554237213e-01
3.030289960836911600e-01
6.954084911023186155e-01
5.488807357920165719e-01
4.170694147779235306e-01
7.206091834546570762e-01
4.517709044267534946e-01
5.174756961516051579e-01
5.193048872083960710e-01
4.592242470565039980e-01
3.175536971089526483e-01
5.074600766426264897e-01
7.041258090744035858e-01
2.071290949310499452e-01
2.716617683374059622e-01
8.569712218065959064e-01
4.285266081119747383e-01
2.767658899568468112e-01
6.637471758283859380e-01
5.156712322186848274e-01
5.610856287983937429e-01
5.203335508271194065e-01
7.540163360654923430e-01
5.262497419799012643e-01
4.965404447323583659e-01
8.622991028171247407e-01
2.803002828589964412e-01
8.542542148374672184e-01
6.377802004720054541e-01
2.865733547516502444e-01
2.467983074899484652e-01
6.604474380254203858e-01
8.881278828795733382e-01
2.921430719024676881e-01
6.381496358744986885e-01
5.120183216082687672e-01
5.466824969154836511e-01
9.815726655129699552e-01
7.418382106060117387e-01
5.179827616783334587e-01
4.867736101430730211e-01
6.524756441866910173e-01
3.060430722738083920e-01
8.333150344658393216e-01
6.278671139404954360e-01
2.600061212769059216e-01
2.310486124569422484e-01
6.966836019395474811e-01
7.685278600255252002e-01
2.530179036088514577e-01
7.513851826904407449e-01
5.014265729495790413e-01
5.068303075631336307e-01
8.241453795723701070e-01
7.369339413344873080e-01
5.183619840316914251e-01
4.818798472953025325e-01
7.286989772463423609e-01
2.502361554481700168e-01
8.234836601049642102e-01
7.203549545765079998e-01
2.458930691824496861e-01
1.330822830820520275e-01
3.958976270327407843e-01
4.330047232414074854e-01
1.544915258876437270e-01
5.248829362960617528e-01
2.502376607147673293e-01
5.045248932059780422e-01
5.447010458536197808e-01
7.075709450454474858e-01
6.302341500733140700e-01
4.797744207869319988e-01
5.386731385383017878e-01
3.711812222122952143e-01
4.074514361349198532e-01
2.786985174555546285e-01
1.524523803280991019e-01
4.531637856038960854e-01
3.730804403815126125e-01
3.944562785346951150e-01
3.026585356041342489e-01
5.069120172603811536e-01
3.435806088956934734e-01
3.331035734993479380e-01
5.173548334226435452e-01
3.771874633504135321e-01
2.889740198539202942e-01
3.344516594834255341e-01
5.098684421943328049e-01
6.100336024227454024e-01
8.888235707059040092e-01
4.006622090373786471e-01
4.765880550347907918e-01
1.537449066573696177e-01
4.218245699722534825e-01
8.823441913845485596e-01
3.800931355617034324e-01
1.831488536840424342e-01
5.882683949723990224e-01
2.878165576370514955e-01
6.484088733913615510e-01
4.891741995063159099e-01
5.939212067270805973e-01
3.499740679956003242e-01
2.550835212869628776e-01
5.608990389190560144e-01
4.405768323548737708e-01
3.871541541893491201e-01
4.007436144218676222e-01
1.871779088030719185e-01
5.741420601004230129e-01
6.033892132456860624e-01
3.721499856140183526e-01
3.040860681891454087e-01
5.074806504765831949e-01
3.924980911937802075e-01
7.650399018097517878e-01
2.881993391939215998e-01
1.864962360705786359e-01
5.030595568012277141e-01
5.132516381778026160e-01
1.865476550602026273e-01
1.779036612255416316e-01
4.664111880673554311e-01
1.442968022333232792e-01
