2.814502471436750586e-01
6.773943481401729638e-01
3.233852321949504116e-01
2.859239449683109169e-01
5.172218432974670099e-01
4.862232325928055321e-01
5.440336465913455655e-01
3.900944372313073227e-01
2.795910478043007741e-01
6.740050431590691726e-01
1.817913744161522294e-01
3.832780058716392380e-01
2.982633810626625914e-01
6.151447257343218844e-01
5.460234092579427934e-01
2.802614193629700545e-01
4.560584099010234760e-01
3.809489384389097011e-01
6.713942560263668202e-01
5.823737457477811130e-01
5.369953132473459512e-01
1.742871293733246341e-01
3.853167388626546064e-01
1.873840990647889782e-01
3.532095187393866631e-01
4.234617162592232975e-01
3.856681269993925687e-01
5.338243354439676791e-01
2.120018677416883879e-01
1.998345170697456985e-01
6.650113659969029145e-01
3.267287063687646653e-01
3.169005429577639865e-01
3.377832740097304609e-01
2.024685385990828423e-01
6.133283539986413846e-01
4.959001643786117297e-01
4.415961567872127569e-01
4.236421457642155497e-01
6.560816045282975573e-01
3.258267624078016178e-01
4.409345435397546975e-01
1.835249210757824989e-01
4.881434721522885378e-01
6.017349843948709420e-01
3.372159914425371108e-01
3.781292329836249966e-01
6.866586680002800813e-01
2.824959982345102705e-01
6.035662848003578995e-01
2.205257278219702188e-01
2.921669956699374238e-01
5.331544867932638265e-01
3.161516871470250178e-01
3.544078407334685377e-01
2.677709400696269837e-01
5.090377057638610925e-01
4.891194451279579081e-01
5.069485483836297934e-01
5.012024069883624922e-01
2.756883209768603571e-01
3.215519742222941457e-01
4.689017000612985542e-01
2.949453792321982126e-01
2.880689439372106087e-01
6.820412846748411528e-01
3.250470768403960764e-01
2.830650859375509754e-01
5.092127544326829902e-01
4.871967729041817852e-01
5.389037259479650954e-01
3.866601859502600824e-01
2.736870686476321479e-01
6.650339422439814907e-01
1.844285407748436079e-01
2.951931517046089692e-01
6.142478393127157599e-01
5.775876558457871957e-01
4.623526300476514805e-01
3.795317849426931289e-01
6.671380180536246041e-01
5.219131766178696230e-01
1.788393251670076789e-01
3.854935407441304474e-01
3.538082820439583664e-01
4.235520741219336305e-01
2.162382039527214750e-01
1.988313276913521443e-01
3.192123404356070338e-01
3.375009862752976209e-01
4.925008111389874710e-01
4.413864830947900608e-01
3.209247203982491525e-01
6.035945818328113388e-01
2.790478888887000797e-01
5.209629762348494397e-01
4.311359650255661702e-01
5.738376126979684022e-01
5.623221518036253253e-01
4.268230855714154615e-01
3.602408662926698812e-01
4.765965090461599107e-01
2.940008366496899006e-01
4.450454232280061095e-01
6.304189601751868377e-01
3.208609725867415108e-01
4.659880511554199689e-01
2.877025808854630773e-01
3.703530768361164016e-01
5.225076009604852079e-01
3.312389373815068927e-01
4.784935403385122132e-01
3.330017815082291222e-01
3.696278502640505392e-01
6.009796461927707778e-01
3.713130178205789056e-01
2.814502471436750586e-01
6.773943481401729638e-01
3.233852321949504116e-01
2.859239449683109169e-01
5.172218432974670099e-01
4.862232325928055321e-01
5.440336465913455655e-01
3.900944372313073227e-01
2.795910478043007741e-01
6.740050431590691726e-01
1.817913744161522294e-01
3.832780058716392380e-01
2.982633810626625914e-01
6.151447257343218844e-01
5.460234092579427934e-01
2.802614193629700545e-01
4.560584099010234760e-01
3.809489384389097011e-01
6.713942560263668202e-01
5.823737457477811130e-01
5.369953132473459512e-01
1.742871293733246341e-01
3.853167388626546064e-01
1.873840990647889782e-01
3.532095187393866631e-01
4.234617162592232975e-01
3.856681269993925687e-01
5.338243354439676791e-01
2.120018677416883879e-01
1.998345170697456985e-01
6.650113659969029145e-01
3.267287063687646653e-01
3.169005429577639865e-01
3.377832740097304609e-01
2.024685385990828423e-01
6.133283539986413846e-01
4.959001643786117297e-01
4.415961567872127569e-01
4.236421457642155497e-01
6.560816045282975573e-01
3.258267624078016178e-01
4.409345435397546975e-01
1.835249210757824989e-01
4.881434721522885378e-01
6.017349843948709420e-01
3.372159914425371108e-01
3.781292329836249966e-01
6.866586680002800813e-01
2.824959982345102705e-01
6.035662848003578995e-01
2.205257278219702188e-01
2.921669956699374238e-01
5.331544867932638265e-01
3.161516871470250178e-01
3.544078407334685377e-01
2.677709400696269837e-01
5.090377057638610925e-01
4.891194451279579081e-01
5.069485483836297934e-01
5.012024069883624922e-01
2.756883209768603571e-01
3.215519742222941457e-01
4.689017000612985542e-01
2.949453792321982126e-01
3.602408662926698812e-01
4.765965090461599107e-01
2.940008366496899006e-01
4.450451329880613094e-01
6.304189601751868377e-01
3.208595844499907423e-01
4.659880511554199689e-01
2.877025808854630773e-01
3.703530768361164016e-01
5.225076009604852079e-01
3.312388771845090063e-01
4.784935403385122132e-01
3.330017815082291222e-01
3.696278502640505392e-01
6.009796461927707778e-01
3.713130178205789056e-01
3.715746149532284104e-01
7.681134628616870241e-01
4.294360628525011325e-01
3.247120917202256929e-01
3.741084819029834030e-01
4.289161951516510252e-01
5.459996969490561458e-01
4.740808118062496135e-01
4.464479803602872110e-01
4.528740714967903758e-01
4.285510759322428420e-01
7.716869746499313010e-01
3.643491947822004584e-01
4.707236017979086196e-01
3.651638582863074856e-01
3.672240653954875200e-01
2.824400709635691564e-01
6.476382613589193316e-01
8.663655276339010669e-01
2.601084525901941058e-01
5.555434089019739563e-01
4.370202838429160241e-01
4.140849102394697501e-01
8.074324876438232490e-01
9.590052944537770241e-01
3.567088629559437285e-01
4.228015169927559214e-01
6.429346906561259622e-01
2.786612686499366220e-01
9.610780867718649034e-01
5.362497621328270458e-01
2.772154805510224085e-01
3.247393846697766984e-01
7.546011509317014365e-01
5.842200445167078371e-01
3.526888621472091812e-01
9.137853222402352316e-01
4.709106667837271720e-01
4.183014129694483385e-01
5.957734170025870135e-01
8.521196554718146743e-01
4.452093195946917881e-01
4.656634350996761151e-01
7.223000175233238451e-01
2.970160422677575740e-01
8.434838043444263800e-01
9.083378444405161289e-01
3.229527978035502400e-01
3.158118720441213112e-01
8.442194944059506767e-01
8.346529799220365753e-01
3.345274434026078714e-01
7.016461162982783328e-01
4.570004200919313142e-01
4.707737749058200638e-01
8.236621382724678142e-01
8.657023193247557202e-01
4.126647176842395681e-01
4.459772392424769527e-01
8.131435170092151665e-01
3.371670015674936294e-01
8.397745240490848140e-01
6.669375435811732977e-01
3.174105796409152358e-01
2.927541898841682921e-01
8.406843467899289823e-01
8.881775754743141960e-01
2.824493499220392945e-01
8.383763284364069701e-01
4.025525935531824584e-01
4.563577305450946531e-01
8.487749199167824443e-01
9.284429520080563769e-01
4.418232133147214080e-01
3.956526090424893338e-01
8.667396123536035279e-01
2.775641745980633734e-01
9.267377285237492490e-01
7.915239959745679066e-01
2.883326612605019434e-01
2.814502471436750586e-01
6.773943481401729638e-01
3.233852321949504116e-01
2.859239449683109169e-01
5.172218432974670099e-01
4.862232325928055876e-01
5.440336465913456765e-01
3.900944372313074338e-01
2.795910478043007741e-01
6.740050431590692837e-01
1.817913744161522016e-01
3.832780058716392935e-01
2.982633810626625914e-01
6.151447257343217734e-01
5.460234092579429044e-01
2.802614193629700545e-01
4.560584099010235870e-01
3.809489384389098121e-01
6.713942560263669312e-01
5.823737457477811130e-01
5.369953132473459512e-01
1.742871293733246896e-01
3.853167388626546619e-01
1.873840990647890059e-01
3.532095187393866631e-01
4.234617162592232420e-01
3.856681269993925687e-01
5.338243354439674571e-01
2.120018677416884156e-01
1.998345170697457263e-01
6.650113659969030255e-01
3.267287063687645543e-01
3.169005429577639865e-01
3.377832740097304054e-01
2.024685385990828701e-01
6.133283539986413846e-01
4.959001643786116742e-01
4.415961567872127569e-01
4.236421457642156607e-01
6.560816045282975573e-01
3.258267624078016178e-01
4.409345435397546420e-01
1.835249210757825267e-01
4.881434721522887044e-01
6.017349843948707200e-01
3.372159914425369998e-01
3.781292329836250521e-01
6.866586680002799703e-01
2.824959982345102705e-01
6.035662848003576775e-01
2.205257278219702188e-01
2.921669956699373683e-01
5.331544867932637155e-01
3.161516871470250734e-01
3.544078407334686487e-01
2.677709400696269282e-01
5.090377057638609815e-01
4.891194451279579081e-01
5.069485483836299045e-01
5.012024069883623811e-01
2.756883209768603016e-01
3.215519742222941457e-01
4.689017000612986652e-01
2.949453792321982681e-01
