1.052036553373832950e-01
2.905757651045604573e-01
3.969037811137147154e-01
1.241870623720029709e-01
2.771056512457842347e-01
4.448756903139713392e-01
5.748628218317781702e-01
1.364337404259306774e-01
2.912179455678850504e-01
7.145466562289055634e-01
3.214038187840017047e-01
1.338600879634584961e-01
1.041469248533551384e-01
7.098037164706154645e-01
4.844085479888790569e-01
1.206491651617000449e-01
3.299502477663596167e-01
3.574761753995681635e-01
4.371513847070605530e-01
5.235389605429512372e-01
3.060322582194326402e-01
2.392512380746291134e-01
6.640317780606788123e-01
3.419380008866767517e-01
7.461710513344774753e-01
5.579168769311149134e-01
6.459681170711569775e-01
5.755730146951578696e-01
8.864757541605076951e-02
5.158355360884987473e-01
4.574867063436880432e-01
3.900376149408403825e-01
3.692962719072435118e-01
5.669827483079443731e-01
5.219530336409277105e-01
7.015960384223947077e-01
5.802841175313590005e-01
7.045254880022095989e-01
5.460556003133794079e-01
7.224825952349716029e-01
4.820746050286489615e-01
6.967379674654951005e-01
2.417543572781247485e-01
4.382786658786557710e-01
1.385048222150745967e-01
5.853555505848813123e-01
3.485255890515622790e-01
2.853742746424543508e-01
3.964849808015581678e-02
1.436273445697489604e-01
8.614409672963811715e-02
1.009037565730880742e-01
2.925927844223911167e-01
4.880534720168596685e-01
7.559355303618443545e-01
2.891638231503743661e-01
2.869487382728258540e-01
5.720231937561719437e-01
2.876423652570963552e-01
2.494956437645783898e-01
3.728498246967118512e-02
3.688621001777642738e-01
3.237466725887819807e-01
1.071655503566375789e-01
1.061658680958812162e-01
2.879667234881139182e-01
3.934910131675772305e-01
1.224008718813082985e-01
2.633017321060917570e-01
4.415310715703377187e-01
5.752196757838266006e-01
1.351370840378809945e-01
2.901919400347329203e-01
7.185187796113667869e-01
3.315793685114392653e-01
1.025136176022967971e-01
7.057509364973533206e-01
5.155597930590941624e-01
3.269100090598788810e-01
3.529777074079945010e-01
4.452696015050653378e-01
2.938943376923044415e-01
2.404847242882453551e-01
6.549429986871397880e-01
7.510500502669197331e-01
5.519768306829097027e-01
8.740335304345071832e-02
5.174287772240645511e-01
3.690804851843879075e-01
5.761253115204822972e-01
5.761426987585993587e-01
7.008303124419744679e-01
4.851039000321260009e-01
1.412815801309893760e-01
3.845137019687926844e-02
2.897396072864909522e-01
2.136706891978569223e-01
7.973979847314757174e-01
7.765048674731293010e-01
2.095010473404324003e-01
1.836411712438341115e-01
2.272011222034899802e-01
3.301452509149719328e-01
2.869377589654556471e-01
3.622690038470643970e-01
4.668718949846016875e-01
7.029205646681865316e-01
3.452718424426232113e-01
7.311297987946242527e-01
7.058279761074769398e-01
4.681852887032433852e-01
2.319216262375114468e-01
6.887019446611254703e-02
7.531935894232145712e-01
3.479796720545969002e-01
1.835339840753805740e-01
1.052036553373832950e-01
2.905757651045604573e-01
3.969037811137147154e-01
1.241870623720029709e-01
2.771056512457842347e-01
4.448756903139713392e-01
5.748628218317781702e-01
1.364337404259306774e-01
2.912179455678850504e-01
7.145466562289055634e-01
3.214038187840017047e-01
1.338600879634584961e-01
1.041469248533551384e-01
7.098037164706154645e-01
4.844085479888790569e-01
1.206491651617000449e-01
3.299502477663596167e-01
3.574761753995681635e-01
4.371513847070605530e-01
5.235389605429512372e-01
3.060322582194326402e-01
2.392512380746291134e-01
6.640317780606788123e-01
3.419380008866767517e-01
7.461710513344774753e-01
5.579168769311149134e-01
6.459681170711569775e-01
5.755730146951578696e-01
8.864757541605076951e-02
5.158355360884987473e-01
4.574867063436880432e-01
3.900376149408403825e-01
3.692962719072435118e-01
5.669827483079443731e-01
5.219530336409277105e-01
7.015960384223947077e-01
5.802841175313590005e-01
7.045254880022095989e-01
5.460556003133794079e-01
7.224825952349716029e-01
4.820746050286489615e-01
6.967379674654951005e-01
2.417543572781247485e-01
4.382786658786557710e-01
1.385048222150745967e-01
5.853555505848813123e-01
3.485255890515622790e-01
2.853742746424543508e-01
3.964849808015581678e-02
1.436273445697489604e-01
8.614409672963811715e-02
1.009037565730880742e-01
2.925927844223911167e-01
4.880534720168596685e-01
7.559355303618443545e-01
2.891638231503743661e-01
2.869487382728258540e-01
5.720231937561719437e-01
2.876423652570963552e-01
2.494956437645783898e-01
3.728498246967118512e-02
3.688621001777642738e-01
3.237466725887819807e-01
1.071655503566375789e-01
1.836411712438341115e-01
2.272011222034899802e-01
3.301452509149719328e-01
2.869373860355724504e-01
3.622690038470643970e-01
4.668698751626516597e-01
7.029205646681865316e-01
3.452718424426232113e-01
7.311297987946242527e-01
7.058279761074769398e-01
4.681852036185940036e-01
2.319216262375114468e-01
6.887019446611254703e-02
7.531935894232145712e-01
3.479796720545969002e-01
1.835339840753805740e-01
1.647100939983837387e-01
5.778140142566272619e-01
6.176708233416983163e-01
1.273498280620923295e-01
6.543693119654210300e-01
6.171736385584681850e-01
6.884945001610183191e-01
6.803592719625186636e-01
4.534221070671822229e-01
7.378231889159785339e-01
6.026101536029389028e-01
5.755866349110201341e-01
1.025426221453075160e-01
4.913959705974582093e-01
6.503666969177086532e-01
1.584651862551476609e-01
1.012088416661821866e-01
4.096683813754615766e-01
6.563862121309855802e-01
1.132963627251533933e-01
4.481120556453670467e-01
6.911285052095882397e-01
6.548159351415001606e-01
6.199145202365257123e-01
6.404325380253952371e-01
6.609919960979560027e-01
6.592857498036714947e-01
3.951141206518624660e-01
1.252713736921981513e-01
6.391411609745056843e-01
4.292831446221505587e-01
9.669035731579719850e-02
1.313204768507115205e-01
7.106270300454866629e-01
4.430024172812117023e-01
1.595118192896815834e-01
7.167087545461328091e-01
7.272175462601945251e-01
6.666837576429984757e-01
4.768571145777111830e-01
7.652470592900377788e-01
7.072438462105536949e-01
7.072462165454816985e-01
6.588608296713749368e-01
1.316038108858376687e-01
7.959642790521923583e-01
6.642601252424080727e-01
1.296407496664554182e-01
1.312706721066995152e-01
7.087515515582216707e-01
7.544329568877357062e-01
1.428521530025197439e-01
7.247215728075535601e-01
7.041027466976137461e-01
7.121642727262658124e-01
7.991991832188602984e-01
5.404881881356429218e-01
6.749780486974887861e-01
6.808432759250231392e-01
6.252317769709656581e-01
1.512694886732799948e-01
5.368489807839149641e-01
6.893018232501417764e-01
1.300180787922233239e-01
1.195068554070066735e-01
5.280351211943472567e-01
6.660300791707887136e-01
1.143292259340302486e-01
5.362588003281112403e-01
6.908890042095918727e-01
6.910014960019851271e-01
6.502672787826400125e-01
6.517330483562617793e-01
6.927673089329776657e-01
6.687856174979720514e-01
5.289381689686523114e-01
1.154567722021515863e-01
6.562730138864114604e-01
4.935628432570102753e-01
1.155146354465191316e-01
1.052036553373833089e-01
2.905757651045605128e-01
3.969037811137148264e-01
1.241870623720029709e-01
2.771056512457841792e-01
4.448756903139713947e-01
5.748628218317781702e-01
1.364337404259307329e-01
2.912179455678851614e-01
7.145466562289056744e-01
3.214038187840017047e-01
1.338600879634585239e-01
1.041469248533551106e-01
7.098037164706152424e-01
4.844085479888791124e-01
1.206491651617000449e-01
3.299502477663595612e-01
3.574761753995682745e-01
4.371513847070606085e-01
5.235389605429512372e-01
3.060322582194325847e-01
2.392512380746291134e-01
6.640317780606789233e-01
3.419380008866768073e-01
7.461710513344774753e-01
5.579168769311149134e-01
6.459681170711569775e-01
5.755730146951577586e-01
8.864757541605078339e-02
5.158355360884988583e-01
4.574867063436879877e-01
3.900376149408402715e-01
3.692962719072434008e-01
5.669827483079442620e-01
5.219530336409279325e-01
7.015960384223947077e-01
5.802841175313591116e-01
7.045254880022095989e-01
5.460556003133795189e-01
7.224825952349716029e-01
4.820746050286489615e-01
6.967379674654949895e-01
2.417543572781247485e-01
4.382786658786558265e-01
1.385048222150745967e-01
5.853555505848813123e-01
3.485255890515623345e-01
2.853742746424542953e-01
3.964849808015581678e-02
1.436273445697489326e-01
8.614409672963813103e-02
1.009037565730880742e-01
2.925927844223910057e-01
4.880534720168597240e-01
7.559355303618445765e-01
2.891638231503743106e-01
2.869487382728258540e-01
5.720231937561719437e-01
2.876423652570962997e-01
2.494956437645783620e-01
3.728498246967118512e-02
3.688621001777641628e-01
3.237466725887819807e-01
1.071655503566375789e-01
