4.917340122487211945e-02
2.479597189652583134e-01
3.209406268282510855e-01
4.260400030796872295e-02
2.810159836842165970e-01
5.939184744581823550e-01
5.805382737798043813e-01
1.111862225664088932e-01
2.095993846092030211e-01
7.331387529534092451e-01
4.050543596065565577e-01
1.094008338042281037e-01
5.478782115552762594e-02
5.617705221080515621e-01
2.558540413069079755e-01
4.154166901215244900e-02
2.779366827636742809e-01
4.249909478936466090e-01
6.612595552004225663e-01
2.788225239685528378e-01
6.971539819164209728e-01
3.563683886452895244e-01
6.654459666473719892e-01
4.087066133985616800e-01
6.767351424675014382e-01
6.600020473850352065e-01
6.575851691798855203e-01
5.697496098309484669e-01
9.966353022951963958e-02
3.942230559535022660e-01
6.623902294799491886e-01
3.145122248837609047e-01
2.010898457181661825e-01
6.798184525269108658e-01
4.038750951056755412e-01
5.562338370302051249e-01
3.410349309542183294e-01
9.110095514606726397e-01
6.544552281629617552e-01
7.254252766050144352e-01
3.842424837215342448e-01
9.124888461611543322e-01
3.644965897092083407e-01
5.837107180964542508e-01
8.036519114987333845e-02
6.849453345946673322e-01
4.137890368067230762e-01
2.427603667303923629e-01
2.156673894975713254e-02
8.437901980847636874e-02
1.012075059461663290e-01
5.208942963688477368e-02
2.785466396330729122e-01
3.742178186471318835e-01
6.804519627954938032e-01
1.993860614160149480e-01
2.662457579201482627e-01
3.263646358983260942e-01
6.739373311558616297e-01
2.488099516276602308e-01
2.069183912499590605e-02
1.980451792211376794e-01
2.713810071492777087e-01
5.105255512596308665e-02
5.009503354518768381e-02
2.453517498729077539e-01
3.177454457696108903e-01
4.206765740545916066e-02
2.649142328019806203e-01
5.887432543884922875e-01
5.751172430063478114e-01
1.102867088296513032e-01
2.044979719481307967e-01
7.292779773425959178e-01
4.067636744532144299e-01
5.342887149497200366e-02
5.590366226702416785e-01
2.722148953681089445e-01
2.747238872095785212e-01
4.193609884128124410e-01
6.606716225472066828e-01
6.875229255448495058e-01
3.603738007486536055e-01
6.614907853624982792e-01
6.785923191137444022e-01
6.572242382358678414e-01
1.004308821306280214e-01
3.971882551570152797e-01
1.995766228135566478e-01
6.823696607030597105e-01
3.336803254645895889e-01
9.119968439331803678e-01
3.791633160663082647e-01
8.249675025915834126e-02
2.112359951346600567e-02
2.723283002494673033e-01
1.239455347494272663e-01
8.871298081279966885e-01
8.723467436116233431e-01
1.149134461271423824e-01
1.109113742749446990e-01
3.099469003875681139e-01
3.553327012019830144e-01
1.667112532533079339e-01
3.984549375895074519e-01
5.828024317034975477e-01
7.297681130156542517e-01
3.463778097838626779e-01
5.753503539848546788e-01
7.962375045753741221e-01
5.938966683044820671e-01
3.007957561016088022e-01
3.579358271200283603e-02
5.785216411205634790e-01
3.685397174895432837e-01
1.102662457093125242e-01
4.917340122487211945e-02
2.479597189652583134e-01
3.209406268282510855e-01
4.260400030796872295e-02
2.810159836842165970e-01
5.939184744581823550e-01
5.805382737798043813e-01
1.111862225664088932e-01
2.095993846092030211e-01
7.331387529534092451e-01
4.050543596065565577e-01
1.094008338042281037e-01
5.478782115552762594e-02
5.617705221080515621e-01
2.558540413069079755e-01
4.154166901215244900e-02
2.779366827636742809e-01
4.249909478936466090e-01
6.612595552004225663e-01
2.788225239685528378e-01
6.971539819164209728e-01
3.563683886452895244e-01
6.654459666473719892e-01
4.087066133985616800e-01
6.767351424675014382e-01
6.600020473850352065e-01
6.575851691798855203e-01
5.697496098309484669e-01
9.966353022951963958e-02
3.942230559535022660e-01
6.623902294799491886e-01
3.145122248837609047e-01
2.010898457181661825e-01
6.798184525269108658e-01
4.038750951056755412e-01
5.562338370302051249e-01
3.410349309542183294e-01
9.110095514606726397e-01
6.544552281629617552e-01
7.254252766050144352e-01
3.842424837215342448e-01
9.124888461611543322e-01
3.644965897092083407e-01
5.837107180964542508e-01
8.036519114987333845e-02
6.849453345946673322e-01
4.137890368067230762e-01
2.427603667303923629e-01
2.156673894975713254e-02
8.437901980847636874e-02
1.012075059461663290e-01
5.208942963688477368e-02
2.785466396330729122e-01
3.742178186471318835e-01
6.804519627954938032e-01
1.993860614160149480e-01
2.662457579201482627e-01
3.263646358983260942e-01
6.739373311558616297e-01
2.488099516276602308e-01
2.069183912499590605e-02
1.980451792211376794e-01
2.713810071492777087e-01
5.105255512596308665e-02
1.109113742749446990e-01
3.099469003875681139e-01
3.553327012019830144e-01
1.667108174452435754e-01
3.984549375895074519e-01
5.827999103327388131e-01
7.297681130156542517e-01
3.463778097838626779e-01
5.753503539848546788e-01
7.962375045753741221e-01
5.938965603739447818e-01
3.007957561016088022e-01
3.579358271200283603e-02
5.785216411205634790e-01
3.685397174895432837e-01
1.102662457093125242e-01
1.004420074315352795e-01
5.609696932241592382e-01
5.347077106140882830e-01
5.256318593159391150e-02
7.749949599702974368e-01
7.188176518318605268e-01
7.699806830616391373e-01
5.719078497945411232e-01
0.000000000000000000e+00
9.332449716131328010e-01
7.129021733824246754e-01
5.536190900547341975e-01
8.348770689465132011e-02
1.819574494268971776e-02
7.582599825133249372e-01
9.381905090485903598e-02
5.497028565691811086e-02
2.857216609358121939e-01
4.147640275470456661e-01
6.247320640990747243e-02
3.515740065335928310e-01
7.877629964800187956e-01
8.091114036967850254e-01
3.692183186034954101e-01
2.812736277591789680e-01
8.503758224864964577e-01
7.652537745131783309e-01
2.644956704196053110e-01
9.421595007208294348e-02
2.615559531227638068e-01
3.180416599440725189e-01
4.692936638045350217e-02
6.418543029478053497e-02
7.411602666329795142e-01
1.419810189153807300e-01
9.908255638552723732e-02
5.328345855083891358e-01
8.418092957071451332e-01
8.218668427783840658e-01
1.341014949255328048e-01
7.196469234057563114e-01
8.013102492779290431e-01
8.261215248556375013e-01
6.881665515088828400e-01
6.991245299215130549e-02
7.230001559159593416e-01
4.678388399444126655e-01
5.971134889158688508e-02
6.131177132206987179e-02
6.214203405810883041e-01
6.512024583935307476e-01
7.466053286417753676e-02
6.669469485584578194e-01
8.409482595233209734e-01
8.134043305036131599e-01
6.513986554253117234e-01
3.811256783730603281e-01
7.629223050265137029e-01
8.216485765679135689e-01
5.390968439097081344e-01
8.647224543888140658e-02
3.481644982069496130e-01
6.160376459748158062e-01
5.814611540043596039e-02
6.988722040676975666e-02
3.492178418834355202e-01
3.983860426363716734e-01
6.433557087471628022e-02
3.413810717845133791e-01
8.193294564531181656e-01
8.219937942917067142e-01
3.746466668298329417e-01
4.246175543751209425e-01
8.162703298444525801e-01
8.067075386419347849e-01
3.300473747573409167e-01
6.041408957028512883e-02
4.042424225602168075e-01
2.940941381983877001e-01
6.242923394514510171e-02
4.917340122487211945e-02
2.479597189652582578e-01
3.209406268282510855e-01
4.260400030796872295e-02
2.810159836842165415e-01
5.939184744581824660e-01
5.805382737798043813e-01
1.111862225664089487e-01
2.095993846092030211e-01
7.331387529534093561e-01
4.050543596065565577e-01
1.094008338042281314e-01
5.478782115552762594e-02
5.617705221080513400e-01
2.558540413069080310e-01
4.154166901215244900e-02
2.779366827636742809e-01
4.249909478936467200e-01
6.612595552004225663e-01
2.788225239685527823e-01
6.971539819164207508e-01
3.563683886452895244e-01
6.654459666473719892e-01
4.087066133985617356e-01
6.767351424675016602e-01
6.600020473850352065e-01
6.575851691798855203e-01
5.697496098309483559e-01
9.966353022951962570e-02
3.942230559535023771e-01
6.623902294799492996e-01
3.145122248837609047e-01
2.010898457181661825e-01
6.798184525269106437e-01
4.038750951056756522e-01
5.562338370302053470e-01
3.410349309542183849e-01
9.110095514606728617e-01
6.544552281629618662e-01
7.254252766050146572e-01
3.842424837215342448e-01
9.124888461611543322e-01
3.644965897092083407e-01
5.837107180964542508e-01
8.036519114987336621e-02
6.849453345946673322e-01
4.137890368067231317e-01
2.427603667303923074e-01
2.156673894975713601e-02
8.437901980847634098e-02
1.012075059461663429e-01
5.208942963688477368e-02
2.785466396330728012e-01
3.742178186471319390e-01
6.804519627954939143e-01
1.993860614160150035e-01
2.662457579201482627e-01
3.263646358983260942e-01
6.739373311558616297e-01
2.488099516276601475e-01
2.069183912499590258e-02
1.980451792211376794e-01
2.713810071492777087e-01
5.105255512596308665e-02
