4.933574755616195739e-01
8.894739535673714670e-01
6.417589490457668022e-01
5.258412017166697039e-01
7.709541194837623568e-01
3.714604977320369317e-01
3.606026132543425078e-01
5.851792581349269939e-01
4.341000351256870671e-01
4.874359725158499690e-01
1.443761221652364868e-01
5.859096121425031445e-01
4.028858798051720980e-01
6.015780938814032641e-01
5.046737945628056998e-01
5.167382357879486410e-01
9.163892067209140624e-01
4.240656607287316970e-01
2.738345111419867028e-01
5.014549480269716586e-01
3.307043374074692399e-01
1.142553163095441776e-01
1.443178350864186832e-01
1.439507543147400259e-01
2.381003951122550588e-01
1.241215688512413429e-01
1.475185427779692748e-01
3.577602513213189450e-01
4.697948085371762006e-01
1.703191927170911169e-01
2.740961931311178823e-01
6.327671366515392748e-01
4.108724219661375465e-01
1.387034437915551921e-01
1.802289384713912923e-01
6.130384151933221393e-01
4.489052772140329495e-01
1.795020731379761980e-01
1.282844830951633541e-01
4.883539797758036927e-01
1.839799867164705616e-01
1.853994696851651858e-01
1.271606021694635102e-01
3.955338682560345931e-01
6.768264819700451351e-01
1.428637473853157924e-01
4.455518953744080912e-01
8.927126036657933028e-01
4.868619405994220606e-01
6.560403879174285802e-01
4.826716809821840481e-01
4.038510903388483064e-01
6.428437870446706004e-01
1.703295746834581625e-01
2.377755083870781438e-01
4.203690025393294061e-01
6.461404455752426390e-01
4.496128066113437294e-01
3.377759678382943886e-01
7.672827718809192010e-01
4.763589144640443251e-01
3.992430461899627026e-01
9.501465361641334706e-01
5.064543657309359403e-01
4.997808543325959474e-01
8.910984442685362383e-01
6.372896472048159566e-01
5.212453555932582416e-01
7.691185899034878037e-01
3.836654314967166690e-01
3.591743982704235227e-01
5.855472247517373718e-01
4.272415756252221364e-01
4.878954566549977834e-01
1.439809813760126178e-01
4.033719740276159871e-01
6.072369611550971769e-01
5.152102200777313179e-01
9.329329474934356936e-01
4.348644101128490425e-01
2.715086636385621865e-01
3.316697363187178782e-01
1.206147786031323138e-01
1.459282797279876087e-01
2.379380595712742852e-01
1.262063278475229477e-01
4.761945805313028690e-01
1.727705296907313670e-01
4.050925318507525019e-01
1.407736690090251597e-01
4.492599803450681994e-01
1.824951293935502816e-01
1.770637724824786485e-01
6.675038150469366771e-01
4.815421257483303852e-01
6.445103132379447208e-01
6.845347993131178921e-01
3.132518069790368731e-01
3.130665961050499435e-01
6.798232858577040183e-01
6.202340287956270570e-01
4.671292723937492397e-01
3.469830831756951506e-01
6.027644745522627856e-01
6.608528122557852935e-01
1.604977989118337167e-01
2.139966631036775979e-01
3.318351780251437289e-01
3.038123450313167107e-01
2.394856805777660358e-01
1.771466139212409530e-01
4.974162243980988496e-01
5.150854667833585365e-01
2.852481338256777077e-01
6.713690188684708904e-01
6.320955876635566684e-01
4.933574755616195739e-01
8.894739535673714670e-01
6.417589490457668022e-01
5.258412017166697039e-01
7.709541194837623568e-01
3.714604977320369317e-01
3.606026132543425078e-01
5.851792581349269939e-01
4.341000351256870671e-01
4.874359725158499690e-01
1.443761221652364868e-01
5.859096121425031445e-01
4.028858798051720980e-01
6.015780938814032641e-01
5.046737945628056998e-01
5.167382357879486410e-01
9.163892067209140624e-01
4.240656607287316970e-01
2.738345111419867028e-01
5.014549480269716586e-01
3.307043374074692399e-01
1.142553163095441776e-01
1.443178350864186832e-01
1.439507543147400259e-01
2.381003951122550588e-01
1.241215688512413429e-01
1.475185427779692748e-01
3.577602513213189450e-01
4.697948085371762006e-01
1.703191927170911169e-01
2.740961931311178823e-01
6.327671366515392748e-01
4.108724219661375465e-01
1.387034437915551921e-01
1.802289384713912923e-01
6.130384151933221393e-01
4.489052772140329495e-01
1.795020731379761980e-01
1.282844830951633541e-01
4.883539797758036927e-01
1.839799867164705616e-01
1.853994696851651858e-01
1.271606021694635102e-01
3.955338682560345931e-01
6.768264819700451351e-01
1.428637473853157924e-01
4.455518953744080912e-01
8.927126036657933028e-01
4.868619405994220606e-01
6.560403879174285802e-01
4.826716809821840481e-01
4.038510903388483064e-01
6.428437870446706004e-01
1.703295746834581625e-01
2.377755083870781438e-01
4.203690025393294061e-01
6.461404455752426390e-01
4.496128066113437294e-01
3.377759678382943886e-01
7.672827718809192010e-01
4.763589144640443251e-01
3.992430461899627026e-01
9.501465361641334706e-01
5.064543657309359403e-01
6.202340287956270570e-01
4.671292723937492397e-01
3.469830831756951506e-01
6.027642667990127379e-01
6.608528122557852935e-01
1.604971045522445849e-01
2.139966631036775979e-01
3.318351780251437289e-01
3.038123450313167107e-01
2.394856805777660358e-01
1.771465817278810029e-01
4.974162243980988496e-01
5.150854667833585365e-01
2.852481338256777077e-01
6.713690188684708904e-01
6.320955876635566684e-01
5.944650356774006106e-01
6.894822496249537469e-01
4.234810500757344442e-01
5.760961702541648188e-01
6.761862451885569669e-01
2.094696843954731713e-01
2.097945325158555030e-01
4.379060437295854147e-01
4.189835913348169960e-01
1.857051364198924470e-01
2.173318700661810154e-01
7.275069375470346600e-01
5.659981692151192512e-01
4.142552943950166267e-01
6.973922047690017667e-01
5.885879500759505500e-01
4.981281510926024447e-01
6.183887364603222192e-01
8.664898814773285274e-01
5.639765069947523246e-01
6.934440861544375334e-01
1.786759798419832179e-01
1.446443801783493521e-01
7.843002120855417925e-01
8.330255532948738217e-01
1.541505128208508213e-01
1.788236394611240065e-01
6.263684562163907010e-01
5.653965072234716782e-01
7.941372194077729318e-01
7.025356275598582112e-01
4.925183511974561279e-01
5.779239542097800442e-01
6.765901782176726442e-01
6.508223494052667313e-01
5.910746233048365106e-01
6.921568355428018293e-01
2.140886970917833254e-01
1.893034771846980602e-01
6.135330199455539812e-01
7.274978811051266980e-01
1.748593615442547156e-01
2.237646108008572443e-01
6.753944156713473923e-01
5.816376282864369474e-01
6.898444602446864860e-01
7.044049112766876952e-01
5.759478564169442372e-01
5.831322534768745847e-01
7.403046388391527621e-01
7.163957018768010165e-01
5.840033784876108580e-01
5.532934448748174638e-01
2.028550916347350019e-01
2.167940560557990448e-01
6.888958980573036683e-01
9.363285322654970599e-01
1.709152123198163231e-01
2.037185481111807861e-01
7.454837027492509094e-01
5.776973009659818192e-01
8.671049710769871410e-01
5.655794574261663321e-01
5.805769168490881871e-01
5.467514167527984803e-01
7.729894095128255760e-01
8.326097786611015295e-01
5.688322762623625461e-01
7.606943111614297148e-01
1.832669243242004420e-01
1.962181983941598817e-01
7.602453891474989511e-01
8.176631126862550225e-01
1.925354210413208478e-01
1.894054706389719234e-01
8.170322805927605625e-01
5.768666533980523203e-01
7.767959608083618850e-01
7.372825005558847344e-01
5.429997638811984162e-01
4.933574755616196850e-01
8.894739535673713560e-01
6.417589490457669132e-01
5.258412017166697039e-01
7.709541194837622458e-01
3.714604977320368762e-01
3.606026132543425633e-01
5.851792581349271050e-01
4.341000351256870671e-01
4.874359725158499135e-01
1.443761221652364590e-01
5.859096121425032555e-01
4.028858798051721535e-01
6.015780938814031531e-01
5.046737945628058108e-01
5.167382357879486410e-01
9.163892067209140624e-01
4.240656607287318081e-01
2.738345111419867584e-01
5.014549480269715476e-01
3.307043374074692954e-01
1.142553163095441776e-01
1.443178350864186832e-01
1.439507543147400537e-01
2.381003951122550588e-01
1.241215688512413429e-01
1.475185427779692748e-01
3.577602513213188340e-01
4.697948085371761451e-01
1.703191927170910891e-01
2.740961931311179378e-01
6.327671366515392748e-01
4.108724219661375465e-01
1.387034437915551643e-01
1.802289384713913201e-01
6.130384151933221393e-01
4.489052772140330050e-01
1.795020731379762258e-01
1.282844830951633541e-01
4.883539797758038592e-01
1.839799867164705616e-01
1.853994696851651580e-01
1.271606021694635102e-01
3.955338682560346486e-01
6.768264819700451351e-01
1.428637473853157924e-01
4.455518953744081467e-01
8.927126036657933028e-01
4.868619405994220606e-01
6.560403879174283581e-01
4.826716809821841592e-01
4.038510903388483064e-01
6.428437870446707114e-01
1.703295746834581625e-01
2.377755083870781994e-01
4.203690025393294616e-01
6.461404455752425280e-01
4.496128066113437294e-01
3.377759678382943331e-01
7.672827718809190900e-01
4.763589144640442141e-01
3.992430461899625915e-01
9.501465361641334706e-01
5.064543657309359403e-01
