7.705577182136282011e-02
2.720343698943276656e-01
2.283768569791213010e-01
7.902103368438259667e-02
3.459101560978447010e-01
7.035033997176485254e-01
4.698582242434571343e-01
8.710417866738925929e-02
2.154359778683666571e-01
5.903934148385461267e-01
3.478219429926485695e-01
8.515498713236274719e-02
7.109856314134896382e-02
6.724784347443126808e-01
4.313378085187971611e-01
7.764312757723901282e-02
2.938316564168836909e-01
5.725448590695960682e-01
5.880867041385149374e-01
4.635473808666312201e-01
6.198678498768923628e-01
4.524756807858014152e-01
6.825770861678127632e-01
3.522823737728424942e-01
6.055149113080293688e-01
6.049011608201613210e-01
6.749757856417145652e-01
4.658866685656745110e-01
5.037972862834956544e-02
3.955363296717978594e-01
6.042421696976870704e-01
2.187560212734928622e-01
2.002132174405308884e-01
5.371813227759743015e-01
4.179348936169605677e-01
6.663829919939889823e-01
5.713884669794938587e-01
7.767817058037485012e-01
6.034956335365949665e-01
5.833551071378655362e-01
4.638798740320519975e-01
7.789160586895919058e-01
4.714905976775664587e-01
7.015557611405009997e-01
1.053523107946962856e-01
5.409377840553019068e-01
5.784846180974339003e-01
2.682259163694600268e-01
2.239370389773706616e-02
1.033038211139770401e-01
4.966345743856694084e-02
7.002382215624050610e-02
2.292838429307986203e-01
4.445729220759194744e-01
6.071595951154539206e-01
2.079703204798251104e-01
2.263905921271890387e-01
5.655747942149441654e-01
6.204042170632571018e-01
3.183495295998391428e-01
2.077495310119747973e-02
1.935781561473649548e-01
2.940215783039917818e-01
7.847931066974087044e-02
7.775394742642013912e-02
2.701240686425863124e-01
2.235949045933871004e-01
7.832536542740707597e-02
3.321309255099246793e-01
7.025159684060289234e-01
4.678626179617322856e-01
8.612213789371125916e-02
2.117069860011030480e-01
5.868705769526374461e-01
3.499252729699962594e-01
7.055730777243462981e-02
6.694686324395020538e-01
4.574681541085091618e-01
2.939247330470308173e-01
5.755301177806461110e-01
5.946553903695601662e-01
6.211960833317228259e-01
4.618458449419055034e-01
6.787524714635316814e-01
6.063367073831849030e-01
6.041972823645307411e-01
5.002374371662919594e-02
4.047049690058763805e-01
1.969155404266096920e-01
5.390505904132152359e-01
5.684739196260722993e-01
7.780593484190195808e-01
4.540976773034061109e-01
1.044942286638249063e-01
2.157380166987900305e-02
2.278212473349211509e-01
1.469961021442260929e-01
8.595635536044948788e-01
8.517167010645950720e-01
1.397445640838546055e-01
1.274978348127567829e-01
2.920492631462427990e-01
2.429383175299609787e-01
2.366858767566762944e-01
5.104436343213485383e-01
6.028087542620682582e-01
6.782299096202194510e-01
2.486764085361604648e-01
5.440425218324919099e-01
7.437383222323483700e-01
6.208988139169836495e-01
2.974133014887418991e-01
3.771091786969008042e-02
5.392190936700475001e-01
5.002289646115241073e-01
1.265713794433118156e-01
7.705577182136282011e-02
2.720343698943276656e-01
2.283768569791213010e-01
7.902103368438259667e-02
3.459101560978447010e-01
7.035033997176485254e-01
4.698582242434571343e-01
8.710417866738925929e-02
2.154359778683666571e-01
5.903934148385461267e-01
3.478219429926485695e-01
8.515498713236274719e-02
7.109856314134896382e-02
6.724784347443126808e-01
4.313378085187971611e-01
7.764312757723901282e-02
2.938316564168836909e-01
5.725448590695960682e-01
5.880867041385149374e-01
4.635473808666312201e-01
6.198678498768923628e-01
4.524756807858014152e-01
6.825770861678127632e-01
3.522823737728424942e-01
6.055149113080293688e-01
6.049011608201613210e-01
6.749757856417145652e-01
4.658866685656745110e-01
5.037972862834956544e-02
3.955363296717978594e-01
6.042421696976870704e-01
2.187560212734928622e-01
2.002132174405308884e-01
5.371813227759743015e-01
4.179348936169605677e-01
6.663829919939889823e-01
5.713884669794938587e-01
7.767817058037485012e-01
6.034956335365949665e-01
5.833551071378655362e-01
4.638798740320519975e-01
7.789160586895919058e-01
4.714905976775664587e-01
7.015557611405009997e-01
1.053523107946962856e-01
5.409377840553019068e-01
5.784846180974339003e-01
2.682259163694600268e-01
2.239370389773706616e-02
1.033038211139770401e-01
4.966345743856694084e-02
7.002382215624050610e-02
2.292838429307986203e-01
4.445729220759194744e-01
6.071595951154539206e-01
2.079703204798251104e-01
2.263905921271890387e-01
5.655747942149441654e-01
6.204042170632571018e-01
3.183495295998391428e-01
2.077495310119747973e-02
1.935781561473649548e-01
2.940215783039917818e-01
7.847931066974087044e-02
1.274978348127567829e-01
2.920492631462427990e-01
2.429383175299609787e-01
2.366854775451763260e-01
5.104436343213485383e-01
6.028061463382103913e-01
6.782299096202194510e-01
2.486764085361604648e-01
5.440425218324919099e-01
7.437383222323483700e-01
6.208987010792692551e-01
2.974133014887418991e-01
3.771091786969008042e-02
5.392190936700475001e-01
5.002289646115241073e-01
1.265713794433118156e-01
1.324150147084917628e-01
6.494380520488245434e-01
4.031648201296009759e-01
7.793949052418343293e-02
5.771782894728159086e-01
7.524264119360912773e-01
7.608033838083416711e-01
4.469341738567764732e-01
2.532729491823229040e-01
7.777880711694407090e-01
7.590586949833052488e-01
6.484720791279166008e-01
7.215334348312302248e-02
2.646551779257830805e-01
5.785032906106681860e-01
1.264507412772916117e-01
6.405610691514304622e-02
3.323697216192282866e-01
4.266131256127754234e-01
8.700454057203679814e-02
3.899525818435913838e-01
7.100545270179920987e-01
8.261911516374993436e-01
3.836339278731606406e-01
4.546311150388844258e-01
8.298296170241503678e-01
6.972742460945594578e-01
3.262563302963261691e-01
8.331401975892666067e-02
4.364159890545877829e-01
3.790378486979431027e-01
5.515949942952699803e-02
8.297563572360520945e-02
7.015480096240351848e-01
2.784489363175457477e-01
1.089057517608762182e-01
5.517399831756764073e-01
7.924302471965825045e-01
7.891599154231684343e-01
2.639556599430061823e-01
6.856277295029231666e-01
8.105840548532753376e-01
7.854785451978483213e-01
6.682320576027627190e-01
9.759851911177684636e-02
6.797769833366673620e-01
5.153928141470265345e-01
7.946612752877801888e-02
8.240590577479521561e-02
6.317037261575761953e-01
6.846349651514782586e-01
8.982534700420288787e-02
5.829966091278642182e-01
8.262897129204015423e-01
7.814664023097910306e-01
6.744864761076270199e-01
5.093015877738125141e-01
7.042046274470674661e-01
8.153152933975063021e-01
5.790652490948504649e-01
1.052637240684693165e-01
4.682274116810742903e-01
5.489524225624515807e-01
7.994783112838491079e-02
7.965328848962899277e-02
4.438145859531468229e-01
4.501049778022179204e-01
7.363777903341536812e-02
4.001077952204521448e-01
7.789303096276976035e-01
7.893157357506715988e-01
4.257285221871631720e-01
4.618631076878072506e-01
7.791692302541164405e-01
7.761653620465623904e-01
4.459701324606932804e-01
8.020368565953392426e-02
4.397763668192211650e-01
3.705383351357398602e-01
7.231156619536482921e-02
7.705577182136282011e-02
2.720343698943277211e-01
2.283768569791213288e-01
7.902103368438259667e-02
3.459101560978447010e-01
7.035033997176485254e-01
4.698582242434571898e-01
8.710417866738925929e-02
2.154359778683665461e-01
5.903934148385460157e-01
3.478219429926486805e-01
8.515498713236271944e-02
7.109856314134896382e-02
6.724784347443124588e-01
4.313378085187972166e-01
7.764312757723902669e-02
2.938316564168836353e-01
5.725448590695962903e-01
5.880867041385149374e-01
4.635473808666311646e-01
6.198678498768923628e-01
4.524756807858014152e-01
6.825770861678127632e-01
3.522823737728425497e-01
6.055149113080293688e-01
6.049011608201612100e-01
6.749757856417145652e-01
4.658866685656744555e-01
5.037972862834957932e-02
3.955363296717978594e-01
6.042421696976871814e-01
2.187560212734928067e-01
2.002132174405308329e-01
5.371813227759743015e-01
4.179348936169606787e-01
6.663829919939889823e-01
5.713884669794939697e-01
7.767817058037486122e-01
6.034956335365949665e-01
5.833551071378655362e-01
4.638798740320521086e-01
7.789160586895919058e-01
4.714905976775664587e-01
7.015557611405011107e-01
1.053523107946962856e-01
5.409377840553019068e-01
5.784846180974339003e-01
2.682259163694599713e-01
2.239370389773706616e-02
1.033038211139770124e-01
4.966345743856695472e-02
7.002382215624050610e-02
2.292838429307986203e-01
4.445729220759195299e-01
6.071595951154539206e-01
2.079703204798250549e-01
2.263905921271890387e-01
5.655747942149441654e-01
6.204042170632571018e-01
3.183495295998391983e-01
2.077495310119747973e-02
1.935781561473649548e-01
2.940215783039918374e-01
7.847931066974085657e-02
