6.184823877344693965e-01
7.722829745579642413e-01
7.663932845600061050e-01
6.145230022915153523e-01
6.855111067672681191e-01
2.130675068475544887e-01
2.170430422444842022e-01
7.540899836987137173e-01
5.660201869817703679e-01
3.968036169938233271e-01
1.034159106789970251e-01
7.585722046708209820e-01
4.347364938839283766e-01
5.721023085328977853e-01
5.863637818020570602e-01
6.091113984342531040e-01
9.456627377950506119e-01
1.765037540525980497e-01
2.844732540099049189e-01
6.224913739745727703e-01
3.408079262091137651e-01
6.961641683944877479e-02
8.207217253291326786e-02
1.175805616914973317e-01
1.624543794317169221e-01
6.755460059165528663e-02
8.063416110954584048e-02
2.162180700904523800e-01
4.293772792830046758e-01
1.925943205943123626e-01
2.836958709727082084e-01
7.629666630784641690e-01
5.560153874272408814e-01
2.334439060955150747e-01
1.956047269189051530e-01
5.786418973087170681e-01
2.203725600823689401e-01
1.012058896755964887e-01
6.774266205773563088e-02
3.927531720969403284e-01
2.686517308254957603e-01
9.886486511663537813e-02
7.510523185377085409e-02
2.147194847459213407e-01
5.150074627355267776e-01
2.417675139608411461e-01
1.832338144610584640e-01
7.853218482530013311e-01
5.068785262084279930e-01
5.168527339364314965e-01
4.397826069739483312e-01
4.318343412314825103e-01
9.557443761431965168e-01
2.648767751284089589e-01
1.623950803995565795e-01
5.535544021455074404e-01
9.422824577175228367e-01
2.218193216730582895e-01
3.234689539623223919e-01
6.789889930038313093e-01
4.989559973732832776e-01
5.513950034366195130e-01
9.909746154844523147e-01
6.493523753489164330e-01
6.336225943437832075e-01
7.788232084293468249e-01
7.646901122712326249e-01
6.117908269979259739e-01
6.822503060930329433e-01
2.139050414507869813e-01
2.166285146018166741e-01
7.563482141866602060e-01
5.597937011072875446e-01
3.947762744358750409e-01
1.103442613455389298e-01
4.332749271191820295e-01
5.753314208675068819e-01
6.189984195376366793e-01
9.678691140331522336e-01
1.798862096987089987e-01
2.816713359352185364e-01
3.296365101116489615e-01
7.232119319999968932e-02
8.134863323646629452e-02
1.624247495954712628e-01
6.764878048830755275e-02
4.345486999855548427e-01
1.917535288302177343e-01
5.537190206857527386e-01
2.375858497096717814e-01
2.210978597915110866e-01
1.000648718060118958e-01
2.667390850927706669e-01
5.167378902495335380e-01
5.028657411299027880e-01
9.489391097014182597e-01
7.694613562875920465e-01
2.299413065728714844e-01
2.191982703103213526e-01
7.708668527138002879e-01
7.207226959484055451e-01
2.788048950235240131e-01
4.128117969784909080e-01
6.711495149961429485e-01
6.225829061376044748e-01
1.125253269959594904e-01
1.281625821756827988e-01
3.967961349702137097e-01
4.401110480627673516e-01
1.263274927000962444e-01
1.167613554672893017e-01
2.982389836341841072e-01
5.099655334618399261e-01
4.344378820543749464e-01
6.172226143068468840e-01
7.455028247751930293e-01
6.184823877344693965e-01
7.722829745579642413e-01
7.663932845600061050e-01
6.145230022915153523e-01
6.855111067672681191e-01
2.130675068475544887e-01
2.170430422444842022e-01
7.540899836987137173e-01
5.660201869817703679e-01
3.968036169938233271e-01
1.034159106789970251e-01
7.585722046708209820e-01
4.347364938839283766e-01
5.721023085328977853e-01
5.863637818020570602e-01
6.091113984342531040e-01
9.456627377950506119e-01
1.765037540525980497e-01
2.844732540099049189e-01
6.224913739745727703e-01
3.408079262091137651e-01
6.961641683944877479e-02
8.207217253291326786e-02
1.175805616914973317e-01
1.624543794317169221e-01
6.755460059165528663e-02
8.063416110954584048e-02
2.162180700904523800e-01
4.293772792830046758e-01
1.925943205943123626e-01
2.836958709727082084e-01
7.629666630784641690e-01
5.560153874272408814e-01
2.334439060955150747e-01
1.956047269189051530e-01
5.786418973087170681e-01
2.203725600823689401e-01
1.012058896755964887e-01
6.774266205773563088e-02
3.927531720969403284e-01
2.686517308254957603e-01
9.886486511663537813e-02
7.510523185377085409e-02
2.147194847459213407e-01
5.150074627355267776e-01
2.417675139608411461e-01
1.832338144610584640e-01
7.853218482530013311e-01
5.068785262084279930e-01
5.168527339364314965e-01
4.397826069739483312e-01
4.318343412314825103e-01
9.557443761431965168e-01
2.648767751284089589e-01
1.623950803995565795e-01
5.535544021455074404e-01
9.422824577175228367e-01
2.218193216730582895e-01
3.234689539623223919e-01
6.789889930038313093e-01
4.989559973732832776e-01
5.513950034366195130e-01
9.909746154844523147e-01
6.493523753489164330e-01
7.207226959484055451e-01
2.788048950235240131e-01
4.128117969784909080e-01
6.711493430081090228e-01
6.225829061376044748e-01
1.125248401790663877e-01
1.281625821756827988e-01
3.967961349702137097e-01
4.401110480627673516e-01
1.263274927000962444e-01
1.167613342479147942e-01
2.982389836341841072e-01
5.099655334618399261e-01
4.344378820543749464e-01
6.172226143068468840e-01
7.455028247751930293e-01
6.920004736628214692e-01
4.096069688317360846e-01
3.801997647994763696e-01
6.942025430809755093e-01
5.530967662497481285e-01
1.184891469413143217e-01
1.604425734076971866e-01
4.299659823179988738e-01
3.730318880830987283e-01
1.667993987742562023e-01
1.151990231821442279e-01
4.300386547391190639e-01
6.639090098615956226e-01
3.955594606984564887e-01
5.653434131495658210e-01
6.918451602306467940e-01
6.375019757388892261e-01
4.387743157880183986e-01
5.868550178286735530e-01
6.969310449112617878e-01
5.428429776878529456e-01
1.198528061552463775e-01
1.268070641797759412e-01
5.537408034935362711e-01
6.563829643862326702e-01
1.213878675853585498e-01
1.118352681481774580e-01
4.483855162081600287e-01
6.608827334258634556e-01
6.652842763410209415e-01
5.434253257942700532e-01
6.336602105240077831e-01
6.861183539629782668e-01
4.114200669229339802e-01
5.089774538666578252e-01
7.232237399662156951e-01
5.571619989407867735e-01
1.526010403756825340e-01
1.228347521876561876e-01
5.338821929435031421e-01
4.903829491390756523e-01
1.539273062842345940e-01
1.539754213838277486e-01
3.817439610604158595e-01
6.996644609292383965e-01
5.100572039556563464e-01
5.591682413737162349e-01
6.868911704396329920e-01
6.670692940280442684e-01
6.138039579052518846e-01
4.075867015023462159e-01
7.343320669072579410e-01
5.125442445025027993e-01
1.319532403804508369e-01
1.676138943122231217e-01
4.379009028654095026e-01
6.908122256379192194e-01
1.319181357873956406e-01
1.264299606941622911e-01
5.788353642696515422e-01
7.091993085446317568e-01
6.733707534809867390e-01
4.987871845452418462e-01
6.717871959784522673e-01
6.468651329260326488e-01
6.299959498036986627e-01
7.265938743143141032e-01
6.894780304137522187e-01
6.139006898966383741e-01
1.276290483804115028e-01
1.266841256647794900e-01
6.961720751161424303e-01
6.528140222682283778e-01
1.360843245909373611e-01
1.222853272689309601e-01
6.593678254360939572e-01
7.089939529252617945e-01
6.458445945417474743e-01
5.895815362497294210e-01
6.493068997247878338e-01
6.184823877344695076e-01
7.722829745579643523e-01
7.663932845600063271e-01
6.145230022915153523e-01
6.855111067672680081e-01
2.130675068475545442e-01
2.170430422444842300e-01
7.540899836987138283e-01
5.660201869817704790e-01
3.968036169938233826e-01
1.034159106789970528e-01
7.585722046708210931e-01
4.347364938839283766e-01
5.721023085328975633e-01
5.863637818020572823e-01
6.091113984342531040e-01
9.456627377950506119e-01
1.765037540525981052e-01
2.844732540099049745e-01
6.224913739745727703e-01
3.408079262091137096e-01
6.961641683944878867e-02
8.207217253291328174e-02
1.175805616914973595e-01
1.624543794317169498e-01
6.755460059165527276e-02
8.063416110954584048e-02
2.162180700904523245e-01
4.293772792830047313e-01
1.925943205943123349e-01
2.836958709727081529e-01
7.629666630784641690e-01
5.560153874272408814e-01
2.334439060955150469e-01
1.956047269189051807e-01
5.786418973087170681e-01
2.203725600823689956e-01
1.012058896755965026e-01
6.774266205773563088e-02
3.927531720969403839e-01
2.686517308254957603e-01
9.886486511663539201e-02
7.510523185377085409e-02
2.147194847459213962e-01
5.150074627355267776e-01
2.417675139608411461e-01
1.832338144610584640e-01
7.853218482530015532e-01
5.068785262084281040e-01
5.168527339364312745e-01
4.397826069739484423e-01
4.318343412314825658e-01
9.557443761431964058e-01
2.648767751284090144e-01
1.623950803995566350e-01
5.535544021455074404e-01
9.422824577175227256e-01
2.218193216730582895e-01
3.234689539623224475e-01
6.789889930038314203e-01
4.989559973732831666e-01
5.513950034366195130e-01
9.909746154844523147e-01
6.493523753489164330e-01
