4.764717748536518305e-01
7.568108949044276557e-01
7.930199302422769048e-01
4.334918220630979979e-01
8.181680100144967938e-01
2.115674894879184809e-01
2.755183075124101877e-01
6.452662366551293882e-01
9.200781614038715528e-01
4.915075221501274405e-01
2.628943559259249718e-01
6.248925936285945060e-01
4.599748627020656122e-01
6.754288825257832585e-01
5.440829759362764140e-01
4.234450251071204541e-01
6.585648861716384417e-01
2.308285568712140079e-01
3.076387429294715203e-01
5.982682721497776246e-01
1.980287728838822647e-01
1.229741410830553910e-01
9.616710354490265455e-02
2.755434340790181014e-01
1.910942697497488019e-01
8.646733452061744485e-02
9.303874781712002939e-02
2.742786081610285587e-01
7.330835470694827549e-01
3.889987688966417556e-01
2.951141621799026060e-01
8.040767127571530892e-01
5.497773305724982240e-01
1.615795540380131623e-01
3.879190876310807390e-01
6.774851969949307051e-01
2.762718925637226430e-01
9.730308229904352513e-02
8.485432851721744218e-02
4.898125408618318466e-01
4.001163612872531417e-01
9.472710338546784514e-02
1.298200842820108891e-01
2.055455816522486212e-01
7.153993381215220104e-01
1.634306945028400626e-01
2.255645955714231654e-01
7.592489195427585269e-01
4.508163574884134217e-01
7.326087677566447409e-01
7.406790738600015356e-01
4.429529372785953045e-01
5.373728413313474395e-01
4.007036857942429808e-01
1.921404717801079853e-01
9.124921811143804629e-01
5.037113398350341331e-01
2.743448568633589657e-01
1.625917700281778733e-01
8.000000807507399170e-01
4.334568345301755277e-01
5.604136512824555716e-01
6.833679643597843079e-01
4.942017120688707021e-01
4.851674347276114241e-01
7.580337958766906192e-01
7.985156074519625946e-01
4.284194606806228101e-01
8.090847590714007609e-01
2.085144485272399373e-01
2.748953899421222591e-01
6.350015972900987515e-01
9.162890699237090653e-01
4.906591443081446124e-01
2.690948654962311282e-01
4.514023706762003707e-01
6.764442476571062013e-01
5.845221452513301719e-01
6.707203410809334798e-01
2.281829467965995617e-01
2.991263024997722342e-01
1.759642716180679356e-01
1.263476826001028175e-01
9.459306298755069953e-02
1.916170235571905689e-01
8.565955214038846466e-02
7.368585040586270729e-01
3.867293289914047749e-01
5.550636646044153633e-01
1.625007074069911295e-01
2.753058187876595841e-01
9.604370728099728693e-02
4.004139392728399693e-01
7.251206240720120544e-01
4.420237060324643252e-01
5.203562854981270691e-01
7.031906758201940111e-01
3.031028504075933272e-01
2.843795899302629104e-01
6.997150965299776537e-01
5.861302318193123417e-01
3.474070441787469044e-01
7.074242405160232616e-01
5.970639813847639088e-01
4.657854349290668772e-01
1.590256270560067853e-01
1.563927644504028436e-01
6.697401816723199675e-01
5.338219745103539582e-01
1.562803227424558461e-01
1.612045781622442331e-01
3.418954422091504686e-01
5.670354659362232264e-01
5.468118484043943406e-01
4.384473961778521112e-01
6.010646744473384651e-01
4.764717748536518305e-01
7.568108949044276557e-01
7.930199302422769048e-01
4.334918220630979979e-01
8.181680100144967938e-01
2.115674894879184809e-01
2.755183075124101877e-01
6.452662366551293882e-01
9.200781614038715528e-01
4.915075221501274405e-01
2.628943559259249718e-01
6.248925936285945060e-01
4.599748627020656122e-01
6.754288825257832585e-01
5.440829759362764140e-01
4.234450251071204541e-01
6.585648861716384417e-01
2.308285568712140079e-01
3.076387429294715203e-01
5.982682721497776246e-01
1.980287728838822647e-01
1.229741410830553910e-01
9.616710354490265455e-02
2.755434340790181014e-01
1.910942697497488019e-01
8.646733452061744485e-02
9.303874781712002939e-02
2.742786081610285587e-01
7.330835470694827549e-01
3.889987688966417556e-01
2.951141621799026060e-01
8.040767127571530892e-01
5.497773305724982240e-01
1.615795540380131623e-01
3.879190876310807390e-01
6.774851969949307051e-01
2.762718925637226430e-01
9.730308229904352513e-02
8.485432851721744218e-02
4.898125408618318466e-01
4.001163612872531417e-01
9.472710338546784514e-02
1.298200842820108891e-01
2.055455816522486212e-01
7.153993381215220104e-01
1.634306945028400626e-01
2.255645955714231654e-01
7.592489195427585269e-01
4.508163574884134217e-01
7.326087677566447409e-01
7.406790738600015356e-01
4.429529372785953045e-01
5.373728413313474395e-01
4.007036857942429808e-01
1.921404717801079853e-01
9.124921811143804629e-01
5.037113398350341331e-01
2.743448568633589657e-01
1.625917700281778733e-01
8.000000807507399170e-01
4.334568345301755277e-01
5.604136512824555716e-01
6.833679643597843079e-01
4.942017120688707021e-01
5.861302318193123417e-01
3.474070441787469044e-01
7.074242405160232616e-01
5.970637706501693565e-01
4.657854349290668772e-01
1.590249390654561168e-01
1.563927644504028436e-01
6.697401816723199675e-01
5.338219745103539582e-01
1.562803227424558461e-01
1.612045488660759918e-01
3.418954422091504686e-01
5.670354659362232264e-01
5.468118484043943406e-01
4.384473961778521112e-01
6.010646744473384651e-01
6.852144888435984793e-01
5.396097216984527822e-01
5.913525960706660367e-01
5.081896243853061268e-01
4.558750966370417324e-01
2.112461076498406698e-01
1.774687181346292220e-01
6.563195783840920505e-01
6.240064569948309270e-01
1.327626076466739968e-01
2.021591499487787880e-01
5.419586243135734449e-01
5.003220952620521800e-01
6.709780851813123004e-01
4.451833926137880315e-01
6.747151452715758335e-01
5.675498904111417886e-01
6.357524364147273399e-01
6.595905757317708229e-01
5.669569318236051814e-01
6.597072074471921344e-01
1.723089020978897656e-01
1.711706181506392754e-01
6.415063456625451632e-01
7.194298129467082692e-01
1.502432864316613215e-01
1.532737610418248297e-01
6.244939999279945919e-01
5.588598290656315859e-01
7.304394438423540414e-01
6.563492167761098006e-01
5.560919668499543222e-01
6.116002756988816458e-01
6.820504677644736446e-01
4.085434878114826418e-01
6.337336304314632462e-01
8.629979136032059905e-01
1.882121893312791727e-01
1.909570953654463332e-01
4.437910179703132840e-01
5.477420163456345747e-01
2.021192970628958030e-01
1.892387200841252892e-01
6.086681885707512230e-01
5.859588354307342373e-01
5.894356855952900265e-01
8.019798870724397233e-01
6.120386198507554720e-01
5.924093685737816806e-01
8.687455981224814217e-01
4.844608085451462820e-01
6.289963921635361999e-01
5.967838446418034515e-01
1.962791383787837740e-01
2.271262793678526792e-01
5.181413956641618412e-01
5.333266855574936294e-01
1.886025537875388736e-01
1.864365019286082781e-01
8.181047023104572880e-01
6.659835727299596719e-01
5.525032153073823338e-01
5.297309506470817553e-01
5.927223275801050129e-01
5.614401209184978203e-01
7.914858064869039200e-01
7.710415106437467081e-01
6.001411592644464443e-01
8.052401193472917829e-01
1.725490950719207883e-01
1.787816349652665560e-01
7.614423887829171456e-01
6.720946510682166419e-01
1.932849949043818072e-01
1.639606820720694580e-01
7.960670441972792499e-01
6.202866101385638986e-01
7.034016304960493127e-01
7.272933242901711282e-01
5.564287292576517441e-01
4.764717748536519415e-01
7.568108949044275446e-01
7.930199302422771268e-01
4.334918220630979979e-01
8.181680100144966827e-01
2.115674894879185364e-01
2.755183075124102432e-01
6.452662366551294992e-01
9.200781614038715528e-01
4.915075221501274960e-01
2.628943559259249163e-01
6.248925936285946170e-01
4.599748627020656122e-01
6.754288825257830364e-01
5.440829759362765250e-01
4.234450251071205651e-01
6.585648861716384417e-01
2.308285568712141189e-01
3.076387429294715758e-01
5.982682721497776246e-01
1.980287728838822092e-01
1.229741410830554188e-01
9.616710354490265455e-02
2.755434340790181569e-01
1.910942697497488296e-01
8.646733452061743097e-02
9.303874781712002939e-02
2.742786081610284477e-01
7.330835470694826439e-01
3.889987688966418666e-01
2.951141621799025505e-01
8.040767127571528672e-01
5.497773305724984461e-01
1.615795540380131901e-01
3.879190876310808500e-01
6.774851969949307051e-01
2.762718925637226985e-01
9.730308229904353901e-02
8.485432851721745606e-02
4.898125408618319021e-01
4.001163612872531417e-01
9.472710338546783126e-02
1.298200842820108891e-01
2.055455816522485657e-01
7.153993381215220104e-01
1.634306945028401181e-01
2.255645955714232209e-01
7.592489195427587489e-01
4.508163574884134217e-01
7.326087677566445189e-01
7.406790738600016466e-01
4.429529372785953045e-01
5.373728413313473284e-01
4.007036857942430363e-01
1.921404717801080131e-01
9.124921811143804629e-01
5.037113398350340221e-01
2.743448568633589657e-01
1.625917700281779288e-01
8.000000807507398060e-01
4.334568345301755277e-01
5.604136512824555716e-01
6.833679643597843079e-01
4.942017120688707021e-01
