3.020173697616858055e-01
7.591634950885186583e-01
3.867984271552110664e-01
3.655415580473195258e-01
6.383267657498171710e-01
5.557268875634043814e-01
3.908058711075532710e-01
5.607263650373310870e-01
3.288953511286781817e-01
5.517969255265968709e-01
1.699338469916674699e-01
5.548676129876570773e-01
3.583734093889965333e-01
6.544642781713032598e-01
6.414437977420102133e-01
3.647609809939733050e-01
6.582917996166592900e-01
5.165099716230296956e-01
5.562692948228953327e-01
6.549423792088961971e-01
5.909984176415037371e-01
2.000084081614794118e-01
2.742990874228760090e-01
1.816252636647951446e-01
2.536687074902691519e-01
2.253683704307501146e-01
2.720763360976237721e-01
3.924731722017544833e-01
3.333984207987480963e-01
2.238625793769884464e-01
5.883807356874194427e-01
3.745826808683067610e-01
2.891881725559300453e-01
2.359714191421848906e-01
2.296996387416513075e-01
6.695950275452877687e-01
4.888833911113055208e-01
3.500088950498785323e-01
2.271390226399830070e-01
5.699140986902471173e-01
2.400754761186418007e-01
3.559944442518233054e-01
2.175136316082579013e-01
5.762743143787663058e-01
6.295444183333107624e-01
2.429737356545423610e-01
5.407070507486207989e-01
7.932517764095250445e-01
3.453973260949357860e-01
6.334559201432872211e-01
3.263780819477368755e-01
3.623456418947096913e-01
7.133496912831871484e-01
2.313276157807245825e-01
2.553131064987846921e-01
3.262560781771773888e-01
7.277639760116476619e-01
4.963521798428293108e-01
6.275127536555940022e-01
6.444062622958925957e-01
3.415285190122147041e-01
2.787773082654648182e-01
7.056814304041538755e-01
3.139711779441708428e-01
3.078801231878074418e-01
7.762620066108535388e-01
3.807266971218198903e-01
3.651474653908451939e-01
6.413662752026556557e-01
5.661442066947701690e-01
3.916436477389443338e-01
5.577746113013540841e-01
3.275770710550786058e-01
5.608649951138792167e-01
1.756333808299955779e-01
3.603738841080994515e-01
6.619355261519210831e-01
6.643595933177396384e-01
6.815164379392059102e-01
5.286711621533349836e-01
5.705932746432985647e-01
6.100384375142865467e-01
2.086346261049631390e-01
2.731807041444709316e-01
2.544903612604877408e-01
2.262551009532137170e-01
3.299093307141914289e-01
2.244858885543859484e-01
2.840138921161877161e-01
2.394558697112081913e-01
4.926276917130633093e-01
3.530925268821636376e-01
2.356432233749329030e-01
6.324869870320327658e-01
3.434377634784681610e-01
7.206363977571882407e-01
5.223449076483241971e-01
4.714669645359128580e-01
4.712831265559470628e-01
5.277410932137081012e-01
4.166583643012052862e-01
5.228246975170371957e-01
3.286176482857580128e-01
5.347870335431764710e-01
7.829682822340948700e-01
2.915773065778815010e-01
3.030704123943249173e-01
3.384962820882203571e-01
3.319580297971772564e-01
3.711556784355939387e-01
3.100870460450305677e-01
5.592104974714280363e-01
4.095276018428281595e-01
3.194812935774019591e-01
8.152644164082092360e-01
4.309737133008332277e-01
3.020173697616858055e-01
7.591634950885186583e-01
3.867984271552110664e-01
3.655415580473195258e-01
6.383267657498171710e-01
5.557268875634043814e-01
3.908058711075532710e-01
5.607263650373310870e-01
3.288953511286781817e-01
5.517969255265968709e-01
1.699338469916674699e-01
5.548676129876570773e-01
3.583734093889965333e-01
6.544642781713032598e-01
6.414437977420102133e-01
3.647609809939733050e-01
6.582917996166592900e-01
5.165099716230296956e-01
5.562692948228953327e-01
6.549423792088961971e-01
5.909984176415037371e-01
2.000084081614794118e-01
2.742990874228760090e-01
1.816252636647951446e-01
2.536687074902691519e-01
2.253683704307501146e-01
2.720763360976237721e-01
3.924731722017544833e-01
3.333984207987480963e-01
2.238625793769884464e-01
5.883807356874194427e-01
3.745826808683067610e-01
2.891881725559300453e-01
2.359714191421848906e-01
2.296996387416513075e-01
6.695950275452877687e-01
4.888833911113055208e-01
3.500088950498785323e-01
2.271390226399830070e-01
5.699140986902471173e-01
2.400754761186418007e-01
3.559944442518233054e-01
2.175136316082579013e-01
5.762743143787663058e-01
6.295444183333107624e-01
2.429737356545423610e-01
5.407070507486207989e-01
7.932517764095250445e-01
3.453973260949357860e-01
6.334559201432872211e-01
3.263780819477368755e-01
3.623456418947096913e-01
7.133496912831871484e-01
2.313276157807245825e-01
2.553131064987846921e-01
3.262560781771773888e-01
7.277639760116476619e-01
4.963521798428293108e-01
6.275127536555940022e-01
6.444062622958925957e-01
3.415285190122147041e-01
2.787773082654648182e-01
7.056814304041538755e-01
3.139711779441708428e-01
4.166583643012052862e-01
5.228246975170371957e-01
3.286176482857580128e-01
5.347867902378840022e-01
7.829682822340948700e-01
2.915760451306830259e-01
3.030704123943249173e-01
3.384962820882203571e-01
3.319580297971772564e-01
3.711556784355939387e-01
3.100869896920262492e-01
5.592104974714280363e-01
4.095276018428281595e-01
3.194812935774019591e-01
8.152644164082092360e-01
4.309737133008332277e-01
4.287869752216648678e-01
8.240915933293269102e-01
3.713437157086629803e-01
4.356338537153582879e-01
5.338932373362506034e-01
3.417929354506207273e-01
4.198074613393027454e-01
4.079056754589591716e-01
3.564670191303704883e-01
3.489142374660146317e-01
3.495833183972495428e-01
8.947059996890858180e-01
4.706704011568432766e-01
3.781366816153706178e-01
5.843754321150187447e-01
4.310243920882381174e-01
3.600758742431146020e-01
6.518764055907702026e-01
9.383570786176131939e-01
3.484539765769272268e-01
6.354873162865739555e-01
3.148778850228093340e-01
3.041056137212885813e-01
8.897559793756835145e-01
9.643479869517952441e-01
2.815722099615206586e-01
3.161409022276747693e-01
6.738545291221100797e-01
3.629357365423531157e-01
9.609856641201508509e-01
6.643641796106292130e-01
3.635788774161943238e-01
4.313713135704989599e-01
7.371259600664261669e-01
6.159724044568961610e-01
4.180159745205296318e-01
8.222043805606435996e-01
3.603985946684400421e-01
3.343420870560722680e-01
6.227130051785474407e-01
7.774301783422186141e-01
3.502456317380662210e-01
3.696302942428130178e-01
7.558172682300132728e-01
3.909582893354374145e-01
7.666853349583047095e-01
8.707145810707785927e-01
4.387721312434080811e-01
4.116198637085138889e-01
8.283741655072671684e-01
7.736004683768356038e-01
4.244092962548597359e-01
7.025027549217917056e-01
3.453363932163845407e-01
3.689366055650667997e-01
7.743273423299275038e-01
8.637469494521559099e-01
3.274781220054532871e-01
3.461958085741193569e-01
8.679044255584038581e-01
4.176222868606887517e-01
8.303795216414959768e-01
7.400055896066253247e-01
4.190938177747760562e-01
3.770346246277382352e-01
8.563180594447434846e-01
9.200169894901022438e-01
3.754252345419462067e-01
8.960883268611274932e-01
3.003675931043352509e-01
3.419427630028197274e-01
8.843301594989614323e-01
9.617266707127347658e-01
3.342430821013200326e-01
3.077414343746737169e-01
9.363993357152808894e-01
3.623497059156949307e-01
9.706676091126122952e-01
8.942894561083942762e-01
3.807063081133134075e-01
3.020173697616858610e-01
7.591634950885187694e-01
3.867984271552110664e-01
3.655415580473195258e-01
6.383267657498171710e-01
5.557268875634044925e-01
3.908058711075533265e-01
5.607263650373310870e-01
3.288953511286781817e-01
5.517969255265967599e-01
1.699338469916674421e-01
5.548676129876570773e-01
3.583734093889965333e-01
6.544642781713030377e-01
6.414437977420104353e-01
3.647609809939734160e-01
6.582917996166592900e-01
5.165099716230299176e-01
5.562692948228952217e-01
6.549423792088961971e-01
5.909984176415035151e-01
2.000084081614794673e-01
2.742990874228760090e-01
1.816252636647952279e-01
2.536687074902692074e-01
2.253683704307501146e-01
2.720763360976237721e-01
3.924731722017543722e-01
3.333984207987481518e-01
2.238625793769884187e-01
5.883807356874195538e-01
3.745826808683067610e-01
2.891881725559300453e-01
2.359714191421848628e-01
2.296996387416513352e-01
6.695950275452877687e-01
4.888833911113055763e-01
3.500088950498785323e-01
2.271390226399830625e-01
5.699140986902473394e-01
2.400754761186418007e-01
3.559944442518232499e-01
2.175136316082579568e-01
5.762743143787663058e-01
6.295444183333107624e-01
2.429737356545423610e-01
5.407070507486209099e-01
7.932517764095250445e-01
3.453973260949357860e-01
6.334559201432871101e-01
3.263780819477369310e-01
3.623456418947096913e-01
7.133496912831870373e-01
2.313276157807246380e-01
2.553131064987846921e-01
3.262560781771774443e-01
7.277639760116475509e-01
4.963521798428293108e-01
6.275127536555940022e-01
6.444062622958924846e-01
3.415285190122146486e-01
2.787773082654648182e-01
7.056814304041540975e-01
3.139711779441708428e-01
