6.421991994009580429e-01
6.589810882702633599e-01
8.649193672432948787e-01
7.010677674126293279e-01
6.090802701873453406e-01
9.123310081484420353e-02
2.343034016690590318e-02
8.740027680622075579e-01
7.531168878737273253e-01
2.764186519615841608e-01
1.660293972386049921e-01
8.637968117183238981e-01
8.720505662698172511e-01
5.212928502496723127e-01
6.062194645869645182e-01
7.076115901428354782e-01
5.094955403727012833e-01
2.041372426322862754e-02
9.693056375651581957e-02
7.000304990666730287e-01
1.116628126944113064e-01
3.739998591147888907e-02
9.844288903723680609e-03
2.054374855784121823e-01
8.400364063597943326e-03
7.449899263423404028e-03
7.464626211536514247e-03
2.748059208313280433e-02
8.790530854498106450e-01
2.322308712211385573e-01
1.090559882232326472e-01
9.531918883566408152e-01
4.741152969738554046e-01
2.321069676027520678e-03
1.976288946573341587e-01
4.676832570369147679e-01
5.830240790883400859e-02
2.096492989628580966e-02
7.186845257765413046e-03
2.804657125682371022e-01
2.719931844986646086e-01
1.990337033455749638e-02
4.203609300105082963e-02
8.375713044208665803e-02
7.110007344167785792e-01
1.388125966992448390e-02
1.991398265907379228e-02
6.727023970416843301e-01
8.644316540017167316e-01
7.392464909534931516e-01
8.449394509659602370e-01
8.826123521459874333e-01
4.928374410948730411e-01
2.969892365142419166e-01
8.915224714730069638e-03
9.022701986743171254e-01
4.641384766589702338e-01
6.102829795500980259e-02
9.196495961223943860e-02
5.991738743612264884e-01
8.551079131588104065e-01
5.460729718395542776e-01
5.443073069347204029e-01
7.173972119503989608e-01
6.790801162587118966e-01
6.658636281648481203e-01
9.087944531348230992e-01
7.043715699932829866e-01
6.041274614261520348e-01
8.744286615969876220e-02
2.546548931810791241e-02
8.688608078782202870e-01
8.276168888789287026e-01
2.784443006029908574e-01
1.856570410346103928e-01
8.773696369947732165e-01
4.948215529508602217e-01
6.683238173291657924e-01
5.265560380878505642e-01
2.016255953245660315e-02
9.985295762903118044e-02
9.641683227164243863e-02
3.968456515638633941e-02
8.646955251078339982e-03
8.657623520061500516e-03
7.318163615588691925e-03
8.620986981542954064e-01
2.132092171519631707e-01
5.098788204584445705e-01
8.073581795576378894e-03
5.966896841912699978e-02
2.044071631412012341e-02
2.846578608707512892e-01
7.262291067115682619e-01
8.597091507569850632e-01
4.783295460524420450e-01
9.006756872738848063e-01
8.871458730759107514e-02
5.332206046111798159e-02
9.446937802802251039e-01
7.660508407880824988e-01
4.476487690918107276e-02
5.521058593284889904e-01
9.020618313360903029e-01
1.790543051115811579e-01
6.130987202635318489e-02
1.201089752729742229e-02
6.184061128301981958e-01
2.190422011347211706e-01
2.213756970947203251e-02
5.751774963379352457e-02
5.484255746970334577e-02
9.415914715135316193e-01
3.045801650653058301e-01
1.754815727137848391e-01
8.319215379905916530e-01
6.421991994009580429e-01
6.589810882702633599e-01
8.649193672432948787e-01
7.010677674126293279e-01
6.090802701873453406e-01
9.123310081484420353e-02
2.343034016690590318e-02
8.740027680622075579e-01
7.531168878737273253e-01
2.764186519615841608e-01
1.660293972386049921e-01
8.637968117183238981e-01
8.720505662698172511e-01
5.212928502496723127e-01
6.062194645869645182e-01
7.076115901428354782e-01
5.094955403727012833e-01
2.041372426322862754e-02
9.693056375651581957e-02
7.000304990666730287e-01
1.116628126944113064e-01
3.739998591147888907e-02
9.844288903723680609e-03
2.054374855784121823e-01
8.400364063597943326e-03
7.449899263423404028e-03
7.464626211536514247e-03
2.748059208313280433e-02
8.790530854498106450e-01
2.322308712211385573e-01
1.090559882232326472e-01
9.531918883566408152e-01
4.741152969738554046e-01
2.321069676027520678e-03
1.976288946573341587e-01
4.676832570369147679e-01
5.830240790883400859e-02
2.096492989628580966e-02
7.186845257765413046e-03
2.804657125682371022e-01
2.719931844986646086e-01
1.990337033455749638e-02
4.203609300105082963e-02
8.375713044208665803e-02
7.110007344167785792e-01
1.388125966992448390e-02
1.991398265907379228e-02
6.727023970416843301e-01
8.644316540017167316e-01
7.392464909534931516e-01
8.449394509659602370e-01
8.826123521459874333e-01
4.928374410948730411e-01
2.969892365142419166e-01
8.915224714730069638e-03
9.022701986743171254e-01
4.641384766589702338e-01
6.102829795500980259e-02
9.196495961223943860e-02
5.991738743612264884e-01
8.551079131588104065e-01
5.460729718395542776e-01
5.443073069347204029e-01
7.173972119503989608e-01
7.660508407880824988e-01
4.476487690918107276e-02
5.521058593284889904e-01
9.020617801146575410e-01
1.790543051115811579e-01
6.130960678223248972e-02
1.201089752729742229e-02
6.184061128301981958e-01
2.190422011347211706e-01
2.213756970947203251e-02
5.751773918092864535e-02
5.484255746970334577e-02
9.415914715135316193e-01
3.045801650653058301e-01
1.754815727137848391e-01
8.319215379905916530e-01
8.858612489119099820e-01
1.238822727719217642e-01
3.452327809435846717e-01
8.002520740499787788e-01
5.473713905300470195e-02
4.974770128102140587e-02
3.659028895644267365e-02
5.127355130799184924e-01
2.767660947321048948e-01
1.450362045542701039e-02
3.479166118875676172e-02
1.000235835247349492e-01
8.381539365820840359e-01
4.106531730076339315e-01
3.610348503060034631e-02
9.417708697433728737e-01
7.763060758239725967e-01
2.046761488593193956e-01
3.488946583422249947e-01
9.358121255786767678e-01
2.038522251448513511e-01
6.494024208582888091e-02
5.252371326647936600e-03
4.316463323193968638e-01
2.735329816644196388e-01
1.508974147504835162e-02
3.482937911170641554e-02
2.091299825246044630e-01
9.480066612884660016e-01
3.761605957818838775e-01
2.070459429139148710e-01
8.281828362137386712e-01
8.460634457820329635e-01
2.041142484950952962e-01
2.026476793576401647e-01
9.095371681112078832e-01
1.902134988336507959e-01
4.486656358868831851e-02
3.655703233998863766e-02
4.018796893017206884e-01
5.806117903630791943e-02
5.056441776474587813e-02
3.860835708315908665e-02
1.351969997580204641e-01
9.294375098649628741e-01
2.665563269541031399e-01
1.230231804408847829e-01
9.005910060235763348e-01
8.533825791819817930e-01
2.415773035541031177e-01
3.337956480521642177e-02
9.206179916353791626e-01
2.037916537462860500e-01
4.759947266560468626e-02
5.761638889156389665e-02
2.206037366035742409e-01
3.292069825063608235e-01
3.241849329684762249e-02
3.264491615656608947e-02
1.500597761926631968e-01
9.009432964692491996e-01
5.094194930568480828e-01
1.172641344486446968e-01
9.164125313465522060e-01
8.450694253388155719e-01
2.402405547047870016e-01
3.245253740807321208e-01
9.077841737308249837e-01
2.890296070887912183e-01
6.226679597229700658e-02
1.879769102289979843e-02
4.429281221230492172e-01
3.697686396261574693e-01
2.409611251538568144e-02
3.418773823928916711e-02
2.614910459097383733e-01
8.905089890983808321e-01
5.010111312892362445e-01
2.796380861832812315e-01
9.046697927888646129e-01
6.421991994009582649e-01
6.589810882702632489e-01
8.649193672432951008e-01
7.010677674126294390e-01
6.090802701873452296e-01
9.123310081484425904e-02
2.343034016690589624e-02
8.740027680622076689e-01
7.531168878737273253e-01
2.764186519615842164e-01
1.660293972386049643e-01
8.637968117183240091e-01
8.720505662698173621e-01
5.212928502496722016e-01
6.062194645869647402e-01
7.076115901428355892e-01
5.094955403727012833e-01
2.041372426322868305e-02
9.693056375651584733e-02
7.000304990666730287e-01
1.116628126944113619e-01
3.739998591147890294e-02
9.844288903723680609e-03
2.054374855784122100e-01
8.400364063597946795e-03
7.449899263423401426e-03
7.464626211536514247e-03
2.748059208313280086e-02
8.790530854498105340e-01
2.322308712211385850e-01
1.090559882232325917e-01
9.531918883566405931e-01
4.741152969738554046e-01
2.321069676027520678e-03
1.976288946573341865e-01
4.676832570369148234e-01
5.830240790883400859e-02
2.096492989628580272e-02
7.186845257765414781e-03
2.804657125682371577e-01
2.719931844986646086e-01
1.990337033455750332e-02
4.203609300105082963e-02
8.375713044208660252e-02
7.110007344167785792e-01
1.388125966992451166e-02
1.991398265907373677e-02
6.727023970416843301e-01
8.644316540017167316e-01
7.392464909534930406e-01
8.449394509659603481e-01
8.826123521459874333e-01
4.928374410948731521e-01
2.969892365142419721e-01
8.915224714730069638e-03
9.022701986743171254e-01
4.641384766589702338e-01
6.102829795500980259e-02
9.196495961223938309e-02
5.991738743612264884e-01
8.551079131588102955e-01
5.460729718395542776e-01
5.443073069347204029e-01
7.173972119503989608e-01
