2.464874362933269503e-01
6.328225554331781133e-01
3.355932451632068769e-01
2.482173816971448843e-01
5.156781454869914239e-01
5.585504846251220235e-01
4.642001195898610155e-01
3.942483219669996597e-01
2.582574370284720366e-01
9.031912912681416827e-01
2.051277062297457432e-01
4.053635222353990097e-01
2.565782209225475619e-01
6.256759272819714113e-01
5.121627584148258361e-01
2.400570638961029846e-01
4.667944097358496802e-01
5.195528461532987752e-01
8.715922310320254329e-01
5.606625313193913662e-01
6.112800226177952378e-01
2.056833148890278018e-01
3.933396458395173600e-01
2.125181857575954569e-01
3.040231157438983978e-01
3.735123574879837260e-01
3.873971472094402402e-01
4.558451999250684450e-01
1.782982229926755036e-01
1.970113058252466187e-01
8.711021632988815711e-01
3.322594300166275549e-01
2.789342953012775017e-01
2.990708991842793152e-01
1.999889836588617242e-01
6.156651170120803762e-01
6.788333021796437716e-01
4.903389438246848475e-01
3.685178353618517866e-01
8.840480251033007164e-01
2.795073245495633962e-01
4.789589102795193121e-01
2.061925626445579307e-01
5.496475002442491320e-01
5.043219646024341696e-01
3.038973545403966803e-01
5.058168969835545870e-01
6.416996041690659069e-01
2.477944250812797178e-01
4.993182225417048814e-01
1.902198261682225278e-01
2.457892067920787182e-01
6.325804531549332754e-01
2.784543394138270234e-01
3.068193374340412727e-01
2.447471921408548301e-01
6.027808353649435347e-01
6.760128021203258841e-01
5.562232454278313032e-01
4.948481209452749163e-01
2.364293274016924795e-01
2.830216542343925723e-01
4.774399687809223747e-01
2.613904956481333808e-01
2.537966519807683397e-01
6.372752387076900948e-01
3.339362014529130840e-01
2.440974536181661492e-01
5.052639514797137021e-01
5.540367695818457783e-01
4.600019837662495115e-01
3.998483770026461936e-01
2.515092579079049040e-01
8.936096380961702224e-01
2.086732761771180056e-01
2.511447147063315399e-01
6.207327982825665558e-01
5.488193709046872426e-01
4.720115691535248237e-01
5.126493065111451530e-01
8.709166513284701816e-01
5.845692183936873620e-01
2.059342618215126985e-01
3.903496617489357057e-01
3.054202985943958448e-01
3.710111349490415322e-01
1.842232286533112551e-01
1.961672052036105285e-01
2.809657444478380062e-01
3.014726108296054696e-01
6.774193111766865227e-01
4.847918563819840210e-01
2.789738116587913153e-01
5.026136997941834661e-01
2.420379683572195240e-01
6.175161560383141124e-01
4.032807671499368807e-01
6.058507695298994689e-01
5.878472544383980258e-01
3.975190783433774078e-01
3.261671281960494828e-01
4.453121442537675279e-01
4.052641860205009605e-01
4.033447625021575611e-01
8.211651998343667547e-01
3.527081740521141873e-01
4.213570892769844534e-01
3.801681114808251882e-01
3.251299569670190737e-01
5.708473967190718090e-01
3.532592561963916467e-01
4.500362501610899457e-01
2.806291158689367404e-01
3.299745910225685419e-01
7.734149019924758672e-01
3.353737169460762613e-01
2.464874362933269503e-01
6.328225554331781133e-01
3.355932451632068769e-01
2.482173816971448843e-01
5.156781454869914239e-01
5.585504846251220235e-01
4.642001195898610155e-01
3.942483219669996597e-01
2.582574370284720366e-01
9.031912912681416827e-01
2.051277062297457432e-01
4.053635222353990097e-01
2.565782209225475619e-01
6.256759272819714113e-01
5.121627584148258361e-01
2.400570638961029846e-01
4.667944097358496802e-01
5.195528461532987752e-01
8.715922310320254329e-01
5.606625313193913662e-01
6.112800226177952378e-01
2.056833148890278018e-01
3.933396458395173600e-01
2.125181857575954569e-01
3.040231157438983978e-01
3.735123574879837260e-01
3.873971472094402402e-01
4.558451999250684450e-01
1.782982229926755036e-01
1.970113058252466187e-01
8.711021632988815711e-01
3.322594300166275549e-01
2.789342953012775017e-01
2.990708991842793152e-01
1.999889836588617242e-01
6.156651170120803762e-01
6.788333021796437716e-01
4.903389438246848475e-01
3.685178353618517866e-01
8.840480251033007164e-01
2.795073245495633962e-01
4.789589102795193121e-01
2.061925626445579307e-01
5.496475002442491320e-01
5.043219646024341696e-01
3.038973545403966803e-01
5.058168969835545870e-01
6.416996041690659069e-01
2.477944250812797178e-01
4.993182225417048814e-01
1.902198261682225278e-01
2.457892067920787182e-01
6.325804531549332754e-01
2.784543394138270234e-01
3.068193374340412727e-01
2.447471921408548301e-01
6.027808353649435347e-01
6.760128021203258841e-01
5.562232454278313032e-01
4.948481209452749163e-01
2.364293274016924795e-01
2.830216542343925723e-01
4.774399687809223747e-01
2.613904956481333808e-01
3.261671281960494828e-01
4.453121442537675279e-01
4.052641860205009605e-01
4.033444504528648777e-01
8.211651998343667547e-01
3.527066481352201799e-01
4.213570892769844534e-01
3.801681114808251882e-01
3.251299569670190737e-01
5.708473967190718090e-01
3.532591919975783257e-01
4.500362501610899457e-01
2.806291158689367404e-01
3.299745910225685419e-01
7.734149019924758672e-01
3.353737169460762613e-01
3.315053523259069435e-01
9.525070804816253567e-01
3.706785187495562628e-01
2.944123018546888071e-01
3.287091830054857944e-01
4.330673720321117637e-01
6.219915872358834363e-01
4.217812677263448329e-01
4.587986545896078905e-01
4.690324954119251544e-01
4.234350881070937378e-01
9.399873350063927546e-01
3.588395355712787338e-01
4.897482505355676974e-01
3.044211532083977989e-01
3.261161987699241482e-01
2.575591953608378226e-01
6.235582818065277255e-01
8.296378992379107586e-01
2.439729838166788400e-01
5.172438048787362241e-01
4.762978595139385485e-01
4.468830424645828248e-01
7.964863570534761461e-01
9.245601326836550005e-01
3.913675116316808200e-01
4.550528594745613109e-01
5.983517365712085478e-01
2.652000621436435002e-01
9.300798794490079402e-01
4.964125968506227782e-01
2.493050335804671003e-01
3.015326615709647551e-01
7.175881266273580472e-01
6.191432962144260976e-01
3.232239398064434832e-01
8.202999438640032892e-01
5.158486829617394687e-01
4.487025239663037235e-01
6.355163703130881636e-01
8.381774117434406257e-01
4.767644556592757210e-01
5.028619849845252787e-01
6.752623595080788910e-01
2.866372526357411910e-01
8.545732141618980204e-01
7.745173868984944754e-01
2.979987626641045217e-01
2.897745590887955136e-01
8.346162398323206943e-01
8.305198261844033425e-01
3.100825309253286144e-01
6.808244725338705727e-01
4.849614409079084920e-01
5.130460034561833416e-01
8.500140790215233721e-01
8.872436481312049317e-01
4.438481432399742910e-01
4.680007226092222639e-01
7.606657856912550919e-01
3.098497072801425500e-01
8.670375969680743644e-01
6.355215884091225398e-01
2.895274871414147411e-01
2.641416852156244777e-01
8.376189134172340456e-01
8.414951576253537624e-01
2.636798717609949438e-01
8.035485549893028878e-01
4.325863833645508527e-01
5.006843825512977686e-01
8.197940303703865617e-01
9.310657608309589328e-01
4.731912496723618133e-01
4.181948285824677036e-01
8.409346853979522418e-01
2.555832143685614621e-01
9.349727853660960708e-01
7.462480053959126280e-01
2.582513726381795993e-01
2.464874362933270058e-01
6.328225554331781133e-01
3.355932451632070990e-01
2.482173816971448843e-01
5.156781454869914239e-01
5.585504846251219124e-01
4.642001195898610710e-01
3.942483219669997707e-01
2.582574370284720366e-01
9.031912912681417938e-01
2.051277062297457154e-01
4.053635222353989542e-01
2.565782209225475619e-01
6.256759272819714113e-01
5.121627584148259471e-01
2.400570638961029846e-01
4.667944097358496802e-01
5.195528461532989972e-01
8.715922310320254329e-01
5.606625313193913662e-01
6.112800226177952378e-01
2.056833148890278018e-01
3.933396458395173600e-01
2.125181857575954847e-01
3.040231157438984533e-01
3.735123574879836705e-01
3.873971472094402402e-01
4.558451999250683895e-01
1.782982229926755313e-01
1.970113058252466465e-01
8.711021632988817931e-01
3.322594300166275549e-01
2.789342953012775017e-01
2.990708991842792042e-01
1.999889836588618075e-01
6.156651170120804872e-01
6.788333021796437716e-01
4.903389438246848475e-01
3.685178353618517866e-01
8.840480251033009385e-01
2.795073245495633962e-01
4.789589102795192010e-01
2.061925626445579307e-01
5.496475002442490210e-01
5.043219646024341696e-01
3.038973545403966803e-01
5.058168969835545870e-01
6.416996041690659069e-01
2.477944250812796623e-01
4.993182225417047704e-01
1.902198261682225833e-01
2.457892067920787182e-01
6.325804531549333865e-01
2.784543394138271344e-01
3.068193374340413282e-01
2.447471921408548856e-01
6.027808353649436457e-01
6.760128021203258841e-01
5.562232454278313032e-01
4.948481209452748608e-01
2.364293274016924795e-01
2.830216542343925723e-01
4.774399687809223747e-01
2.613904956481334363e-01
