6.971961821699992345e-01
7.044474278629790920e-01
8.532309742160273380e-01
4.866076340871705042e-01
5.519972016122708380e-01
2.118169416300756946e-01
2.397594784489110176e-01
4.121120421745186890e-01
5.024858098123167194e-01
7.536762539793540050e-01
1.839093486325887317e-01
3.860430707607139245e-01
3.593720367759531409e-01
5.842986614934309042e-01
5.911054930074599589e-01
4.728752350030183682e-01
8.347674376517184580e-01
3.072437740020100283e-01
1.857523485297268850e-02
6.474459124069975591e-01
3.242927910860246565e-01
2.135437184649488507e-01
8.221484494315887959e-02
1.976491121421386499e-01
1.427358986158654697e-01
2.036748807525608773e-01
8.184417053868056624e-02
2.376057697787556100e-01
6.812415146310150105e-01
2.637704028377974574e-01
1.887269895782006657e-02
9.128693314033133888e-01
3.315062000463145364e-01
5.478093247771670393e-02
2.404633130772749483e-01
5.622318607650738098e-01
2.872353118312950260e-01
2.015112205595298300e-01
1.996737185276291349e-01
7.630355722702228949e-01
1.799095664419401441e-01
2.012038633307005608e-01
2.294005513495183946e-01
2.213325866065252723e-01
2.955867516268381734e-01
6.007509525012655338e-02
2.975202690920698556e-01
7.086392996874977257e-01
5.602397531033035394e-01
3.045714747274819723e-01
6.726362661663366493e-01
3.489294431081098602e-01
6.200774816407923495e-01
1.792308630580564111e-01
1.495314984892398835e-01
5.893557451270102776e-01
5.722286952629391799e-01
2.835138386401963029e-01
3.156744181733748822e-01
5.378357438084824249e-01
5.373167698083559651e-01
3.845365833178543968e-01
8.573871918545459270e-01
7.439935062364655405e-01
7.201479618719688336e-01
7.065500498173312716e-01
8.828736989396357426e-01
4.796745099175069305e-01
5.449170290133777961e-01
2.166412688488173477e-01
2.386772943125508584e-01
3.989779851071847405e-01
5.458761323839618207e-01
7.583608120384117690e-01
1.906412360740278866e-01
3.541129930003585891e-01
5.734025362384647106e-01
6.340016749516471650e-01
8.458528924564052698e-01
3.023568454922346271e-01
1.540411699531446521e-02
3.172944727567623691e-01
2.213576430784544025e-01
8.202833912445048337e-02
1.461314432664887475e-01
2.016711260616763646e-01
6.769647286053758206e-01
2.503324277574807133e-01
3.578627125527035768e-01
5.741538187060990506e-02
2.853696392557616424e-01
2.014128222012002978e-01
1.795656897887722703e-01
3.005397465287104053e-01
5.486291919762553704e-01
5.958889722530055222e-01
6.978809000475685309e-01
3.004350371783864881e-01
2.770698710902498307e-01
7.149553433279498549e-01
7.195941374467299534e-01
5.651513342347302959e-02
4.421589857932904932e-01
5.717536465389946310e-01
4.523389845396714737e-01
1.864615171062985188e-01
1.820532067093757200e-01
4.853539908534604264e-01
2.203492729045316567e-01
2.918985095043393208e-01
1.959616595576442466e-01
6.099157812822686431e-02
5.083446957237407471e-01
2.750666172685928279e-01
4.321929613564974293e-01
7.545933381610435697e-01
6.971961821699992345e-01
7.044474278629790920e-01
8.532309742160273380e-01
4.866076340871705042e-01
5.519972016122708380e-01
2.118169416300756946e-01
2.397594784489110176e-01
4.121120421745186890e-01
5.024858098123167194e-01
7.536762539793540050e-01
1.839093486325887317e-01
3.860430707607139245e-01
3.593720367759531409e-01
5.842986614934309042e-01
5.911054930074599589e-01
4.728752350030183682e-01
8.347674376517184580e-01
3.072437740020100283e-01
1.857523485297268850e-02
6.474459124069975591e-01
3.242927910860246565e-01
2.135437184649488507e-01
8.221484494315887959e-02
1.976491121421386499e-01
1.427358986158654697e-01
2.036748807525608773e-01
8.184417053868056624e-02
2.376057697787556100e-01
6.812415146310150105e-01
2.637704028377974574e-01
1.887269895782006657e-02
9.128693314033133888e-01
3.315062000463145364e-01
5.478093247771670393e-02
2.404633130772749483e-01
5.622318607650738098e-01
2.872353118312950260e-01
2.015112205595298300e-01
1.996737185276291349e-01
7.630355722702228949e-01
1.799095664419401441e-01
2.012038633307005608e-01
2.294005513495183946e-01
2.213325866065252723e-01
2.955867516268381734e-01
6.007509525012655338e-02
2.975202690920698556e-01
7.086392996874977257e-01
5.602397531033035394e-01
3.045714747274819723e-01
6.726362661663366493e-01
3.489294431081098602e-01
6.200774816407923495e-01
1.792308630580564111e-01
1.495314984892398835e-01
5.893557451270102776e-01
5.722286952629391799e-01
2.835138386401963029e-01
3.156744181733748822e-01
5.378357438084824249e-01
5.373167698083559651e-01
3.845365833178543968e-01
8.573871918545459270e-01
7.439935062364655405e-01
7.195941374467299534e-01
5.651513342347302959e-02
4.421589857932904932e-01
5.717534225671541126e-01
4.523389845396714737e-01
1.864607104202051224e-01
1.820532067093757200e-01
4.853539908534604264e-01
2.203492729045316567e-01
2.918985095043393208e-01
1.959616239449722963e-01
6.099157812822686431e-02
5.083446957237407471e-01
2.750666172685928279e-01
4.321929613564974293e-01
7.545933381610435697e-01
6.860582230232824541e-01
6.088804946129060536e-01
5.453001708672482462e-01
4.962616801998570026e-01
5.949228835636715118e-01
3.106444269302089944e-01
6.690696563140791087e-02
6.424131540500055415e-01
2.142159577982893914e-02
1.646753215931858194e-01
3.003319800481395463e-01
6.147984789114611104e-01
6.092425741537141892e-01
1.038743621488698032e-01
5.914555980261930745e-01
7.044176523995275829e-01
5.264874833449665337e-01
1.000000000000000222e+00
9.925308367620178096e-01
4.299593157274147481e-01
6.467055189298089868e-01
1.237393266389421875e-01
1.397333936426425338e-01
1.000000000000000222e+00
4.552178980188392732e-01
1.536657891281734412e-01
1.071157886107119150e-01
1.000000000000000000e+00
6.601013321985881310e-01
5.279092964129472598e-01
6.270145620102314243e-01
5.426211504066746905e-01
5.726133318864337074e-01
1.000000000000000000e+00
4.797129735427079211e-01
5.882828440801161074e-01
7.579273993152386701e-01
2.413602834988353985e-01
1.389976377195133728e-01
5.572495635006076142e-01
2.220748073632430319e-01
1.237188647100039007e-01
2.327818043131473225e-01
1.000000000000000000e+00
6.951371248411328807e-01
3.383562618707907088e-01
7.242813717354987801e-01
5.948593700629540848e-01
5.671384942048578459e-01
9.105351074314733673e-01
5.382188791930158089e-01
6.283591860559458731e-01
7.600864689581690037e-01
1.972795703254358879e-01
1.589035641635425100e-01
6.144183568505727777e-01
5.924478556688796971e-01
1.583931938410724494e-01
1.825699574198789144e-01
8.919264972331708563e-01
6.376910001221636204e-01
6.626758677680197884e-01
7.208762269550890167e-01
5.942200964284601872e-01
5.326346296302792993e-01
8.593408228064534082e-01
7.602035093099579477e-01
6.080975418510861097e-01
8.956070971334904041e-01
1.712246956711316881e-01
1.521811323993678133e-01
7.927844342984875503e-01
9.140298423005011053e-01
1.269836032016324612e-01
1.510109132486295580e-01
9.059718569546058031e-01
5.757466127711038384e-01
9.739078260110172192e-01
8.712702993141641095e-01
5.534386702663729452e-01
6.971961821699994566e-01
7.044474278629792030e-01
8.532309742160275601e-01
4.866076340871704486e-01
5.519972016122707270e-01
2.118169416300757502e-01
2.397594784489110731e-01
4.121120421745186890e-01
5.024858098123167194e-01
7.536762539793541160e-01
1.839093486325887039e-01
3.860430707607139800e-01
3.593720367759531409e-01
5.842986614934307932e-01
5.911054930074600700e-01
4.728752350030184237e-01
8.347674376517184580e-01
3.072437740020101393e-01
1.857523485297266075e-02
6.474459124069975591e-01
3.242927910860246010e-01
2.135437184649489062e-01
8.221484494315887959e-02
1.976491121421386776e-01
1.427358986158654974e-01
2.036748807525608496e-01
8.184417053868056624e-02
2.376057697787555545e-01
6.812415146310148995e-01
2.637704028377975130e-01
1.887269895782001106e-02
9.128693314033133888e-01
3.315062000463145364e-01
5.478093247771667618e-02
2.404633130772750316e-01
5.622318607650736988e-01
2.872353118312950815e-01
2.015112205595298578e-01
1.996737185276291626e-01
7.630355722702228949e-01
1.799095664419401441e-01
2.012038633307005331e-01
2.294005513495183946e-01
2.213325866065253278e-01
2.955867516268381734e-01
6.007509525012655338e-02
2.975202690920699111e-01
7.086392996874977257e-01
5.602397531033035394e-01
3.045714747274819167e-01
6.726362661663367604e-01
3.489294431081098602e-01
6.200774816407924606e-01
1.792308630580564666e-01
1.495314984892399390e-01
5.893557451270101666e-01
5.722286952629390688e-01
2.835138386401963029e-01
3.156744181733748267e-01
5.378357438084824249e-01
5.373167698083558541e-01
3.845365833178543968e-01
8.573871918545459270e-01
7.439935062364656515e-01
