1.005240339932851196e-01
3.422973903091879877e-01
2.091588918769546890e-01
1.006168933163670148e-01
3.864939143061045801e-01
7.211466956885062007e-01
3.938223268287695533e-01
7.986082477731479279e-02
2.232131158768290158e-01
6.409029769870773219e-01
3.211806645756256628e-01
8.465127808576011770e-02
1.081823221862709405e-01
7.456910014567781353e-01
5.217115531241283133e-01
9.967630232517567246e-02
3.551523194492623992e-01
5.066301749613639771e-01
7.069075199437975243e-01
5.390042904337855045e-01
6.810286052669616286e-01
3.787684298975456665e-01
6.326796348580041585e-01
3.245792664295226171e-01
5.872249238054298992e-01
5.814305190125501621e-01
6.280306664367651948e-01
3.849824782645733245e-01
5.702087145418015257e-02
2.992362101653166517e-01
7.183292575625719323e-01
2.033234222029428051e-01
2.032087441603066535e-01
4.904224494183408445e-01
3.151456207602254533e-01
7.640278208370541169e-01
6.127468069172875564e-01
7.822566407222594220e-01
5.839719163899917964e-01
6.340075689197472997e-01
3.434701696739531629e-01
7.856620179109283786e-01
3.976354676014782208e-01
7.246172439955800293e-01
9.917584438705509542e-02
4.903368957554644636e-01
5.177691509008535142e-01
3.590611219248119879e-01
2.985688193212533703e-02
9.625774452336563480e-02
6.280605103473278772e-02
1.056849249351573677e-01
3.327838909614583285e-01
3.283815446915193670e-01
5.814205819919230356e-01
2.116296198790255101e-01
3.347953071572659089e-01
6.162195761569470021e-01
6.809019133489930820e-01
3.771582134443458023e-01
2.930748387797468824e-02
1.967123857035085743e-01
3.756819268583879157e-01
1.049750312826005089e-01
1.027070286682228301e-01
3.507059942950522258e-01
2.062584226263265430e-01
1.001420138655999270e-01
3.818264306085432103e-01
7.229062254632310225e-01
3.893805264977576175e-01
8.227434873776545698e-02
2.174273209866716128e-01
6.374516637152745080e-01
3.227447279655449308e-01
1.069245961953516344e-01
7.547453398361707588e-01
5.430194053522654496e-01
3.652134382859728579e-01
5.122285039170827448e-01
7.115451733319245742e-01
6.827949221586825379e-01
3.880657221987187100e-01
6.303404939540809826e-01
5.843246792115033283e-01
5.827032334465510610e-01
5.989609060531546347e-02
3.049737166771930297e-01
1.999800035337142567e-01
4.903798767198964681e-01
6.144877976483467119e-01
7.841702847841371948e-01
3.358252603025364547e-01
9.787358970621440335e-02
2.957861013788626314e-02
3.338007016941451077e-01
1.824642189588757679e-01
8.199908229554869754e-01
8.165577097606561141e-01
1.785119876580415488e-01
1.516393517078646336e-01
2.482832422985341569e-01
2.454761914251449850e-01
2.893484576528417285e-01
6.278349934853220127e-01
5.551025211100163448e-01
6.360328882333848854e-01
2.458218205557044511e-01
5.033819686750583555e-01
7.487476821797621751e-01
5.742156606550573583e-01
2.653287986256691600e-01
5.667754742485447972e-02
4.876768988112570868e-01
6.298923120007953180e-01
1.556051266763455732e-01
1.005240339932851196e-01
3.422973903091879877e-01
2.091588918769546890e-01
1.006168933163670148e-01
3.864939143061045801e-01
7.211466956885062007e-01
3.938223268287695533e-01
7.986082477731479279e-02
2.232131158768290158e-01
6.409029769870773219e-01
3.211806645756256628e-01
8.465127808576011770e-02
1.081823221862709405e-01
7.456910014567781353e-01
5.217115531241283133e-01
9.967630232517567246e-02
3.551523194492623992e-01
5.066301749613639771e-01
7.069075199437975243e-01
5.390042904337855045e-01
6.810286052669616286e-01
3.787684298975456665e-01
6.326796348580041585e-01
3.245792664295226171e-01
5.872249238054298992e-01
5.814305190125501621e-01
6.280306664367651948e-01
3.849824782645733245e-01
5.702087145418015257e-02
2.992362101653166517e-01
7.183292575625719323e-01
2.033234222029428051e-01
2.032087441603066535e-01
4.904224494183408445e-01
3.151456207602254533e-01
7.640278208370541169e-01
6.127468069172875564e-01
7.822566407222594220e-01
5.839719163899917964e-01
6.340075689197472997e-01
3.434701696739531629e-01
7.856620179109283786e-01
3.976354676014782208e-01
7.246172439955800293e-01
9.917584438705509542e-02
4.903368957554644636e-01
5.177691509008535142e-01
3.590611219248119879e-01
2.985688193212533703e-02
9.625774452336563480e-02
6.280605103473278772e-02
1.056849249351573677e-01
3.327838909614583285e-01
3.283815446915193670e-01
5.814205819919230356e-01
2.116296198790255101e-01
3.347953071572659089e-01
6.162195761569470021e-01
6.809019133489930820e-01
3.771582134443458023e-01
2.930748387797468824e-02
1.967123857035085743e-01
3.756819268583879157e-01
1.049750312826005089e-01
1.516393517078646336e-01
2.482832422985341569e-01
2.454761914251449850e-01
2.893480859837483377e-01
6.278349934853220127e-01
5.551001195770290941e-01
6.360328882333848854e-01
2.458218205557044511e-01
5.033819686750583555e-01
7.487476821797621751e-01
5.742155563012056874e-01
2.653287986256691600e-01
5.667754742485447972e-02
4.876768988112570868e-01
6.298923120007953180e-01
1.556051266763455732e-01
1.665773210884891886e-01
7.988623129814882429e-01
3.406536872994998522e-01
9.574058248510657065e-02
6.544209859847072153e-01
6.693631001767896826e-01
7.624208437544213179e-01
3.723428928349556966e-01
1.821088514589601637e-01
7.619727988080722270e-01
6.791607703279246566e-01
8.313450429480235826e-01
1.067243456760144649e-01
2.017008443920287331e-01
6.638578413428690705e-01
1.630267874767084568e-01
7.904859446102394105e-02
3.511558680059692072e-01
5.861489875117507076e-01
1.035678748356832768e-01
4.570576901315266394e-01
6.585229471193552175e-01
7.520860271306604172e-01
5.393418534654255136e-01
5.766885885215111696e-01
7.697348092253549767e-01
6.563925160535264425e-01
3.538605276959521095e-01
9.730469129723989807e-02
5.805328044041941915e-01
4.378593525263103636e-01
7.392500118332176462e-02
1.055177672446534348e-01
6.596151287926601547e-01
4.945115092907172993e-01
1.260318425958692201e-01
6.207041149024909998e-01
7.467384553079939868e-01
7.063276900571701100e-01
4.907160929085763179e-01
7.339253710968751676e-01
7.645105338068813872e-01
7.483871061742367603e-01
6.451542850981994981e-01
1.211679575233721023e-01
7.372135769952150586e-01
6.028338759354974208e-01
1.034656869508609189e-01
1.070564705130237076e-01
6.445785476329115582e-01
7.781375761511402089e-01
1.142940089495729783e-01
5.779986062538609026e-01
7.771319586077656272e-01
7.256168856740958795e-01
7.680111935993614303e-01
6.336109764544635148e-01
6.505674627198276827e-01
7.740527004696338143e-01
6.203353336229167070e-01
1.291879538501654046e-01
6.070391515272408611e-01
5.555681113795731818e-01
1.061672371168560225e-01
9.857485778679436761e-02
5.101621712310142609e-01
5.759930496304539460e-01
9.129371971706326527e-02
4.774322946195492801e-01
7.249489679279470522e-01
7.292486898849980248e-01
5.526383742991698433e-01
5.882410529013308853e-01
7.184579784756546239e-01
7.306361631615158059e-01
5.292354281696265428e-01
9.554451322770721178e-02
5.830915192269665592e-01
4.516802840938058949e-01
9.385652348270373535e-02
1.005240339932851196e-01
3.422973903091880432e-01
2.091588918769547167e-01
1.006168933163670148e-01
3.864939143061044691e-01
7.211466956885059787e-01
3.938223268287695533e-01
7.986082477731484830e-02
2.232131158768291268e-01
6.409029769870772109e-01
3.211806645756256628e-01
8.465127808576020096e-02
1.081823221862709405e-01
7.456910014567779132e-01
5.217115531241285353e-01
9.967630232517568634e-02
3.551523194492623992e-01
5.066301749613639771e-01
7.069075199437976353e-01
5.390042904337853935e-01
6.810286052669614065e-01
3.787684298975457220e-01
6.326796348580041585e-01
3.245792664295227281e-01
5.872249238054298992e-01
5.814305190125500511e-01
6.280306664367651948e-01
3.849824782645732690e-01
5.702087145418013869e-02
2.992362101653166517e-01
7.183292575625719323e-01
2.033234222029428051e-01
2.032087441603067091e-01
4.904224494183407890e-01
3.151456207602253978e-01
7.640278208370541169e-01
6.127468069172876675e-01
7.822566407222594220e-01
5.839719163899917964e-01
6.340075689197475217e-01
3.434701696739531629e-01
7.856620179109282676e-01
3.976354676014782208e-01
7.246172439955799183e-01
9.917584438705509542e-02
4.903368957554644636e-01
5.177691509008535142e-01
3.590611219248119323e-01
2.985688193212534397e-02
9.625774452336560705e-02
6.280605103473277384e-02
1.056849249351573677e-01
3.327838909614583285e-01
3.283815446915194225e-01
5.814205819919231466e-01
2.116296198790254546e-01
3.347953071572657979e-01
6.162195761569470021e-01
6.809019133489933040e-01
3.771582134443457468e-01
2.930748387797468477e-02
1.967123857035085743e-01
3.756819268583880267e-01
1.049750312826005089e-01
