4.791485848316130725e-02
1.840654434874965384e-01
1.893050845928274661e-01
5.663142578553388706e-02
2.621226732786904323e-01
5.425523636155261675e-01
5.827471174857447034e-01
1.378119536840064219e-01
7.646586875605237976e-02
8.399139030905407033e-01
3.556119298312192534e-01
1.310757146687636099e-01
3.309515001020863628e-02
3.559282022505635967e-01
4.241326099723539689e-01
5.529959449935946403e-02
1.879790782059859167e-01
7.765727140392937322e-01
7.442868242051512429e-01
4.485225198644109956e-01
7.829742232131506885e-01
3.684040585471461959e-01
6.833842606342388493e-01
3.562661865913612780e-01
5.114964826139036802e-01
7.010017411299971357e-01
6.765161886380224310e-01
5.814051364401638944e-01
4.668864109015082031e-02
3.802747271063523504e-01
7.737282974644297262e-01
1.798378112110932681e-01
1.850227234835920553e-01
4.129816091875674888e-01
3.972285265013865141e-01
3.462614372342444624e-01
8.141682750650992562e-01
9.230219387532743180e-01
7.003810622944688369e-01
8.550293518137241922e-01
4.320355025325466336e-01
9.318195567422788983e-01
3.908074602620845162e-01
5.515557243350048822e-01
1.653880802260769278e-01
4.147868730249083535e-01
7.897391244938527510e-01
1.953454738214694952e-01
1.086192428948746722e-02
1.669585776721416726e-01
4.564103413815502608e-02
3.289333251992664076e-02
6.489567040922239460e-02
4.184662690539879826e-01
5.147944924665401878e-01
6.851670487895800132e-02
7.150782820006373885e-02
8.141658638717453877e-01
7.924214235692035313e-01
2.444043635663081804e-01
1.073690269621163478e-02
1.814281985266589792e-01
1.871262684460823222e-01
5.087800391077319101e-02
4.936813519152292995e-02
1.897234503204449640e-01
1.845994590193966167e-01
5.595901948394699232e-02
2.532642144489259395e-01
5.471169683571519560e-01
5.820728059509731045e-01
1.344181048726740269e-01
7.249537213311252337e-02
8.474795392759824075e-01
3.558041287594762569e-01
3.299351175348493037e-02
3.511549556107467773e-01
4.461357495147033614e-01
1.875611344933515168e-01
7.831900096767968611e-01
7.579306789140142220e-01
7.908360877679364576e-01
3.794439990800983487e-01
6.799285718272244372e-01
5.131443930149706123e-01
7.006909094120344905e-01
4.616798316945873448e-02
3.867515571789922335e-01
1.832362166522756297e-01
4.138799337054834826e-01
8.141670662703333061e-01
9.276658811985598607e-01
4.251604187986780525e-01
1.664323713555530271e-01
1.079860047023354329e-02
6.823824715786319661e-02
9.271615040328451407e-02
9.102866009693492133e-01
9.059360731288909063e-01
8.980462329343830152e-02
9.015898547569543842e-02
2.852563492406765544e-01
2.999673835879076433e-01
1.556712744932148285e-01
6.307667351564447689e-01
5.934032856422549740e-01
7.142237644804940722e-01
3.059815619236047057e-01
3.318292723540076095e-01
9.253986867320420640e-01
6.157096219885695998e-01
3.011862391793600491e-01
2.529197148046719024e-02
3.263029166458867314e-01
6.308696216946805269e-01
9.098946643984147375e-02
4.791485848316130725e-02
1.840654434874965384e-01
1.893050845928274661e-01
5.663142578553388706e-02
2.621226732786904323e-01
5.425523636155261675e-01
5.827471174857447034e-01
1.378119536840064219e-01
7.646586875605237976e-02
8.399139030905407033e-01
3.556119298312192534e-01
1.310757146687636099e-01
3.309515001020863628e-02
3.559282022505635967e-01
4.241326099723539689e-01
5.529959449935946403e-02
1.879790782059859167e-01
7.765727140392937322e-01
7.442868242051512429e-01
4.485225198644109956e-01
7.829742232131506885e-01
3.684040585471461959e-01
6.833842606342388493e-01
3.562661865913612780e-01
5.114964826139036802e-01
7.010017411299971357e-01
6.765161886380224310e-01
5.814051364401638944e-01
4.668864109015082031e-02
3.802747271063523504e-01
7.737282974644297262e-01
1.798378112110932681e-01
1.850227234835920553e-01
4.129816091875674888e-01
3.972285265013865141e-01
3.462614372342444624e-01
8.141682750650992562e-01
9.230219387532743180e-01
7.003810622944688369e-01
8.550293518137241922e-01
4.320355025325466336e-01
9.318195567422788983e-01
3.908074602620845162e-01
5.515557243350048822e-01
1.653880802260769278e-01
4.147868730249083535e-01
7.897391244938527510e-01
1.953454738214694952e-01
1.086192428948746722e-02
1.669585776721416726e-01
4.564103413815502608e-02
3.289333251992664076e-02
6.489567040922239460e-02
4.184662690539879826e-01
5.147944924665401878e-01
6.851670487895800132e-02
7.150782820006373885e-02
8.141658638717453877e-01
7.924214235692035313e-01
2.444043635663081804e-01
1.073690269621163478e-02
1.814281985266589792e-01
1.871262684460823222e-01
5.087800391077319101e-02
9.015898547569543842e-02
2.852563492406765544e-01
2.999673835879076433e-01
1.556708329112674316e-01
6.307667351564447689e-01
5.934007184091565357e-01
7.142237644804940722e-01
3.059815619236047057e-01
3.318292723540076095e-01
9.253986867320420640e-01
6.157095100939018462e-01
3.011862391793600491e-01
2.529197148046719024e-02
3.263029166458867314e-01
6.308696216946805269e-01
9.098946643984147375e-02
6.902859665580599047e-02
3.933950077231835873e-01
4.834276500990943859e-01
7.019210511781452666e-02
4.301459283759005991e-01
8.030784674999612571e-01
8.194653762231378646e-01
5.219712587678020377e-01
4.259140093452649101e-01
8.330707289849156316e-01
8.141297393419923978e-01
4.281978617708444013e-01
2.116442647523045228e-02
4.504342795575715375e-01
4.413177915413959429e-01
6.617941037175251173e-02
4.436823420153127029e-02
2.168084186440815131e-01
3.120195841607791287e-01
4.940950235857002881e-02
1.685542797839909568e-01
8.174005744112428085e-01
8.835160619468893639e-01
2.845010776453200663e-01
2.838660073363969971e-01
8.773142192402216821e-01
8.123910630187434201e-01
2.169564971111841434e-01
8.212814290380809901e-02
2.817342592583573779e-01
1.553032051127765101e-01
3.991912675398850974e-02
6.749879762318446164e-02
6.039228317455127559e-01
1.251063012590676315e-01
6.341087960491217923e-02
4.176090677976693755e-01
8.911448144223248491e-01
8.437829292385695679e-01
1.226176783059464981e-01
5.397754845571780535e-01
8.753470524881340475e-01
8.880565674296242440e-01
5.797706291255435573e-01
6.012483034256028980e-02
5.496224105053009179e-01
3.963925129404546333e-01
6.704269342162791356e-02
5.765560927070075004e-02
4.352789031365116301e-01
5.551784055640514026e-01
6.567972386523757145e-02
5.075390440266307479e-01
8.741761687827058758e-01
8.889125516166564989e-01
5.595743361005429684e-01
3.711982806695681703e-01
8.062316029235672143e-01
8.668310394184390866e-01
3.969273424016712681e-01
6.327010849403616466e-02
3.435243382690047476e-01
4.924249222693388717e-01
5.693899181827535849e-02
5.371455963235405306e-02
2.804343199721239799e-01
2.395318206011332052e-01
5.931703383204153801e-02
2.799101289850811636e-01
8.382683775234656132e-01
8.851969211796437698e-01
2.401347626208725217e-01
2.563081673186280440e-01
8.842454362130319767e-01
8.430436905179674589e-01
2.860178092165062136e-01
5.620217546910885598e-02
2.488997111694877251e-01
2.625430985823888896e-01
5.022530251260953760e-02
4.791485848316131418e-02
1.840654434874965384e-01
1.893050845928275494e-01
5.663142578553388706e-02
2.621226732786903768e-01
5.425523636155262786e-01
5.827471174857448144e-01
1.378119536840064774e-01
7.646586875605243527e-02
8.399139030905408143e-01
3.556119298312192534e-01
1.310757146687636376e-01
3.309515001020863628e-02
3.559282022505635412e-01
4.241326099723541354e-01
5.529959449935947097e-02
1.879790782059859167e-01
7.765727140392939543e-01
7.442868242051513539e-01
4.485225198644108291e-01
7.829742232131506885e-01
3.684040585471461959e-01
6.833842606342388493e-01
3.562661865913613335e-01
5.114964826139036802e-01
7.010017411299972467e-01
6.765161886380224310e-01
5.814051364401637834e-01
4.668864109015083419e-02
3.802747271063523504e-01
7.737282974644297262e-01
1.798378112110932681e-01
1.850227234835919998e-01
4.129816091875674333e-01
3.972285265013866251e-01
3.462614372342446289e-01
8.141682750650993672e-01
9.230219387532744291e-01
7.003810622944688369e-01
8.550293518137244142e-01
4.320355025325467446e-01
9.318195567422786763e-01
3.908074602620845162e-01
5.515557243350047711e-01
1.653880802260769278e-01
4.147868730249082425e-01
7.897391244938529731e-01
1.953454738214694952e-01
1.086192428948746722e-02
1.669585776721416448e-01
4.564103413815501220e-02
3.289333251992664076e-02
6.489567040922239460e-02
4.184662690539881491e-01
5.147944924665402988e-01
6.851670487895805683e-02
7.150782820006362783e-02
8.141658638717451657e-01
7.924214235692035313e-01
2.444043635663081526e-01
1.073690269621163651e-02
1.814281985266590347e-01
1.871262684460823777e-01
5.087800391077319795e-02
