5.399615582879678799e-01
7.983101181090714871e-01
7.154458797402665216e-01
5.933872419512800089e-01
8.765340984535004987e-01
1.880447821311436174e-01
3.065580280465294294e-01
7.100384306261839917e-01
5.902476080265309788e-01
3.067330169157059250e-01
1.099467802058893273e-01
6.906101493338094865e-01
5.869610755771819122e-01
5.404697289738851218e-01
7.299366841720649202e-01
5.831541135585690538e-01
7.158794327452626671e-01
2.299097040696075900e-01
1.794177368188504262e-01
7.872512420209449857e-01
1.955603098548179264e-01
6.622376489649917097e-02
9.314972467254617472e-02
1.253417985401313328e-01
1.977731318792856630e-01
8.459749548498064764e-02
9.121197133853209404e-02
3.048954239231574936e-01
5.399051586788453649e-01
1.891927864743566112e-01
1.891770304449932327e-01
7.189501645821019249e-01
5.753995455546074833e-01
9.921703618952762427e-02
1.922413064351839174e-01
5.350164464631910199e-01
2.620715622548003276e-01
6.510343548247007894e-02
8.358188720183282183e-02
3.084858622164672881e-01
2.845974203300474237e-01
6.211349013222425275e-02
7.141764380658613409e-02
1.862302167743380421e-01
9.445930310105479233e-01
1.029358257758403727e-01
2.265396574395548424e-01
8.046173278095603010e-01
5.673551699250706237e-01
9.543325824779225197e-01
5.379739510006000813e-01
5.754626437298820951e-01
5.843163228159162781e-01
2.792029878774440199e-01
1.992465259770791752e-01
5.890033188025650679e-01
5.590697721127317887e-01
2.647686394612503991e-01
1.754840541869891468e-01
8.709540847035572853e-01
5.486869799274952664e-01
5.874809520461572454e-01
7.417292576821838956e-01
5.674671360545091581e-01
5.534516877786285205e-01
8.014737829686174875e-01
7.171876539241768267e-01
5.882208067671576002e-01
8.737443107775999529e-01
1.871248174768623262e-01
3.057226115241869491e-01
7.002500829708891983e-01
5.896261028923931446e-01
3.076103570514692187e-01
1.174948330080844983e-01
5.811702961636485698e-01
5.377770119815719063e-01
7.773883631853074627e-01
7.285478757123171611e-01
2.282159550451338115e-01
1.814529864797243541e-01
1.811821296184623620e-01
6.878320274581832539e-02
9.217473889621821681e-02
1.985093399463063180e-01
8.408888579933028462e-02
5.389453535035703124e-01
1.883608217450680744e-01
5.814040984475938867e-01
1.010675578657811713e-01
2.634236781292893514e-01
6.362861049844606431e-02
2.818642390588319557e-01
9.509420035559829065e-01
5.578996746123827677e-01
5.715536913069202418e-01
7.785171538361461696e-01
2.231178854865965011e-01
2.076533041342146779e-01
7.800482735596716566e-01
6.690354652942344105e-01
4.261222273033378194e-01
3.659750680117371813e-01
7.386000640395300465e-01
5.017024785073265214e-01
9.795420236065305319e-02
1.618876477991758323e-01
3.721442438826013666e-01
3.579870760899711568e-01
1.188982333814201930e-01
1.013111919481375356e-01
4.288797006718225724e-01
6.677735382831480049e-01
3.635449556352771117e-01
4.924853600108110019e-01
6.905812140312873604e-01
5.399615582879678799e-01
7.983101181090714871e-01
7.154458797402665216e-01
5.933872419512800089e-01
8.765340984535004987e-01
1.880447821311436174e-01
3.065580280465294294e-01
7.100384306261839917e-01
5.902476080265309788e-01
3.067330169157059250e-01
1.099467802058893273e-01
6.906101493338094865e-01
5.869610755771819122e-01
5.404697289738851218e-01
7.299366841720649202e-01
5.831541135585690538e-01
7.158794327452626671e-01
2.299097040696075900e-01
1.794177368188504262e-01
7.872512420209449857e-01
1.955603098548179264e-01
6.622376489649917097e-02
9.314972467254617472e-02
1.253417985401313328e-01
1.977731318792856630e-01
8.459749548498064764e-02
9.121197133853209404e-02
3.048954239231574936e-01
5.399051586788453649e-01
1.891927864743566112e-01
1.891770304449932327e-01
7.189501645821019249e-01
5.753995455546074833e-01
9.921703618952762427e-02
1.922413064351839174e-01
5.350164464631910199e-01
2.620715622548003276e-01
6.510343548247007894e-02
8.358188720183282183e-02
3.084858622164672881e-01
2.845974203300474237e-01
6.211349013222425275e-02
7.141764380658613409e-02
1.862302167743380421e-01
9.445930310105479233e-01
1.029358257758403727e-01
2.265396574395548424e-01
8.046173278095603010e-01
5.673551699250706237e-01
9.543325824779225197e-01
5.379739510006000813e-01
5.754626437298820951e-01
5.843163228159162781e-01
2.792029878774440199e-01
1.992465259770791752e-01
5.890033188025650679e-01
5.590697721127317887e-01
2.647686394612503991e-01
1.754840541869891468e-01
8.709540847035572853e-01
5.486869799274952664e-01
5.874809520461572454e-01
7.417292576821838956e-01
5.674671360545091581e-01
6.690354652942344105e-01
4.261222273033378194e-01
3.659750680117371813e-01
7.385999273279755251e-01
5.017024785073265214e-01
9.795377858263140669e-02
1.618876477991758323e-01
3.721442438826013666e-01
3.579870760899711568e-01
1.188982333814201930e-01
1.013111735365653521e-01
4.288797006718225724e-01
6.677735382831480049e-01
3.635449556352771117e-01
4.924853600108110019e-01
6.905812140312873604e-01
7.274017077154710798e-01
3.244182740100713946e-01
5.086280552258275467e-01
6.607025765930484296e-01
3.719460126842837333e-01
1.354372714415641721e-01
1.339030450692117458e-01
5.685471018593635240e-01
6.580174140189836152e-01
8.404115138230369708e-02
1.300016212611575794e-01
3.337799910205898613e-01
6.105831966099080077e-01
6.970974417529192113e-01
3.658847909975586621e-01
7.263695852125346963e-01
6.445540058005793105e-01
4.114948505121867051e-01
7.141163346897934083e-01
6.849943979515412673e-01
4.154042949078859959e-01
1.303378094785277164e-01
9.876823246290183933e-02
6.907621486943844591e-01
6.211425621853210455e-01
1.084187415082812633e-01
1.187153303033927632e-01
4.070523690450225107e-01
7.100244300002997999e-01
6.391211809142554046e-01
4.032233181129707411e-01
6.412972696250865967e-01
7.134428908445442641e-01
4.061692679320447752e-01
7.777571988570439743e-01
6.650380954379444542e-01
4.029681239397917558e-01
1.488522001113868065e-01
9.506808373261182998e-02
8.109968602890416101e-01
3.973274532490309596e-01
1.574938418065132961e-01
1.506062523187844393e-01
3.570439459803758098e-01
7.328464560041939579e-01
4.512650559553741392e-01
3.390848584004890753e-01
7.176924076459505475e-01
7.102997188659686545e-01
5.001106968846467105e-01
5.472972066375185740e-01
7.025213425764000874e-01
3.752727177493175859e-01
1.437263395059600601e-01
1.398558458865056808e-01
5.869557975374228853e-01
7.110653884437065919e-01
1.191972619261553179e-01
1.360037068508986868e-01
4.385473696709070168e-01
7.067833451256044786e-01
7.211503345590641878e-01
3.306504745426712688e-01
7.152706957515683195e-01
6.790019439127568113e-01
5.733925332724607582e-01
7.095833557409454428e-01
6.887416160055090941e-01
6.177320033529187793e-01
1.296077542522691139e-01
1.106876551177890522e-01
6.924870335770814123e-01
6.716735422444188863e-01
1.233567378279708804e-01
1.192842396017196049e-01
6.014151975788257776e-01
6.891144367495032341e-01
6.895288915328696699e-01
5.842074956922922446e-01
6.790885711676085679e-01
5.399615582879679909e-01
7.983101181090715981e-01
7.154458797402667436e-01
5.933872419512801200e-01
8.765340984535004987e-01
1.880447821311436729e-01
3.065580280465294849e-01
7.100384306261841028e-01
5.902476080265309788e-01
3.067330169157058695e-01
1.099467802058893551e-01
6.906101493338095976e-01
5.869610755771819122e-01
5.404697289738850108e-01
7.299366841720653643e-01
5.831541135585690538e-01
7.158794327452626671e-01
2.299097040696077010e-01
1.794177368188503985e-01
7.872512420209449857e-01
1.955603098548178709e-01
6.622376489649918485e-02
9.314972467254618860e-02
1.253417985401313606e-01
1.977731318792856907e-01
8.459749548498063376e-02
9.121197133853209404e-02
3.048954239231574936e-01
5.399051586788452539e-01
1.891927864743565835e-01
1.891770304449932327e-01
7.189501645821019249e-01
5.753995455546077054e-01
9.921703618952759651e-02
1.922413064351839451e-01
5.350164464631910199e-01
2.620715622548002721e-01
6.510343548247007894e-02
8.358188720183282183e-02
3.084858622164673436e-01
2.845974203300474237e-01
6.211349013222424581e-02
7.141764380658613409e-02
1.862302167743380421e-01
9.445930310105481453e-01
1.029358257758404005e-01
2.265396574395548979e-01
8.046173278095603010e-01
5.673551699250706237e-01
9.543325824779222977e-01
5.379739510006000813e-01
5.754626437298820951e-01
5.843163228159161671e-01
2.792029878774440754e-01
1.992465259770792030e-01
5.890033188025651789e-01
5.590697721127318998e-01
2.647686394612503991e-01
1.754840541869892023e-01
8.709540847035571742e-01
5.486869799274951554e-01
5.874809520461570234e-01
7.417292576821841177e-01
5.674671360545090470e-01
