5.808569223415272625e-02
4.698860564501022297e-01
1.004891067320821674e-01
6.896311915150095395e-02
5.357055956104938010e-01
6.641494985867513190e-01
8.976694178303544769e-01
4.824929379959385090e-01
2.295640712560164109e-01
5.918049464773194046e-01
2.203149896200478075e-01
4.715039559667665858e-01
9.124724332443809316e-02
3.333143336229476561e-01
1.481806776600162467e-01
6.756665844058384884e-02
1.544282545793961847e-01
5.808533400676652025e-01
4.959876244535794121e-01
1.531718891431574359e-01
3.428225882461280460e-01
2.863532313520767980e-01
6.741665483763431554e-01
2.344089177964164827e-01
9.077777697833175896e-01
4.638631999578357035e-01
6.609314650415601955e-01
8.855446417646546386e-01
1.343508648649228143e-01
6.217546972874800071e-01
5.124164559794596174e-01
9.827670462937770912e-02
2.756477438906274613e-01
1.000000000000000000e+00
6.517629914414745373e-01
3.306916041955484942e-01
2.258191822188654330e-01
5.508592299707543161e-01
4.603434538906561735e-01
5.876568402698141291e-01
5.280423331655179631e-01
5.469609130521579932e-01
2.928904698130753159e-01
6.433002388866599919e-01
4.449322475813895506e-01
1.000000000000000222e+00
5.735979150204197907e-01
4.823851035986765901e-01
4.185710329519136408e-02
4.501774766485983070e-01
1.338499552547084970e-01
8.892367565071419844e-02
1.924940058783189967e-01
5.154541770191648498e-01
9.039117164342751476e-01
2.262783715688327923e-01
2.007628554517597586e-01
2.264064527442595232e-01
3.247524148435524949e-01
5.263042785060383366e-01
4.025998311516641726e-02
2.756510866460821219e-01
1.611325382412565621e-01
6.092285472845865996e-02
5.947718052642159137e-02
4.761555160240704687e-01
9.938945158392892276e-02
6.825808316707356049e-02
5.310053063691797526e-01
6.535791535065491598e-01
8.915770245103827873e-01
4.769564741749448000e-01
2.279229100328155067e-01
5.897287221455584927e-01
2.272325787378010054e-01
9.007706046562405366e-02
3.320192846168585343e-01
1.523837393464499979e-01
1.577138797398174030e-01
5.772068418304222570e-01
5.023796804474820465e-01
3.313092108905788535e-01
2.895746494553387285e-01
6.675072807732794766e-01
9.058460261531784408e-01
4.621005351878627598e-01
1.341019140961139944e-01
6.352703926373055587e-01
2.756494052660599103e-01
9.999999999999998890e-01
2.261135964084576289e-01
5.490636083769083742e-01
5.216643290064809646e-01
4.482513605320214145e-01
4.104815704073465354e-02
1.966740731417583321e-01
1.932817663218762139e-01
8.140393310338952526e-01
8.003573670915488103e-01
1.896818413159422345e-01
1.166833641901831448e-01
9.720076267796569081e-01
3.024256650024909066e-01
1.417701780455921656e-01
2.315276271999850977e-01
4.676464965732607393e-01
7.614944955866906895e-01
3.114599558169076632e-01
8.435137998249310209e-01
5.249771020699179891e-01
4.739228357050025986e-01
9.590938549772616284e-01
1.127914922585463581e-01
8.403604207044418350e-01
2.379821012706371253e-01
1.195977369696292619e-01
5.808569223415272625e-02
4.698860564501022297e-01
1.004891067320821674e-01
6.896311915150095395e-02
5.357055956104938010e-01
6.641494985867513190e-01
8.976694178303544769e-01
4.824929379959385090e-01
2.295640712560164109e-01
5.918049464773194046e-01
2.203149896200478075e-01
4.715039559667665858e-01
9.124724332443809316e-02
3.333143336229476561e-01
1.481806776600162467e-01
6.756665844058384884e-02
1.544282545793961847e-01
5.808533400676652025e-01
4.959876244535794121e-01
1.531718891431574359e-01
3.428225882461280460e-01
2.863532313520767980e-01
6.741665483763431554e-01
2.344089177964164827e-01
9.077777697833175896e-01
4.638631999578357035e-01
6.609314650415601955e-01
8.855446417646546386e-01
1.343508648649228143e-01
6.217546972874800071e-01
5.124164559794596174e-01
9.827670462937770912e-02
2.756477438906274613e-01
1.000000000000000000e+00
6.517629914414745373e-01
3.306916041955484942e-01
2.258191822188654330e-01
5.508592299707543161e-01
4.603434538906561735e-01
5.876568402698141291e-01
5.280423331655179631e-01
5.469609130521579932e-01
2.928904698130753159e-01
6.433002388866599919e-01
4.449322475813895506e-01
1.000000000000000222e+00
5.735979150204197907e-01
4.823851035986765901e-01
4.185710329519136408e-02
4.501774766485983070e-01
1.338499552547084970e-01
8.892367565071419844e-02
1.924940058783189967e-01
5.154541770191648498e-01
9.039117164342751476e-01
2.262783715688327923e-01
2.007628554517597586e-01
2.264064527442595232e-01
3.247524148435524949e-01
5.263042785060383366e-01
4.025998311516641726e-02
2.756510866460821219e-01
1.611325382412565621e-01
6.092285472845865996e-02
1.166833641901831448e-01
9.720076267796569081e-01
3.024256650024909066e-01
1.417697291934038595e-01
2.315276271999850977e-01
4.676444734001617975e-01
7.614944955866906895e-01
3.114599558169076632e-01
8.435137998249310209e-01
5.249771020699179891e-01
4.739227495776525134e-01
9.590938549772616284e-01
1.127914922585463581e-01
8.403604207044418350e-01
2.379821012706371253e-01
1.195977369696292619e-01
1.540366564630245849e-01
4.942257549696640329e-01
4.283550498920183358e-01
1.618530428532359844e-01
8.185487772224844250e-01
6.400370985985206485e-01
7.189762749055241819e-01
4.768074703000693138e-01
2.939405849770848622e-01
8.049330144062252224e-01
6.367423802256518828e-01
5.022111300732081673e-01
8.022488528887708470e-02
3.240275362776319223e-01
8.112685601564024740e-01
1.517769469640975200e-01
9.752486171375115975e-02
3.802316676404331464e-01
6.087426538299589573e-01
9.221976874851653405e-02
4.108072443454551248e-01
7.341042251090971194e-01
6.588284330246381160e-01
5.808944613076552077e-01
5.270798260902707089e-01
6.781580357157075412e-01
7.177438493738795833e-01
3.618842777164938962e-01
1.212881442932955411e-01
5.329621834165685357e-01
3.853611645324896973e-01
9.350774643423345744e-02
1.382562395668310851e-01
7.929052537211895846e-01
3.477297870906919108e-01
1.109478254048188450e-01
4.337339455644215747e-01
7.373252316902914050e-01
7.601461077756501705e-01
3.392734015193989983e-01
7.151799806021621464e-01
7.294552302842323144e-01
7.226625405839847138e-01
7.810071684049688656e-01
1.440216224170496884e-01
7.376154479711656275e-01
3.756164304953468758e-01
1.377696585201300394e-01
1.229097363691326467e-01
5.516059263926207379e-01
7.644144767061482604e-01
1.363383668028616269e-01
8.636968878742568023e-01
6.972963648356462762e-01
7.294566212170555675e-01
7.753944645927086654e-01
3.807424850466216704e-01
7.642097343551499389e-01
6.812453046834010539e-01
4.872987853001262692e-01
1.183662629215904150e-01
3.652667631863786291e-01
8.409972698266772184e-01
1.236970361670487184e-01
1.167729818338174019e-01
4.661240120760348216e-01
5.094883090351571830e-01
1.159261596600482391e-01
4.749282132850425331e-01
7.310741220094947312e-01
7.211941982305877241e-01
4.986459700772867265e-01
5.297266133934397381e-01
7.163366779071718149e-01
7.225520998103996950e-01
4.709051040437726154e-01
1.106885110383848125e-01
5.397495271588466093e-01
4.310043228739592891e-01
1.131489835541026334e-01
5.808569223415273319e-02
4.698860564501021742e-01
1.004891067320821951e-01
6.896311915150095395e-02
5.357055956104938010e-01
6.641494985867513190e-01
8.976694178303545879e-01
4.824929379959386200e-01
2.295640712560164109e-01
5.918049464773195156e-01
2.203149896200478353e-01
4.715039559667666413e-01
9.124724332443809316e-02
3.333143336229476006e-01
1.481806776600163023e-01
6.756665844058384884e-02
1.544282545793961847e-01
5.808533400676654246e-01
4.959876244535794676e-01
1.531718891431574914e-01
3.428225882461279905e-01
2.863532313520767980e-01
6.741665483763432665e-01
2.344089177964165105e-01
9.077777697833178117e-01
4.638631999578356480e-01
6.609314650415601955e-01
8.855446417646545276e-01
1.343508648649228143e-01
6.217546972874800071e-01
5.124164559794595064e-01
9.827670462937770912e-02
2.756477438906274613e-01
9.999999999999998890e-01
6.517629914414746484e-01
3.306916041955485497e-01
2.258191822188653775e-01
5.508592299707544271e-01
4.603434538906562290e-01
5.876568402698143512e-01
5.280423331655179631e-01
5.469609130521578821e-01
2.928904698130753159e-01
6.433002388866599919e-01
4.449322475813896616e-01
9.999999999999998890e-01
5.735979150204197907e-01
4.823851035986766456e-01
4.185710329519136408e-02
4.501774766485981960e-01
1.338499552547084970e-01
8.892367565071419844e-02
1.924940058783189967e-01
5.154541770191649608e-01
9.039117164342752586e-01
2.262783715688328479e-01
2.007628554517596475e-01
2.264064527442595232e-01
3.247524148435525504e-01
5.263042785060382256e-01
4.025998311516641032e-02
2.756510866460821219e-01
1.611325382412565621e-01
6.092285472845865996e-02
