5.440951264054409986e-01
8.715241004412432879e-01
7.347281482605289016e-01
6.095060686439264241e-01
8.872817851080673224e-01
3.762295307050584903e-01
1.680522278279012183e-01
9.137178962899596968e-01
6.447393475466141055e-01
1.067513104434320570e-01
8.826414707818092120e-02
8.958171235777609986e-01
6.775474748123336832e-01
7.546633485340097369e-01
8.643707871481909333e-01
5.987112770094984437e-01
7.586319847688660634e-01
2.778831079313939800e-01
1.310745345601177503e-01
9.186595147556688712e-01
2.397105057927536031e-01
2.752288037231200024e-02
4.017107348668516598e-02
1.023295365535675239e-01
8.757349161211550048e-02
3.351786301023088749e-02
4.115101063911401347e-02
1.704102701685853150e-01
7.570651198795653736e-01
7.543647773000825008e-02
1.363339820560959259e-01
7.205628344976602317e-01
3.751404767240120175e-01
1.206580889193881734e-01
6.564822276872098183e-02
7.610398810635337075e-01
2.010872528870868425e-01
2.423984473222313279e-02
3.375225243884676790e-02
1.075343907907675978e-01
1.120097754691601610e-01
2.164765137866127287e-02
2.926640129193306544e-02
3.691179387976381565e-01
9.547856919496993111e-01
1.131835014123095118e-01
2.807980690413324210e-01
8.832045565524015984e-01
7.108452800194455801e-01
9.655476378991258990e-01
7.631494342203987147e-01
6.654926350382265321e-01
7.866778252441701813e-01
1.131143167719491638e-01
9.186657751088650459e-02
6.300443261356465374e-01
7.879866659455649902e-01
2.053558237647024054e-01
2.088625844885738103e-01
8.661879300654256042e-01
6.914292537290082086e-01
3.733743373078817762e-01
7.801832915137396629e-01
5.603199030827779037e-01
5.520525792607151594e-01
8.773829588425231529e-01
7.276874027353354979e-01
6.040560645821084762e-01
8.767356862143518281e-01
3.726240319193785955e-01
1.692370844658093731e-01
9.046991372979233947e-01
6.373993890568409038e-01
1.071432605019720929e-01
9.513940229169209895e-02
6.714764801824236740e-01
7.578119471002155993e-01
9.142459413099458532e-01
7.691938164651793697e-01
2.793481358904461587e-01
1.307289071750042941e-01
2.204772116602271570e-01
2.838205200684730534e-02
4.066413148769205954e-02
8.971860979592044538e-02
3.363524363382977556e-02
7.600890082257627522e-01
6.803617159179925489e-02
3.742626917121460450e-01
1.169386297023857213e-01
2.032271999494856818e-01
2.295242021104910296e-02
1.125694101719007245e-01
9.616614763015390865e-01
7.010110033378765815e-01
7.873394701465675771e-01
8.518894544346018449e-01
1.520967410581615109e-01
1.379257369783911669e-01
8.464626795869216735e-01
6.871961844368341676e-01
5.154170288122508214e-01
3.768821479089011772e-01
8.405163301578747470e-01
5.774686612381538797e-01
6.152480870897539256e-02
7.635422747619523276e-02
3.724527328556238581e-01
2.688806111448788227e-01
4.132649715786293476e-02
6.312091633099117804e-02
5.135797264211614532e-01
8.035952180548138202e-01
2.603934101589836514e-01
5.681498192249223589e-01
7.015161453452685159e-01
5.440951264054409986e-01
8.715241004412432879e-01
7.347281482605289016e-01
6.095060686439264241e-01
8.872817851080673224e-01
3.762295307050584903e-01
1.680522278279012183e-01
9.137178962899596968e-01
6.447393475466141055e-01
1.067513104434320570e-01
8.826414707818092120e-02
8.958171235777609986e-01
6.775474748123336832e-01
7.546633485340097369e-01
8.643707871481909333e-01
5.987112770094984437e-01
7.586319847688660634e-01
2.778831079313939800e-01
1.310745345601177503e-01
9.186595147556688712e-01
2.397105057927536031e-01
2.752288037231200024e-02
4.017107348668516598e-02
1.023295365535675239e-01
8.757349161211550048e-02
3.351786301023088749e-02
4.115101063911401347e-02
1.704102701685853150e-01
7.570651198795653736e-01
7.543647773000825008e-02
1.363339820560959259e-01
7.205628344976602317e-01
3.751404767240120175e-01
1.206580889193881734e-01
6.564822276872098183e-02
7.610398810635337075e-01
2.010872528870868425e-01
2.423984473222313279e-02
3.375225243884676790e-02
1.075343907907675978e-01
1.120097754691601610e-01
2.164765137866127287e-02
2.926640129193306544e-02
3.691179387976381565e-01
9.547856919496993111e-01
1.131835014123095118e-01
2.807980690413324210e-01
8.832045565524015984e-01
7.108452800194455801e-01
9.655476378991258990e-01
7.631494342203987147e-01
6.654926350382265321e-01
7.866778252441701813e-01
1.131143167719491638e-01
9.186657751088650459e-02
6.300443261356465374e-01
7.879866659455649902e-01
2.053558237647024054e-01
2.088625844885738103e-01
8.661879300654256042e-01
6.914292537290082086e-01
3.733743373078817762e-01
7.801832915137396629e-01
5.603199030827779037e-01
6.871961844368341676e-01
5.154170288122508214e-01
3.768821479089011772e-01
8.405162467482889532e-01
5.774686612381538797e-01
6.152454253497685599e-02
7.635422747619523276e-02
3.724527328556238581e-01
2.688806111448788227e-01
4.132649715786293476e-02
6.312090485984683808e-02
5.135797264211614532e-01
8.035952180548138202e-01
2.603934101589836514e-01
5.681498192249223589e-01
7.015161453452685159e-01
7.727992971639875419e-01
5.458542306467968341e-01
4.438413058709858028e-01
7.226974211848755658e-01
4.263899092945382385e-01
6.505043103867852450e-02
7.374924408617061777e-02
4.888488111467734765e-01
2.804485830910818933e-01
6.147484115824997097e-02
5.828529350391545294e-02
5.601899737022320025e-01
7.868992494915383329e-01
3.145025835280650384e-01
4.159220336204956237e-01
7.611929553387615233e-01
6.973199976100425967e-01
4.896138004790833165e-01
4.773887487182686407e-01
8.185574014281321586e-01
4.180881586608948819e-01
7.772333649316842674e-02
6.917198123544296418e-02
4.413352013158453602e-01
3.455072775646699235e-01
6.721474240294372793e-02
7.086732745744239725e-02
4.670054967642693899e-01
8.689312838313950627e-01
3.450758025173281673e-01
3.788530295031560247e-01
6.886782429285537299e-01
7.921962685063241860e-01
4.360149426041868281e-01
4.631348058882469587e-01
7.766389031747132909e-01
4.627876625881306438e-01
7.909920016493193762e-02
6.997756403528973546e-02
4.555893916943443145e-01
1.870039335491351373e-01
1.142939973450140811e-01
8.054504591706883321e-02
3.881223988964976890e-01
8.203154875111843269e-01
2.307584773624784535e-01
3.972451360551119137e-01
7.883643922512824087e-01
7.851638124615175629e-01
4.465806815755728465e-01
3.390202443344709771e-01
8.109509162812273964e-01
4.325828853817319519e-01
7.184181000330869260e-02
9.812279996187506237e-02
3.272360626986623444e-01
5.474968786141167776e-01
8.924690973079060785e-02
6.315090304890583206e-02
3.960713300419627103e-01
7.901915191639323766e-01
5.452716833813417985e-01
3.593033134110115157e-01
7.848464953114320242e-01
7.410052091111778427e-01
4.697296877127274950e-01
5.531738835106958518e-01
8.273338571758177551e-01
5.684844851677810507e-01
7.359899789611179521e-02
6.565306677484247788e-02
5.372044016817416612e-01
5.730788412006448951e-01
7.861440186496002069e-02
6.973378617954112402e-02
4.737648162145406960e-01
8.062937934511986704e-01
5.905087427865998162e-01
5.107877882753757426e-01
7.315674019081215285e-01
5.440951264054411096e-01
8.715241004412431769e-01
7.347281482605290126e-01
6.095060686439264241e-01
8.872817851080671003e-01
3.762295307050585458e-01
1.680522278279012460e-01
9.137178962899598078e-01
6.447393475466141055e-01
1.067513104434320015e-01
8.826414707818089345e-02
8.958171235777608876e-01
6.775474748123335722e-01
7.546633485340097369e-01
8.643707871481911553e-01
5.987112770094985548e-01
7.586319847688658413e-01
2.778831079313939800e-01
1.310745345601177225e-01
9.186595147556688712e-01
2.397105057927535476e-01
2.752288037231201412e-02
4.017107348668517292e-02
1.023295365535675516e-01
8.757349161211550048e-02
3.351786301023088055e-02
4.115101063911400653e-02
1.704102701685852872e-01
7.570651198795653736e-01
7.543647773000822232e-02
1.363339820560959259e-01
7.205628344976602317e-01
3.751404767240119065e-01
1.206580889193881456e-01
6.564822276872098183e-02
7.610398810635337075e-01
2.010872528870868980e-01
2.423984473222313973e-02
3.375225243884677484e-02
1.075343907907676533e-01
1.120097754691601610e-01
2.164765137866127981e-02
2.926640129193307932e-02
3.691179387976382120e-01
9.547856919496993111e-01
1.131835014123095118e-01
2.807980690413324765e-01
8.832045565524018205e-01
7.108452800194455801e-01
9.655476378991254549e-01
7.631494342203988257e-01
6.654926350382265321e-01
7.866778252441702923e-01
1.131143167719491638e-01
9.186657751088650459e-02
6.300443261356465374e-01
7.879866659455651012e-01
2.053558237647024054e-01
2.088625844885738658e-01
8.661879300654254932e-01
6.914292537290080976e-01
3.733743373078817762e-01
7.801832915137398849e-01
5.603199030827779037e-01
