1.138065485697725421e-01
3.294737064185489506e-01
2.539549826860681980e-01
8.211989904447727917e-02
2.956737160178246060e-01
5.722002448250598228e-01
7.017952637718546383e-01
2.022765470299754120e-01
1.659424219852238536e-01
9.271525871144215003e-01
2.816548196600436316e-01
1.868103134615842764e-01
6.024451816248325292e-02
5.076187949924504395e-01
2.571978079159436548e-01
8.116747889431309704e-02
2.114008952547335451e-01
6.640500394407324869e-01
7.126698783630782685e-01
3.003944578226109274e-01
6.292901712488725430e-01
3.346881499408817517e-01
6.713869867036108552e-01
3.026010356485385744e-01
5.876270923368567267e-01
5.082383666320489102e-01
6.474787844288151240e-01
6.769407139825177611e-01
1.430377260132952300e-01
3.567291022030836256e-01
7.840278673906426743e-01
2.340854451546641735e-01
2.972478687317243184e-01
4.842675275508215305e-01
3.819490549178586880e-01
4.756101181613738293e-01
6.387454795311554578e-01
7.816588479852567550e-01
4.978620188628944399e-01
9.433220165812490343e-01
4.604673758329878019e-01
7.692422178017633838e-01
3.329539788042309434e-01
5.484265787917992352e-01
3.498827483444017505e-01
4.739412420353263933e-01
6.596540854877637194e-01
3.113908661596430649e-01
3.954494274439965956e-02
3.776390517433143579e-01
1.179918096798076715e-01
6.128682331928711480e-02
1.712944761694750184e-01
4.495474470343977513e-01
5.703892778552452913e-01
1.679296349539148858e-01
1.567721029450871439e-01
6.501433179709575905e-01
6.324383261857289273e-01
2.693910654681984651e-01
3.859494537807151016e-02
2.890149465768455106e-01
1.905116433044365953e-01
1.132415649705309640e-01
1.135294519758177217e-01
3.204034441307016534e-01
2.440790025416254561e-01
8.163904736500646186e-02
2.825334232015044855e-01
5.601472579368997895e-01
6.893064811100595435e-01
1.944843564184042806e-01
1.669350071807543801e-01
9.352457653529577808e-01
2.920290099822998031e-01
6.076943837115126451e-02
4.918135789898901433e-01
2.837283313307353838e-01
2.011635223671982831e-01
6.618406804802139387e-01
7.468626480349714880e-01
6.320494140391982318e-01
3.338335856891582187e-01
6.593575107397067203e-01
5.790139058864886001e-01
5.030419626004560829e-01
1.305899709700720224e-01
3.671592287924174691e-01
2.931560424549256028e-01
4.791290235462013491e-01
6.444595162863741011e-01
7.756738483308527332e-01
4.549346075320502836e-01
3.642996745213220589e-01
3.906376617369043680e-02
1.639531288195735792e-01
1.788403127172313312e-01
8.356425199499067924e-01
8.139800644739408897e-01
1.691167962618631559e-01
1.566742110816907729e-01
4.653325098682059568e-01
3.427574315933646920e-01
1.806734502039662460e-01
5.094261114872864482e-01
5.411753057661879973e-01
6.624138099064912355e-01
3.657829569312195384e-01
4.815766622559128907e-01
7.451230694553786504e-01
5.409147441393169498e-01
4.300622571259313798e-01
8.843309100356554209e-02
4.722269834567164315e-01
5.059561947088351275e-01
1.520608753609293817e-01
1.138065485697725421e-01
3.294737064185489506e-01
2.539549826860681980e-01
8.211989904447727917e-02
2.956737160178246060e-01
5.722002448250598228e-01
7.017952637718546383e-01
2.022765470299754120e-01
1.659424219852238536e-01
9.271525871144215003e-01
2.816548196600436316e-01
1.868103134615842764e-01
6.024451816248325292e-02
5.076187949924504395e-01
2.571978079159436548e-01
8.116747889431309704e-02
2.114008952547335451e-01
6.640500394407324869e-01
7.126698783630782685e-01
3.003944578226109274e-01
6.292901712488725430e-01
3.346881499408817517e-01
6.713869867036108552e-01
3.026010356485385744e-01
5.876270923368567267e-01
5.082383666320489102e-01
6.474787844288151240e-01
6.769407139825177611e-01
1.430377260132952300e-01
3.567291022030836256e-01
7.840278673906426743e-01
2.340854451546641735e-01
2.972478687317243184e-01
4.842675275508215305e-01
3.819490549178586880e-01
4.756101181613738293e-01
6.387454795311554578e-01
7.816588479852567550e-01
4.978620188628944399e-01
9.433220165812490343e-01
4.604673758329878019e-01
7.692422178017633838e-01
3.329539788042309434e-01
5.484265787917992352e-01
3.498827483444017505e-01
4.739412420353263933e-01
6.596540854877637194e-01
3.113908661596430649e-01
3.954494274439965956e-02
3.776390517433143579e-01
1.179918096798076715e-01
6.128682331928711480e-02
1.712944761694750184e-01
4.495474470343977513e-01
5.703892778552452913e-01
1.679296349539148858e-01
1.567721029450871439e-01
6.501433179709575905e-01
6.324383261857289273e-01
2.693910654681984651e-01
3.859494537807151016e-02
2.890149465768455106e-01
1.905116433044365953e-01
1.132415649705309640e-01
1.566742110816907729e-01
4.653325098682059568e-01
3.427574315933646920e-01
1.806730216980982351e-01
5.094261114872864482e-01
5.411729644863356725e-01
6.624138099064912355e-01
3.657829569312195384e-01
4.815766622559128907e-01
7.451230694553786504e-01
5.409146458373359501e-01
4.300622571259313798e-01
8.843309100356554209e-02
4.722269834567164315e-01
5.059561947088351275e-01
1.520608753609293817e-01
1.370404161201481397e-01
6.861529566142008374e-01
4.750281021436100204e-01
1.064414725517609378e-01
5.454883766308875614e-01
6.407318785330579081e-01
7.986897648403028516e-01
5.192208391032979709e-01
5.196627550383658978e-01
7.512153119376832056e-01
6.318881890843520699e-01
6.557410187761867348e-01
6.995801010505672823e-02
5.617001329191098069e-01
4.806609657764699950e-01
1.313955438076306326e-01
9.139742441880835400e-02
4.063226399719792603e-01
4.690669269104881245e-01
9.457233224418051809e-02
4.822546634828097645e-01
7.162567467753691020e-01
7.400126421897907925e-01
4.309222291967687024e-01
3.203203506874856554e-01
7.866825587467634051e-01
6.853229668588054491e-01
3.671943149320506805e-01
1.292346371734151567e-01
2.983253063430177932e-01
4.430404240130128013e-01
8.370170288343056764e-02
1.159719008797528289e-01
5.785612636578654211e-01
5.598298528990297562e-01
1.122120132771453893e-01
6.854160142555958402e-01
8.151216459264648551e-01
6.564834877622837128e-01
5.403140288668351054e-01
5.520022571326275163e-01
7.819647586683283746e-01
7.899356569694417907e-01
5.188358408851310166e-01
1.258415738911419224e-01
5.862576345583552229e-01
5.840239401195499447e-01
1.132538660715780576e-01
1.147769060209580666e-01
7.111079944068858794e-01
5.935420345448805257e-01
1.204435582619957090e-01
6.502450834485968834e-01
7.685383993819182580e-01
7.842522289770165189e-01
6.278690222470149074e-01
5.521231287797938592e-01
6.899746820185215235e-01
7.428290692025487640e-01
5.998533550788391899e-01
1.129593774460543321e-01
5.233035955973068809e-01
5.961607298355899864e-01
1.100837605529914609e-01
1.031949357725616689e-01
5.542463323771660288e-01
3.577044374554514405e-01
1.102844350630446113e-01
4.858707154017014584e-01
7.126458133221158509e-01
8.134153941913588870e-01
3.370436476847680218e-01
4.234344465974202443e-01
7.850823343828206013e-01
6.898795336611260876e-01
5.445781725010381269e-01
1.132968241143676169e-01
4.152315630070966268e-01
4.207584201234504384e-01
9.416042326606682833e-02
1.138065485697725560e-01
3.294737064185490061e-01
2.539549826860681980e-01
8.211989904447727917e-02
2.956737160178245505e-01
5.722002448250598228e-01
7.017952637718546383e-01
2.022765470299755231e-01
1.659424219852238536e-01
9.271525871144216113e-01
2.816548196600435761e-01
1.868103134615842487e-01
6.024451816248325292e-02
5.076187949924503284e-01
2.571978079159437103e-01
8.116747889431311092e-02
2.114008952547335451e-01
6.640500394407327089e-01
7.126698783630782685e-01
3.003944578226108719e-01
6.292901712488723209e-01
3.346881499408817517e-01
6.713869867036108552e-01
3.026010356485385744e-01
5.876270923368567267e-01
5.082383666320487992e-01
6.474787844288151240e-01
6.769407139825175390e-01
1.430377260132952022e-01
3.567291022030836256e-01
7.840278673906428963e-01
2.340854451546641180e-01
2.972478687317243184e-01
4.842675275508214749e-01
3.819490549178587990e-01
4.756101181613738849e-01
6.387454795311555689e-01
7.816588479852567550e-01
4.978620188628945509e-01
9.433220165812492564e-01
4.604673758329878019e-01
7.692422178017631618e-01
3.329539788042309989e-01
5.484265787917993462e-01
3.498827483444017505e-01
4.739412420353262823e-01
6.596540854877637194e-01
3.113908661596430094e-01
3.954494274439965956e-02
3.776390517433142469e-01
1.179918096798076577e-01
6.128682331928711480e-02
1.712944761694750184e-01
4.495474470343978068e-01
5.703892778552452913e-01
1.679296349539149413e-01
1.567721029450870329e-01
6.501433179709575905e-01
6.324383261857289273e-01
2.693910654681984651e-01
3.859494537807151016e-02
2.890149465768455106e-01
1.905116433044365953e-01
1.132415649705309640e-01
