5.581576721479100112e-01
9.033964285843920639e-01
7.644921883423621001e-01
5.637685899012399027e-01
9.425058995781377957e-01
3.397451856962383498e-01
2.091380432950205037e-01
7.804500386615781382e-01
7.436142568177537271e-01
3.846995404232416704e-01
1.488064827056550521e-01
7.691872069209859664e-01
5.821475181732088666e-01
4.704091503206958014e-01
5.691848414969304937e-01
5.590996043935909654e-01
7.438492817567432525e-01
2.374672500057109503e-01
2.468183642045306825e-01
6.556034289670726878e-01
2.802438453818381636e-01
2.034235046398110563e-02
4.599993473112079512e-02
1.690324196922847744e-01
8.262697916766757744e-02
5.574919771549671083e-02
4.269619244058543706e-02
2.135000581515992257e-01
7.838378626307195285e-01
1.890070108948715966e-01
2.709555325773358447e-01
7.825918674703324918e-01
3.674358847778090298e-01
9.542850548934472821e-02
1.722646901764001981e-01
4.379924849426233835e-01
2.905239843217418683e-01
8.107780823923751989e-02
5.558169757795235894e-02
3.873608200392449352e-01
1.429647898937081163e-01
7.577039170825607128e-02
2.364812314141985505e-02
3.263181328122665703e-01
9.733576162989501235e-01
1.071861603677412289e-01
2.247164455531618366e-01
9.185636674068247132e-01
6.943206644855407506e-01
9.779516100216039121e-01
7.817030064419568935e-01
5.736475852843475609e-01
4.018822440972950050e-01
1.613474062867391035e-01
8.372622364318155208e-02
7.975454798164305359e-01
3.801374417768867975e-01
3.008750722700795910e-01
2.329101707265188170e-01
9.450233672109153993e-01
6.723939293077594304e-01
3.930972471036816018e-01
7.835917657491322519e-01
5.857726585137755793e-01
5.717014611611884733e-01
9.110042397651675339e-01
7.734884758204223498e-01
5.614113429211221584e-01
9.437645345011203002e-01
3.329378177399994754e-01
2.113298454388157221e-01
7.747756040061938299e-01
7.705521514313357079e-01
3.860315732150655377e-01
1.587905378743540430e-01
5.778668269413178571e-01
4.544024780959408649e-01
6.265019591903474572e-01
7.633262179857209784e-01
2.310588334543878242e-01
2.561666507354634081e-01
2.532389951606316414e-01
2.197136797831900079e-02
4.433764795530473202e-02
8.317623659425370242e-02
5.566531479162100532e-02
7.827768446772780386e-01
1.785485904585340511e-01
3.801897812301437418e-01
1.012792788954181289e-01
2.957132574725841456e-01
7.845044490037175744e-02
1.522786562332751614e-01
9.771809114417703279e-01
6.832147060759152790e-01
3.908898157646464311e-01
8.030911774528468605e-01
1.983946606502460241e-01
1.738445223260700612e-01
8.136081861148369843e-01
6.853053256913475000e-01
4.940383386135887012e-01
5.391979109582908380e-01
6.886186733159560536e-01
5.100510012184229502e-01
8.317323799782541660e-02
9.188685522436970676e-02
5.507723609395328568e-01
1.820330329677642967e-01
1.242941717212610597e-01
8.003776066038512105e-02
5.048996423705371939e-01
7.635436083785077654e-01
2.197316735183308944e-01
4.953776892318304537e-01
7.119341519950803665e-01
5.581576721479100112e-01
9.033964285843920639e-01
7.644921883423621001e-01
5.637685899012399027e-01
9.425058995781377957e-01
3.397451856962383498e-01
2.091380432950205037e-01
7.804500386615781382e-01
7.436142568177537271e-01
3.846995404232416704e-01
1.488064827056550521e-01
7.691872069209859664e-01
5.821475181732088666e-01
4.704091503206958014e-01
5.691848414969304937e-01
5.590996043935909654e-01
7.438492817567432525e-01
2.374672500057109503e-01
2.468183642045306825e-01
6.556034289670726878e-01
2.802438453818381636e-01
2.034235046398110563e-02
4.599993473112079512e-02
1.690324196922847744e-01
8.262697916766757744e-02
5.574919771549671083e-02
4.269619244058543706e-02
2.135000581515992257e-01
7.838378626307195285e-01
1.890070108948715966e-01
2.709555325773358447e-01
7.825918674703324918e-01
3.674358847778090298e-01
9.542850548934472821e-02
1.722646901764001981e-01
4.379924849426233835e-01
2.905239843217418683e-01
8.107780823923751989e-02
5.558169757795235894e-02
3.873608200392449352e-01
1.429647898937081163e-01
7.577039170825607128e-02
2.364812314141985505e-02
3.263181328122665703e-01
9.733576162989501235e-01
1.071861603677412289e-01
2.247164455531618366e-01
9.185636674068247132e-01
6.943206644855407506e-01
9.779516100216039121e-01
7.817030064419568935e-01
5.736475852843475609e-01
4.018822440972950050e-01
1.613474062867391035e-01
8.372622364318155208e-02
7.975454798164305359e-01
3.801374417768867975e-01
3.008750722700795910e-01
2.329101707265188170e-01
9.450233672109153993e-01
6.723939293077594304e-01
3.930972471036816018e-01
7.835917657491322519e-01
5.857726585137755793e-01
6.853053256913475000e-01
4.940383386135887012e-01
5.391979109582908380e-01
6.886185104642510435e-01
5.100510012184229502e-01
8.317287816650217880e-02
9.188685522436970676e-02
5.507723609395328568e-01
1.820330329677642967e-01
1.242941717212610597e-01
8.003774611489433699e-02
5.048996423705371939e-01
7.635436083785077654e-01
2.197316735183308944e-01
4.953776892318304537e-01
7.119341519950803665e-01
7.683905593102761111e-01
5.069051396764063799e-01
4.085299084948290638e-01
6.553553827293107092e-01
4.533483316896438353e-01
9.666947940410672291e-02
1.210877137387558200e-01
5.082668385452651094e-01
3.763801427326858295e-01
9.475145728642617171e-02
8.504679409474794061e-02
4.969231507562725803e-01
6.677228066735336753e-01
4.528864217988828322e-01
4.364913589589434206e-01
7.772773955510099420e-01
6.454445602734080190e-01
5.092504404939159901e-01
5.637146384602562676e-01
7.480804247643134675e-01
5.329416896226151223e-01
1.117811233247366920e-01
7.257505553837756418e-02
5.611191719467918393e-01
4.792575207961748962e-01
8.107024013003163998e-02
8.822935730855518965e-02
5.065808057011600418e-01
7.670845299710705723e-01
5.188225916206028465e-01
5.171929924684766089e-01
6.544921908097820484e-01
6.805889214516112062e-01
5.700760041920425181e-01
4.274674291582849506e-01
7.792504269117894733e-01
7.870917837566455688e-01
1.014793223163255875e-01
7.515721549679355018e-02
4.944746844470340186e-01
2.426671177209449581e-01
1.394908213669313335e-01
9.848377791471570053e-02
5.022331831385220546e-01
7.757484483507363082e-01
3.403585781652702646e-01
7.191288678432892212e-01
6.992812463406971046e-01
7.061754912943593032e-01
6.432252752623841552e-01
3.317477885002331206e-01
7.670774701914151450e-01
4.881849270747937730e-01
1.095131072131292349e-01
1.290810514806630116e-01
4.217907311605912923e-01
4.942452891568041018e-01
1.131384887619197865e-01
9.623615779354646738e-02
5.409508508422522510e-01
7.740818680732501900e-01
5.249341538682150698e-01
4.290427246973025355e-01
7.283558261004845491e-01
7.146023290737886224e-01
5.412711845460280724e-01
5.668375854793907820e-01
7.354867887693484763e-01
5.684838861703418456e-01
1.179042900196838328e-01
9.732706792262474371e-02
6.128585529681505051e-01
5.480922522785096618e-01
1.095465438300025907e-01
9.841094958859672448e-02
5.547684535236252490e-01
7.362426314495694735e-01
5.947086516968662639e-01
5.493231183113076455e-01
7.242659859743657558e-01
5.581576721479102332e-01
9.033964285843919528e-01
7.644921883423623221e-01
5.637685899012399027e-01
9.425058995781375737e-01
3.397451856962384054e-01
2.091380432950205592e-01
7.804500386615783603e-01
7.436142568177537271e-01
3.846995404232417259e-01
1.488064827056550798e-01
7.691872069209860774e-01
5.821475181732088666e-01
4.704091503206957459e-01
5.691848414969306047e-01
5.590996043935909654e-01
7.438492817567432525e-01
2.374672500057110613e-01
2.468183642045307102e-01
6.556034289670726878e-01
2.802438453818381081e-01
2.034235046398111257e-02
4.599993473112079512e-02
1.690324196922848576e-01
8.262697916766757744e-02
5.574919771549670389e-02
4.269619244058543706e-02
2.135000581515991425e-01
7.838378626307195285e-01
1.890070108948715688e-01
2.709555325773357892e-01
7.825918674703324918e-01
3.674358847778090298e-01
9.542850548934467270e-02
1.722646901764002259e-01
4.379924849426234390e-01
2.905239843217419238e-01
8.107780823923750602e-02
5.558169757795236587e-02
3.873608200392449907e-01
1.429647898937081163e-01
7.577039170825605741e-02
2.364812314141985505e-02
3.263181328122665148e-01
9.733576162989501235e-01
1.071861603677412289e-01
2.247164455531618921e-01
9.185636674068249352e-01
6.943206644855407506e-01
9.779516100216036900e-01
7.817030064419570046e-01
5.736475852843475609e-01
4.018822440972950050e-01
1.613474062867391590e-01
8.372622364318157984e-02
7.975454798164305359e-01
3.801374417768865754e-01
3.008750722700797020e-01
2.329101707265188725e-01
9.450233672109155103e-01
6.723939293077593193e-01
3.930972471036814908e-01
7.835917657491322519e-01
5.857726585137756903e-01
