7.983966273158425719e-02
2.916885364345288001e-01
3.337170986817934448e-01
1.268530797706783619e-01
4.403635792749335254e-01
7.354331508187599287e-01
4.114582944337112913e-01
3.107580642061511522e-01
3.231965142168469196e-01
6.248588039065419153e-01
4.709020894342630381e-01
3.135864997719216007e-01
1.256103052651319218e-01
6.222514346796519380e-01
6.752356372333472301e-01
1.216429698058844877e-01
4.121619396950045311e-01
5.159046419370980630e-01
8.234431186595814189e-01
6.950686263645280416e-01
9.661998839273300277e-01
3.700264007113889253e-01
4.580885049120050345e-01
4.951554879690643340e-01
3.931861086133138228e-01
2.567662644020943796e-01
4.606525337189260605e-01
4.062441566086171241e-01
1.583529019992431786e-01
4.273251277318254049e-01
8.575943200429070323e-01
3.411216831140865824e-01
2.270910133099801609e-01
5.954169222541181306e-01
4.330357990986033467e-01
6.296547604138633680e-01
5.244173004658350123e-01
6.413815762833000589e-01
2.584559275247531596e-01
6.391126680628169687e-01
6.276232448718267465e-01
6.383191706023793044e-01
3.879547684355971748e-01
7.477421035319151699e-01
2.939612952841451077e-01
6.076878824986678973e-01
5.417562774465769504e-01
3.054324601386786409e-01
5.700885620901367107e-02
2.984376635711840087e-01
1.566302855522339055e-01
1.232368857247012062e-01
5.103976018220108823e-01
6.137449461544224327e-01
3.994355648478380427e-01
3.243966261603971057e-01
5.080781804242895383e-01
5.493421869674710578e-01
9.778840850297154663e-01
4.367674437954150446e-01
5.486463885124806539e-02
2.248633340550671433e-01
4.315160340825658358e-01
8.525876630482039087e-02
8.249746579781123967e-02
2.985824198663309392e-01
3.373974827227202433e-01
1.242226334005896160e-01
4.385656528017718991e-01
7.416736543006829940e-01
4.088383220496537018e-01
3.121830852989448957e-01
3.237959534148165952e-01
6.319931968324816740e-01
4.829784115444094028e-01
1.244150162729524001e-01
6.259070422820540713e-01
7.023137890243164039e-01
4.216469648944444204e-01
5.288973946292310213e-01
8.396754405065792737e-01
9.774960521815857506e-01
3.788611355452594087e-01
4.593786028687271705e-01
3.963087626956392495e-01
2.576124361436312182e-01
1.574967661214303205e-01
4.284678138826459870e-01
2.259838394122977712e-01
6.015231235849387570e-01
5.369128028667686792e-01
6.400279722473740662e-01
6.205915679597473478e-01
2.966592652742151559e-01
5.592280356125458457e-02
5.092250883582424281e-01
2.648662371889866085e-01
7.352184007513421493e-01
7.274890563233514795e-01
2.687762492726235575e-01
1.630156480181123579e-01
4.184512313857873256e-01
5.051923122975704450e-01
3.105583909989914071e-01
8.108134354469673788e-01
5.616427113347129962e-01
4.103907903052911310e-01
5.046953300798776576e-01
5.869365599136647793e-01
5.068377132550607733e-01
5.780768960602576945e-01
4.457139180885709706e-01
1.170521467386737707e-01
5.938002848374021037e-01
8.256555677826364903e-01
1.681018664482913927e-01
7.983966273158425719e-02
2.916885364345288001e-01
3.337170986817934448e-01
1.268530797706783619e-01
4.403635792749335254e-01
7.354331508187599287e-01
4.114582944337112913e-01
3.107580642061511522e-01
3.231965142168469196e-01
6.248588039065419153e-01
4.709020894342630381e-01
3.135864997719216007e-01
1.256103052651319218e-01
6.222514346796519380e-01
6.752356372333472301e-01
1.216429698058844877e-01
4.121619396950045311e-01
5.159046419370980630e-01
8.234431186595814189e-01
6.950686263645280416e-01
9.661998839273300277e-01
3.700264007113889253e-01
4.580885049120050345e-01
4.951554879690643340e-01
3.931861086133138228e-01
2.567662644020943796e-01
4.606525337189260605e-01
4.062441566086171241e-01
1.583529019992431786e-01
4.273251277318254049e-01
8.575943200429070323e-01
3.411216831140865824e-01
2.270910133099801609e-01
5.954169222541181306e-01
4.330357990986033467e-01
6.296547604138633680e-01
5.244173004658350123e-01
6.413815762833000589e-01
2.584559275247531596e-01
6.391126680628169687e-01
6.276232448718267465e-01
6.383191706023793044e-01
3.879547684355971748e-01
7.477421035319151699e-01
2.939612952841451077e-01
6.076878824986678973e-01
5.417562774465769504e-01
3.054324601386786409e-01
5.700885620901367107e-02
2.984376635711840087e-01
1.566302855522339055e-01
1.232368857247012062e-01
5.103976018220108823e-01
6.137449461544224327e-01
3.994355648478380427e-01
3.243966261603971057e-01
5.080781804242895383e-01
5.493421869674710578e-01
9.778840850297154663e-01
4.367674437954150446e-01
5.486463885124806539e-02
2.248633340550671433e-01
4.315160340825658358e-01
8.525876630482039087e-02
1.630156480181123579e-01
4.184512313857873256e-01
5.051923122975704450e-01
3.105580304226435162e-01
8.108134354469673788e-01
5.616402815069838628e-01
4.103907903052911310e-01
5.046953300798776576e-01
5.869365599136647793e-01
5.068377132550607733e-01
5.780767910046926694e-01
4.457139180885709706e-01
1.170521467386737707e-01
5.938002848374021037e-01
8.256555677826364903e-01
1.681018664482913927e-01
1.823318498967716750e-01
6.711008338965418485e-01
6.754069742210291327e-01
1.708362806228166386e-01
6.643283571868825454e-01
4.901811197921969177e-01
6.675424540163641396e-01
7.308167268888052792e-01
4.794484875164484183e-01
7.047858547110813499e-01
4.948218868689460148e-01
7.180350169524625237e-01
1.748860153660243832e-01
5.273927020991990844e-01
6.898834607778747685e-01
1.825211084203144929e-01
1.591742330137481953e-01
5.901535763631091669e-01
5.695700536658354629e-01
1.298231650875391330e-01
5.626061351747091432e-01
5.619101448955617917e-01
6.603292420331594581e-01
5.505695581017275853e-01
5.092036232737819912e-01
6.571634554572893805e-01
5.533290114711828522e-01
6.040394341725106031e-01
1.709305025510711173e-01
5.256762400869772200e-01
5.724902092839327938e-01
1.594210450382591293e-01
1.853008793035988422e-01
6.658744673037282347e-01
4.867720224957032826e-01
2.051106900748699002e-01
5.730885626639334873e-01
6.571254256836873697e-01
6.283282210633434062e-01
5.250232367331100214e-01
8.947023107746150394e-01
6.226159432959540441e-01
6.540934675730719627e-01
6.624295680853102830e-01
1.747066861062598342e-01
9.088759617637724997e-01
5.821873128202641468e-01
1.887924095745920627e-01
1.765046847649184292e-01
7.270892550412773048e-01
7.634467498877137714e-01
1.900675296561586958e-01
7.581819506269065201e-01
6.366509526502988070e-01
6.354827910347247144e-01
7.984239824828422982e-01
5.163610191484155898e-01
6.194701492173049218e-01
6.297958243219732299e-01
7.306414760701711586e-01
2.025471154271140661e-01
5.250666681067772679e-01
7.718010450374039877e-01
1.794709961659096964e-01
1.704432098730615519e-01
5.938990361861404832e-01
7.018681657400369645e-01
1.476229174297425117e-01
5.796145978734756898e-01
6.157089974147504918e-01
6.284224990405883338e-01
7.023231080070191368e-01
6.888365159260292359e-01
6.255408574283345402e-01
6.137929051113674150e-01
6.416266536093340189e-01
1.534502626795855862e-01
7.103525991713446341e-01
5.795105624695273683e-01
1.710104989103677919e-01
7.983966273158427107e-02
2.916885364345288556e-01
3.337170986817934448e-01
1.268530797706783342e-01
4.403635792749335254e-01
7.354331508187597066e-01
4.114582944337113468e-01
3.107580642061511522e-01
3.231965142168469196e-01
6.248588039065418043e-01
4.709020894342630381e-01
3.135864997719216563e-01
1.256103052651319218e-01
6.222514346796517160e-01
6.752356372333474521e-01
1.216429698058844877e-01
4.121619396950045311e-01
5.159046419370982850e-01
8.234431186595811969e-01
6.950686263645280416e-01
9.661998839273298056e-01
3.700264007113889808e-01
4.580885049120050345e-01
4.951554879690643896e-01
3.931861086133138783e-01
2.567662644020943241e-01
4.606525337189260605e-01
4.062441566086170130e-01
1.583529019992431508e-01
4.273251277318254049e-01
8.575943200429070323e-01
3.411216831140865824e-01
2.270910133099800499e-01
5.954169222541180195e-01
4.330357990986034578e-01
6.296547604138633680e-01
5.244173004658352344e-01
6.413815762833000589e-01
2.584559275247531596e-01
6.391126680628169687e-01
6.276232448718267465e-01
6.383191706023793044e-01
3.879547684355971748e-01
7.477421035319150588e-01
2.939612952841451077e-01
6.076878824986678973e-01
5.417562774465769504e-01
3.054324601386785853e-01
5.700885620901367107e-02
2.984376635711839532e-01
1.566302855522339055e-01
1.232368857247012062e-01
5.103976018220109934e-01
6.137449461544224327e-01
3.994355648478380427e-01
3.243966261603971613e-01
5.080781804242894273e-01
5.493421869674710578e-01
9.778840850297156884e-01
4.367674437954149891e-01
5.486463885124805845e-02
2.248633340550671433e-01
4.315160340825658358e-01
8.525876630482039087e-02
