3.437433880020872023e-01
6.560062549444702906e-01
6.751629842650579416e-01
2.456218867252254190e-01
6.494368175499711793e-01
4.687191220273084769e-01
3.866223357699589691e-01
5.535084372050076418e-01
4.704874919180589421e-01
5.117506186910509847e-01
2.249958190404813263e-01
5.483361376601005865e-01
1.643733162809280501e-01
6.966338523013402284e-01
4.980374101348362115e-01
2.431433977154756620e-01
6.626578993406964102e-01
6.053128020182794167e-01
6.149645588992196377e-01
5.204815426927305033e-01
6.451759507332728294e-01
2.143540280003076171e-01
3.238986859939381180e-01
2.375741549608970660e-01
3.108471147780340060e-01
2.320634325072072623e-01
3.185084068888211495e-01
3.824312144085056930e-01
1.227167182285051200e-01
2.182270829908309895e-01
6.539184268593654092e-01
6.712103670761335739e-01
5.622048702908644113e-01
3.865075641531837136e-01
2.298606422107913605e-01
6.985395727551622080e-01
4.325981641035692160e-01
3.677868420646491776e-01
2.298317079730468893e-01
5.215174653927254766e-01
4.848485639424865434e-01
3.651559608977733573e-01
2.270649820674785213e-01
4.731666278957876171e-01
2.775061555379876310e-01
3.899255759285897849e-01
6.153913743780212720e-01
6.704365774900827857e-01
1.473537631333515785e-01
2.776644304110109096e-01
1.174117893930540918e-01
1.661426039337912386e-01
7.783816817845952141e-01
4.676642111004434277e-01
3.117709715229346479e-01
4.721958500921265012e-01
7.835024882135157576e-01
4.395809956255781747e-01
6.534898133236302087e-01
6.462731137590917996e-01
1.448487448905607378e-01
5.603119337392181709e-01
6.923408260623322708e-01
3.553819976102557399e-01
3.494515520711375944e-01
6.632444326042257199e-01
6.731983704025206183e-01
2.443705633437506797e-01
6.478550899339623470e-01
4.709739585276108698e-01
3.845164032853218283e-01
5.509025316510900439e-01
4.713407930281861002e-01
5.166391542666118886e-01
2.311527436434323013e-01
1.652643555681004850e-01
6.975748572535944714e-01
5.212314550594312479e-01
6.772048630120521828e-01
6.103781835919858123e-01
6.328587977252553287e-01
6.507308284909080198e-01
2.206177275404129778e-01
3.211865526353335221e-01
3.113087365460224798e-01
2.309458001162430496e-01
1.200801824441411619e-01
2.216536218911447365e-01
5.612640661174945755e-01
3.882084145867115144e-01
4.360988415507002225e-01
3.665739342166591253e-01
4.761418182823081713e-01
2.780208788718429025e-01
1.460849637341606055e-01
7.809703508764475055e-01
4.617076770282797504e-01
5.388982184330061154e-01
5.315496635573565554e-01
4.615290057181782313e-01
4.245607597711463232e-01
4.695962651120106912e-01
4.263511739410817958e-01
3.754076043827359044e-01
8.072818243524357840e-01
3.386356577873571583e-01
3.323054747462884650e-01
4.245468356476259641e-01
5.936020944722973924e-01
3.629250262694679874e-01
3.505929432825282133e-01
4.857151559148857878e-01
1.642801297664150395e-01
5.873425460240312423e-01
8.177411215163519209e-01
4.351421680656695212e-01
3.437433880020872023e-01
6.560062549444702906e-01
6.751629842650579416e-01
2.456218867252254190e-01
6.494368175499711793e-01
4.687191220273084769e-01
3.866223357699589691e-01
5.535084372050076418e-01
4.704874919180589421e-01
5.117506186910509847e-01
2.249958190404813263e-01
5.483361376601005865e-01
1.643733162809280501e-01
6.966338523013402284e-01
4.980374101348362115e-01
2.431433977154756620e-01
6.626578993406964102e-01
6.053128020182794167e-01
6.149645588992196377e-01
5.204815426927305033e-01
6.451759507332728294e-01
2.143540280003076171e-01
3.238986859939381180e-01
2.375741549608970660e-01
3.108471147780340060e-01
2.320634325072072623e-01
3.185084068888211495e-01
3.824312144085056930e-01
1.227167182285051200e-01
2.182270829908309895e-01
6.539184268593654092e-01
6.712103670761335739e-01
5.622048702908644113e-01
3.865075641531837136e-01
2.298606422107913605e-01
6.985395727551622080e-01
4.325981641035692160e-01
3.677868420646491776e-01
2.298317079730468893e-01
5.215174653927254766e-01
4.848485639424865434e-01
3.651559608977733573e-01
2.270649820674785213e-01
4.731666278957876171e-01
2.775061555379876310e-01
3.899255759285897849e-01
6.153913743780212720e-01
6.704365774900827857e-01
1.473537631333515785e-01
2.776644304110109096e-01
1.174117893930540918e-01
1.661426039337912386e-01
7.783816817845952141e-01
4.676642111004434277e-01
3.117709715229346479e-01
4.721958500921265012e-01
7.835024882135157576e-01
4.395809956255781747e-01
6.534898133236302087e-01
6.462731137590917996e-01
1.448487448905607378e-01
5.603119337392181709e-01
6.923408260623322708e-01
3.553819976102557399e-01
4.245607597711463232e-01
4.695962651120106912e-01
4.263511739410817958e-01
3.754072777223748658e-01
8.072818243524357840e-01
3.386341927522115158e-01
3.323054747462884650e-01
4.245468356476259641e-01
5.936020944722973924e-01
3.629250262694679874e-01
3.505928795682715648e-01
4.857151559148857878e-01
1.642801297664150395e-01
5.873425460240312423e-01
8.177411215163519209e-01
4.351421680656695212e-01
4.061375006097091012e-01
6.954082833929458030e-01
5.485886228392236053e-01
3.304156838253693440e-01
5.108722684992628160e-01
3.655326178971121109e-01
4.811665025573858556e-01
5.889689327314728828e-01
5.996761149217055831e-01
4.202976183196481808e-01
3.678593064243056432e-01
7.238996288571328819e-01
3.216977133147531087e-01
6.212108723649001352e-01
5.260376248286131595e-01
4.049437824838817424e-01
2.954173322666481249e-01
7.341208597125639113e-01
7.331836557644373364e-01
3.207103729135907244e-01
7.781336034988644013e-01
3.698357758328064682e-01
3.935935976459191132e-01
6.918238693300098330e-01
6.791689338518434038e-01
4.008129495424826993e-01
3.635783254126176978e-01
7.319883972690144347e-01
3.421409061126527984e-01
6.757984932167886427e-01
7.776239552240424846e-01
2.939897161364924960e-01
3.556419922660580268e-01
9.272886397503539158e-01
4.722223792954283184e-01
3.652691335984663557e-01
8.069593502715561861e-01
4.190686782809592836e-01
4.369841158433870332e-01
4.695832600645699628e-01
6.166313206174867112e-01
4.332845922418624429e-01
4.187423846696043395e-01
9.279633992165052803e-01
3.859259923870698161e-01
6.199632084282338251e-01
8.109081945502154554e-01
3.589828592964314780e-01
3.417567420288615820e-01
9.803406726012893202e-01
7.680148166848073110e-01
3.558057923349540186e-01
7.897382886070980490e-01
3.918933679511332757e-01
4.522925157545276686e-01
7.717817917228235736e-01
6.751718221093758743e-01
4.129223661023507241e-01
3.869664601092879797e-01
1.000000000000000000e+00
3.853337739474336776e-01
6.646596945223031128e-01
7.873634573453176522e-01
3.432637538253576759e-01
3.149946669352498563e-01
8.902363545987699300e-01
9.030105431935542271e-01
3.102713055088537342e-01
8.884636270707144678e-01
3.881087934425310748e-01
3.875742710977331251e-01
8.715117538626917515e-01
9.148728345762644487e-01
3.763532600254290150e-01
3.899488367234407171e-01
9.324400523485183445e-01
3.113753991971147661e-01
9.311775928507073363e-01
8.436361516071939626e-01
3.145377775822302269e-01
3.437433880020872579e-01
6.560062549444702906e-01
6.751629842650580526e-01
2.456218867252254190e-01
6.494368175499711793e-01
4.687191220273085324e-01
3.866223357699590246e-01
5.535084372050077528e-01
4.704874919180589421e-01
5.117506186910508736e-01
2.249958190404813541e-01
5.483361376601008086e-01
1.643733162809280501e-01
6.966338523013400064e-01
4.980374101348362670e-01
2.431433977154756620e-01
6.626578993406964102e-01
6.053128020182794167e-01
6.149645588992197487e-01
5.204815426927305033e-01
6.451759507332728294e-01
2.143540280003076726e-01
3.238986859939381180e-01
2.375741549608971492e-01
3.108471147780340060e-01
2.320634325072072346e-01
3.185084068888211495e-01
3.824312144085056375e-01
1.227167182285051061e-01
2.182270829908310172e-01
6.539184268593654092e-01
6.712103670761335739e-01
5.622048702908644113e-01
3.865075641531837691e-01
2.298606422107913883e-01
6.985395727551622080e-01
4.325981641035692715e-01
3.677868420646491776e-01
2.298317079730469170e-01
5.215174653927254766e-01
4.848485639424865434e-01
3.651559608977733573e-01
2.270649820674785768e-01
4.731666278957876726e-01
2.775061555379876310e-01
3.899255759285897849e-01
6.153913743780214940e-01
6.704365774900828967e-01
1.473537631333515785e-01
2.776644304110108541e-01
1.174117893930540779e-01
1.661426039337912386e-01
7.783816817845953251e-01
4.676642111004435942e-01
3.117709715229346479e-01
4.721958500921265567e-01
7.835024882135156465e-01
4.395809956255781747e-01
6.534898133236302087e-01
6.462731137590919106e-01
1.448487448905607378e-01
5.603119337392181709e-01
6.923408260623322708e-01
3.553819976102557399e-01
