1.948617379803083971e-01
5.968740257297204810e-01
4.230559877310776651e-01
2.208319251818648965e-01
4.823895728192081345e-01
6.892830928098256926e-01
4.943497942280788982e-01
4.143479941205947537e-01
4.563420253293407614e-01
6.638682573508609686e-01
2.692562239755381670e-01
4.140986199980683513e-01
2.724371116903417378e-01
5.064208967210128698e-01
4.790255797699116136e-01
2.168466148940756122e-01
4.421318387472538691e-01
6.126733491785489871e-01
4.923382163462731165e-01
5.093161048776844169e-01
3.759348332255919023e-01
2.706558510914343629e-01
3.850335184182898107e-01
2.844270438824744174e-01
3.871685546318771598e-01
3.415851266776242512e-01
3.926711142690494372e-01
4.974182790977523805e-01
3.291120236106971908e-01
4.410456863461710286e-01
5.190669078769560851e-01
4.313271856250113223e-01
3.905664157130390168e-01
2.879885575852139667e-01
4.564768363754455605e-01
4.985959835914074989e-01
5.956358642550491078e-01
3.577153879177424334e-01
3.461512455388586762e-01
6.673475818347420763e-01
3.432830865084389727e-01
3.610030919913393421e-01
2.966465111065481608e-01
7.154735087802222004e-01
6.597401549281354249e-01
2.979579810788545169e-01
6.350881994066739367e-01
6.358794666617052505e-01
1.922661934797716687e-01
6.485843872629968310e-01
3.485143299385162763e-01
2.692101199029018899e-01
4.980978269113889301e-01
3.318974460188774400e-01
3.999416677510938545e-01
4.592491609740035896e-01
4.843170760194455138e-01
6.075073365747043486e-01
3.854494537104387608e-01
4.915062452205052890e-01
1.895885816236040078e-01
4.023091733435453787e-01
4.679870066160569109e-01
2.119171519390765646e-01
2.032265774602658726e-01
6.164389599347872561e-01
4.271671144265097309e-01
2.188198476919405167e-01
4.869475508906098704e-01
7.025613453033623390e-01
4.958916302686898758e-01
4.142223545660305151e-01
4.577940990867861437e-01
6.656097407628467355e-01
2.767253765492985185e-01
2.708119511590179607e-01
5.025571180691377204e-01
5.055920784555492098e-01
4.548029001702548202e-01
6.239388107211443213e-01
5.037935436186821159e-01
3.786979623599554534e-01
2.834635195263449092e-01
3.888763952123172607e-01
3.935508721214184269e-01
3.438718077900078662e-01
3.387549192119795882e-01
4.469554163327809082e-01
3.964026574909489953e-01
2.929494820598426696e-01
6.015873461550019785e-01
3.594543373572283151e-01
3.375143574307685190e-01
6.552021876384879207e-01
1.909099748876918190e-01
4.911313843419111702e-01
3.936280905113406225e-01
5.993688278719956353e-01
5.979283573095440785e-01
4.036416083001602706e-01
2.989206386519856484e-01
5.438282477028169026e-01
4.635207213408155669e-01
3.734821119308247006e-01
5.840727806396679433e-01
3.606780482268089338e-01
4.373122147353952771e-01
4.570194457108233133e-01
4.754913985413472544e-01
4.696262500799486261e-01
3.832724152265650774e-01
5.910408238872952857e-01
3.113875271963100766e-01
4.885861107132239978e-01
6.016384661403504364e-01
3.155085643572033138e-01
1.948617379803083971e-01
5.968740257297204810e-01
4.230559877310776651e-01
2.208319251818648965e-01
4.823895728192081345e-01
6.892830928098256926e-01
4.943497942280788982e-01
4.143479941205947537e-01
4.563420253293407614e-01
6.638682573508609686e-01
2.692562239755381670e-01
4.140986199980683513e-01
2.724371116903417378e-01
5.064208967210128698e-01
4.790255797699116136e-01
2.168466148940756122e-01
4.421318387472538691e-01
6.126733491785489871e-01
4.923382163462731165e-01
5.093161048776844169e-01
3.759348332255919023e-01
2.706558510914343629e-01
3.850335184182898107e-01
2.844270438824744174e-01
3.871685546318771598e-01
3.415851266776242512e-01
3.926711142690494372e-01
4.974182790977523805e-01
3.291120236106971908e-01
4.410456863461710286e-01
5.190669078769560851e-01
4.313271856250113223e-01
3.905664157130390168e-01
2.879885575852139667e-01
4.564768363754455605e-01
4.985959835914074989e-01
5.956358642550491078e-01
3.577153879177424334e-01
3.461512455388586762e-01
6.673475818347420763e-01
3.432830865084389727e-01
3.610030919913393421e-01
2.966465111065481608e-01
7.154735087802222004e-01
6.597401549281354249e-01
2.979579810788545169e-01
6.350881994066739367e-01
6.358794666617052505e-01
1.922661934797716687e-01
6.485843872629968310e-01
3.485143299385162763e-01
2.692101199029018899e-01
4.980978269113889301e-01
3.318974460188774400e-01
3.999416677510938545e-01
4.592491609740035896e-01
4.843170760194455138e-01
6.075073365747043486e-01
3.854494537104387608e-01
4.915062452205052890e-01
1.895885816236040078e-01
4.023091733435453787e-01
4.679870066160569109e-01
2.119171519390765646e-01
2.989206386519856484e-01
5.438282477028169026e-01
4.635207213408155669e-01
3.734817842634355345e-01
5.840727806396679433e-01
3.606764878299495436e-01
4.373122147353952771e-01
4.570194457108233133e-01
4.754913985413472544e-01
4.696262500799486261e-01
3.832723455733746953e-01
5.910408238872952857e-01
3.113875271963100766e-01
4.885861107132239978e-01
6.016384661403504364e-01
3.155085643572033138e-01
3.319282026695128396e-01
7.775761916817194308e-01
5.065979274609355709e-01
2.761352986512020102e-01
3.930256336086692670e-01
5.163832079990881008e-01
4.910507451718427174e-01
5.729926137733496461e-01
6.364929005305621779e-01
3.756695865240250454e-01
5.300143350550834409e-01
8.348868842256078615e-01
2.828791288451285579e-01
6.718957326137984243e-01
4.531534693173322470e-01
3.380098576358769313e-01
2.469181244136953446e-01
7.559497881196908242e-01
6.274336684466881309e-01
2.494484348837449905e-01
8.160726688019146469e-01
4.327086292879223084e-01
4.608769111729809631e-01
5.941965436961786917e-01
6.591723490001639707e-01
4.512156902526720526e-01
4.282547030184964409e-01
8.011100484658779664e-01
2.491627543599415628e-01
6.676959439834879717e-01
8.614800576704506607e-01
2.530213103196881086e-01
2.795687559157451485e-01
6.760837044304581767e-01
4.642499919473794812e-01
3.636744758386538656e-01
9.301267707774800719e-01
4.789714756701599629e-01
4.740382896979139504e-01
4.867650783751367172e-01
7.946665845004692308e-01
5.193104652238966779e-01
4.837387858503228166e-01
7.275379761123059730e-01
2.798560031051434138e-01
8.216443610394990049e-01
1.000000000000000000e+00
2.864948362662338432e-01
2.756745832253478801e-01
8.882547160516067741e-01
6.818498292660222226e-01
3.227036214254610513e-01
7.993310269819295932e-01
4.636053025157310659e-01
5.212272758609628465e-01
7.195953892383157857e-01
7.013575097807347447e-01
4.691445951263933378e-01
4.656931458749690722e-01
9.360551257419937876e-01
3.131291030450606416e-01
7.014176773351126215e-01
8.462657543325917686e-01
2.855793061023560453e-01
2.506259147590628178e-01
8.718658441637054946e-01
8.199899629889193520e-01
2.548454295291395777e-01
9.070133684444183775e-01
4.458522519925341432e-01
4.583891100315093947e-01
7.967778114443921922e-01
8.612075469853910370e-01
4.517394160308655371e-01
4.473086070305790640e-01
9.665154765628247713e-01
2.434460610195322838e-01
8.653308351432420498e-01
9.275719146840915030e-01
2.600317406494346839e-01
1.948617379803084249e-01
5.968740257297203700e-01
4.230559877310777761e-01
2.208319251818648965e-01
4.823895728192080234e-01
6.892830928098256926e-01
4.943497942280788982e-01
4.143479941205948647e-01
4.563420253293408724e-01
6.638682573508608575e-01
2.692562239755381670e-01
4.140986199980684068e-01
2.724371116903417933e-01
5.064208967210127588e-01
4.790255797699117801e-01
2.168466148940756399e-01
4.421318387472539801e-01
6.126733491785492092e-01
4.923382163462731720e-01
5.093161048776843058e-01
3.759348332255918468e-01
2.706558510914344184e-01
3.850335184182898107e-01
2.844270438824744174e-01
3.871685546318771598e-01
3.415851266776241957e-01
3.926711142690494372e-01
4.974182790977522695e-01
3.291120236106972463e-01
4.410456863461710286e-01
5.190669078769560851e-01
4.313271856250113223e-01
3.905664157130390168e-01
2.879885575852139112e-01
4.564768363754456715e-01
4.985959835914074434e-01
5.956358642550492188e-01
3.577153879177424334e-01
3.461512455388586762e-01
6.673475818347420763e-01
3.432830865084389727e-01
3.610030919913393421e-01
2.966465111065481608e-01
7.154735087802223115e-01
6.597401549281354249e-01
2.979579810788545169e-01
6.350881994066739367e-01
6.358794666617053615e-01
1.922661934797716687e-01
6.485843872629967199e-01
3.485143299385163318e-01
2.692101199029018899e-01
4.980978269113890411e-01
3.318974460188774955e-01
3.999416677510938545e-01
4.592491609740035341e-01
4.843170760194454028e-01
6.075073365747043486e-01
3.854494537104388163e-01
4.915062452205053445e-01
1.895885816236040078e-01
4.023091733435453787e-01
4.679870066160569109e-01
2.119171519390765923e-01
