1.922812405482619141e-02
1.642717038458494372e-01
2.367456744732394647e-01
3.784795597591127103e-02
2.913870581494900081e-01
6.011290041785624094e-01
6.986697894992711655e-01
1.976369689727004164e-01
9.482162700629737095e-02
9.243353618188796528e-01
4.070856739983693684e-01
1.927836570383658632e-01
1.349431291747982958e-02
1.093279055283501999e-01
2.881414200853539831e-01
3.741219981355140001e-02
1.834829516472600286e-01
8.966704368262010671e-01
6.384031949686896912e-01
3.020986478657110008e-01
8.488347774524689360e-01
4.400529027260748904e-01
6.442429981049375698e-01
4.175605312663926427e-01
4.628251950347254673e-01
6.757083415838776030e-01
6.351916830525032864e-01
6.860797627559747092e-01
2.844777588721998651e-02
6.197754177904553075e-01
6.476446405325976263e-01
2.292371570829171978e-01
1.898381810327911534e-01
5.646532431278552533e-01
6.457648447729589236e-01
9.865584877877553449e-02
5.424524233396483819e-01
7.907834632200713143e-01
6.723199293313781855e-01
9.086572571431221768e-01
6.640430071229858067e-01
7.863895654916089883e-01
4.490401772899573207e-01
5.876394893705934042e-01
1.727316888566496345e-01
5.655760862372556375e-01
8.762162163551632243e-01
1.665059164414350312e-01
3.697051935150888827e-03
1.718180297734558937e-01
2.949240979976129606e-02
1.322181063402512805e-02
1.708613887700939360e-01
6.492990117669490413e-01
4.602376075485452023e-01
8.476476961071977012e-02
1.668222875352032286e-01
5.389495298120476896e-01
8.237544805570493622e-01
2.679557315672256856e-01
3.519262435257266425e-03
1.860539382551163468e-01
1.794507710795366640e-01
1.986389603186108216e-02
1.953993885724663107e-02
1.653923737162140695e-01
2.330136314629869809e-01
3.762795424403445749e-02
2.796723153086026481e-01
5.942899687146747656e-01
6.923436194806665833e-01
1.951917756085553846e-01
8.979836683152736532e-02
9.164881031482106089e-01
4.122241001739400112e-01
1.335707675918221607e-02
1.040582668297943547e-01
3.009354188407770136e-01
1.815068667151678306e-01
8.863903666158227113e-01
6.417348562547958712e-01
8.401800357941217046e-01
4.444816487710301356e-01
6.396888047108248987e-01
4.615322600458446889e-01
6.740114478905177009e-01
2.896695621506335805e-02
6.313307546045369145e-01
1.879573829705503130e-01
5.651124627578154591e-01
5.406963305092366001e-01
7.888059718647794094e-01
6.565727102337256538e-01
1.725463692093253953e-01
3.607001009854565385e-03
1.688195430821624043e-01
8.773728803203273419e-02
9.232357251379935681e-01
9.079365802541491393e-01
7.991307951296322543e-02
7.359012466237251082e-02
4.748965882543829675e-01
4.111325131318240844e-01
7.710924971805413475e-02
5.535457982558649181e-01
6.296097987975031174e-01
6.972460880076325473e-01
3.988217185593624370e-01
4.547803425698516699e-01
8.217334378702465525e-01
6.380047862107268708e-01
4.644026786574679821e-01
1.222636934171088263e-02
4.504987331380226889e-01
5.306664401894900518e-01
7.276228238495090206e-02
1.922812405482619141e-02
1.642717038458494372e-01
2.367456744732394647e-01
3.784795597591127103e-02
2.913870581494900081e-01
6.011290041785624094e-01
6.986697894992711655e-01
1.976369689727004164e-01
9.482162700629737095e-02
9.243353618188796528e-01
4.070856739983693684e-01
1.927836570383658632e-01
1.349431291747982958e-02
1.093279055283501999e-01
2.881414200853539831e-01
3.741219981355140001e-02
1.834829516472600286e-01
8.966704368262010671e-01
6.384031949686896912e-01
3.020986478657110008e-01
8.488347774524689360e-01
4.400529027260748904e-01
6.442429981049375698e-01
4.175605312663926427e-01
4.628251950347254673e-01
6.757083415838776030e-01
6.351916830525032864e-01
6.860797627559747092e-01
2.844777588721998651e-02
6.197754177904553075e-01
6.476446405325976263e-01
2.292371570829171978e-01
1.898381810327911534e-01
5.646532431278552533e-01
6.457648447729589236e-01
9.865584877877553449e-02
5.424524233396483819e-01
7.907834632200713143e-01
6.723199293313781855e-01
9.086572571431221768e-01
6.640430071229858067e-01
7.863895654916089883e-01
4.490401772899573207e-01
5.876394893705934042e-01
1.727316888566496345e-01
5.655760862372556375e-01
8.762162163551632243e-01
1.665059164414350312e-01
3.697051935150888827e-03
1.718180297734558937e-01
2.949240979976129606e-02
1.322181063402512805e-02
1.708613887700939360e-01
6.492990117669490413e-01
4.602376075485452023e-01
8.476476961071977012e-02
1.668222875352032286e-01
5.389495298120476896e-01
8.237544805570493622e-01
2.679557315672256856e-01
3.519262435257266425e-03
1.860539382551163468e-01
1.794507710795366640e-01
1.986389603186108216e-02
7.359012466237251082e-02
4.748965882543829675e-01
4.111325131318240844e-01
7.710876704835159523e-02
5.535457982558649181e-01
6.296070749246266418e-01
6.972460880076325473e-01
3.988217185593624370e-01
4.547803425698516699e-01
8.217334378702465525e-01
6.380046702642954148e-01
4.644026786574679821e-01
1.222636934171088263e-02
4.504987331380226889e-01
5.306664401894900518e-01
7.276228238495090206e-02
5.078818396552933767e-02
2.921222460417303157e-01
6.032710160983549841e-01
6.886047767297147348e-02
3.767885976675615645e-01
8.969531626854397866e-01
7.454153141994088738e-01
6.399857034717666426e-01
4.259260789566139405e-01
7.963037182478207576e-01
8.934477457086453800e-01
2.898412858688921290e-01
4.162164903153722784e-02
4.494735693341149751e-01
3.518550835877161109e-01
4.613241895033565187e-02
3.660864679108899455e-02
2.704128533308112203e-01
2.414602822394862347e-01
5.069447876686741794e-02
2.014335270387390686e-01
8.613948984222152827e-01
8.724930564255524157e-01
2.055582912369766646e-01
2.520982293150835218e-01
8.518559140175308020e-01
8.373632365202851036e-01
2.536221430167653335e-01
8.027792300236152867e-02
2.383338723888417388e-01
1.702528326997783115e-01
2.899234432239169990e-02
6.101813538387566849e-02
5.353258702226160182e-01
2.850247655957942605e-01
4.606769395344642581e-02
3.821921703343003074e-01
8.801298531309342810e-01
8.586674801198952434e-01
2.787698199005994582e-01
5.560180451236602650e-01
9.283080837627445403e-01
8.608246254899087901e-01
4.809320019331262408e-01
6.048561021616950806e-02
5.708544487134143974e-01
3.136827166315692139e-01
5.750079610655969842e-02
4.791269015477712945e-02
5.161599646697152544e-01
5.445548926239602849e-01
5.471279932618669517e-02
5.619438123845159616e-01
8.758811531690195995e-01
9.061512924962831228e-01
5.481881345793708782e-01
3.909893312648673458e-01
8.117654198641037766e-01
8.545284192681217306e-01
4.380103982898182480e-01
4.885355342960503999e-02
3.680821342539588592e-01
5.074234812581317478e-01
4.511010254761640970e-02
5.048693814349597409e-02
2.939313628023361158e-01
2.529739743707133393e-01
4.701388631614403235e-02
2.923096484832907738e-01
8.576559314085423491e-01
8.870654419106418498e-01
2.460651281642483035e-01
2.764765130102304624e-01
8.855028664213920875e-01
8.445886178845418701e-01
2.717486571135994122e-01
4.284152616235456512e-02
2.563554941794821129e-01
2.526073621740865249e-01
4.376933523503895307e-02
1.922812405482619141e-02
1.642717038458494372e-01
2.367456744732394924e-01
3.784795597591127103e-02
2.913870581494899525e-01
6.011290041785624094e-01
6.986697894992712765e-01
1.976369689727004719e-01
9.482162700629737095e-02
9.243353618188795418e-01
4.070856739983693684e-01
1.927836570383659465e-01
1.349431291747982958e-02
1.093279055283501999e-01
2.881414200853540386e-01
3.741219981355140695e-02
1.834829516472600286e-01
8.966704368262012892e-01
6.384031949686898022e-01
3.020986478657110563e-01
8.488347774524687139e-01
4.400529027260749459e-01
6.442429981049376808e-01
4.175605312663926982e-01
4.628251950347255228e-01
6.757083415838774920e-01
6.351916830525032864e-01
6.860797627559745981e-01
2.844777588721997263e-02
6.197754177904553075e-01
6.476446405325977373e-01
2.292371570829171423e-01
1.898381810327911534e-01
5.646532431278552533e-01
6.457648447729589236e-01
9.865584877877559000e-02
5.424524233396483819e-01
7.907834632200713143e-01
6.723199293313782965e-01
9.086572571431221768e-01
6.640430071229859177e-01
7.863895654916088773e-01
4.490401772899573207e-01
5.876394893705935152e-01
1.727316888566496345e-01
5.655760862372556375e-01
8.762162163551634464e-01
1.665059164414350312e-01
3.697051935150889694e-03
1.718180297734558104e-01
2.949240979976130994e-02
1.322181063402512458e-02
1.708613887700938250e-01
6.492990117669490413e-01
4.602376075485452578e-01
8.476476961071982563e-02
1.668222875352031176e-01
5.389495298120475786e-01
8.237544805570495843e-01
2.679557315672256301e-01
3.519262435257267292e-03
1.860539382551162912e-01
1.794507710795366640e-01
1.986389603186108216e-02
