6.638170311671592883e-01
5.679344491279982865e-01
7.821951267207001290e-01
6.916365473822325693e-01
6.905906846562965828e-01
1.249842409075193062e-01
4.030688234739300546e-02
8.074319483102925243e-01
7.765625792060901755e-01
2.118584997575148621e-01
1.755031883942136939e-01
7.946421064276405488e-01
9.457773354250079700e-01
5.225202286528907170e-01
6.200352920216154473e-01
6.892644766410150892e-01
5.114217324045007285e-01
5.572710829908644747e-02
1.168873487866639582e-01
7.191334503980149062e-01
1.445371248182134027e-01
4.916254209658782459e-02
1.928070940376207937e-02
2.098823428971361427e-01
1.679520368372652145e-02
1.241981685135294666e-02
1.856603171244782663e-02
3.948500963287576715e-02
9.183956660017664753e-01
1.739413087937866642e-01
1.188009672657195925e-01
8.386198736832219947e-01
4.613278143356917549e-01
1.911727323002815337e-02
1.517692664540977454e-01
4.734422540025980397e-01
1.087183743153189441e-01
2.711184545974517496e-02
1.068366160812533536e-02
2.047239522717388405e-01
2.817038338037392009e-01
2.175048037586468919e-02
4.969242993501323674e-02
1.160255275916109441e-01
8.312413301886951711e-01
2.660643119674258039e-02
3.452803778715335392e-02
5.808028957873996312e-01
7.946966831472550563e-01
8.557659656683789251e-01
9.044210908049231668e-01
9.412400206108459955e-01
3.914132335535897012e-01
3.096651818622438435e-01
1.874196806594565987e-02
8.547060934779797670e-01
3.408731823328232657e-01
1.073758223153669089e-01
9.392669460480401744e-02
6.672243990524986401e-01
7.799821319557459498e-01
5.231808582008745656e-01
5.216206900104949362e-01
7.203860265352075576e-01
6.915613337645709624e-01
5.743891976501753760e-01
8.102405545408657428e-01
6.904389517627559369e-01
6.789084597496448659e-01
1.204422719078556692e-01
3.989391209469228539e-02
8.009881761145098977e-01
8.155941760278931918e-01
2.082874916046209002e-01
1.926055634654511572e-01
9.434922769433385925e-01
4.982865499410309984e-01
6.851922378467955044e-01
5.164200220668186958e-01
4.507268450591328524e-02
1.148449900461037676e-01
1.141747793321525872e-01
4.942366004196888096e-02
1.892111741057125179e-02
1.776793979345066971e-02
1.155036217364854845e-02
9.114503386051872047e-01
1.607989549800400986e-01
4.920692577049277650e-01
2.284398291139885795e-02
1.080453176200486531e-01
2.444281129818298010e-02
2.958709280259608221e-01
8.447993094655157353e-01
7.872437179782864058e-01
3.658642364743541764e-01
9.031554204653349238e-01
9.656232044785506563e-02
6.090678347644196133e-02
9.268589482078835040e-01
7.524828537857196631e-01
8.958629443250099023e-02
5.172629608536604140e-01
9.261813507885913177e-01
2.178330816760343236e-01
7.530810764292947268e-02
2.152757939400175985e-02
5.494287153011726543e-01
1.990436508018181838e-01
2.565526559210504209e-02
6.777482771313414478e-02
8.547173718893907868e-02
9.605419154652981018e-01
2.656506182941799077e-01
1.803522974806224255e-01
8.002320865114926907e-01
6.638170311671592883e-01
5.679344491279982865e-01
7.821951267207001290e-01
6.916365473822325693e-01
6.905906846562965828e-01
1.249842409075193062e-01
4.030688234739300546e-02
8.074319483102925243e-01
7.765625792060901755e-01
2.118584997575148621e-01
1.755031883942136939e-01
7.946421064276405488e-01
9.457773354250079700e-01
5.225202286528907170e-01
6.200352920216154473e-01
6.892644766410150892e-01
5.114217324045007285e-01
5.572710829908644747e-02
1.168873487866639582e-01
7.191334503980149062e-01
1.445371248182134027e-01
4.916254209658782459e-02
1.928070940376207937e-02
2.098823428971361427e-01
1.679520368372652145e-02
1.241981685135294666e-02
1.856603171244782663e-02
3.948500963287576715e-02
9.183956660017664753e-01
1.739413087937866642e-01
1.188009672657195925e-01
8.386198736832219947e-01
4.613278143356917549e-01
1.911727323002815337e-02
1.517692664540977454e-01
4.734422540025980397e-01
1.087183743153189441e-01
2.711184545974517496e-02
1.068366160812533536e-02
2.047239522717388405e-01
2.817038338037392009e-01
2.175048037586468919e-02
4.969242993501323674e-02
1.160255275916109441e-01
8.312413301886951711e-01
2.660643119674258039e-02
3.452803778715335392e-02
5.808028957873996312e-01
7.946966831472550563e-01
8.557659656683789251e-01
9.044210908049231668e-01
9.412400206108459955e-01
3.914132335535897012e-01
3.096651818622438435e-01
1.874196806594565987e-02
8.547060934779797670e-01
3.408731823328232657e-01
1.073758223153669089e-01
9.392669460480401744e-02
6.672243990524986401e-01
7.799821319557459498e-01
5.231808582008745656e-01
5.216206900104949362e-01
7.203860265352075576e-01
7.524828537857196631e-01
8.958629443250099023e-02
5.172629608536604140e-01
9.261813121816109273e-01
2.178330816760343236e-01
7.530778183841979612e-02
2.152757939400175985e-02
5.494287153011726543e-01
1.990436508018181838e-01
2.565526559210504209e-02
6.777481539622121076e-02
8.547173718893907868e-02
9.605419154652981018e-01
2.656506182941799077e-01
1.803522974806224255e-01
8.002320865114926907e-01
9.398225830883782939e-01
4.671824225030696276e-02
3.199574850319506503e-01
7.722299863405953646e-01
1.245324640821023898e-01
5.007351604883034102e-02
5.031102492457220632e-02
4.602243979499121007e-01
3.728679715706368913e-01
2.350047797994905818e-02
3.249050837474384834e-02
1.829650766381596405e-02
7.480329208708296207e-01
4.945541959960491063e-01
7.835352785313420831e-02
9.664699028631535960e-01
7.864065538356277418e-01
1.906860617038261818e-01
4.222824351774328022e-01
9.153071505229718463e-01
1.696316243624906850e-01
6.861007029214341579e-02
1.152169051255033660e-02
4.893394824975476620e-01
3.280593305669015081e-01
2.133714639021330739e-02
4.290251085651461405e-02
1.600297147258131769e-01
9.367972790178499265e-01
4.176117733912247942e-01
1.336709372639568461e-01
8.117312167132624268e-01
8.505257333548491561e-01
2.548949854361954870e-01
3.126720440751151742e-01
8.798161886096012019e-01
1.994642572437745898e-01
4.810468556966898679e-02
3.553493509160327024e-02
4.719928408727374070e-01
1.111884676830849905e-01
5.274537540895377075e-02
4.013623149492188957e-02
1.426125277450380757e-01
9.180705683707180986e-01
2.688012221395708057e-01
9.561615146457080883e-02
8.825999606966908884e-01
8.675880227344321405e-01
2.564528232738889635e-01
7.331433947103915827e-02
9.017599816697361437e-01
2.222919384049175662e-01
5.188343524901592452e-02
6.393476905164990898e-02
2.322924258340570702e-01
4.210517777908431292e-01
3.549352271261714542e-02
3.486788388254138948e-02
1.082964723847372746e-01
8.710854920658768208e-01
5.416178448735613493e-01
1.185409031078790143e-01
9.056320789342663380e-01
8.513265680260981849e-01
2.504931556205038934e-01
3.957378632208996549e-01
8.909475249020566423e-01
2.885412412397478921e-01
6.162906205960158590e-02
2.276210519981144986e-02
5.104429482726842160e-01
4.206208162877818069e-01
3.323170785395496152e-02
3.791212022798179371e-02
2.219036785259096423e-01
8.792249251482726624e-01
5.306845446042804948e-01
2.513493440291887371e-01
8.802317546911936352e-01
6.638170311671593993e-01
5.679344491279983975e-01
7.821951267207001290e-01
6.916365473822325693e-01
6.905906846562964718e-01
1.249842409075193062e-01
4.030688234739300546e-02
8.074319483102926354e-01
7.765625792060901755e-01
2.118584997575148066e-01
1.755031883942136661e-01
7.946421064276407709e-01
9.457773354250079700e-01
5.225202286528906059e-01
6.200352920216156694e-01
6.892644766410152002e-01
5.114217324045007285e-01
5.572710829908650298e-02
1.168873487866639860e-01
7.191334503980149062e-01
1.445371248182134583e-01
4.916254209658783847e-02
1.928070940376208631e-02
2.098823428971361704e-01
1.679520368372652839e-02
1.241981685135294319e-02
1.856603171244782663e-02
3.948500963287576715e-02
9.183956660017664753e-01
1.739413087937866365e-01
1.188009672657195370e-01
8.386198736832217726e-01
4.613278143356917549e-01
1.911727323002815337e-02
1.517692664540977177e-01
4.734422540025980952e-01
1.087183743153189996e-01
2.711184545974516802e-02
1.068366160812533883e-02
2.047239522717388960e-01
2.817038338037392009e-01
2.175048037586469613e-02
4.969242993501323674e-02
1.160255275916109441e-01
8.312413301886953931e-01
2.660643119674258039e-02
3.452803778715335392e-02
5.808028957873996312e-01
7.946966831472550563e-01
8.557659656683787031e-01
9.044210908049231668e-01
9.412400206108458844e-01
3.914132335535897012e-01
3.096651818622439545e-01
1.874196806594566334e-02
8.547060934779797670e-01
3.408731823328232657e-01
1.073758223153669089e-01
9.392669460480396193e-02
6.672243990524987511e-01
7.799821319557459498e-01
5.231808582008745656e-01
5.216206900104949362e-01
7.203860265352075576e-01
