5.069987410455458615e-02
3.662704902566966125e-01
2.291320770905360682e-01
5.740843130305645081e-02
2.921935012822663436e-01
7.171679433094957368e-01
4.854562055268609733e-01
2.348467878494591432e-01
9.976914738910430680e-02
9.223128860602067824e-01
4.311089749850913755e-01
2.164578598868078796e-01
5.319165985026808735e-02
4.138984073660657015e-01
2.571206992536855807e-01
5.487976329568348965e-02
2.585675235500425329e-01
5.086637354569454317e-01
8.752899698844724963e-01
2.895853800336929962e-01
7.651545494360667554e-01
2.954955328047102481e-01
6.490446460132960338e-01
4.513298123227126868e-01
6.217915551106198979e-01
6.228117969063950987e-01
6.351337943327741709e-01
4.610595033639027784e-01
1.055965008820316936e-01
4.290961435948122960e-01
8.621778471942089794e-01
2.322846358019567958e-01
2.481458897160502830e-01
5.049012948993882866e-01
4.108571368299456239e-01
3.954345296171802304e-01
6.521702449942938795e-01
8.734055579389939927e-01
6.070650262254903007e-01
8.861384147870983163e-01
4.177203496611204825e-01
8.526531681353459735e-01
2.869269246460773304e-01
6.714206259851862590e-01
2.690924712081557701e-01
5.007477090087922855e-01
4.450226128023471173e-01
3.336600207187715439e-01
1.828092197403077823e-02
2.701450689746845990e-01
1.125368889737505401e-01
4.944998331656115520e-02
1.369726319370115908e-01
4.194646960326333662e-01
6.243428512599320523e-01
9.145924469553318170e-02
1.185031250396749725e-01
6.286323625853079688e-01
6.824094655810721832e-01
2.469667434273800644e-01
1.729224496815343071e-02
2.377114548108822389e-01
2.497941490530704023e-01
5.006726388025754815e-02
5.038960998593410012e-02
3.499132417379992033e-01
2.306990288723261839e-01
5.613177387622672598e-02
2.695818989926158649e-01
6.939745571860862494e-01
4.731974797176955461e-01
2.255820867059127877e-01
9.561846675250840200e-02
9.042067157529178889e-01
4.411503092237742396e-01
5.130729651001147279e-02
4.047813302183257966e-01
2.782743763967306938e-01
2.542678814938692522e-01
4.766783948235567836e-01
8.684069413433256335e-01
7.264730628803818258e-01
2.912730970458406454e-01
6.420453637584070394e-01
6.230663564752344508e-01
6.149259217920254317e-01
1.090458556479066005e-01
4.185951731526328379e-01
2.429598944976683605e-01
5.028344125049071245e-01
6.403700842940607263e-01
8.632843342607446901e-01
4.186041525217588655e-01
2.700408096158863902e-01
1.778015404762497281e-02
1.276359303235971021e-01
1.399810625445273571e-01
8.841236288862125425e-01
8.496447080092480730e-01
1.243748847720678175e-01
1.162629506768304427e-01
3.615417504806410776e-01
4.421327801479281172e-01
1.486514488120093680e-01
5.666611924586963944e-01
5.721638107010876828e-01
6.761239909008730509e-01
4.315477719538208801e-01
4.477522123433911316e-01
8.322970216312360892e-01
5.621983908350328685e-01
3.045418340256997869e-01
5.950323279256121423e-02
4.594676847890911686e-01
4.900468758227676247e-01
1.127270398802519419e-01
5.069987410455458615e-02
3.662704902566966125e-01
2.291320770905360682e-01
5.740843130305645081e-02
2.921935012822663436e-01
7.171679433094957368e-01
4.854562055268609733e-01
2.348467878494591432e-01
9.976914738910430680e-02
9.223128860602067824e-01
4.311089749850913755e-01
2.164578598868078796e-01
5.319165985026808735e-02
4.138984073660657015e-01
2.571206992536855807e-01
5.487976329568348965e-02
2.585675235500425329e-01
5.086637354569454317e-01
8.752899698844724963e-01
2.895853800336929962e-01
7.651545494360667554e-01
2.954955328047102481e-01
6.490446460132960338e-01
4.513298123227126868e-01
6.217915551106198979e-01
6.228117969063950987e-01
6.351337943327741709e-01
4.610595033639027784e-01
1.055965008820316936e-01
4.290961435948122960e-01
8.621778471942089794e-01
2.322846358019567958e-01
2.481458897160502830e-01
5.049012948993882866e-01
4.108571368299456239e-01
3.954345296171802304e-01
6.521702449942938795e-01
8.734055579389939927e-01
6.070650262254903007e-01
8.861384147870983163e-01
4.177203496611204825e-01
8.526531681353459735e-01
2.869269246460773304e-01
6.714206259851862590e-01
2.690924712081557701e-01
5.007477090087922855e-01
4.450226128023471173e-01
3.336600207187715439e-01
1.828092197403077823e-02
2.701450689746845990e-01
1.125368889737505401e-01
4.944998331656115520e-02
1.369726319370115908e-01
4.194646960326333662e-01
6.243428512599320523e-01
9.145924469553318170e-02
1.185031250396749725e-01
6.286323625853079688e-01
6.824094655810721832e-01
2.469667434273800644e-01
1.729224496815343071e-02
2.377114548108822389e-01
2.497941490530704023e-01
5.006726388025754815e-02
1.162629506768304427e-01
3.615417504806410776e-01
4.421327801479281172e-01
1.486510035587095824e-01
5.666611924586963944e-01
5.721613353560599524e-01
6.761239909008730509e-01
4.315477719538208801e-01
4.477522123433911316e-01
8.322970216312360892e-01
5.621982886651140099e-01
3.045418340256997869e-01
5.950323279256121423e-02
4.594676847890911686e-01
4.900468758227676247e-01
1.127270398802519419e-01
8.540329296303061923e-02
7.451487895463884126e-01
4.107995132040596076e-01
9.192761293900321429e-02
7.168465767155263180e-01
6.881742947000076827e-01
8.274480620367519190e-01
4.660290014469523623e-01
4.051655203025950058e-01
8.238396944211916484e-01
6.531869308997640955e-01
6.681803262338652516e-01
4.262441043093420645e-02
4.167541452187648598e-01
6.580636872768599321e-01
7.564332931214534650e-02
7.230586022494120413e-02
3.323311967363116182e-01
3.743578877565041374e-01
7.436733451908175696e-02
2.059189083680834642e-01
8.190200599786892077e-01
8.098680542016469808e-01
3.323743254651234658e-01
4.582584111209462296e-01
7.656700540553179613e-01
7.651911514383852309e-01
2.608873818741932471e-01
1.009379671706522874e-01
4.120134748289991933e-01
1.489036766069029571e-01
6.258892330485474331e-02
9.096555402816509928e-02
6.811992993271185348e-01
2.882327421477102192e-01
8.843344343005662966e-02
4.171496100844231947e-01
8.275284890926686288e-01
8.227641926130782046e-01
2.945213787780200931e-01
8.329197001255392863e-01
7.925445338886524249e-01
7.854141243493502067e-01
5.786320222242582467e-01
7.199471352305007732e-02
8.540142536740551460e-01
2.738471770409716122e-01
8.087275607559549218e-02
7.422232743695596213e-02
7.029619103964828142e-01
5.701114337654504816e-01
9.278541745593654744e-02
7.016289100705894732e-01
8.277104462003663787e-01
8.262019251527052965e-01
5.894461725793989082e-01
4.460948765764096713e-01
7.416783843381955510e-01
7.837810785112278023e-01
5.597883148303788303e-01
8.619934579035165578e-02
4.382391820591964304e-01
5.924846689879621486e-01
6.583833821645004858e-02
8.922322438981178383e-02
3.642455031562950030e-01
3.481844497520252268e-01
8.369979238642114017e-02
4.104301538534362859e-01
7.996005959452128220e-01
8.356020372558147224e-01
3.156835954755021767e-01
2.946272507648721728e-01
8.546884898103337402e-01
7.573221458289116637e-01
2.944533784182448155e-01
8.555369233106793758e-02
2.598159730573941228e-01
3.097378390250913327e-01
8.008257428696352598e-02
5.069987410455459309e-02
3.662704902566965570e-01
2.291320770905360960e-01
5.740843130305645081e-02
2.921935012822662880e-01
7.171679433094955147e-01
4.854562055268609733e-01
2.348467878494591987e-01
9.976914738910430680e-02
9.223128860602068935e-01
4.311089749850913755e-01
2.164578598868079073e-01
5.319165985026808735e-02
4.138984073660656460e-01
2.571206992536856362e-01
5.487976329568348272e-02
2.585675235500425329e-01
5.086637354569456537e-01
8.752899698844724963e-01
2.895853800336930517e-01
7.651545494360667554e-01
2.954955328047103036e-01
6.490446460132961448e-01
4.513298123227127423e-01
6.217915551106198979e-01
6.228117969063950987e-01
6.351337943327740598e-01
4.610595033639027784e-01
1.055965008820317075e-01
4.290961435948122960e-01
8.621778471942089794e-01
2.322846358019567403e-01
2.481458897160501720e-01
5.049012948993881755e-01
4.108571368299457349e-01
3.954345296171801749e-01
6.521702449942941016e-01
8.734055579389941038e-01
6.070650262254904117e-01
8.861384147870985384e-01
4.177203496611204825e-01
8.526531681353458625e-01
2.869269246460773304e-01
6.714206259851863701e-01
2.690924712081557701e-01
5.007477090087922855e-01
4.450226128023472838e-01
3.336600207187715994e-01
1.828092197403077823e-02
2.701450689746844880e-01
1.125368889737505818e-01
4.944998331656114132e-02
1.369726319370115908e-01
4.194646960326334217e-01
6.243428512599321634e-01
9.145924469553323721e-02
1.185031250396748614e-01
6.286323625853079688e-01
6.824094655810724053e-01
2.469667434273800921e-01
1.729224496815342724e-02
2.377114548108822389e-01
2.497941490530704578e-01
5.006726388025754815e-02
