1.237449799514701507e-02
1.507133115194810302e-01
1.009065861116932306e-01
1.091970904767143938e-02
2.914374124016325673e-01
7.966755655949799841e-01
7.541113247332618119e-01
2.040831270730082692e-01
7.951400408133973974e-02
6.627410602835321907e-01
3.649574219745530534e-01
2.020956105390028235e-01
1.181386961467321625e-02
2.270455428647975560e-01
7.706212413679458528e-02
1.048730030721750639e-02
9.326951008365819140e-02
7.988267112616400656e-01
5.682069690067295120e-01
8.321026510443624291e-02
5.123923135955723573e-01
4.692914077450135446e-01
8.713836486000703374e-01
3.602252110546818042e-01
6.534355609850621693e-01
6.251395755884103789e-01
8.559431815290253764e-01
7.495666526753126391e-01
8.622425572914552139e-03
5.881844078459094183e-01
5.500204174457290485e-01
8.959428416312653631e-02
9.885752088686483585e-02
7.603517181314647377e-01
6.153609433287443586e-01
2.165227232514418954e-01
4.585873580528606608e-01
8.597845768909736508e-01
6.235847895523908280e-01
6.366228207172077713e-01
5.670629451882820415e-01
8.563756623012219737e-01
4.880900288213127491e-01
7.853372524330026749e-01
3.068520010150817545e-01
7.707971940621719531e-01
7.810513139181127773e-01
1.542046408445690853e-01
4.128927214089845796e-03
3.014085813154367410e-01
1.357594324948104003e-02
1.073409478992531571e-02
1.014063117712480366e-01
5.556310448556007753e-01
6.497859918553642311e-01
6.747417060983668113e-02
9.162376726808374450e-02
4.514461082338069309e-01
4.728396674581747949e-01
2.610375965739075155e-01
3.139124592920809753e-03
8.939097070857177085e-02
9.048960924114202165e-02
1.198959097075249190e-02
1.218572008089926356e-02
1.524645448577395812e-01
9.528390519849078144e-02
1.070139734035478393e-02
2.762386986804173383e-01
7.909271656770215930e-01
7.518277419654416649e-01
2.030817774161486344e-01
7.350027497995470505e-02
6.496682695260902474e-01
3.624446473255295564e-01
1.127007913007161202e-02
2.218495943467509446e-01
7.976085907608232439e-02
9.190714049843198841e-02
7.898929886117068699e-01
5.577852490234144200e-01
4.922240592499129708e-01
4.785549857241319094e-01
8.636147362674857497e-01
6.516119876190110682e-01
6.243609493698623059e-01
1.108431092856164424e-02
6.002269470686842912e-01
9.415257189773607038e-02
7.655495329526371684e-01
4.550072613389279930e-01
8.583176431483148239e-01
5.612707777715582047e-01
3.046140634566258942e-01
3.627589160097175608e-03
9.646104173487457523e-02
5.116461110289316494e-02
9.593629138958627012e-01
9.479194423574500705e-01
4.089419213262879271e-02
3.987250394781054197e-02
6.461347531956009860e-01
2.653510277585643395e-01
5.050115077721684109e-02
3.101337960604417798e-01
6.736829117562943559e-01
8.024597887311615274e-01
2.524643179634292744e-01
5.387743206066374357e-01
7.709109268517096991e-01
6.875229419292404609e-01
6.435077733180241122e-01
2.585182257059789879e-02
5.366011616916500637e-01
2.817638837401752472e-01
3.731612221610072777e-02
1.237449799514701507e-02
1.507133115194810302e-01
1.009065861116932306e-01
1.091970904767143938e-02
2.914374124016325673e-01
7.966755655949799841e-01
7.541113247332618119e-01
2.040831270730082692e-01
7.951400408133973974e-02
6.627410602835321907e-01
3.649574219745530534e-01
2.020956105390028235e-01
1.181386961467321625e-02
2.270455428647975560e-01
7.706212413679458528e-02
1.048730030721750639e-02
9.326951008365819140e-02
7.988267112616400656e-01
5.682069690067295120e-01
8.321026510443624291e-02
5.123923135955723573e-01
4.692914077450135446e-01
8.713836486000703374e-01
3.602252110546818042e-01
6.534355609850621693e-01
6.251395755884103789e-01
8.559431815290253764e-01
7.495666526753126391e-01
8.622425572914552139e-03
5.881844078459094183e-01
5.500204174457290485e-01
8.959428416312653631e-02
9.885752088686483585e-02
7.603517181314647377e-01
6.153609433287443586e-01
2.165227232514418954e-01
4.585873580528606608e-01
8.597845768909736508e-01
6.235847895523908280e-01
6.366228207172077713e-01
5.670629451882820415e-01
8.563756623012219737e-01
4.880900288213127491e-01
7.853372524330026749e-01
3.068520010150817545e-01
7.707971940621719531e-01
7.810513139181127773e-01
1.542046408445690853e-01
4.128927214089845796e-03
3.014085813154367410e-01
1.357594324948104003e-02
1.073409478992531571e-02
1.014063117712480366e-01
5.556310448556007753e-01
6.497859918553642311e-01
6.747417060983668113e-02
9.162376726808374450e-02
4.514461082338069309e-01
4.728396674581747949e-01
2.610375965739075155e-01
3.139124592920809753e-03
8.939097070857177085e-02
9.048960924114202165e-02
1.198959097075249190e-02
3.987250394781054197e-02
6.461347531956009860e-01
2.653510277585643395e-01
5.050065419154084467e-02
3.101337960604417798e-01
6.736799972104691170e-01
8.024597887311615274e-01
2.524643179634292744e-01
5.387743206066374357e-01
7.709109268517096991e-01
6.875228169837330761e-01
6.435077733180241122e-01
2.585182257059789879e-02
5.366011616916500637e-01
2.817638837401752472e-01
3.731612221610072777e-02
4.365772255809050040e-02
3.468466521982180861e-01
4.061822719559997630e-01
4.763377745745281389e-02
3.551771336863720485e-01
8.552860751816649953e-01
8.993267508437698954e-01
4.396150496736310753e-01
2.630874324552046062e-01
9.292880093590678570e-01
8.575313797820784956e-01
3.411886514848188057e-01
2.260033531232477633e-02
2.783941825043856344e-01
3.291574333087312620e-01
3.711779300470866017e-02
2.557189553357264167e-02
1.153862644344887389e-01
2.379415572371645915e-01
2.517498779200566528e-02
2.521191603035966011e-01
9.021422835374766080e-01
8.901001818308578173e-01
2.038645500533402544e-01
1.550664021442902385e-01
9.430317040558520159e-01
8.849151404140332966e-01
8.613537086125999664e-02
2.594415694150919993e-02
1.258856648051069893e-01
2.213991329149176401e-01
1.627617918150178755e-02
3.213798391437223956e-02
5.560564406061372367e-01
1.630022136289706047e-01
2.128699684328724806e-02
2.337197635941441476e-01
9.435575894173311440e-01
9.180188981918135926e-01
1.455081247087739449e-01
6.216573165030561121e-01
9.296458000666766308e-01
9.295894102806682158e-01
4.825976396057041207e-01
3.411090813359063389e-02
6.076102130016203251e-01
1.552839817138385037e-01
2.907430092574805891e-02
2.928216690941544409e-02
2.862905535158022374e-01
5.264476716832602321e-01
4.441059803353877844e-02
5.974358526248755297e-01
9.345336622474131882e-01
9.242623136771310755e-01
5.084030105254773169e-01
1.676140101426204509e-01
9.013920758097415664e-01
9.174171158509492052e-01
1.863182588903655734e-01
2.726919539646921464e-02
1.276715814831352880e-01
5.379971007836306107e-01
2.596480972963069456e-02
2.900229277073873568e-02
2.276051043457834044e-01
1.710636832651593053e-01
2.159667940988349577e-02
2.361834198159644682e-01
9.167055400037555923e-01
9.241984841059458500e-01
1.538292991119696307e-01
1.623159252617787374e-01
9.306444752307304613e-01
9.097506333962148695e-01
1.983197832247574066e-01
2.148992505658772756e-02
1.304258392762001062e-01
1.896294489334888755e-01
2.088281700749330949e-02
1.237449799514701854e-02
1.507133115194810302e-01
1.009065861116932583e-01
1.091970904767143938e-02
2.914374124016325118e-01
7.966755655949799841e-01
7.541113247332620340e-01
2.040831270730083802e-01
7.951400408133973974e-02
6.627410602835323017e-01
3.649574219745530534e-01
2.020956105390028512e-01
1.181386961467321972e-02
2.270455428647973894e-01
7.706212413679458528e-02
1.048730030721750812e-02
9.326951008365819140e-02
7.988267112616402876e-01
5.682069690067295120e-01
8.321026510443629842e-02
5.123923135955722463e-01
4.692914077450135446e-01
8.713836486000703374e-01
3.602252110546818598e-01
6.534355609850621693e-01
6.251395755884102678e-01
8.559431815290253764e-01
7.495666526753124170e-01
8.622425572914552139e-03
5.881844078459096403e-01
5.500204174457290485e-01
8.959428416312648080e-02
9.885752088686483585e-02
7.603517181314646267e-01
6.153609433287443586e-01
2.165227232514419509e-01
4.585873580528608273e-01
8.597845768909737618e-01
6.235847895523909390e-01
6.366228207172077713e-01
5.670629451882820415e-01
8.563756623012219737e-01
4.880900288213127491e-01
7.853372524330027860e-01
3.068520010150818100e-01
7.707971940621719531e-01
7.810513139181129993e-01
1.542046408445691408e-01
4.128927214089846663e-03
3.014085813154366855e-01
1.357594324948102615e-02
1.073409478992531918e-02
1.014063117712480366e-01
5.556310448556009973e-01
6.497859918553643421e-01
6.747417060983673665e-02
9.162376726808363347e-02
4.514461082338070419e-01
4.728396674581747394e-01
2.610375965739074600e-01
3.139124592920808886e-03
8.939097070857177085e-02
9.048960924114204940e-02
1.198959097075249017e-02
