2.062205456352375899e-01
4.478098947478169056e-01
4.947361066705192600e-01
2.212285027300421869e-01
4.014947268821246196e-01
4.287013586407114607e-01
4.568273984742883265e-01
1.418039075600390497e-01
2.620649505000040014e-01
7.010331259917208513e-01
2.540447770948909278e-01
1.340678708969725852e-01
2.013760045761571749e-01
6.981468392169938308e-01
7.095075775710271149e-01
2.151199665835766828e-01
5.347503496420147329e-01
4.365211481766821389e-01
4.923216987869257211e-01
7.478215365173075391e-01
5.186991650908028273e-01
2.101817235714466547e-01
5.051260641943187135e-01
2.744163510725320387e-01
5.126755296228884262e-01
4.802283241112593748e-01
4.895692496525074211e-01
4.449538379728926740e-01
9.272724377494061254e-02
2.481358030439420048e-01
5.166684795165501498e-01
5.224865562786469297e-01
4.575928564779784824e-01
3.530384536683803254e-01
2.526445615374632858e-01
7.088145853814942221e-01
7.019587825428913463e-01
6.153985457699004957e-01
4.711883169942467919e-01
7.043461003630488992e-01
4.057236327948916532e-01
6.066750448034048393e-01
2.098191257915264230e-01
4.120217993787488875e-01
1.516481506268677060e-01
3.619949946301638244e-01
4.106698083525562870e-01
4.270643001662440819e-01
9.424526135598915166e-02
1.516306416261760104e-01
9.623675070432009815e-02
1.930786982078289138e-01
4.548102500964538164e-01
3.920154038163459198e-01
5.088013077318360722e-01
2.760824669646645413e-01
4.498681358743241709e-01
6.988460506406826145e-01
5.201778047786034254e-01
3.771120776459103152e-01
8.770369186403609296e-02
4.593281618848487624e-01
5.614852743443534688e-01
2.081604416376504618e-01
2.071719689608292891e-01
4.374040082013418429e-01
5.085292253526256800e-01
2.181444648034719103e-01
3.893043600849663277e-01
4.202450057667601047e-01
4.508612346217761302e-01
1.379063411622372115e-01
2.690665047068953042e-01
7.026913472754010570e-01
2.641243299263403288e-01
1.971973590405246279e-01
7.034143494386819739e-01
7.468451696249110983e-01
5.478525609585922496e-01
4.235285440928129308e-01
5.026032022550510625e-01
5.192251112897318110e-01
2.100030427631195962e-01
4.972986113204186931e-01
5.107397044326749125e-01
4.757011503432294064e-01
9.447145955837356335e-02
2.481823452682725417e-01
4.584553167476768665e-01
3.574953536379391617e-01
7.003982880164684177e-01
6.112117783756184641e-01
3.987781246186584694e-01
1.518774690642668845e-01
9.093193640714207493e-02
4.523119134549872244e-01
3.280519292538276455e-01
6.815932704705397471e-01
6.624403819227061563e-01
3.234318097750478183e-01
2.995226848451659207e-01
1.740297334231930559e-01
2.546161228987487979e-01
4.084887557837660887e-01
6.640802840619388636e-01
4.028357294479429918e-01
5.445033082970139882e-01
2.851817574818121814e-01
5.270225960530962039e-01
6.526987359830023205e-01
4.049103961525637452e-01
1.594394094472251222e-01
1.326305593338504285e-01
5.274903546618169292e-01
6.550359664891189926e-01
3.037556839019587285e-01
2.062205456352375899e-01
4.478098947478169056e-01
4.947361066705192600e-01
2.212285027300421869e-01
4.014947268821246196e-01
4.287013586407114607e-01
4.568273984742883265e-01
1.418039075600390497e-01
2.620649505000040014e-01
7.010331259917208513e-01
2.540447770948909278e-01
1.340678708969725852e-01
2.013760045761571749e-01
6.981468392169938308e-01
7.095075775710271149e-01
2.151199665835766828e-01
5.347503496420147329e-01
4.365211481766821389e-01
4.923216987869257211e-01
7.478215365173075391e-01
5.186991650908028273e-01
2.101817235714466547e-01
5.051260641943187135e-01
2.744163510725320387e-01
5.126755296228884262e-01
4.802283241112593748e-01
4.895692496525074211e-01
4.449538379728926740e-01
9.272724377494061254e-02
2.481358030439420048e-01
5.166684795165501498e-01
5.224865562786469297e-01
4.575928564779784824e-01
3.530384536683803254e-01
2.526445615374632858e-01
7.088145853814942221e-01
7.019587825428913463e-01
6.153985457699004957e-01
4.711883169942467919e-01
7.043461003630488992e-01
4.057236327948916532e-01
6.066750448034048393e-01
2.098191257915264230e-01
4.120217993787488875e-01
1.516481506268677060e-01
3.619949946301638244e-01
4.106698083525562870e-01
4.270643001662440819e-01
9.424526135598915166e-02
1.516306416261760104e-01
9.623675070432009815e-02
1.930786982078289138e-01
4.548102500964538164e-01
3.920154038163459198e-01
5.088013077318360722e-01
2.760824669646645413e-01
4.498681358743241709e-01
6.988460506406826145e-01
5.201778047786034254e-01
3.771120776459103152e-01
8.770369186403609296e-02
4.593281618848487624e-01
5.614852743443534688e-01
2.081604416376504618e-01
2.995226848451659207e-01
1.740297334231930559e-01
2.546161228987487979e-01
4.084884464247698355e-01
6.640802840619388636e-01
4.028339866648427137e-01
5.445033082970139882e-01
2.851817574818121814e-01
5.270225960530962039e-01
6.526987359830023205e-01
4.049103225670413475e-01
1.594394094472251222e-01
1.326305593338504285e-01
5.274903546618169292e-01
6.550359664891189926e-01
3.037556839019587285e-01
2.730472201168404611e-01
6.527587214165719853e-01
6.276470162707998846e-01
2.101252827828373748e-01
6.138988526629853837e-01
5.023676380792524432e-01
5.795160222823416696e-01
6.929266860829377261e-01
5.713166029345853048e-01
5.828800503602451499e-01
4.881329927266341295e-01
6.429731657297579339e-01
1.891542581709911852e-01
5.924907131171337493e-01
6.264803088717758595e-01
2.655778472454640160e-01
1.762885943023735080e-01
6.204777012264133251e-01
8.398933897787483893e-01
1.748800832286065698e-01
5.802607527413055077e-01
5.153590192973576123e-01
5.420556079908165348e-01
8.004432426755923036e-01
8.459617948227122763e-01
5.212080741262845596e-01
4.878863013359453493e-01
6.087173448854803492e-01
2.029462420882237605e-01
8.478888949187290969e-01
5.702564183066758385e-01
1.689452810427990170e-01
2.146020368606580409e-01
7.471108470845622129e-01
5.930447438402413063e-01
2.651348620319603500e-01
9.419685807231301666e-01
6.060890440195444429e-01
4.959564460473058212e-01
6.039828705084837601e-01
7.549887969463360271e-01
5.626848295013667789e-01
5.893007842101312121e-01
7.194973809628195660e-01
2.269415919235063805e-01
7.913810474096625303e-01
8.957448512730032952e-01
2.119545092474981185e-01
2.169307592686618991e-01
8.500142989424159801e-01
8.512461399325794709e-01
2.344200013944618410e-01
7.585071153353477591e-01
5.890602127455898396e-01
5.442905253234144869e-01
8.908161737804269897e-01
7.499232796416293034e-01
5.096690693218439705e-01
5.692704182319681117e-01
7.781392201581560641e-01
2.448054703785491615e-01
7.351809903057611173e-01
7.321691567299253300e-01
2.151572555681679211e-01
1.962036384853773630e-01
7.602242290697727167e-01
8.799195058989779383e-01
1.864092914915374266e-01
7.555950050681017327e-01
5.266253583444935327e-01
5.571941999150085145e-01
8.420810894785915046e-01
8.722676533095601314e-01
5.472791527804694578e-01
5.102618978000336147e-01
7.748943074312470980e-01
1.901236442274598926e-01
8.944792855227190476e-01
6.824347837203870171e-01
1.927038486484830004e-01
2.062205456352376454e-01
4.478098947478169611e-01
4.947361066705194821e-01
2.212285027300422147e-01
4.014947268821245085e-01
4.287013586407115162e-01
4.568273984742883265e-01
1.418039075600391052e-01
2.620649505000040014e-01
7.010331259917207403e-01
2.540447770948910389e-01
1.340678708969726129e-01
2.013760045761572026e-01
6.981468392169936088e-01
7.095075775710273369e-01
2.151199665835767383e-01
5.347503496420147329e-01
4.365211481766822499e-01
4.923216987869257766e-01
7.478215365173075391e-01
5.186991650908027163e-01
2.101817235714466547e-01
5.051260641943187135e-01
2.744163510725320387e-01
5.126755296228886483e-01
4.802283241112593748e-01
4.895692496525073656e-01
4.449538379728926740e-01
9.272724377494062642e-02
2.481358030439420326e-01
5.166684795165501498e-01
5.224865562786469297e-01
4.575928564779784824e-01
3.530384536683802699e-01
2.526445615374633413e-01
7.088145853814942221e-01
7.019587825428912353e-01
6.153985457699004957e-01
4.711883169942468474e-01
7.043461003630488992e-01
4.057236327948916532e-01
6.066750448034047283e-01
2.098191257915264230e-01
4.120217993787489430e-01
1.516481506268677060e-01
3.619949946301638244e-01
4.106698083525563425e-01
4.270643001662441374e-01
9.424526135598915166e-02
1.516306416261759826e-01
9.623675070432011203e-02
1.930786982078288860e-01
4.548102500964538164e-01
3.920154038163459753e-01
5.088013077318361832e-01
2.760824669646645968e-01
4.498681358743241709e-01
6.988460506406826145e-01
5.201778047786034254e-01
3.771120776459102597e-01
8.770369186403607908e-02
4.593281618848487624e-01
5.614852743443534688e-01
2.081604416376504618e-01
