3.753247541751575378e-01
8.349546604941688877e-01
6.797957571598992610e-01
3.671024921742518377e-01
7.484887738719224748e-01
3.771590075992063973e-01
4.286413133215470905e-01
6.579578487162051070e-01
5.273202748405436679e-01
6.005187300751957391e-01
1.722859510124878923e-01
6.485334698795650610e-01
3.320334975032971925e-01
5.608637214234795110e-01
6.021204436236342605e-01
3.663325151214711917e-01
7.835999879701918136e-01
3.775250147484152108e-01
3.290743399537108815e-01
6.244841879607681001e-01
3.596807248774994137e-01
1.097567606779940169e-01
1.637859275573514684e-01
1.843318447050762976e-01
3.420141699174552574e-01
1.985657668448577162e-01
1.624089117899723267e-01
4.320203598101375331e-01
4.896992571838291730e-01
3.081008148424856929e-01
3.455268673329054963e-01
6.670877848219860518e-01
4.030429416645176510e-01
3.177966044133801460e-01
3.210302179972154279e-01
5.615696402506056284e-01
3.923351293038684906e-01
2.232720308910970675e-01
2.005361938082540485e-01
6.123173084130799637e-01
2.062649307015087252e-01
2.273201424332191856e-01
1.212882452274573752e-01
3.980895503594695239e-01
6.399588304265169114e-01
3.246995441789251036e-01
4.030275270765966145e-01
8.548868504387818756e-01
3.758363164580719173e-01
6.428463927757586127e-01
4.799587827099265347e-01
3.373202784499852447e-01
6.677764695318413324e-01
1.992300971805462950e-01
3.443570781272159431e-01
5.169163625119154171e-01
6.646571736276924991e-01
3.992102039578974138e-01
3.850450163628147959e-01
7.437739031430228298e-01
3.700612592125350764e-01
3.953362516840816521e-01
8.235998958119579161e-01
3.873180462701457660e-01
3.812068725132612412e-01
8.449525473405002929e-01
6.734793704655939184e-01
3.667137511769937297e-01
7.461315237212249318e-01
3.877705622958432241e-01
4.303391987211134251e-01
6.532096625488347241e-01
5.221236655612693234e-01
6.064241949306952151e-01
1.781641249024243367e-01
3.346959981535168049e-01
5.612122893946545066e-01
6.283237827361948247e-01
8.032030820885227573e-01
3.903423019017421280e-01
3.349138230336642374e-01
3.702019853659601623e-01
1.154392416379210057e-01
1.630930783884674273e-01
3.431848464709297830e-01
1.995525431985752385e-01
4.848582667947575753e-01
3.124142037573415798e-01
3.992126568669865372e-01
3.212316037241852440e-01
3.957817853935713392e-01
2.253538628694483903e-01
2.027006122315769543e-01
6.424061656268461595e-01
3.729112323056837930e-01
6.661996036597382931e-01
5.958277589447327216e-01
4.011451090535986808e-01
3.975468196134874788e-01
5.973292824201961171e-01
5.033343926391747880e-01
5.598078714556444790e-01
4.887409086969257688e-01
5.030814349602495961e-01
6.408406453247623702e-01
1.806379044733750494e-01
2.862089019499877152e-01
4.752808476929583081e-01
4.533863537252579290e-01
2.998253970117734091e-01
1.945447727315972319e-01
5.882378631957232429e-01
4.381624093900948758e-01
4.465660417760993761e-01
6.607200660343297560e-01
5.167185304709931426e-01
3.753247541751575378e-01
8.349546604941688877e-01
6.797957571598992610e-01
3.671024921742518377e-01
7.484887738719224748e-01
3.771590075992063973e-01
4.286413133215470905e-01
6.579578487162051070e-01
5.273202748405436679e-01
6.005187300751957391e-01
1.722859510124878923e-01
6.485334698795650610e-01
3.320334975032971925e-01
5.608637214234795110e-01
6.021204436236342605e-01
3.663325151214711917e-01
7.835999879701918136e-01
3.775250147484152108e-01
3.290743399537108815e-01
6.244841879607681001e-01
3.596807248774994137e-01
1.097567606779940169e-01
1.637859275573514684e-01
1.843318447050762976e-01
3.420141699174552574e-01
1.985657668448577162e-01
1.624089117899723267e-01
4.320203598101375331e-01
4.896992571838291730e-01
3.081008148424856929e-01
3.455268673329054963e-01
6.670877848219860518e-01
4.030429416645176510e-01
3.177966044133801460e-01
3.210302179972154279e-01
5.615696402506056284e-01
3.923351293038684906e-01
2.232720308910970675e-01
2.005361938082540485e-01
6.123173084130799637e-01
2.062649307015087252e-01
2.273201424332191856e-01
1.212882452274573752e-01
3.980895503594695239e-01
6.399588304265169114e-01
3.246995441789251036e-01
4.030275270765966145e-01
8.548868504387818756e-01
3.758363164580719173e-01
6.428463927757586127e-01
4.799587827099265347e-01
3.373202784499852447e-01
6.677764695318413324e-01
1.992300971805462950e-01
3.443570781272159431e-01
5.169163625119154171e-01
6.646571736276924991e-01
3.992102039578974138e-01
3.850450163628147959e-01
7.437739031430228298e-01
3.700612592125350764e-01
3.953362516840816521e-01
8.235998958119579161e-01
3.873180462701457660e-01
5.033343926391747880e-01
5.598078714556444790e-01
4.887409086969257688e-01
5.030811750730033172e-01
6.408406453247623702e-01
1.806371229819030422e-01
2.862089019499877152e-01
4.752808476929583081e-01
4.533863537252579290e-01
2.998253970117734091e-01
1.945447373764201959e-01
5.882378631957232429e-01
4.381624093900948758e-01
4.465660417760993761e-01
6.607200660343297560e-01
5.167185304709931426e-01
5.079037360738871687e-01
7.011819943603796457e-01
5.915789018662451770e-01
4.595759749867578958e-01
7.589935825826370497e-01
2.805029655662644172e-01
2.462724091594876707e-01
6.284670280173469958e-01
3.687306073844787146e-01
2.912979994881078061e-01
2.865962208811112522e-01
7.477708603151800304e-01
4.809663132222400939e-01
3.908963295492744461e-01
7.906952318331124108e-01
5.059635879702983896e-01
4.123932171683935000e-01
7.749183958896936897e-01
9.399532363300893145e-01
4.141667641084069151e-01
7.691546858562510192e-01
2.368861260022595283e-01
2.204190307329684240e-01
8.770822384725451837e-01
7.495987631034328746e-01
2.417705505639204666e-01
2.351990436596023692e-01
7.887060333961639635e-01
4.777422914008611077e-01
7.439454848696867018e-01
7.736312458760885580e-01
4.128799197774049023e-01
5.047973021778667801e-01
7.329553596161155760e-01
7.090924751815670390e-01
4.702982767122799723e-01
7.237949953448770124e-01
2.917024181575579300e-01
2.681881146262624638e-01
6.923093335712122709e-01
6.245617223215607083e-01
2.962223875924795413e-01
2.966480490285655636e-01
7.500816477691003570e-01
5.011371774383539535e-01
6.268098926813154836e-01
7.328528945037771081e-01
5.090512765102269688e-01
4.977068304556054867e-01
7.718648827616800823e-01
8.332986146507543879e-01
4.763020134865076360e-01
6.469163799565054163e-01
2.812906481534050984e-01
2.786574161971514529e-01
8.321659140119281872e-01
7.901154890539929809e-01
2.768873237152371103e-01
2.793598919602251485e-01
7.792750149736202836e-01
4.973412914374554794e-01
7.500757686791175161e-01
6.660858409685905812e-01
5.017497874006083824e-01
4.440857071182083282e-01
8.876312086181059602e-01
9.262969730014800618e-01
4.510266457359659587e-01
9.444967550476788265e-01
2.430701160132007210e-01
2.521961322101300973e-01
8.853279483944160866e-01
8.865298966223136290e-01
2.629935014680662153e-01
2.480696927909373517e-01
9.430084582615496647e-01
4.510369939013680884e-01
8.873975928101802690e-01
9.157958885526005233e-01
4.454464473862228546e-01
3.753247541751575933e-01
8.349546604941689987e-01
6.797957571598993720e-01
3.671024921742518932e-01
7.484887738719222527e-01
3.771590075992064528e-01
4.286413133215471460e-01
6.579578487162053291e-01
5.273202748405436679e-01
6.005187300751958501e-01
1.722859510124878646e-01
6.485334698795651720e-01
3.320334975032971925e-01
5.608637214234794000e-01
6.021204436236344826e-01
3.663325151214712472e-01
7.835999879701918136e-01
3.775250147484154328e-01
3.290743399537109370e-01
6.244841879607681001e-01
3.596807248774993582e-01
1.097567606779940169e-01
1.637859275573514961e-01
1.843318447050763809e-01
3.420141699174552574e-01
1.985657668448577162e-01
1.624089117899723544e-01
4.320203598101375331e-01
4.896992571838291175e-01
3.081008148424856374e-01
3.455268673329055518e-01
6.670877848219858297e-01
4.030429416645176510e-01
3.177966044133800905e-01
3.210302179972154279e-01
5.615696402506056284e-01
3.923351293038685461e-01
2.232720308910970397e-01
2.005361938082540763e-01
6.123173084130799637e-01
2.062649307015087252e-01
2.273201424332191578e-01
1.212882452274574030e-01
3.980895503594695795e-01
6.399588304265169114e-01
3.246995441789251036e-01
4.030275270765966700e-01
8.548868504387820977e-01
3.758363164580719729e-01
6.428463927757583907e-01
4.799587827099266457e-01
3.373202784499853002e-01
6.677764695318412214e-01
1.992300971805462950e-01
3.443570781272159431e-01
5.169163625119155281e-01
6.646571736276926101e-01
3.992102039578974138e-01
3.850450163628147404e-01
7.437739031430228298e-01
3.700612592125350209e-01
3.953362516840816521e-01
8.235998958119576940e-01
3.873180462701457660e-01
