2.455083864879266387e-01
5.372721708697678622e-01
3.185705930974800371e-01
2.621487599817813319e-01
4.815565401768442388e-01
5.390621496142152802e-01
4.835425109268944865e-01
3.102793394822103146e-01
2.171238867742091294e-01
7.376925892279615482e-01
2.289498632039109749e-01
3.126421558036256987e-01
2.716666032575472678e-01
5.841453665787450511e-01
5.550257160406097956e-01
2.566270280606929854e-01
4.957040505309822653e-01
4.400857173920260101e-01
6.187543875848022790e-01
5.631086888132816881e-01
5.409468856987009744e-01
2.239385379499573281e-01
4.500685066018820235e-01
2.243276372771875193e-01
3.576317651605072090e-01
4.251352026449124466e-01
4.499584730548336631e-01
4.802553487751749506e-01
2.471377622898825455e-01
2.212462779431969562e-01
6.548814259313378017e-01
2.865324620901141262e-01
2.419678920061396066e-01
3.573482076369841054e-01
2.477256273387312968e-01
5.909891103743178942e-01
5.703882231339224562e-01
5.287428299672202181e-01
4.306250152672585485e-01
7.423261468676374264e-01
3.323473657148365845e-01
5.394541663807649323e-01
2.492238466230134730e-01
5.646099563534108245e-01
4.897636936345355907e-01
3.587787252456250409e-01
4.786713186167547152e-01
5.517810682343742279e-01
2.325366394238794765e-01
4.810931967367211293e-01
2.427109344223186138e-01
2.714794431001820718e-01
4.853989346612607170e-01
3.073886276291526443e-01
3.548684958408373502e-01
2.059776696218509340e-01
5.069119871693006374e-01
5.733918697744250226e-01
5.702481694254566413e-01
4.793229014488769590e-01
2.242969261482189447e-01
2.246904029625015342e-01
5.108399805556256279e-01
2.513120634860392388e-01
2.483548038542887915e-01
5.445497612659788711e-01
3.026463198126231879e-01
2.593609839489189883e-01
4.804398085566470855e-01
5.520146063038129380e-01
4.818907950827187037e-01
3.114697725036169595e-01
2.115565065759573704e-01
7.400117933738692422e-01
2.264635306183066521e-01
2.715723466492812599e-01
5.875246643087339571e-01
5.726973829992391130e-01
5.031218441422901089e-01
4.594784236680501399e-01
6.352684209952821348e-01
5.557318401027359078e-01
2.363986235949755987e-01
4.500131429281842843e-01
3.562510475591959547e-01
4.278844632786250046e-01
2.449376403945509595e-01
2.319021737448080378e-01
2.333808457137165893e-01
3.580600531936123376e-01
5.718940303441374384e-01
5.342344309302102801e-01
3.197015950821833208e-01
4.862005830595140798e-01
2.283631994564258305e-01
4.962742088728450129e-01
3.804472158921824443e-01
6.161488533541460422e-01
6.233259303505395144e-01
3.749226735566267843e-01
3.184283373936303563e-01
3.916803246328570687e-01
2.986582270438341569e-01
4.178104243255845729e-01
6.419731436192663843e-01
3.763475377963561019e-01
4.786400556251032556e-01
2.904071282454488978e-01
3.508561769681345366e-01
5.813044912732328040e-01
4.040123491919703769e-01
4.269797193028690430e-01
2.906247794858254907e-01
3.225482930289583772e-01
6.704957629989687362e-01
3.204365122266595312e-01
2.455083864879266387e-01
5.372721708697678622e-01
3.185705930974800371e-01
2.621487599817813319e-01
4.815565401768442388e-01
5.390621496142152802e-01
4.835425109268944865e-01
3.102793394822103146e-01
2.171238867742091294e-01
7.376925892279615482e-01
2.289498632039109749e-01
3.126421558036256987e-01
2.716666032575472678e-01
5.841453665787450511e-01
5.550257160406097956e-01
2.566270280606929854e-01
4.957040505309822653e-01
4.400857173920260101e-01
6.187543875848022790e-01
5.631086888132816881e-01
5.409468856987009744e-01
2.239385379499573281e-01
4.500685066018820235e-01
2.243276372771875193e-01
3.576317651605072090e-01
4.251352026449124466e-01
4.499584730548336631e-01
4.802553487751749506e-01
2.471377622898825455e-01
2.212462779431969562e-01
6.548814259313378017e-01
2.865324620901141262e-01
2.419678920061396066e-01
3.573482076369841054e-01
2.477256273387312968e-01
5.909891103743178942e-01
5.703882231339224562e-01
5.287428299672202181e-01
4.306250152672585485e-01
7.423261468676374264e-01
3.323473657148365845e-01
5.394541663807649323e-01
2.492238466230134730e-01
5.646099563534108245e-01
4.897636936345355907e-01
3.587787252456250409e-01
4.786713186167547152e-01
5.517810682343742279e-01
2.325366394238794765e-01
4.810931967367211293e-01
2.427109344223186138e-01
2.714794431001820718e-01
4.853989346612607170e-01
3.073886276291526443e-01
3.548684958408373502e-01
2.059776696218509340e-01
5.069119871693006374e-01
5.733918697744250226e-01
5.702481694254566413e-01
4.793229014488769590e-01
2.242969261482189447e-01
2.246904029625015342e-01
5.108399805556256279e-01
2.513120634860392388e-01
3.184283373936303563e-01
3.916803246328570687e-01
2.986582270438341569e-01
4.178101198417991102e-01
6.419731436192663843e-01
3.763459096087828915e-01
4.786400556251032556e-01
2.904071282454488978e-01
3.508561769681345366e-01
5.813044912732328040e-01
4.040122757696525402e-01
4.269797193028690430e-01
2.906247794858254907e-01
3.225482930289583772e-01
6.704957629989687362e-01
3.204365122266595312e-01
3.259038692106682733e-01
7.328666873354816591e-01
4.231198925781185505e-01
2.865761321233328274e-01
4.497574277567331080e-01
4.677730001508002555e-01
5.876316925553757287e-01
4.260943670164645258e-01
3.790849037328929416e-01
5.279465219337253767e-01
4.899158614238364740e-01
7.807378890922791470e-01
3.155166856693098487e-01
3.736839703063732365e-01
4.666190529622473715e-01
3.219234355569645101e-01
2.388626953568250555e-01
5.835426289414709089e-01
8.628004106662912065e-01
2.188830542941798962e-01
4.993704327192673986e-01
4.906803951962279697e-01
4.573044867595840723e-01
7.906114765676470757e-01
9.199071396947926527e-01
4.139397359718901548e-01
5.015165446071321309e-01
5.939030884447975556e-01
2.435244983007360253e-01
8.951412916285454990e-01
5.076214294538716754e-01
2.312889466330929900e-01
2.819076033035309292e-01
7.247104949240643634e-01
5.556846562548640733e-01
3.084263516188118226e-01
7.875172023299596979e-01
5.186393616779922944e-01
4.915969879379863405e-01
5.098080518852752263e-01
8.644377379310146381e-01
5.053645114281049011e-01
5.340173389394904380e-01
7.339211543875636679e-01
2.641037363042657016e-01
8.151040690193511740e-01
8.135264703239255546e-01
2.794295975810366928e-01
2.753534173911301730e-01
8.013009363298921883e-01
7.923267220855061410e-01
2.931705094752175000e-01
6.474205079871158119e-01
4.995536751870855996e-01
5.504699043898373390e-01
7.502087627663907021e-01
8.747260378732533148e-01
4.680355815040158629e-01
5.100136550861373852e-01
7.970999010373382987e-01
2.888314604863701507e-01
7.870562068109618892e-01
6.576964175617479036e-01
2.759258239003073987e-01
2.470885299591097928e-01
7.735544377781031766e-01
8.425555635948196453e-01
2.466374679490050126e-01
7.586295925989785527e-01
4.582647372264549435e-01
5.102801462338613092e-01
7.762952253438917261e-01
9.169546038388372011e-01
4.898478047120121692e-01
4.746014841141733553e-01
8.223972384982209949e-01
2.369659152086226739e-01
8.744410746914657029e-01
7.506045766958511223e-01
2.410342120781613917e-01
2.455083864879266387e-01
5.372721708697677512e-01
3.185705930974801481e-01
2.621487599817813874e-01
4.815565401768441278e-01
5.390621496142153912e-01
4.835425109268944865e-01
3.102793394822103146e-01
2.171238867742091294e-01
7.376925892279614372e-01
2.289498632039110027e-01
3.126421558036256432e-01
2.716666032575472678e-01
5.841453665787449401e-01
5.550257160406100176e-01
2.566270280606930410e-01
4.957040505309822653e-01
4.400857173920260101e-01
6.187543875848023900e-01
5.631086888132817991e-01
5.409468856987008634e-01
2.239385379499573281e-01
4.500685066018820235e-01
2.243276372771875471e-01
3.576317651605072090e-01
4.251352026449123911e-01
4.499584730548336631e-01
4.802553487751748396e-01
2.471377622898825732e-01
2.212462779431969839e-01
6.548814259313378017e-01
2.865324620901141262e-01
2.419678920061396066e-01
3.573482076369840499e-01
2.477256273387313246e-01
5.909891103743178942e-01
5.703882231339225672e-01
5.287428299672202181e-01
4.306250152672586040e-01
7.423261468676376484e-01
3.323473657148365845e-01
5.394541663807648213e-01
2.492238466230134730e-01
5.646099563534108245e-01
4.897636936345357017e-01
3.587787252456251519e-01
4.786713186167548817e-01
5.517810682343742279e-01
2.325366394238794765e-01
4.810931967367209072e-01
2.427109344223186693e-01
2.714794431001820718e-01
4.853989346612607170e-01
3.073886276291526998e-01
3.548684958408374612e-01
2.059776696218509895e-01
5.069119871693005264e-01
5.733918697744250226e-01
5.702481694254566413e-01
4.793229014488769035e-01
2.242969261482189447e-01
2.246904029625015342e-01
5.108399805556256279e-01
2.513120634860392388e-01
