2.075766279418488902e-01
6.714959404385776320e-01
3.769692801626650658e-01
2.727489187655786629e-01
7.854786074284680897e-01
5.488330869491928610e-01
5.010103573769563168e-01
5.325949160791513259e-01
2.603151297450772006e-01
5.927723994166629318e-01
2.174830598064756426e-01
5.324055957576943054e-01
2.155466108726062646e-01
6.669015022535906834e-01
6.802092624726256975e-01
2.654913139601465244e-01
7.610115466195850331e-01
7.966658786429192673e-01
5.517649487888716120e-01
7.056548040401402488e-01
6.931299342547687647e-01
1.843961872947967318e-01
2.779461154083184282e-01
1.998283266222753984e-01
3.022839703496051911e-01
2.836796609075189490e-01
2.905581121020837654e-01
4.895017097425745645e-01
2.946176218589106610e-01
2.673267237540070673e-01
5.535400033919353202e-01
3.677102374590912048e-01
2.384566128961292941e-01
3.284205945706550889e-01
2.831371820358286051e-01
6.720523030949645538e-01
6.922055808873204263e-01
3.534064658236685252e-01
2.880224392020119817e-01
5.953377097980379062e-01
3.589315533691319615e-01
3.645718621869992182e-01
2.234258845820857042e-01
6.239501978481212241e-01
5.761877967740463014e-01
3.440175308508204299e-01
8.344385556987301555e-01
7.127868933790844075e-01
1.890672042954691656e-01
5.782981179140673778e-01
2.990805547555857591e-01
2.123228496206714111e-01
6.627253160773076690e-01
3.292267057583318501e-01
3.100851267635548747e-01
2.700074926815084764e-01
6.447649138365654231e-01
6.858187592502910102e-01
7.302299114818249226e-01
7.837837723452607541e-01
1.844980456430546922e-01
2.404781709317067029e-01
7.940775755061295627e-01
2.215749090042250791e-01
2.144420944948848551e-01
6.922072760431209337e-01
3.723671538297034789e-01
2.690847465417697815e-01
7.846312564648860732e-01
5.869166350008296895e-01
4.952275530109468971e-01
5.324995328027439800e-01
2.651563300149947233e-01
5.940563973583483648e-01
2.084448455991821936e-01
2.139230772864821051e-01
6.694448601160136736e-01
7.102439127562701904e-01
7.772164958646322619e-01
8.156500180149141022e-01
5.511244103792946047e-01
7.137520268574569782e-01
2.036292279978738629e-01
2.842918753002877108e-01
3.061819595519783554e-01
2.858544945908020329e-01
2.968356878594697323e-01
2.729250055656641250e-01
2.394613429463395282e-01
3.361818480644859775e-01
6.890036989010335233e-01
3.590768492965727976e-01
3.438810853416814917e-01
5.781466936046649741e-01
1.867529114675922641e-01
6.536459769530514885e-01
4.361846076700789387e-01
5.527185133132749284e-01
5.649077984363263250e-01
4.402271696440365201e-01
3.252175194271568759e-01
6.854964057913670583e-01
3.407104837903526251e-01
4.308971321633455753e-01
1.000000000000000000e+00
3.053348449252930585e-01
3.604488771265894620e-01
3.260660126826312455e-01
3.818897123423684592e-01
4.445856275121712331e-01
3.459969491254297758e-01
7.392386851240853041e-01
2.695982908958013402e-01
3.825199566982967481e-01
9.999999999999997780e-01
3.377920416085897770e-01
2.075766279418488902e-01
6.714959404385776320e-01
3.769692801626650658e-01
2.727489187655786629e-01
7.854786074284680897e-01
5.488330869491928610e-01
5.010103573769563168e-01
5.325949160791513259e-01
2.603151297450772006e-01
5.927723994166629318e-01
2.174830598064756426e-01
5.324055957576943054e-01
2.155466108726062646e-01
6.669015022535906834e-01
6.802092624726256975e-01
2.654913139601465244e-01
7.610115466195850331e-01
7.966658786429192673e-01
5.517649487888716120e-01
7.056548040401402488e-01
6.931299342547687647e-01
1.843961872947967318e-01
2.779461154083184282e-01
1.998283266222753984e-01
3.022839703496051911e-01
2.836796609075189490e-01
2.905581121020837654e-01
4.895017097425745645e-01
2.946176218589106610e-01
2.673267237540070673e-01
5.535400033919353202e-01
3.677102374590912048e-01
2.384566128961292941e-01
3.284205945706550889e-01
2.831371820358286051e-01
6.720523030949645538e-01
6.922055808873204263e-01
3.534064658236685252e-01
2.880224392020119817e-01
5.953377097980379062e-01
3.589315533691319615e-01
3.645718621869992182e-01
2.234258845820857042e-01
6.239501978481212241e-01
5.761877967740463014e-01
3.440175308508204299e-01
8.344385556987301555e-01
7.127868933790844075e-01
1.890672042954691656e-01
5.782981179140673778e-01
2.990805547555857591e-01
2.123228496206714111e-01
6.627253160773076690e-01
3.292267057583318501e-01
3.100851267635548747e-01
2.700074926815084764e-01
6.447649138365654231e-01
6.858187592502910102e-01
7.302299114818249226e-01
7.837837723452607541e-01
1.844980456430546922e-01
2.404781709317067029e-01
7.940775755061295627e-01
2.215749090042250791e-01
3.252175194271568759e-01
6.854964057913670583e-01
3.407104837903526251e-01
4.308968345238776698e-01
1.000000000000000000e+00
3.053335239590312944e-01
3.604488771265894620e-01
3.260660126826312455e-01
3.818897123423684592e-01
4.445856275121712331e-01
3.459968862464162798e-01
7.392386851240853041e-01
2.695982908958013402e-01
3.825199566982967481e-01
9.999999999999997780e-01
3.377920416085897770e-01
3.266546440805455642e-01
7.969907472997996845e-01
5.338178893053033836e-01
3.472553776699268124e-01
7.581531502208558315e-01
4.265636989921967048e-01
4.220366830752644849e-01
5.339833162371003805e-01
5.347241219668923407e-01
3.933373632060859215e-01
4.514790636218553033e-01
8.962210446355105553e-01
3.221665745465704944e-01
5.415562049912530096e-01
8.108275182285231697e-01
3.301195744058708637e-01
2.779304743709893888e-01
7.766950342122103113e-01
8.027657309198881208e-01
2.581230708458790435e-01
7.468196699155831286e-01
4.108375066387915941e-01
3.650736745812913076e-01
7.742191414713415210e-01
7.341329373875404851e-01
3.661050058962070919e-01
4.316343250499441453e-01
7.916234358719367314e-01
3.025228312628200911e-01
7.099004366572190250e-01
8.021093300851471763e-01
2.775456579044637273e-01
3.700621578932509204e-01
7.900894391923469762e-01
4.914900746871793125e-01
3.225429598658507979e-01
7.903352551392783809e-01
4.461008471984084789e-01
4.401419889475933767e-01
4.816201584062604901e-01
5.812218956949020132e-01
4.779294670894237429e-01
4.728426652459140067e-01
8.414399731200958854e-01
3.314830589309007980e-01
5.798287524033292062e-01
8.589840511854358596e-01
3.722057143625976394e-01
3.426611836675648726e-01
7.947565778142942072e-01
7.086572844885936640e-01
3.466990008114348987e-01
7.194648507931757919e-01
4.606804047931298829e-01
4.456744587657865964e-01
6.752071884376169564e-01
6.832594510030221002e-01
4.089533731211583700e-01
4.794190690389532050e-01
8.688952910230773874e-01
3.469420296746604793e-01
6.506457333751063388e-01
7.523575279216228040e-01
3.485636702904943984e-01
3.031164854084463234e-01
9.076435423143285330e-01
8.359279518375659634e-01
2.780437363515427807e-01
9.805983138184075631e-01
4.086816970283166373e-01
3.907812679038503711e-01
7.948054139778877314e-01
7.991111568899804674e-01
4.065673942884547865e-01
4.325239090810386600e-01
9.999999999999997780e-01
2.749502384764012097e-01
7.773467014138872866e-01
1.000000000000000000e+00
3.044987365347545660e-01
2.075766279418489457e-01
6.714959404385776320e-01
3.769692801626651768e-01
2.727489187655786074e-01
7.854786074284680897e-01
5.488330869491928610e-01
5.010103573769563168e-01
5.325949160791514370e-01
2.603151297450772006e-01
5.927723994166628207e-01
2.174830598064756704e-01
5.324055957576943054e-01
2.155466108726062646e-01
6.669015022535904613e-01
6.802092624726259196e-01
2.654913139601465799e-01
7.610115466195852552e-01
7.966658786429194894e-01
5.517649487888715010e-01
7.056548040401400268e-01
6.931299342547687647e-01
1.843961872947967873e-01
2.779461154083184282e-01
1.998283266222754262e-01
3.022839703496052466e-01
2.836796609075188935e-01
2.905581121020837654e-01
4.895017097425744534e-01
2.946176218589107165e-01
2.673267237540071228e-01
5.535400033919353202e-01
3.677102374590912048e-01
2.384566128961292941e-01
3.284205945706549779e-01
2.831371820358286606e-01
6.720523030949645538e-01
6.922055808873206484e-01
3.534064658236685808e-01
2.880224392020120372e-01
5.953377097980379062e-01
3.589315533691319615e-01
3.645718621869992182e-01
2.234258845820857042e-01
6.239501978481212241e-01
5.761877967740463014e-01
3.440175308508204299e-01
8.344385556987305996e-01
7.127868933790844075e-01
1.890672042954691656e-01
5.782981179140672667e-01
2.990805547555857591e-01
2.123228496206714389e-01
6.627253160773077800e-01
3.292267057583319056e-01
3.100851267635549302e-01
2.700074926815084209e-01
6.447649138365655341e-01
6.858187592502911212e-01
7.302299114818249226e-01
7.837837723452607541e-01
1.844980456430546645e-01
2.404781709317065919e-01
7.940775755061297847e-01
2.215749090042251068e-01
