7.800881500555995052e-02
4.234397862910838639e-01
2.686061893833846526e-01
1.191834243614709743e-01
4.827554638643392071e-01
7.912477811165752328e-01
6.452236849407873009e-01
4.149184511789835161e-01
2.585008414502533158e-01
6.211447052587986128e-01
3.321157029163921415e-01
3.987092544727119381e-01
9.565371050875551284e-02
5.766650010526928050e-01
5.089298745415251624e-01
1.202410611245618710e-01
4.290266308839749132e-01
7.448903041643806233e-01
5.387656600052437295e-01
5.418246511250286446e-01
7.087512519732088734e-01
3.316454252917405143e-01
4.749387705254538572e-01
3.464834685767447797e-01
6.007071206394196672e-01
3.192846426836416507e-01
4.734216461206489091e-01
6.402143331648656455e-01
1.939459274072829476e-01
5.447183595243020315e-01
5.422445407339919754e-01
2.758658766575735055e-01
1.876724117147625659e-01
7.102637424186240001e-01
5.587933550127759386e-01
5.739530537966579526e-01
4.540569698305273461e-01
5.166256918381341157e-01
3.191066736215122934e-01
6.106265866579219104e-01
4.825378569402564155e-01
5.140391171290217276e-01
3.499938185591414119e-01
7.752182605460471443e-01
3.539932482377726175e-01
7.159445225410243641e-01
7.401771927574309906e-01
4.341786186995388874e-01
7.651950936946577686e-02
3.634357259306438825e-01
1.889216324333634067e-01
9.708277503038437173e-02
5.542455280239697579e-01
4.682950597808926974e-01
6.067904021628578448e-01
2.635929020178360283e-01
5.273136687589035088e-01
4.549285699927708704e-01
6.873841801632822879e-01
4.732177999013749692e-01
7.705321595866618245e-02
1.992318784111696273e-01
4.387329759450781519e-01
8.266108450185244427e-02
8.029052377252793304e-02
4.288263309497386544e-01
2.722145535570063557e-01
1.197173971188875974e-01
4.779870065498696419e-01
7.831209907010892035e-01
6.427066123671050235e-01
4.067519412244297028e-01
2.610442547701938842e-01
6.158801404981437688e-01
3.391946075920184156e-01
9.637340842255429085e-02
5.753258981464592914e-01
5.376767592793311179e-01
4.337835017380403668e-01
7.425215452942303118e-01
5.389207961034270244e-01
7.001956861710031399e-01
3.406871401672211808e-01
4.741754253206538205e-01
6.037467425153451028e-01
3.191955169938978099e-01
1.914488659195933695e-01
5.502644465276875785e-01
1.934175564743431663e-01
7.130905780086835843e-01
4.544939259594650283e-01
5.154755531910389932e-01
4.753215006715062474e-01
3.592666374016658670e-01
7.678983338873011932e-02
5.406309396513558907e-01
2.677126868966562823e-01
7.373202524427814319e-01
7.235917559590497872e-01
2.676992893417770025e-01
1.637401726953233161e-01
7.469908333182162519e-01
3.914356553692889262e-01
2.647780745516563616e-01
6.812021546222848389e-01
4.816558558170966897e-01
5.292956022413822792e-01
3.948703036867809990e-01
6.717461596226866893e-01
4.793487483674511163e-01
4.945378820542022380e-01
7.436259099586162158e-01
1.284100056173040905e-01
6.869987490754466686e-01
6.592215318508283239e-01
1.706677640049296674e-01
7.800881500555995052e-02
4.234397862910838639e-01
2.686061893833846526e-01
1.191834243614709743e-01
4.827554638643392071e-01
7.912477811165752328e-01
6.452236849407873009e-01
4.149184511789835161e-01
2.585008414502533158e-01
6.211447052587986128e-01
3.321157029163921415e-01
3.987092544727119381e-01
9.565371050875551284e-02
5.766650010526928050e-01
5.089298745415251624e-01
1.202410611245618710e-01
4.290266308839749132e-01
7.448903041643806233e-01
5.387656600052437295e-01
5.418246511250286446e-01
7.087512519732088734e-01
3.316454252917405143e-01
4.749387705254538572e-01
3.464834685767447797e-01
6.007071206394196672e-01
3.192846426836416507e-01
4.734216461206489091e-01
6.402143331648656455e-01
1.939459274072829476e-01
5.447183595243020315e-01
5.422445407339919754e-01
2.758658766575735055e-01
1.876724117147625659e-01
7.102637424186240001e-01
5.587933550127759386e-01
5.739530537966579526e-01
4.540569698305273461e-01
5.166256918381341157e-01
3.191066736215122934e-01
6.106265866579219104e-01
4.825378569402564155e-01
5.140391171290217276e-01
3.499938185591414119e-01
7.752182605460471443e-01
3.539932482377726175e-01
7.159445225410243641e-01
7.401771927574309906e-01
4.341786186995388874e-01
7.651950936946577686e-02
3.634357259306438825e-01
1.889216324333634067e-01
9.708277503038437173e-02
5.542455280239697579e-01
4.682950597808926974e-01
6.067904021628578448e-01
2.635929020178360283e-01
5.273136687589035088e-01
4.549285699927708704e-01
6.873841801632822879e-01
4.732177999013749692e-01
7.705321595866618245e-02
1.992318784111696273e-01
4.387329759450781519e-01
8.266108450185244427e-02
1.637401726953233161e-01
7.469908333182162519e-01
3.914356553692889262e-01
2.647776900323100535e-01
6.812021546222848389e-01
4.816537720354847618e-01
5.292956022413822792e-01
3.948703036867809990e-01
6.717461596226866893e-01
4.793487483674511163e-01
4.945377921804208765e-01
7.436259099586162158e-01
1.284100056173040905e-01
6.869987490754466686e-01
6.592215318508283239e-01
1.706677640049296674e-01
1.656314807286030366e-01
7.638278944122023351e-01
6.165211706819939685e-01
1.893657182852236942e-01
8.737991374875226924e-01
5.765550759046623730e-01
5.733931590588927651e-01
6.754648862682619548e-01
2.968958618653276815e-01
6.618145378815976088e-01
5.774203907730951491e-01
7.648990669587183433e-01
2.005794042514760234e-01
3.397621050861117098e-01
8.662848441143140565e-01
1.665984837101192606e-01
1.467804579986764224e-01
5.338881329934834774e-01
6.309265166192865593e-01
1.507614038620429253e-01
5.957981119309596618e-01
6.111731324092380957e-01
5.913556973721640908e-01
6.046704036418388828e-01
7.348761161364982808e-01
5.722174479339126041e-01
5.945105733677679138e-01
5.260980957004670611e-01
1.309139862153193556e-01
7.489079775080189627e-01
5.832171706000857103e-01
1.458750422176111894e-01
1.784589214180120065e-01
8.139322533489021794e-01
3.740826370228464981e-01
2.081591497590422890e-01
7.385072360922109169e-01
6.242409400219391946e-01
6.567430816000521254e-01
3.760908854297548842e-01
7.879347279093948941e-01
6.547562536920692455e-01
6.094748189900918156e-01
8.069063777681186878e-01
1.782200800592819712e-01
7.980449228878396806e-01
7.242378214112030754e-01
1.820462883809708388e-01
1.673849087742144137e-01
6.955332042283699501e-01
7.764954790217868386e-01
2.075466234742245342e-01
8.340103664127771488e-01
6.438952988698374291e-01
6.127272589740088149e-01
8.028817594597006391e-01
4.700957152756166657e-01
6.300003090748838019e-01
6.306434068777486690e-01
6.550954781467823729e-01
2.100299939907714353e-01
4.749323979696646880e-01
8.151297595395057272e-01
1.704145181407482890e-01
1.476808254360357231e-01
7.102490643280605642e-01
7.884385530556325961e-01
1.383009301359356125e-01
7.161573038152824200e-01
6.000908866031005040e-01
6.098930349512421412e-01
7.789930774802948932e-01
7.943037438545572648e-01
6.062537666212500787e-01
5.902877904202913362e-01
7.336772409034078013e-01
1.373447796706553647e-01
8.071142284660821620e-01
6.860479888386517011e-01
1.470705957547778220e-01
7.800881500555996440e-02
4.234397862910838084e-01
2.686061893833846526e-01
1.191834243614709743e-01
4.827554638643392071e-01
7.912477811165752328e-01
6.452236849407874120e-01
4.149184511789835161e-01
2.585008414502533158e-01
6.211447052587985018e-01
3.321157029163921415e-01
3.987092544727118826e-01
9.565371050875551284e-02
5.766650010526926939e-01
5.089298745415253844e-01
1.202410611245618710e-01
4.290266308839749132e-01
7.448903041643808454e-01
5.387656600052437295e-01
5.418246511250285335e-01
7.087512519732088734e-01
3.316454252917405698e-01
4.749387705254538572e-01
3.464834685767448352e-01
6.007071206394196672e-01
3.192846426836416507e-01
4.734216461206489091e-01
6.402143331648655344e-01
1.939459274072829198e-01
5.447183595243020315e-01
5.422445407339919754e-01
2.758658766575735055e-01
1.876724117147625104e-01
7.102637424186240001e-01
5.587933550127760496e-01
5.739530537966579526e-01
4.540569698305274016e-01
5.166256918381342267e-01
3.191066736215123489e-01
6.106265866579221324e-01
4.825378569402565265e-01
5.140391171290216166e-01
3.499938185591414119e-01
7.752182605460470333e-01
3.539932482377725620e-01
7.159445225410243641e-01
7.401771927574312127e-01
4.341786186995389429e-01
7.651950936946580462e-02
3.634357259306437715e-01
1.889216324333634622e-01
9.708277503038437173e-02
5.542455280239696469e-01
4.682950597808928639e-01
6.067904021628579558e-01
2.635929020178360838e-01
5.273136687589033977e-01
4.549285699927708704e-01
6.873841801632822879e-01
4.732177999013749137e-01
7.705321595866618245e-02
1.992318784111695718e-01
4.387329759450782629e-01
8.266108450185244427e-02
