3.421080407763241737e-01
8.546061274705134547e-01
5.846493048624640254e-01
3.642226225100445580e-01
7.045206942284015783e-01
4.517703749233952237e-01
3.913416262200462570e-01
6.012475104246929325e-01
2.853766394930777883e-01
5.936084436196138459e-01
1.318773159410792095e-01
5.946852499864496711e-01
2.575167107637928443e-01
7.576470392402410159e-01
7.170860751156884483e-01
3.534131166794270973e-01
9.327602974225068788e-01
4.308574473880792399e-01
4.414394429284616561e-01
7.775492663590646281e-01
5.500013864457802271e-01
1.103329597772164522e-01
2.533128948433294170e-01
1.455244969318034154e-01
3.200887476893207739e-01
2.145199601808109868e-01
2.502427550497592357e-01
3.917576016965969021e-01
2.968288299369027383e-01
1.381293354256079020e-01
4.429957225935629017e-01
6.064299525477017117e-01
3.430632442002570781e-01
3.504402495960267649e-01
1.397066173279475076e-01
7.533667722503889497e-01
5.338757625503159909e-01
3.331271067685417364e-01
2.138856110422447943e-01
5.799133112709611293e-01
2.194680727746516069e-01
3.285352929163410929e-01
1.125990114107125739e-01
4.525210544875625795e-01
4.312389978641961163e-01
3.495047448006614044e-01
4.445990528510949114e-01
8.528818653749647982e-01
3.003790272048146304e-01
4.212201064433258590e-01
3.133924621279515210e-01
2.451106182511244569e-01
8.995556373160253916e-01
2.180709232355722560e-01
3.235842329005583218e-01
2.861587747064725518e-01
8.809695495192015890e-01
5.322778700199207735e-01
5.302239102527650516e-01
6.892806572064031911e-01
2.859447286350110806e-01
3.565587265688265339e-01
9.690205051187783525e-01
3.637851462379718126e-01
3.527395920253968420e-01
8.537412462220094200e-01
5.954751856225235507e-01
3.587651896407316743e-01
6.969012743901135121e-01
4.521509611960997099e-01
3.915506433763942806e-01
5.979413154192025903e-01
2.857673051368462280e-01
5.867537090524246324e-01
1.385516466505151700e-01
2.512688200880203171e-01
7.555335328094607839e-01
7.657380817435320841e-01
9.505306449701088622e-01
4.377638298221175894e-01
4.403181406495890737e-01
5.402426810193293738e-01
1.114496239158465768e-01
2.517681457890890706e-01
3.218353302326594223e-01
2.142022824685351767e-01
3.050609119016799986e-01
1.364360085410684653e-01
3.497706037908078769e-01
3.499747293341557985e-01
5.330746969186358486e-01
3.309258183635991335e-01
2.187601831149236509e-01
4.269103241824080408e-01
2.930680108456260591e-01
8.901600017484786465e-01
5.466819621137737339e-01
4.561649182361181554e-01
4.418845565869308212e-01
5.477756097350789943e-01
4.741571127588860013e-01
5.170072138957784169e-01
3.086183687718050406e-01
5.144635393671074253e-01
9.004426851340221472e-01
2.334752065041349745e-01
3.078255091714726110e-01
3.120444940534584655e-01
4.142261888426085337e-01
3.671616758112421497e-01
2.376564159903745421e-01
5.277126262306917059e-01
3.123509607983896985e-01
4.198963217752426091e-01
8.768945031975594606e-01
4.911787034774158789e-01
3.421080407763241737e-01
8.546061274705134547e-01
5.846493048624640254e-01
3.642226225100445580e-01
7.045206942284015783e-01
4.517703749233952237e-01
3.913416262200462570e-01
6.012475104246929325e-01
2.853766394930777883e-01
5.936084436196138459e-01
1.318773159410792095e-01
5.946852499864496711e-01
2.575167107637928443e-01
7.576470392402410159e-01
7.170860751156884483e-01
3.534131166794270973e-01
9.327602974225068788e-01
4.308574473880792399e-01
4.414394429284616561e-01
7.775492663590646281e-01
5.500013864457802271e-01
1.103329597772164522e-01
2.533128948433294170e-01
1.455244969318034154e-01
3.200887476893207739e-01
2.145199601808109868e-01
2.502427550497592357e-01
3.917576016965969021e-01
2.968288299369027383e-01
1.381293354256079020e-01
4.429957225935629017e-01
6.064299525477017117e-01
3.430632442002570781e-01
3.504402495960267649e-01
1.397066173279475076e-01
7.533667722503889497e-01
5.338757625503159909e-01
3.331271067685417364e-01
2.138856110422447943e-01
5.799133112709611293e-01
2.194680727746516069e-01
3.285352929163410929e-01
1.125990114107125739e-01
4.525210544875625795e-01
4.312389978641961163e-01
3.495047448006614044e-01
4.445990528510949114e-01
8.528818653749647982e-01
3.003790272048146304e-01
4.212201064433258590e-01
3.133924621279515210e-01
2.451106182511244569e-01
8.995556373160253916e-01
2.180709232355722560e-01
3.235842329005583218e-01
2.861587747064725518e-01
8.809695495192015890e-01
5.322778700199207735e-01
5.302239102527650516e-01
6.892806572064031911e-01
2.859447286350110806e-01
3.565587265688265339e-01
9.690205051187783525e-01
3.637851462379718126e-01
4.741571127588860013e-01
5.170072138957784169e-01
3.086183687718050406e-01
5.144632854326749438e-01
9.004426851340221472e-01
2.334741964233141842e-01
3.078255091714726110e-01
3.120444940534584655e-01
4.142261888426085337e-01
3.671616758112421497e-01
2.376563728003954767e-01
5.277126262306917059e-01
3.123509607983896985e-01
4.198963217752426091e-01
8.768945031975594606e-01
4.911787034774158789e-01
4.178751367328191746e-01
9.159071465253993960e-01
5.106830138528808405e-01
4.396710929770591414e-01
8.535753439656978969e-01
2.587006915812379848e-01
3.562168738303213011e-01
5.868898093029717433e-01
3.219331947170760433e-01
3.788852382520351281e-01
2.566311341643862098e-01
9.077669046662313335e-01
4.732008862973982599e-01
3.581618869766871605e-01
8.663853119128888114e-01
4.162085556485520255e-01
3.869131574896196302e-01
7.092531506216845916e-01
8.208729470033295783e-01
3.827647364674637842e-01
7.071211659256302351e-01
2.958238025112297498e-01
3.022777098920818029e-01
7.835717564784576705e-01
8.827814374344951087e-01
2.727122680634985752e-01
2.783831503280272401e-01
7.121195238859110432e-01
3.859375454012362594e-01
8.910702116309727749e-01
7.110341878978025942e-01
3.848216229327808824e-01
4.324336560908463856e-01
6.498722469467175245e-01
7.426146723366713331e-01
4.612486536676599913e-01
8.106959485175635471e-01
3.320676075243986780e-01
3.091784365918456290e-01
7.666231436795145626e-01
7.438240729493852399e-01
3.635647479880345090e-01
3.292184689562829836e-01
6.251660430022849546e-01
4.447736979100190835e-01
7.768786091726764820e-01
7.787533141246352208e-01
4.364147590290703427e-01
4.150845087869653449e-01
8.811881354319721638e-01
8.097821324002807408e-01
4.523958941684937396e-01
7.752224249771551001e-01
3.187176673544704908e-01
3.305234756554433773e-01
8.428882676036146826e-01
7.136285491737375253e-01
3.319712707546548236e-01
3.117565309193964795e-01
8.456097035604108747e-01
4.732486143078956098e-01
7.228267560505408085e-01
7.475740651934192904e-01
4.202417813884752329e-01
3.927702587202269169e-01
8.944485435184448274e-01
9.802686486818834588e-01
3.909436816812651427e-01
9.124697051307657514e-01
2.983981020573459042e-01
2.971050530157315350e-01
9.527748307252252857e-01
9.304182602157293758e-01
3.015758496859244353e-01
2.887187262575412472e-01
9.356216772841998708e-01
3.998823759944143408e-01
9.509867373999625340e-01
8.692470654538859698e-01
3.932636170294975253e-01
3.421080407763242293e-01
8.546061274705133437e-01
5.846493048624641364e-01
3.642226225100445580e-01
7.045206942284014673e-01
4.517703749233952792e-01
3.913416262200462570e-01
6.012475104246931545e-01
2.853766394930777883e-01
5.936084436196137348e-01
1.318773159410791818e-01
5.946852499864497821e-01
2.575167107637928443e-01
7.576470392402407938e-01
7.170860751156886703e-01
3.534131166794272083e-01
9.327602974225071009e-01
4.308574473880793509e-01
4.414394429284616006e-01
7.775492663590646281e-01
5.500013864457802271e-01
1.103329597772164522e-01
2.533128948433294170e-01
1.455244969318034431e-01
3.200887476893208294e-01
2.145199601808109591e-01
2.502427550497592357e-01
3.917576016965968466e-01
2.968288299369027383e-01
1.381293354256078743e-01
4.429957225935629572e-01
6.064299525477017117e-01
3.430632442002570781e-01
3.504402495960265984e-01
1.397066173279475354e-01
7.533667722503889497e-01
5.338757625503161020e-01
3.331271067685417364e-01
2.138856110422448220e-01
5.799133112709611293e-01
2.194680727746516069e-01
3.285352929163410374e-01
1.125990114107125739e-01
4.525210544875625240e-01
4.312389978641961163e-01
3.495047448006614044e-01
4.445990528510950779e-01
8.528818653749647982e-01
3.003790272048146304e-01
4.212201064433257480e-01
3.133924621279516320e-01
2.451106182511244569e-01
8.995556373160252805e-01
2.180709232355723115e-01
3.235842329005583773e-01
2.861587747064724963e-01
8.809695495192014780e-01
5.322778700199208846e-01
5.302239102527650516e-01
6.892806572064031911e-01
2.859447286350110251e-01
3.565587265688264229e-01
9.690205051187783525e-01
3.637851462379718681e-01
