4.558217696400219121e-01
6.737178333610529535e-01
8.498063210273452128e-01
4.033120430617112007e-01
7.340989202257243162e-01
1.941985290370582540e-01
2.627446477452642926e-01
6.764412472799467002e-01
1.000000000000000000e+00
5.438942417318570755e-01
3.163130349660000507e-01
6.395387404824104394e-01
3.988219540748502157e-01
6.741503551395031657e-01
5.205999180802745041e-01
3.854882458794590683e-01
6.754648559336835500e-01
2.109040552423432913e-01
3.347976507365057475e-01
5.361057606552557253e-01
2.228840890072646963e-01
1.472414668492961765e-01
9.335409871236999280e-02
3.235173764246160877e-01
2.085438948038144391e-01
8.374283121596980128e-02
9.118986047379200321e-02
2.505483573531300800e-01
7.399533151783782570e-01
4.836320853220074101e-01
3.318198258449099880e-01
8.530046387125629348e-01
5.696692733428709854e-01
2.150077082099376424e-01
5.053071831201313424e-01
6.625494318568394547e-01
3.042072971311322593e-01
1.167483529263388942e-01
8.125768271868175074e-02
5.351948999860061118e-01
4.885314780809361102e-01
1.109601683875423156e-01
1.512980475135827230e-01
1.850368017693865275e-01
6.240474631855918997e-01
2.085919890631324491e-01
2.167629619217418258e-01
6.323242230845407263e-01
3.959458874029473940e-01
6.493340304580534905e-01
7.191177093890399608e-01
3.900716865894979235e-01
5.374029082853775119e-01
4.494603234390887048e-01
2.044712745428487743e-01
1.000000000000000000e+00
5.058341524034646319e-01
3.011358401599338874e-01
2.194033070646316808e-01
7.007128909688076224e-01
3.790389207419783690e-01
5.565249990772394018e-01
6.722847511046838864e-01
4.662942174181518018e-01
4.609579888392785207e-01
6.529550053498957007e-01
8.513960169075289741e-01
3.943132804797188085e-01
7.174072170970096085e-01
1.895536341993983021e-01
2.566163202849595648e-01
6.578490434483119653e-01
9.999999999999998890e-01
5.395400173944090438e-01
3.197886305658700912e-01
3.944151906578902134e-01
6.684220615496343498e-01
5.409803205591476871e-01
6.739063549862400748e-01
2.138486784366397941e-01
3.310815111932118304e-01
2.171882417049167957e-01
1.492404672631924556e-01
9.226515645013298739e-02
2.065089362719968458e-01
8.249828583664056691e-02
7.295980734859003336e-01
4.927003410820749441e-01
5.631364669081972973e-01
2.118151566889761583e-01
3.026674948152640043e-01
1.138907284960433974e-01
4.687354107374059886e-01
6.376608550356036575e-01
3.873824570952782986e-01
5.214442768170602927e-01
6.774523636012723671e-01
3.329815418965057505e-01
3.176269680635704917e-01
6.627454161982346825e-01
5.642962351890841166e-01
2.968850355506598149e-01
8.191065749388847239e-01
5.478594814359944998e-01
4.581282846993239843e-01
1.826541026318620198e-01
1.549023904529823747e-01
7.715077776240685248e-01
6.313534932477201655e-01
1.718769678623754404e-01
1.898255653172335744e-01
2.636202068055959469e-01
5.075216598705550863e-01
6.224663352008849015e-01
4.393531519660565099e-01
5.662624147357780968e-01
4.558217696400219121e-01
6.737178333610529535e-01
8.498063210273452128e-01
4.033120430617112007e-01
7.340989202257243162e-01
1.941985290370582540e-01
2.627446477452642926e-01
6.764412472799467002e-01
1.000000000000000000e+00
5.438942417318570755e-01
3.163130349660000507e-01
6.395387404824104394e-01
3.988219540748502157e-01
6.741503551395031657e-01
5.205999180802745041e-01
3.854882458794590683e-01
6.754648559336835500e-01
2.109040552423432913e-01
3.347976507365057475e-01
5.361057606552557253e-01
2.228840890072646963e-01
1.472414668492961765e-01
9.335409871236999280e-02
3.235173764246160877e-01
2.085438948038144391e-01
8.374283121596980128e-02
9.118986047379200321e-02
2.505483573531300800e-01
7.399533151783782570e-01
4.836320853220074101e-01
3.318198258449099880e-01
8.530046387125629348e-01
5.696692733428709854e-01
2.150077082099376424e-01
5.053071831201313424e-01
6.625494318568394547e-01
3.042072971311322593e-01
1.167483529263388942e-01
8.125768271868175074e-02
5.351948999860061118e-01
4.885314780809361102e-01
1.109601683875423156e-01
1.512980475135827230e-01
1.850368017693865275e-01
6.240474631855918997e-01
2.085919890631324491e-01
2.167629619217418258e-01
6.323242230845407263e-01
3.959458874029473940e-01
6.493340304580534905e-01
7.191177093890399608e-01
3.900716865894979235e-01
5.374029082853775119e-01
4.494603234390887048e-01
2.044712745428487743e-01
1.000000000000000000e+00
5.058341524034646319e-01
3.011358401599338874e-01
2.194033070646316808e-01
7.007128909688076224e-01
3.790389207419783690e-01
5.565249990772394018e-01
6.722847511046838864e-01
4.662942174181518018e-01
5.642962351890841166e-01
2.968850355506598149e-01
8.191065749388847239e-01
5.478592449675616649e-01
4.581282846993239843e-01
1.826533124177375234e-01
1.549023904529823747e-01
7.715077776240685248e-01
6.313534932477201655e-01
1.718769678623754404e-01
1.898255308196915569e-01
2.636202068055959469e-01
5.075216598705550863e-01
6.224663352008849015e-01
4.393531519660565099e-01
5.662624147357780968e-01
6.519254897829525053e-01
5.047743152541832590e-01
6.608677421133581920e-01
4.843468038506835716e-01
5.246549552517882908e-01
2.403920095796328316e-01
1.868525218174836300e-01
6.854809518423368164e-01
6.918047641690105998e-01
1.660150834456924351e-01
2.350541484035481299e-01
4.607966360293764829e-01
4.549669180020234349e-01
6.872013640993397399e-01
4.793009903372109637e-01
6.397532300348349743e-01
5.276772773046841669e-01
6.549135024434906693e-01
7.523219176834374800e-01
5.311119686511419635e-01
7.141407515599678124e-01
1.900151244791172533e-01
1.868082630988002202e-01
6.993690418281508503e-01
7.075138350224772221e-01
1.915131059245092360e-01
1.809706442178296570e-01
6.167167561331783343e-01
5.404109048419623029e-01
7.092270572861099076e-01
6.570354835723224429e-01
5.084941632243343834e-01
5.822577281157936824e-01
7.388543349840754892e-01
4.270038411774996767e-01
5.990534006715380055e-01
8.791453426454225450e-01
2.197193225608658207e-01
2.246199138627388014e-01
3.946055845054079469e-01
4.434968497334135229e-01
2.542812689356720446e-01
2.160771555803714938e-01
6.921189985199909245e-01
5.836449593848102024e-01
4.622742964319643821e-01
8.118051609896519416e-01
5.687862089067386995e-01
5.764971837511151387e-01
8.798540990203105316e-01
5.175344193556696837e-01
5.886270828148858492e-01
6.110106588307844255e-01
2.285901373349535637e-01
2.557733597416634308e-01
5.225820629991035915e-01
4.850683659288255178e-01
2.314761050848253010e-01
2.160413863342278695e-01
8.139587851188814227e-01
6.370402227096472192e-01
4.389310447413787841e-01
5.632658927935780824e-01
5.629467485077594979e-01
5.370301900501595060e-01
8.125024071150501737e-01
8.117116707492209038e-01
5.601504039798853585e-01
8.657920359008099975e-01
1.944316511046277896e-01
2.043393912182253636e-01
7.622894614294932758e-01
7.042572226493968301e-01
2.272222557709207835e-01
1.872213661269875040e-01
8.062228417843242401e-01
5.742307640462956941e-01
6.960638867846087319e-01
7.747658067469811449e-01
5.191624461432879922e-01
4.558217696400219676e-01
6.737178333610529535e-01
8.498063210273454349e-01
4.033120430617112007e-01
7.340989202257243162e-01
1.941985290370581985e-01
2.627446477452643481e-01
6.764412472799468112e-01
1.000000000000000000e+00
5.438942417318570755e-01
3.163130349660000507e-01
6.395387404824105504e-01
3.988219540748502157e-01
6.741503551395029437e-01
5.205999180802746151e-01
3.854882458794590683e-01
6.754648559336835500e-01
2.109040552423434023e-01
3.347976507365058030e-01
5.361057606552558363e-01
2.228840890072647518e-01
1.472414668492961765e-01
9.335409871237000667e-02
3.235173764246160877e-01
2.085438948038144391e-01
8.374283121596978741e-02
9.118986047379200321e-02
2.505483573531300245e-01
7.399533151783781459e-01
4.836320853220074101e-01
3.318198258449099325e-01
8.530046387125629348e-01
5.696692733428709854e-01
2.150077082099375592e-01
5.053071831201315645e-01
6.625494318568394547e-01
3.042072971311323148e-01
1.167483529263388803e-01
8.125768271868175074e-02
5.351948999860062228e-01
4.885314780809361102e-01
1.109601683875423017e-01
1.512980475135827230e-01
1.850368017693865275e-01
6.240474631855918997e-01
2.085919890631324491e-01
2.167629619217418813e-01
6.323242230845407263e-01
3.959458874029473940e-01
6.493340304580532685e-01
7.191177093890400718e-01
3.900716865894979235e-01
5.374029082853774009e-01
4.494603234390888713e-01
2.044712745428488021e-01
1.000000000000000000e+00
5.058341524034647430e-01
3.011358401599339985e-01
2.194033070646317363e-01
7.007128909688077334e-01
3.790389207419783135e-01
5.565249990772394018e-01
6.722847511046841085e-01
4.662942174181518018e-01
