1.000000000000000000e+00
8.502954087704674979e-01
8.640143032849614269e-01
7.955180084898922921e-01
7.069912973511242038e-01
0.000000000000000000e+00
1.642771498532270488e-02
8.393334675407830847e-01
7.070633143937294918e-01
2.688974506797589537e-01
5.170025299667596608e-02
8.101447331386866235e-01
5.404702627059437825e-01
5.187112534663333996e-01
5.402382232086859748e-01
7.701480669659382938e-01
1.000000000000000000e+00
7.947235221535398075e-03
6.620684271459287285e-03
5.290247082621264418e-01
2.417990078348342120e-02
0.000000000000000000e+00
6.987747288153859163e-03
6.996705235456476824e-02
2.210568823893744456e-02
7.371438922192658297e-03
7.122871794006285437e-03
1.466204492923357805e-02
6.932242366041152515e-01
1.674638199368522207e-01
0.000000000000000000e+00
8.507289705646119415e-01
5.252176140016617811e-01
5.991203147281928820e-02
1.748534058045352613e-01
5.282303153051102207e-01
4.744086735900321372e-02
2.386807532244949320e-02
5.689468029760659691e-03
2.655517225630318889e-01
1.284889202149458176e-01
1.841241200353566088e-02
0.000000000000000000e+00
0.000000000000000000e+00
3.976397692419712526e-01
5.596643606686035888e-02
1.066777099171983823e-02
8.086992974884019691e-01
7.691265547760214316e-01
4.003917763910030958e-01
6.937452976618947442e-01
5.294785454673113234e-01
9.274753750344326697e-01
1.225526244475707571e-01
2.406321776718443536e-02
6.603441534164522508e-01
9.265390059867180117e-01
4.945591825707168487e-02
0.000000000000000000e+00
6.668660653866074206e-01
7.440198707465529582e-01
5.048633809688276575e-01
1.000000000000000000e+00
9.999999999999998890e-01
1.000000000000000000e+00
8.294310072671143841e-01
8.574109446536335444e-01
7.827093977231350808e-01
6.869302576039737485e-01
0.000000000000000000e+00
1.554051043847562777e-02
8.246276129339773497e-01
6.837277442941649408e-01
2.672228353792063249e-01
6.067916453009181144e-02
5.349346722228119910e-01
5.234115673623931375e-01
5.478129165617015017e-01
9.999999999999998890e-01
9.314547105502946067e-03
0.000000000000000000e+00
5.578953450942780723e-03
0.000000000000000000e+00
7.055735544928805683e-03
2.308380334899845510e-02
6.529119396970387013e-03
6.934832025897650354e-01
1.686812427916145052e-01
5.151014020417954420e-01
5.794864805060925828e-02
4.845106547297117761e-02
2.115108073884596623e-02
1.254811946470865414e-01
3.996389711575436543e-01
7.564099425501652485e-01
9.270020219315512344e-01
9.722553456654736692e-01
4.169433368740138590e-02
2.771682277064457800e-02
9.451833879959026241e-01
9.999999999999998890e-01
1.787922721916346269e-02
4.100792367353501833e-01
7.832235134835154877e-01
3.609785574619619464e-01
0.000000000000000000e+00
1.300231079788288606e-02
3.933719324907799519e-01
2.937544835613287164e-01
1.856760239483482011e-02
0.000000000000000000e+00
3.680146627655922487e-04
6.876067513866401804e-01
2.659364103128806223e-01
3.531727235523793862e-01
9.964076237680387083e-01
1.000000000000000000e+00
8.502954087704674979e-01
8.640143032849614269e-01
7.955180084898922921e-01
7.069912973511242038e-01
0.000000000000000000e+00
1.642771498532270488e-02
8.393334675407830847e-01
7.070633143937294918e-01
2.688974506797589537e-01
5.170025299667596608e-02
8.101447331386866235e-01
5.404702627059437825e-01
5.187112534663333996e-01
5.402382232086859748e-01
7.701480669659382938e-01
1.000000000000000000e+00
7.947235221535398075e-03
6.620684271459287285e-03
5.290247082621264418e-01
2.417990078348342120e-02
0.000000000000000000e+00
6.987747288153859163e-03
6.996705235456476824e-02
2.210568823893744456e-02
7.371438922192658297e-03
7.122871794006285437e-03
1.466204492923357805e-02
6.932242366041152515e-01
1.674638199368522207e-01
0.000000000000000000e+00
8.507289705646119415e-01
5.252176140016617811e-01
5.991203147281928820e-02
1.748534058045352613e-01
5.282303153051102207e-01
4.744086735900321372e-02
2.386807532244949320e-02
5.689468029760659691e-03
2.655517225630318889e-01
1.284889202149458176e-01
1.841241200353566088e-02
0.000000000000000000e+00
0.000000000000000000e+00
3.976397692419712526e-01
5.596643606686035888e-02
1.066777099171983823e-02
8.086992974884019691e-01
7.691265547760214316e-01
4.003917763910030958e-01
6.937452976618947442e-01
5.294785454673113234e-01
9.274753750344326697e-01
1.225526244475707571e-01
2.406321776718443536e-02
6.603441534164522508e-01
9.265390059867180117e-01
4.945591825707168487e-02
0.000000000000000000e+00
6.668660653866074206e-01
7.440198707465529582e-01
5.048633809688276575e-01
1.000000000000000000e+00
9.999999999999998890e-01
9.999999999999998890e-01
1.787922721916346269e-02
4.100792367353501833e-01
7.832234001099205312e-01
3.609785574619619464e-01
0.000000000000000000e+00
1.300231079788288606e-02
3.933719324907799519e-01
2.937544835613287164e-01
1.856760239483482011e-02
0.000000000000000000e+00
3.680146627655922487e-04
6.876067513866401804e-01
2.659364103128806223e-01
3.531727235523793862e-01
9.964076237680387083e-01
9.877974728598583054e-01
1.759748052635130566e-01
1.879606523269217178e-01
8.569684984854436527e-01
3.461744938948378980e-01
1.467144715915766340e-02
0.000000000000000000e+00
2.135121441874898718e-01
3.399088796503790810e-02
3.570727664243925070e-02
7.785246009193030892e-03
1.609627852612511845e-01
8.699207119606140459e-01
3.986033654691212291e-02
3.058789337550924525e-01
9.479323031906798924e-01
8.808900107373901500e-01
1.529691720002284150e-01
2.693084586200746866e-01
1.000000000000000000e+00
1.642733851300672843e-01
1.146606653976778301e-02
2.556770667001823094e-02
2.205035037241778184e-01
2.233133861092724270e-01
3.601137100321283313e-02
1.618338117738454818e-03
1.081201359462617972e-01
9.999999999999998890e-01
1.698031081452877622e-01
1.271069709279313287e-01
8.408525131122497331e-01
9.518572342282984877e-01
2.343317074587858428e-01
1.592352968236721011e-01
9.398113671982986084e-01
1.405169407290385308e-01
4.680335389539602708e-03
4.087257818440417911e-02
9.978712153675406427e-02
8.519940826924798927e-02
2.145774133142641649e-02
0.000000000000000000e+00
1.639977941265122752e-01
9.603932076215172531e-01
8.532669435539896874e-02
5.780215559578172346e-02
9.163238331737829645e-01
9.504254312483544354e-01
3.910916629475496009e-01
1.145357019909365448e-02
9.383883475845000710e-01
1.613129878694468111e-01
8.019982010395221295e-03
4.502205628320812836e-02
2.886535419091451615e-02
2.512655930141569627e-01
5.850855002600061083e-03
1.618179731151636602e-03
2.885141094820999896e-01
9.633795932199544776e-01
2.096320106094062830e-01
8.743142417383253928e-02
9.129736729959553321e-01
9.452852094796004856e-01
2.466297951094502672e-01
3.216996865880110690e-01
9.504691136022822562e-01
2.130929346811527569e-01
2.202725833508650810e-02
1.371227062433638677e-02
2.695591024748642539e-01
2.844713031490968547e-01
1.899496220731489160e-02
1.809801139214486931e-02
1.907228317290745601e-01
9.652141769363116186e-01
2.378953298465364963e-01
1.307167795512345077e-01
9.101282337009143353e-01
1.000000000000000000e+00
8.502954087704673869e-01
8.640143032849614269e-01
7.955180084898921811e-01
7.069912973511240928e-01
0.000000000000000000e+00
1.642771498532269794e-02
8.393334675407831957e-01
7.070633143937294918e-01
2.688974506797590092e-01
5.170025299667596608e-02
8.101447331386867345e-01
5.404702627059438935e-01
5.187112534663332886e-01
5.402382232086860858e-01
7.701480669659382938e-01
1.000000000000000000e+00
7.947235221535453586e-03
6.620684271459259529e-03
5.290247082621265529e-01
2.417990078348342120e-02
0.000000000000000000e+00
6.987747288153860897e-03
6.996705235456479599e-02
2.210568823893745150e-02
7.371438922192655695e-03
7.122871794006283702e-03
1.466204492923357458e-02
6.932242366041151405e-01
1.674638199368521929e-01
0.000000000000000000e+00
8.507289705646117195e-01
5.252176140016617811e-01
5.991203147281928820e-02
1.748534058045352890e-01
5.282303153051101097e-01
4.744086735900321372e-02
2.386807532244950014e-02
5.689468029760661426e-03
2.655517225630319444e-01
1.284889202149458176e-01
1.841241200353565394e-02
0.000000000000000000e+00
0.000000000000000000e+00
3.976397692419712526e-01
5.596643606686035888e-02
1.066777099171989374e-02
8.086992974884019691e-01
7.691265547760214316e-01
4.003917763910029848e-01
6.937452976618948552e-01
5.294785454673113234e-01
9.274753750344327807e-01
1.225526244475708126e-01
2.406321776718444577e-02
6.603441534164522508e-01
9.265390059867179007e-01
4.945591825707168487e-02
0.000000000000000000e+00
6.668660653866074206e-01
7.440198707465528472e-01
5.048633809688276575e-01
1.000000000000000000e+00
1.000000000000000222e+00
