5.798955812322575259e-02
4.257153434511741774e-01
1.241254549229190984e-01
8.431799841282559826e-02
4.239278588946145954e-01
9.152682118623376439e-01
6.150986944336941376e-01
2.461275281361499367e-01
6.201112516379764239e-02
7.058702866959929434e-01
1.920152993630824256e-01
2.490668914617681917e-01
6.246500266168800858e-02
5.098675833524748402e-01
2.778136966928665408e-01
8.448008982447004211e-02
3.651311178490170284e-01
8.333756196470436528e-01
5.497298969522950163e-01
2.882781126595461152e-01
6.990697675185399973e-01
3.425735076148591629e-01
7.589894411330313506e-01
2.010860923745643736e-01
6.462959232028742118e-01
5.419284874062089141e-01
7.373309458164262198e-01
6.148211561464499431e-01
1.306312112100153078e-01
3.267113500004024118e-01
5.640928355486692913e-01
1.074161713279850883e-01
1.351951146599651987e-01
6.221416753184954018e-01
3.393215975682064567e-01
5.158274731931686841e-01
5.725811965959418659e-01
7.611715393254964157e-01
5.365743353681620142e-01
6.939281797391994022e-01
3.493154312589182853e-01
7.466865026774206493e-01
3.438522041801525542e-01
8.927710483974771183e-01
2.718956028019209881e-01
6.325801592003311713e-01
8.193993104661889681e-01
4.447962171106720763e-01
3.496201386509768805e-02
2.709725818756784088e-01
1.316505182451365163e-01
6.178774410926764216e-02
2.197473154077611568e-01
3.455941135114320995e-01
6.416218425346039700e-01
5.799789680623501642e-02
2.263959668360806532e-01
5.838344378718410832e-01
6.691415755391667552e-01
4.116192277946753575e-01
3.365900391517505363e-02
1.273294147113183117e-01
3.827677829490713779e-01
6.001429722546052642e-02
5.898259280534673410e-02
4.352862143041464904e-01
1.158202514046886011e-01
8.439983406855336434e-02
4.177740268632570975e-01
9.038623977197737247e-01
6.149592384636968223e-01
2.476084368013785619e-01
6.000657350438293181e-02
6.998929824043806924e-01
1.964025267202156311e-01
6.212392529261039770e-02
5.128104524620211713e-01
2.885558954460388792e-01
3.737744679101602241e-01
8.263512776602842669e-01
5.552855891782965125e-01
6.860908992681046259e-01
3.432036232651586305e-01
7.480919112463908505e-01
6.439604340767544066e-01
5.392471646657572837e-01
1.311378041458888255e-01
3.309226369307514126e-01
1.312858006728027105e-01
6.273360107984204959e-01
5.782227429826044540e-01
7.541483780805842141e-01
3.474299621088202672e-01
2.718612792034187375e-01
3.430203534144439514e-02
2.231083404130780323e-01
1.538545554709815910e-01
8.550930960490698007e-01
8.394656462848318901e-01
1.494869072024690437e-01
1.209411917761554350e-01
6.756570772406542691e-01
1.511229680164157818e-01
1.867681043621137182e-01
5.793189773064999493e-01
5.641534288919359819e-01
7.075146906131344338e-01
1.670927078053312531e-01
4.538359503778192083e-01
7.159030967461892381e-01
5.653650432448991126e-01
6.826979703027371560e-01
7.486439647654612173e-02
4.474779735921191604e-01
5.732277998293002774e-01
1.228293519354879820e-01
5.798955812322575259e-02
4.257153434511741774e-01
1.241254549229190984e-01
8.431799841282559826e-02
4.239278588946145954e-01
9.152682118623376439e-01
6.150986944336941376e-01
2.461275281361499367e-01
6.201112516379764239e-02
7.058702866959929434e-01
1.920152993630824256e-01
2.490668914617681917e-01
6.246500266168800858e-02
5.098675833524748402e-01
2.778136966928665408e-01
8.448008982447004211e-02
3.651311178490170284e-01
8.333756196470436528e-01
5.497298969522950163e-01
2.882781126595461152e-01
6.990697675185399973e-01
3.425735076148591629e-01
7.589894411330313506e-01
2.010860923745643736e-01
6.462959232028742118e-01
5.419284874062089141e-01
7.373309458164262198e-01
6.148211561464499431e-01
1.306312112100153078e-01
3.267113500004024118e-01
5.640928355486692913e-01
1.074161713279850883e-01
1.351951146599651987e-01
6.221416753184954018e-01
3.393215975682064567e-01
5.158274731931686841e-01
5.725811965959418659e-01
7.611715393254964157e-01
5.365743353681620142e-01
6.939281797391994022e-01
3.493154312589182853e-01
7.466865026774206493e-01
3.438522041801525542e-01
8.927710483974771183e-01
2.718956028019209881e-01
6.325801592003311713e-01
8.193993104661889681e-01
4.447962171106720763e-01
3.496201386509768805e-02
2.709725818756784088e-01
1.316505182451365163e-01
6.178774410926764216e-02
2.197473154077611568e-01
3.455941135114320995e-01
6.416218425346039700e-01
5.799789680623501642e-02
2.263959668360806532e-01
5.838344378718410832e-01
6.691415755391667552e-01
4.116192277946753575e-01
3.365900391517505363e-02
1.273294147113183117e-01
3.827677829490713779e-01
6.001429722546052642e-02
1.209411917761554350e-01
6.756570772406542691e-01
1.511229680164157818e-01
1.867676790437355350e-01
5.793189773064999493e-01
5.641509882021212841e-01
7.075146906131344338e-01
1.670927078053312531e-01
4.538359503778192083e-01
7.159030967461892381e-01
5.653649404994955940e-01
6.826979703027371560e-01
7.486439647654612173e-02
4.474779735921191604e-01
5.732277998293002774e-01
1.228293519354879820e-01
1.039001246983560778e-01
8.638234911220041834e-01
2.254974371243032571e-01
1.213890216956586970e-01
8.331853402827684718e-01
6.856110589472045325e-01
8.037363405607020894e-01
2.703508778253860267e-01
1.811221783688139464e-01
7.972837273844519679e-01
6.781198366810111677e-01
8.737121629755377761e-01
8.154511538165684637e-02
2.164726521351540978e-01
8.163434909712521392e-01
1.013935073672090070e-01
5.918760612363863083e-02
3.884973948185310721e-01
4.759719951805481131e-01
8.138050363669260823e-02
4.977103738376735809e-01
7.784233878763694436e-01
7.052668824971426442e-01
4.438865698957912276e-01
4.914533873921616003e-01
7.165471741748626888e-01
7.613562847410106915e-01
3.640884345773804931e-01
6.980956436045410163e-02
5.075568174498039653e-01
4.474269176106369095e-01
5.695456794702366543e-02
1.000111036200101583e-01
7.043655883829464948e-01
2.885992658944558364e-01
1.017455268388693657e-01
4.820979246667822515e-01
7.770697102589020355e-01
8.004312214325939312e-01
3.000087608318620092e-01
7.276185929420542209e-01
8.026512405659165239e-01
7.585298431344621450e-01
6.676001260632773437e-01
9.741287396487564865e-02
7.363307727259666979e-01
4.423263573343776400e-01
9.837505889830255867e-02
9.884149974046403664e-02
5.012700943334702508e-01
6.396634620509558111e-01
1.151994374947455657e-01
7.255840749079496277e-01
7.804552529154547003e-01
7.900769982566140381e-01
6.621797622652878523e-01
3.193004453602972248e-01
7.843680963271355555e-01
7.590057034338302255e-01
4.311484185088336751e-01
1.048898292167565194e-01
3.005376887015511755e-01
7.041564785541534199e-01
9.714306638100120295e-02
6.865867227735245049e-02
4.925559187732140298e-01
5.540177015576426278e-01
7.069623292338431120e-02
5.215430604754647259e-01
7.558282874324269152e-01
7.568753082641523910e-01
5.632125733029353931e-01
5.356589944511105372e-01
7.669712447264006583e-01
7.469973864425742960e-01
4.741083787248203674e-01
6.896772031707973372e-02
5.418199478477105924e-01
4.771908761737928550e-01
6.411599059964312453e-02
5.798955812322575953e-02
4.257153434511740109e-01
1.241254549229191262e-01
8.431799841282559826e-02
4.239278588946145954e-01
9.152682118623374219e-01
6.150986944336942486e-01
2.461275281361500478e-01
6.201112516379764239e-02
7.058702866959928324e-01
1.920152993630824534e-01
2.490668914617682195e-01
6.246500266168800858e-02
5.098675833524747292e-01
2.778136966928665963e-01
8.448008982447004211e-02
3.651311178490170284e-01
8.333756196470438748e-01
5.497298969522950163e-01
2.882781126595460597e-01
6.990697675185397753e-01
3.425735076148591629e-01
7.589894411330313506e-01
2.010860923745644013e-01
6.462959232028744339e-01
5.419284874062088031e-01
7.373309458164262198e-01
6.148211561464498320e-01
1.306312112100152800e-01
3.267113500004024118e-01
5.640928355486694024e-01
1.074161713279850883e-01
1.351951146599651432e-01
6.221416753184952908e-01
3.393215975682065677e-01
5.158274731931686841e-01
5.725811965959419769e-01
7.611715393254965267e-01
5.365743353681620142e-01
6.939281797391996243e-01
3.493154312589183963e-01
7.466865026774205383e-01
3.438522041801525542e-01
8.927710483974770073e-01
2.718956028019210436e-01
6.325801592003311713e-01
8.193993104661891902e-01
4.447962171106721319e-01
3.496201386509768805e-02
2.709725818756784088e-01
1.316505182451365441e-01
6.178774410926764216e-02
2.197473154077611568e-01
3.455941135114321550e-01
6.416218425346040810e-01
5.799789680623501642e-02
2.263959668360806532e-01
5.838344378718410832e-01
6.691415755391667552e-01
4.116192277946753020e-01
3.365900391517505363e-02
1.273294147113182562e-01
3.827677829490713779e-01
6.001429722546054030e-02
