2.535614952993797688e-01
5.904709007601520732e-01
3.223289278030289084e-01
2.419973726676154790e-01
4.806887769772587582e-01
5.407182458817696435e-01
4.912990926798128655e-01
3.697988398842256830e-01
2.758626867829515605e-01
8.740185300414982095e-01
2.191707313404458457e-01
3.691787148651941020e-01
2.690638295488633758e-01
6.351424946345938238e-01
4.933409564208955378e-01
2.350622131224699152e-01
4.282202318243141792e-01
5.114302323902433223e-01
8.127245619631939810e-01
5.282148846166798695e-01
5.705569396947616223e-01
2.072886944976100598e-01
3.937509939826451810e-01
2.339474119605801095e-01
3.209729787969612946e-01
3.771105187120311619e-01
3.903470689217251599e-01
4.931454093894086510e-01
2.024092282762581796e-01
2.267221141776125659e-01
8.380499850282525642e-01
3.241170182915351083e-01
2.729436662844490491e-01
3.101600820221027677e-01
2.354311054230379396e-01
6.342560489876745144e-01
6.244311787336790376e-01
4.879776618118659148e-01
3.781299892903720039e-01
8.556055902539243530e-01
2.946150842925626678e-01
4.850849215170773832e-01
2.189126317000119337e-01
5.543540780577467242e-01
5.042219858483423245e-01
3.162006742428380424e-01
5.135755624847669898e-01
6.174974795742433908e-01
2.431509368477097199e-01
5.024618949365421416e-01
2.203697513149367460e-01
2.602213161732030433e-01
6.046959911673421839e-01
2.948692612132314261e-01
3.243907805156086566e-01
2.674509473895846368e-01
5.957713839159701763e-01
6.238263522983104048e-01
5.643558678178877130e-01
4.608818286667512587e-01
2.369484020899587651e-01
2.793020893116280878e-01
4.435123353368283783e-01
2.663653138613611415e-01
2.598411368994251180e-01
6.040272976025257146e-01
3.232176825681079557e-01
2.384959945057754660e-01
4.707860808961937260e-01
5.476314626400207164e-01
4.922268201303771074e-01
3.694864087852169909e-01
2.716611401334161346e-01
8.648024223302155367e-01
2.264311932758528156e-01
2.646106097446609406e-01
6.347047862907586602e-01
5.226222601071599527e-01
4.357145627014985534e-01
5.125084521164542384e-01
8.245714458086669252e-01
5.678784011569107948e-01
2.130167342438116229e-01
3.920382999777748401e-01
3.226807453751722732e-01
3.776210626087120881e-01
2.113355613461614380e-01
2.287504452182447245e-01
2.761038519308291472e-01
3.131659651414438472e-01
6.241279633037992713e-01
4.866668583208292875e-01
2.947438673675666365e-01
5.041341635076476146e-01
2.400093340283515342e-01
6.001844254072951079e-01
3.976828571563398862e-01
6.042948145077206012e-01
5.948311986206528124e-01
3.977457500273759994e-01
3.212512637638532675e-01
4.296606248444239107e-01
3.990836599174384380e-01
4.048308811443941391e-01
7.406773028698527828e-01
3.533108089999360546e-01
4.341480536675377810e-01
3.870627574839754503e-01
3.532792559432881285e-01
5.620386162136132846e-01
3.640331436466156534e-01
4.520514550794467734e-01
2.897886517462323619e-01
3.550678472471185954e-01
7.283405163498759549e-01
3.322180697655968129e-01
2.535614952993797688e-01
5.904709007601520732e-01
3.223289278030289084e-01
2.419973726676154790e-01
4.806887769772587582e-01
5.407182458817696435e-01
4.912990926798128655e-01
3.697988398842256830e-01
2.758626867829515605e-01
8.740185300414982095e-01
2.191707313404458457e-01
3.691787148651941020e-01
2.690638295488633758e-01
6.351424946345938238e-01
4.933409564208955378e-01
2.350622131224699152e-01
4.282202318243141792e-01
5.114302323902433223e-01
8.127245619631939810e-01
5.282148846166798695e-01
5.705569396947616223e-01
2.072886944976100598e-01
3.937509939826451810e-01
2.339474119605801095e-01
3.209729787969612946e-01
3.771105187120311619e-01
3.903470689217251599e-01
4.931454093894086510e-01
2.024092282762581796e-01
2.267221141776125659e-01
8.380499850282525642e-01
3.241170182915351083e-01
2.729436662844490491e-01
3.101600820221027677e-01
2.354311054230379396e-01
6.342560489876745144e-01
6.244311787336790376e-01
4.879776618118659148e-01
3.781299892903720039e-01
8.556055902539243530e-01
2.946150842925626678e-01
4.850849215170773832e-01
2.189126317000119337e-01
5.543540780577467242e-01
5.042219858483423245e-01
3.162006742428380424e-01
5.135755624847669898e-01
6.174974795742433908e-01
2.431509368477097199e-01
5.024618949365421416e-01
2.203697513149367460e-01
2.602213161732030433e-01
6.046959911673421839e-01
2.948692612132314261e-01
3.243907805156086566e-01
2.674509473895846368e-01
5.957713839159701763e-01
6.238263522983104048e-01
5.643558678178877130e-01
4.608818286667512587e-01
2.369484020899587651e-01
2.793020893116280878e-01
4.435123353368283783e-01
2.663653138613611415e-01
3.212512637638532675e-01
4.296606248444239107e-01
3.990836599174384380e-01
4.048305698723379531e-01
7.406773028698527828e-01
3.533092804758701799e-01
4.341480536675377810e-01
3.870627574839754503e-01
3.532792559432881285e-01
5.620386162136132846e-01
3.640330774898329902e-01
4.520514550794467734e-01
2.897886517462323619e-01
3.550678472471185954e-01
7.283405163498759549e-01
3.322180697655968129e-01
3.387287153427349651e-01
8.987293055331131431e-01
3.905860490628270121e-01
2.824182898405049880e-01
3.094763189779077273e-01
4.419454833332829846e-01
6.069986023893894078e-01
4.556951128390764882e-01
4.248140521075283171e-01
4.752281633659363180e-01
4.448472234590856722e-01
9.225444553311716867e-01
3.525848166360777691e-01
4.627599010625802478e-01
3.312322363141257942e-01
3.336074642811565627e-01
2.538039652453002448e-01
5.976143906063817735e-01
8.420091503495812368e-01
2.400207705108607092e-01
5.258754146833066745e-01
4.754915802001000724e-01
4.454535521624826688e-01
7.844500798767464200e-01
8.922888667844206534e-01
4.022968200584264853e-01
4.625750271591825280e-01
6.070177694564959925e-01
2.631592577382586562e-01
8.986808685557696741e-01
5.166091286134608662e-01
2.536020602107973421e-01
2.922460418856571152e-01
7.058074458922702910e-01
5.894171874225730967e-01
3.297555363620142677e-01
8.230522157988144905e-01
5.146047707950771599e-01
4.508406963712202620e-01
6.080284792800676463e-01
8.460004416684223649e-01
4.767124152194696096e-01
5.132129231148764292e-01
6.887598112816468721e-01
2.836247739967306392e-01
8.569426854879507172e-01
8.155808074559058873e-01
2.943913018450368124e-01
2.888653792927294295e-01
8.060287284502840599e-01
8.317466655833154476e-01
3.047960487616387382e-01
6.342026331445032028e-01
4.874003738069252467e-01
5.178902307237399638e-01
8.511192780334937424e-01
8.570070983886921567e-01
4.456677751335471060e-01
4.814698276219108730e-01
7.870976066080301869e-01
3.146726561530104882e-01
8.526727213618019441e-01
6.176039895761156195e-01
2.911103903047606023e-01
2.633030502247261651e-01
8.091255659962148794e-01
8.398022243367413431e-01
2.588788090143352427e-01
7.660588830178929332e-01
4.323507225018390909e-01
5.084964021139390944e-01
7.997132361349357232e-01
9.215697723309017597e-01
4.783365596768400785e-01
4.262085569295793741e-01
8.518962872270623432e-01
2.536666234822556598e-01
9.214800134243132934e-01
7.355509197389173970e-01
2.648264396407812860e-01
2.535614952993798243e-01
5.904709007601520732e-01
3.223289278030289084e-01
2.419973726676154790e-01
4.806887769772586472e-01
5.407182458817696435e-01
4.912990926798128655e-01
3.697988398842256830e-01
2.758626867829516716e-01
8.740185300414980984e-01
2.191707313404458735e-01
3.691787148651941575e-01
2.690638295488633758e-01
6.351424946345937128e-01
4.933409564208955933e-01
2.350622131224699707e-01
4.282202318243141792e-01
5.114302323902435443e-01
8.127245619631939810e-01
5.282148846166796474e-01
5.705569396947616223e-01
2.072886944976100598e-01
3.937509939826451810e-01
2.339474119605801927e-01
3.209729787969613501e-01
3.771105187120311619e-01
3.903470689217251599e-01
4.931454093894085400e-01
2.024092282762581518e-01
2.267221141776125937e-01
8.380499850282525642e-01
3.241170182915351083e-01
2.729436662844490491e-01
3.101600820221026567e-01
2.354311054230379119e-01
6.342560489876745144e-01
6.244311787336791486e-01
4.879776618118658038e-01
3.781299892903720594e-01
8.556055902539243530e-01
2.946150842925626678e-01
4.850849215170772721e-01
2.189126317000119337e-01
5.543540780577467242e-01
5.042219858483423245e-01
3.162006742428379313e-01
5.135755624847671008e-01
6.174974795742433908e-01
2.431509368477097199e-01
5.024618949365419196e-01
2.203697513149368015e-01
2.602213161732030433e-01
6.046959911673422949e-01
2.948692612132314816e-01
3.243907805156086566e-01
2.674509473895846923e-01
5.957713839159700653e-01
6.238263522983104048e-01
5.643558678178879351e-01
4.608818286667513142e-01
2.369484020899587651e-01
2.793020893116280878e-01
4.435123353368284893e-01
2.663653138613611970e-01
