4.200041142790550408e-01
8.277085329410474035e-01
5.347949049927495091e-01
4.917983421084642370e-01
7.295338251196357149e-01
4.172447097114835302e-01
3.341321106069168878e-01
6.334780835895632567e-01
3.639506696728442847e-01
5.365485634002487014e-01
1.589790783833437415e-01
6.243282577519568832e-01
4.656927975271356046e-01
6.460694579495573908e-01
7.003059104319497852e-01
4.757362143934054100e-01
7.909754154309645013e-01
4.267294701582473038e-01
3.230420865841592826e-01
7.509197706887422719e-01
4.057608496389202846e-01
1.326041073072311005e-01
1.526587291569652116e-01
1.654758420874270497e-01
2.355933489497435973e-01
1.607169066934200918e-01
1.497580427381969281e-01
3.270138977586803941e-01
5.025734897493544517e-01
2.216331092200044539e-01
3.238424935252603998e-01
5.313317398466139707e-01
3.199892210024510297e-01
1.830249089303341292e-01
2.305559957533579174e-01
6.284468770326678833e-01
4.091640149680294547e-01
2.152637786842399870e-01
1.579718727502019138e-01
5.350544338357243745e-01
1.790377501786044878e-01
2.125288178367352732e-01
1.377972525932234515e-01
4.084887188062487628e-01
6.526893619949165615e-01
1.804191592829067214e-01
4.127128645908756388e-01
8.227712805326894419e-01
4.931968971032520410e-01
6.514096217907925368e-01
5.065533617384853082e-01
4.538405373494778239e-01
7.929083278591380068e-01
1.704471925920481024e-01
2.356682058283212367e-01
3.531462668473757116e-01
7.508783873842281853e-01
4.051949047284804095e-01
3.814380137079914079e-01
7.022985828730465840e-01
4.739172138819023328e-01
3.225483771028977986e-01
8.015772158411618165e-01
4.338901889293438341e-01
4.268145491202837705e-01
8.252320318115823339e-01
5.330735689945609312e-01
4.836889997280775511e-01
7.159172738753898368e-01
4.128055187416939664e-01
3.305553886805289165e-01
6.288682225866221165e-01
3.585540209693223179e-01
5.358007165512321812e-01
1.620657313969883773e-01
4.597238249618254002e-01
6.373677956039391912e-01
7.435337106794296380e-01
7.961711296832820750e-01
4.196848756430082705e-01
3.211480602763577830e-01
3.918996769297574678e-01
1.351631836415231325e-01
1.511992410217915805e-01
2.356307525459459540e-01
1.593422124593080191e-01
5.045514757397432382e-01
2.237509470413177048e-01
3.212611414677783439e-01
1.817282514848033159e-01
4.071741954146043119e-01
2.139572560981507221e-01
1.746851975586264094e-01
6.530746063768763099e-01
4.834316786030516400e-01
7.716613603453282844e-01
6.603390945427165537e-01
3.475168448310257396e-01
3.318318584715419517e-01
6.513204926668452188e-01
5.495394505342043878e-01
4.720032929663948718e-01
3.592208232466650442e-01
6.448594415318112949e-01
7.191189858268620672e-01
1.865864011989812055e-01
2.235539117485531857e-01
3.516565373998549182e-01
3.056198495061729359e-01
2.671574559718390973e-01
1.917846689875676580e-01
4.623006595797902740e-01
5.414689381141886138e-01
3.062149276622007088e-01
6.819748533260654444e-01
5.583733099299790226e-01
4.200041142790550408e-01
8.277085329410474035e-01
5.347949049927495091e-01
4.917983421084642370e-01
7.295338251196357149e-01
4.172447097114835302e-01
3.341321106069168878e-01
6.334780835895632567e-01
3.639506696728442847e-01
5.365485634002487014e-01
1.589790783833437415e-01
6.243282577519568832e-01
4.656927975271356046e-01
6.460694579495573908e-01
7.003059104319497852e-01
4.757362143934054100e-01
7.909754154309645013e-01
4.267294701582473038e-01
3.230420865841592826e-01
7.509197706887422719e-01
4.057608496389202846e-01
1.326041073072311005e-01
1.526587291569652116e-01
1.654758420874270497e-01
2.355933489497435973e-01
1.607169066934200918e-01
1.497580427381969281e-01
3.270138977586803941e-01
5.025734897493544517e-01
2.216331092200044539e-01
3.238424935252603998e-01
5.313317398466139707e-01
3.199892210024510297e-01
1.830249089303341292e-01
2.305559957533579174e-01
6.284468770326678833e-01
4.091640149680294547e-01
2.152637786842399870e-01
1.579718727502019138e-01
5.350544338357243745e-01
1.790377501786044878e-01
2.125288178367352732e-01
1.377972525932234515e-01
4.084887188062487628e-01
6.526893619949165615e-01
1.804191592829067214e-01
4.127128645908756388e-01
8.227712805326894419e-01
4.931968971032520410e-01
6.514096217907925368e-01
5.065533617384853082e-01
4.538405373494778239e-01
7.929083278591380068e-01
1.704471925920481024e-01
2.356682058283212367e-01
3.531462668473757116e-01
7.508783873842281853e-01
4.051949047284804095e-01
3.814380137079914079e-01
7.022985828730465840e-01
4.739172138819023328e-01
3.225483771028977986e-01
8.015772158411618165e-01
4.338901889293438341e-01
5.495394505342043878e-01
4.720032929663948718e-01
3.592208232466650442e-01
6.448592557941306147e-01
7.191189858268620672e-01
1.865855939726033252e-01
2.235539117485531857e-01
3.516565373998549182e-01
3.056198495061729359e-01
2.671574559718390973e-01
1.917846341339921601e-01
4.623006595797902740e-01
5.414689381141886138e-01
3.062149276622007088e-01
6.819748533260654444e-01
5.583733099299790226e-01
5.568523041478434799e-01
7.491370256769986913e-01
4.422270391786446986e-01
5.541421894971643169e-01
6.296390975573742388e-01
2.541464972428197910e-01
2.316571788633235429e-01
4.847250482592717624e-01
2.858744444660590300e-01
2.252464934924382489e-01
2.475919514659914722e-01
7.329174740022352808e-01
6.010316778013762296e-01
3.068985513399669074e-01
6.044677571145318229e-01
5.463744035562125845e-01
5.028345452676798999e-01
6.293165081458249599e-01
8.935971186964457580e-01
4.962434121789850439e-01
6.448508169171460747e-01
2.032335210692390037e-01
1.837724254246913547e-01
8.456732153871377999e-01
8.519113714791910486e-01
1.823579265897159185e-01
1.882755586161644068e-01
6.064165849863485391e-01
5.152637149106107373e-01
8.480918986238674684e-01
6.216253214028533147e-01
4.890376682688338805e-01
5.810818067177127011e-01
6.744735388360316719e-01
6.125496567539920889e-01
5.460408851599477531e-01
7.720731763686492499e-01
2.389331621143882811e-01
2.171354032415364343e-01
6.196689200569602818e-01
6.466019712773642958e-01
2.338087073259727255e-01
2.361385317169252818e-01
6.259972387129759674e-01
5.330309348787722890e-01
6.648098260334867060e-01
7.207973152678022188e-01
5.724289165311035044e-01
5.608805691296477880e-01
7.712258558040692158e-01
7.153917175894055624e-01
5.555842825963122067e-01
6.706292918731469044e-01
2.307799751838774116e-01
2.289229084090592115e-01
7.224975073314752194e-01
7.690863716130240668e-01
2.230160824166322331e-01
2.215070918744490025e-01
7.004446173957239452e-01
5.576746151774685245e-01
7.510519055824920187e-01
6.144758314665375032e-01
5.557840824772019017e-01
5.263021237192218038e-01
8.324048814860141032e-01
8.573939272475188389e-01
5.229809460722083525e-01
8.699332231572014518e-01
1.995323416585529364e-01
2.177129510016898584e-01
8.143686771796878610e-01
8.538029964032536334e-01
2.194842067175283573e-01
1.897403201497186720e-01
8.369685490306839615e-01
5.196852475759072831e-01
8.487447703681578748e-01
7.975847173845558302e-01
5.163466228553732495e-01
4.200041142790551518e-01
8.277085329410472925e-01
5.347949049927496201e-01
4.917983421084642370e-01
7.295338251196356039e-01
4.172447097114834746e-01
3.341321106069169433e-01
6.334780835895633677e-01
3.639506696728442847e-01
5.365485634002487014e-01
1.589790783833437693e-01
6.243282577519569942e-01
4.656927975271355491e-01
6.460694579495571688e-01
7.003059104319500072e-01
4.757362143934055210e-01
7.909754154309645013e-01
4.267294701582474148e-01
3.230420865841593381e-01
7.509197706887422719e-01
4.057608496389202291e-01
1.326041073072311005e-01
1.526587291569652116e-01
1.654758420874270775e-01
2.355933489497435973e-01
1.607169066934200641e-01
1.497580427381969281e-01
3.270138977586803386e-01
5.025734897493543407e-01
2.216331092200044817e-01
3.238424935252604553e-01
5.313317398466139707e-01
3.199892210024510297e-01
1.830249089303341015e-01
2.305559957533578896e-01
6.284468770326678833e-01
4.091640149680296212e-01
2.152637786842400147e-01
1.579718727502019415e-01
5.350544338357244856e-01
1.790377501786044878e-01
2.125288178367353009e-01
1.377972525932234793e-01
4.084887188062488184e-01
6.526893619949167835e-01
1.804191592829067214e-01
4.127128645908756943e-01
8.227712805326894419e-01
4.931968971032519855e-01
6.514096217907923148e-01
5.065533617384854193e-01
4.538405373494778239e-01
7.929083278591381179e-01
1.704471925920481579e-01
2.356682058283212922e-01
3.531462668473757671e-01
7.508783873842280743e-01
4.051949047284804095e-01
3.814380137079915745e-01
7.022985828730466951e-01
4.739172138819022773e-01
3.225483771028977986e-01
8.015772158411618165e-01
4.338901889293437786e-01
