1.470401943358294258e-02
2.184763643024819069e-01
7.849698154956769036e-02
4.209451436485824039e-02
2.893421966712270699e-01
8.869333310880009869e-01
6.785949498623232712e-01
2.369135083832844824e-01
1.001641301727622668e-01
5.798295045252732649e-01
2.724421660667368239e-01
2.329790250249431649e-01
2.923521282778971525e-02
6.171711801875940928e-01
1.671549071102471085e-01
4.134688462272799458e-02
1.262219007495570255e-01
9.147905112025220831e-01
4.554038754904171094e-01
1.660554349374785965e-01
4.465699265015660724e-01
3.522939516628242895e-01
8.158110726145531011e-01
2.805094221720952907e-01
7.862392901201880058e-01
6.339350227858246978e-01
8.069356005207163340e-01
6.686328476618277339e-01
4.660795404215357929e-02
5.531677522291061910e-01
4.902806295477105669e-01
6.460863281699491534e-02
1.435457548846015841e-01
6.488804287910652224e-01
5.839410926945201030e-01
6.234781061190248774e-01
5.260855465626989025e-01
7.338368079544043132e-01
6.320461794211954532e-01
5.996093897202514622e-01
4.775529579617042719e-01
7.384873661003791279e-01
3.709853579289535963e-01
8.910768156178390242e-01
2.850930817749672830e-01
6.498365923331862470e-01
9.351961085957727349e-01
2.275763214349008079e-01
9.896670696621402696e-03
2.874016113783791626e-01
4.106199743424017445e-02
2.964237971182371797e-02
1.711581410810096848e-01
4.562069928405335650e-01
7.865148382886597567e-01
9.676967014985976556e-02
1.664473438922091653e-01
5.328555838208562934e-01
4.700551946224773014e-01
2.781490015926150194e-01
8.726175080694563088e-03
1.482661236818321182e-01
1.108603594353548272e-01
1.500920190046629681e-02
1.485369638389022820e-02
2.230408573144992967e-01
7.159389907443708401e-02
4.171705593218680980e-02
2.837460388329817174e-01
8.890340321174325933e-01
6.735892454624812231e-01
2.349312388054535794e-01
9.846864467692600931e-02
5.897298004354760703e-01
2.763421174106380218e-01
2.944026805977687650e-02
6.202854084696463044e-01
1.688636751380866441e-01
1.186935398999225122e-01
9.250461439793545848e-01
4.707495826653529392e-01
4.572427792056080742e-01
3.615046963649435341e-01
8.113453550756953847e-01
7.863769727570231183e-01
6.329891029406760072e-01
4.385162808400329404e-02
5.668597492676213934e-01
1.458918148518080216e-01
6.493562291340719828e-01
5.294795446380027304e-01
7.363588324432830401e-01
4.667376604122751571e-01
2.866940300515130602e-01
9.303811088306119734e-03
1.687767397822298454e-01
9.486784692914462802e-02
9.076868885500281037e-01
9.035606052062769011e-01
9.259553120414121263e-02
5.610049383369998532e-02
6.437570224541118158e-01
1.783112649912436121e-01
1.516835861374976613e-01
3.493130372012782647e-01
5.766145745399194888e-01
8.090293390933745998e-01
2.051669987464580514e-01
6.424501519240967129e-01
7.379773585921932666e-01
5.981696083760484894e-01
6.553019512269391278e-01
3.862278145339440028e-02
6.394928665232922915e-01
3.687515490147972308e-01
5.473159401202483398e-02
1.470401943358294258e-02
2.184763643024819069e-01
7.849698154956769036e-02
4.209451436485824039e-02
2.893421966712270699e-01
8.869333310880009869e-01
6.785949498623232712e-01
2.369135083832844824e-01
1.001641301727622668e-01
5.798295045252732649e-01
2.724421660667368239e-01
2.329790250249431649e-01
2.923521282778971525e-02
6.171711801875940928e-01
1.671549071102471085e-01
4.134688462272799458e-02
1.262219007495570255e-01
9.147905112025220831e-01
4.554038754904171094e-01
1.660554349374785965e-01
4.465699265015660724e-01
3.522939516628242895e-01
8.158110726145531011e-01
2.805094221720952907e-01
7.862392901201880058e-01
6.339350227858246978e-01
8.069356005207163340e-01
6.686328476618277339e-01
4.660795404215357929e-02
5.531677522291061910e-01
4.902806295477105669e-01
6.460863281699491534e-02
1.435457548846015841e-01
6.488804287910652224e-01
5.839410926945201030e-01
6.234781061190248774e-01
5.260855465626989025e-01
7.338368079544043132e-01
6.320461794211954532e-01
5.996093897202514622e-01
4.775529579617042719e-01
7.384873661003791279e-01
3.709853579289535963e-01
8.910768156178390242e-01
2.850930817749672830e-01
6.498365923331862470e-01
9.351961085957727349e-01
2.275763214349008079e-01
9.896670696621402696e-03
2.874016113783791626e-01
4.106199743424017445e-02
2.964237971182371797e-02
1.711581410810096848e-01
4.562069928405335650e-01
7.865148382886597567e-01
9.676967014985976556e-02
1.664473438922091653e-01
5.328555838208562934e-01
4.700551946224773014e-01
2.781490015926150194e-01
8.726175080694563088e-03
1.482661236818321182e-01
1.108603594353548272e-01
1.500920190046629681e-02
5.610049383369998532e-02
6.437570224541118158e-01
1.783112649912436121e-01
1.516831424699985886e-01
3.493130372012782647e-01
5.766120799396087238e-01
8.090293390933745998e-01
2.051669987464580514e-01
6.424501519240967129e-01
7.379773585921932666e-01
5.981694996689774779e-01
6.553019512269391278e-01
3.862278145339440028e-02
6.394928665232922915e-01
3.687515490147972308e-01
5.473159401202483398e-02
5.435985764726597447e-02
7.025686779900779388e-01
2.751626759859244764e-01
8.177789446466439405e-02
5.930289514203899159e-01
8.160677063579421242e-01
8.257192002296753763e-01
3.101647021518740832e-01
2.694640237984176068e-01
7.936711844531459947e-01
8.269228928353494767e-01
7.455350476269813065e-01
4.636889142610259307e-02
3.016236067848137026e-01
5.979577137760141436e-01
5.246556561160289900e-02
3.985866082300909552e-02
1.843171363866691337e-01
4.067888239650068183e-01
4.528314146807302376e-02
3.479490121134596325e-01
8.298940348370864584e-01
8.041982986300133529e-01
3.751447873329252225e-01
2.896714559016928536e-01
8.668316815178557233e-01
8.244338861622689807e-01
1.804273927027810753e-01
4.866123907089420220e-02
2.791315287108282472e-01
3.381202662962408123e-01
3.783835585189312956e-02
5.807886593443352397e-02
6.268154103995233761e-01
1.629076217721041608e-01
6.668367902542912673e-02
3.067535898611288836e-01
8.287714606256159078e-01
9.063166276654079923e-01
1.628838754382733178e-01
7.200413149711777372e-01
8.880903531847529342e-01
8.285261740820569765e-01
6.097497980556796371e-01
5.991479443059856413e-02
7.306712911151904688e-01
2.727343925384508871e-01
5.755733864683679202e-02
5.527511489539115030e-02
3.285354916027065642e-01
6.655264196804213661e-01
7.059813726987951288e-02
6.481122117905342428e-01
8.508052716281683248e-01
8.509485407601751206e-01
6.682419735868379007e-01
2.464737534441621136e-01
8.563764395704864807e-01
8.466529140673504372e-01
2.849102789990460849e-01
6.241752669867850489e-02
2.364134552145213952e-01
6.303564961069048067e-01
5.470204008368720339e-02
4.818973752774730057e-02
2.854258641242983785e-01
3.791168014034611566e-01
4.281654896976180846e-02
3.145822095624544179e-01
8.404225017560631450e-01
8.478500121122083399e-01
3.638445251527908653e-01
3.602359939899129060e-01
8.575707993623710168e-01
8.421035125696809676e-01
3.050333499977291307e-01
3.986789597331677482e-02
3.489180963111710998e-01
3.064009409277241858e-01
4.515901899099855621e-02
1.470401943358294605e-02
2.184763643024819624e-01
7.849698154956771812e-02
4.209451436485822651e-02
2.893421966712270699e-01
8.869333310880009869e-01
6.785949498623233822e-01
2.369135083832845934e-01
1.001641301727623223e-01
5.798295045252733759e-01
2.724421660667368794e-01
2.329790250249432482e-01
2.923521282778971525e-02
6.171711801875939818e-01
1.671549071102471640e-01
4.134688462272799458e-02
1.262219007495570811e-01
9.147905112025225272e-01
4.554038754904171649e-01
1.660554349374786520e-01
4.465699265015660169e-01
3.522939516628242895e-01
8.158110726145532121e-01
2.805094221720952907e-01
7.862392901201880058e-01
6.339350227858245868e-01
8.069356005207162230e-01
6.686328476618276229e-01
4.660795404215359317e-02
5.531677522291061910e-01
4.902806295477106224e-01
6.460863281699485983e-02
1.435457548846015841e-01
6.488804287910652224e-01
5.839410926945202140e-01
6.234781061190248774e-01
5.260855465626990135e-01
7.338368079544044242e-01
6.320461794211955642e-01
5.996093897202516843e-01
4.775529579617042719e-01
7.384873661003790168e-01
3.709853579289535963e-01
8.910768156178391353e-01
2.850930817749672830e-01
6.498365923331862470e-01
9.351961085957727349e-01
2.275763214349007524e-01
9.896670696621402696e-03
2.874016113783791626e-01
4.106199743424018833e-02
2.964237971182371797e-02
1.711581410810095738e-01
4.562069928405336205e-01
7.865148382886598677e-01
9.676967014985982107e-02
1.664473438922090542e-01
5.328555838208562934e-01
4.700551946224774680e-01
2.781490015926149084e-01
8.726175080694561353e-03
1.482661236818321182e-01
1.108603594353548272e-01
1.500920190046629854e-02
