3.146257557223839929e-01
5.523692498089012304e-01
9.141616606931224354e-01
2.490365367877371006e-01
4.693492983610778602e-01
4.940662961374595596e-01
3.357453533544652591e-01
6.166083342156269964e-01
5.070491945613415652e-01
8.060834306415149975e-01
2.914491968208108297e-01
5.959748465526466532e-01
1.761447577541472853e-01
5.149176478917294464e-01
4.238182275345952488e-01
2.455768062353952397e-01
7.884169307803876592e-01
2.080382685786896224e-01
6.149091666458648131e-01
4.686885107388986671e-01
6.877740025289629244e-01
2.161191350300682434e-01
3.235116490502142339e-01
3.090788341516155779e-01
2.312584968765501459e-01
1.625443155109834725e-01
3.227501178114158265e-01
3.268750042708025161e-01
3.291396165646278682e-01
1.823863764235850726e-01
6.496734591305349804e-01
9.224743795788075129e-01
4.236097082230308453e-01
4.803588574550840540e-01
1.914943516361543308e-01
4.981875536276175187e-01
3.904301344046441358e-01
4.616073277185187007e-01
1.643273797035004202e-01
7.991787321169157021e-01
4.280004400291375077e-01
4.599385763528464066e-01
2.366735354350226472e-01
4.862875943138044721e-01
4.663567298980732523e-01
4.699571457899953675e-01
2.176350777913589329e-01
5.544789630914477296e-01
2.418253972949896413e-01
4.788117212868742145e-01
3.290833642216350330e-01
1.732042574897132425e-01
6.804123166287276980e-01
4.030682322082626001e-01
2.280573393786904379e-01
5.042441153910518503e-01
6.614683464454942374e-01
3.966896816544047688e-01
6.961570654276045822e-01
4.503174324490822333e-01
2.370811730184688160e-01
4.218684539810397260e-01
8.180115204378954896e-01
3.321172910045594451e-01
3.232044912046846963e-01
5.534274714461479006e-01
9.182934250349750194e-01
2.472898105699820048e-01
4.598341130317915026e-01
4.901225799703252117e-01
3.312882272838234554e-01
6.062127800465736405e-01
5.056480965911754888e-01
8.026274672782074404e-01
3.001587257920063645e-01
1.746638785679326400e-01
5.066566768124514120e-01
4.560687591360939042e-01
8.029206023574442241e-01
2.128615211999048684e-01
6.307386616931379697e-01
6.939007923039269832e-01
2.262479253382774780e-01
3.231284825692051221e-01
2.296589805100482939e-01
1.634372618698292090e-01
3.291116592969896559e-01
1.844821956570978361e-01
4.227442913360577870e-01
4.751828203441830212e-01
3.935682103867759185e-01
4.609003475989341125e-01
4.153681114079531556e-01
4.733116320301776758e-01
2.394224331932310601e-01
6.708357644252808116e-01
4.743524190955981101e-01
5.275535999206820703e-01
5.187265448071228802e-01
4.728842590377289046e-01
4.341475796882609539e-01
3.742931984921109567e-01
6.393490423602340433e-01
3.405591163449959713e-01
6.805306561244732766e-01
3.627195455700990001e-01
2.770747575949027985e-01
6.144819537987441516e-01
4.656157772927355110e-01
3.880745045008388017e-01
3.785319722161691880e-01
3.646077696601748297e-01
2.679328915587500526e-01
4.560125172181085373e-01
6.759860556166821244e-01
4.481136775733588484e-01
3.146257557223839929e-01
5.523692498089012304e-01
9.141616606931224354e-01
2.490365367877371006e-01
4.693492983610778602e-01
4.940662961374595596e-01
3.357453533544652591e-01
6.166083342156269964e-01
5.070491945613415652e-01
8.060834306415149975e-01
2.914491968208108297e-01
5.959748465526466532e-01
1.761447577541472853e-01
5.149176478917294464e-01
4.238182275345952488e-01
2.455768062353952397e-01
7.884169307803876592e-01
2.080382685786896224e-01
6.149091666458648131e-01
4.686885107388986671e-01
6.877740025289629244e-01
2.161191350300682434e-01
3.235116490502142339e-01
3.090788341516155779e-01
2.312584968765501459e-01
1.625443155109834725e-01
3.227501178114158265e-01
3.268750042708025161e-01
3.291396165646278682e-01
1.823863764235850726e-01
6.496734591305349804e-01
9.224743795788075129e-01
4.236097082230308453e-01
4.803588574550840540e-01
1.914943516361543308e-01
4.981875536276175187e-01
3.904301344046441358e-01
4.616073277185187007e-01
1.643273797035004202e-01
7.991787321169157021e-01
4.280004400291375077e-01
4.599385763528464066e-01
2.366735354350226472e-01
4.862875943138044721e-01
4.663567298980732523e-01
4.699571457899953675e-01
2.176350777913589329e-01
5.544789630914477296e-01
2.418253972949896413e-01
4.788117212868742145e-01
3.290833642216350330e-01
1.732042574897132425e-01
6.804123166287276980e-01
4.030682322082626001e-01
2.280573393786904379e-01
5.042441153910518503e-01
6.614683464454942374e-01
3.966896816544047688e-01
6.961570654276045822e-01
4.503174324490822333e-01
2.370811730184688160e-01
4.218684539810397260e-01
8.180115204378954896e-01
3.321172910045594451e-01
4.341475796882609539e-01
3.742931984921109567e-01
6.393490423602340433e-01
3.405587714589572434e-01
6.805306561244732766e-01
3.627179763411355617e-01
2.770747575949027985e-01
6.144819537987441516e-01
4.656157772927355110e-01
3.880745045008388017e-01
3.785319034244731262e-01
3.646077696601748297e-01
2.679328915587500526e-01
4.560125172181085373e-01
6.759860556166821244e-01
4.481136775733588484e-01
3.758279706400066145e-01
7.015647434961220785e-01
6.965566997157239815e-01
3.460168227655071593e-01
6.877254283092337772e-01
2.503583194121460354e-01
4.820093131766300387e-01
7.540837164054883246e-01
4.852034413157395587e-01
5.239872248131228760e-01
2.566978556596555272e-01
6.917013335975608079e-01
3.706839156925362810e-01
5.063245013178634402e-01
6.935225598205547737e-01
3.744892133799239686e-01
3.445379945710247416e-01
5.763503924572923598e-01
6.217186740463809258e-01
3.575005514130901174e-01
4.095005147778787435e-01
3.660427127805381264e-01
4.805385116981282789e-01
5.875826825076482240e-01
8.199904335924739218e-01
3.874206669942110715e-01
3.575356765556155780e-01
5.792407454462937810e-01
3.652350061690373684e-01
8.261413636139849359e-01
4.088104911066694491e-01
3.388132679924500401e-01
3.736881894850820895e-01
7.036062760452672649e-01
6.954225866755905372e-01
3.770193824868568466e-01
6.707478980368457577e-01
4.236906245505664970e-01
3.961297177209913700e-01
7.104331652431583599e-01
1.000000000000000000e+00
3.636627795109125261e-01
4.241589746000505867e-01
6.918866846646283264e-01
3.439955028441882279e-01
9.999999999999997780e-01
6.552074542511991950e-01
3.727402697225832284e-01
3.535355653213902993e-01
7.796140515463254594e-01
1.000000000000000000e+00
3.608369614800250869e-01
8.120617669653591442e-01
3.896573826777700589e-01
3.734331421332314216e-01
1.000000000000000000e+00
7.733171907462628170e-01
4.105311243933950083e-01
3.826208686920103408e-01
7.710282364044709347e-01
3.763306238496782474e-01
7.591793189859457058e-01
8.105925583954776137e-01
3.532790870884364720e-01
3.374074199068660129e-01
7.586295230537316581e-01
8.845969512477513952e-01
3.431436304875482568e-01
7.196380271122670980e-01
3.982663087086910081e-01
3.881666429370862481e-01
8.535842851972130774e-01
8.260482982807939578e-01
3.870560744719873103e-01
3.950926325195308619e-01
7.954429963885603083e-01
3.636411748325739657e-01
8.277612976944481726e-01
6.945380613889216015e-01
3.341383619004524297e-01
3.146257557223840484e-01
5.523692498089012304e-01
9.141616606931226574e-01
2.490365367877371006e-01
4.693492983610776381e-01
4.940662961374596152e-01
3.357453533544653146e-01
6.166083342156271074e-01
5.070491945613415652e-01
8.060834306415148864e-01
2.914491968208108297e-01
5.959748465526466532e-01
1.761447577541472853e-01
5.149176478917293354e-01
4.238182275345953043e-01
2.455768062353952397e-01
7.884169307803874371e-01
2.080382685786897334e-01
6.149091666458648131e-01
4.686885107388986116e-01
6.877740025289627024e-01
2.161191350300682434e-01
3.235116490502142339e-01
3.090788341516156335e-01
2.312584968765501459e-01
1.625443155109834448e-01
3.227501178114158265e-01
3.268750042708024051e-01
3.291396165646278682e-01
1.823863764235850449e-01
6.496734591305350914e-01
9.224743795788072909e-01
4.236097082230307342e-01
4.803588574550839985e-01
1.914943516361543585e-01
4.981875536276176852e-01
3.904301344046441913e-01
4.616073277185187007e-01
1.643273797035004480e-01
7.991787321169159242e-01
4.280004400291373967e-01
4.599385763528464066e-01
2.366735354350226472e-01
4.862875943138044166e-01
4.663567298980732523e-01
4.699571457899953675e-01
2.176350777913589885e-01
5.544789630914477296e-01
2.418253972949896413e-01
4.788117212868741035e-01
3.290833642216350885e-01
1.732042574897132425e-01
6.804123166287278091e-01
4.030682322082627667e-01
2.280573393786904934e-01
5.042441153910517393e-01
6.614683464454943485e-01
3.966896816544047688e-01
6.961570654276045822e-01
4.503174324490822888e-01
2.370811730184688160e-01
4.218684539810397260e-01
8.180115204378954896e-01
3.321172910045594451e-01
