3.121659648707002591e-02
3.393203444280478709e-01
1.022833920901791149e-01
5.993882136329387045e-02
3.986158973823533680e-01
8.948463541774340779e-01
6.628607953154102006e-01
2.709942967116115708e-01
1.017497920408751422e-01
6.500796721747457152e-01
2.186760399925825604e-01
2.574467958347679830e-01
3.509791842549193908e-02
5.750057995856392434e-01
2.351258248958829067e-01
5.890852614023886491e-02
2.474738740641661550e-01
8.366375169436055526e-01
5.859122435254775496e-01
2.509133750698184229e-01
5.778871038576482988e-01
3.186880948283553061e-01
7.708441535354696450e-01
2.280081408745120441e-01
7.439672220585242801e-01
5.530922607666681756e-01
7.668370083238134072e-01
6.555417460272894292e-01
6.196769964379757190e-02
4.066016348833744187e-01
6.096688519608728374e-01
9.585432884376182683e-02
1.570704833634011810e-01
7.279686815728998450e-01
4.182637850873157648e-01
5.712772831140973118e-01
5.483030605924718026e-01
7.330270102786661246e-01
5.522978705089333085e-01
6.617891776965669770e-01
3.966896422013242995e-01
7.413024958241006823e-01
3.339948709978853292e-01
8.893572339511857106e-01
2.332217305225980919e-01
7.366704945109627811e-01
8.328425175338516340e-01
3.465714182184547187e-01
1.381519503845191066e-02
2.407775394011815173e-01
5.605299993928476721e-02
3.454403607219314054e-02
2.578107693743314499e-01
3.844418397870962290e-01
7.501009949213010009e-01
9.900422313798212803e-02
2.446554534134465220e-01
5.447003327745846279e-01
5.803473150409197423e-01
3.807776654687829443e-01
1.316485061841180491e-02
1.604244113803207639e-01
2.437071270051676120e-01
3.271540382435059874e-02
3.195168757416082250e-02
3.429574467972472673e-01
9.908788233719001415e-02
5.941865262445382434e-02
3.896974821628855223e-01
8.920634306677850400e-01
6.591831581574231214e-01
2.641688011133466185e-01
1.003784186202821282e-01
6.559405539991565171e-01
2.232002383933827661e-01
3.481897512508396603e-02
5.731647360355016652e-01
2.472831358735899654e-01
2.456278723831224198e-01
8.347301912434718085e-01
5.962193019767716429e-01
5.796525417273473701e-01
3.262309626844516197e-01
7.688279476972621485e-01
7.470320728473329730e-01
5.526944355559303412e-01
5.902810932912576358e-02
4.105798562885298875e-01
1.587374116462089702e-01
7.322988253174818052e-01
5.464969182015981808e-01
7.373584081366688636e-01
3.904840840696324200e-01
2.373629041340457324e-01
1.348579360124131134e-02
2.511604965522302724e-01
1.295474570186063712e-01
8.756003046632380160e-01
8.662094484372965253e-01
1.268746406916945180e-01
8.667324391084614554e-02
7.080073526082411028e-01
1.736417019147667995e-01
1.663837236181691104e-01
5.114522013005478041e-01
5.499214988950209548e-01
7.516699337167470629e-01
2.022505406511546644e-01
5.889247659967519199e-01
7.061016952307731520e-01
5.685643968133297088e-01
7.072303092918428291e-01
3.858855572937208711e-02
5.970270652362558161e-01
5.036437306920111823e-01
8.739488740234445385e-02
3.121659648707002591e-02
3.393203444280478709e-01
1.022833920901791149e-01
5.993882136329387045e-02
3.986158973823533680e-01
8.948463541774340779e-01
6.628607953154102006e-01
2.709942967116115708e-01
1.017497920408751422e-01
6.500796721747457152e-01
2.186760399925825604e-01
2.574467958347679830e-01
3.509791842549193908e-02
5.750057995856392434e-01
2.351258248958829067e-01
5.890852614023886491e-02
2.474738740641661550e-01
8.366375169436055526e-01
5.859122435254775496e-01
2.509133750698184229e-01
5.778871038576482988e-01
3.186880948283553061e-01
7.708441535354696450e-01
2.280081408745120441e-01
7.439672220585242801e-01
5.530922607666681756e-01
7.668370083238134072e-01
6.555417460272894292e-01
6.196769964379757190e-02
4.066016348833744187e-01
6.096688519608728374e-01
9.585432884376182683e-02
1.570704833634011810e-01
7.279686815728998450e-01
4.182637850873157648e-01
5.712772831140973118e-01
5.483030605924718026e-01
7.330270102786661246e-01
5.522978705089333085e-01
6.617891776965669770e-01
3.966896422013242995e-01
7.413024958241006823e-01
3.339948709978853292e-01
8.893572339511857106e-01
2.332217305225980919e-01
7.366704945109627811e-01
8.328425175338516340e-01
3.465714182184547187e-01
1.381519503845191066e-02
2.407775394011815173e-01
5.605299993928476721e-02
3.454403607219314054e-02
2.578107693743314499e-01
3.844418397870962290e-01
7.501009949213010009e-01
9.900422313798212803e-02
2.446554534134465220e-01
5.447003327745846279e-01
5.803473150409197423e-01
3.807776654687829443e-01
1.316485061841180491e-02
1.604244113803207639e-01
2.437071270051676120e-01
3.271540382435059874e-02
8.667324391084614554e-02
7.080073526082411028e-01
1.736417019147667995e-01
1.663832876388075532e-01
5.114522013005478041e-01
5.499191197766243322e-01
7.516699337167470629e-01
2.022505406511546644e-01
5.889247659967519199e-01
7.061016952307731520e-01
5.685642934864982845e-01
7.072303092918428291e-01
3.858855572937208711e-02
5.970270652362558161e-01
5.036437306920111823e-01
8.739488740234445385e-02
8.044543289908115402e-02
8.035286880385907882e-01
2.585935199168538645e-01
1.038839923833255324e-01
7.446071190669805162e-01
7.011968390692558950e-01
8.352010603244151010e-01
3.081573903171810347e-01
2.038231381880084570e-01
8.288027511561520955e-01
7.039344848944010247e-01
8.255911061382290583e-01
7.153836397356660992e-02
2.360934174316859924e-01
7.495292352681508508e-01
7.772254109298348812e-02
5.702298171358713419e-02
2.629342993871857104e-01
4.192163326866469308e-01
7.712422621046879923e-02
4.098446104719839500e-01
8.134196354273383056e-01
7.406213663047360729e-01
3.888104273368917507e-01
3.701526838764745975e-01
7.808638462378507672e-01
7.991008226312414919e-01
2.632357023271563179e-01
6.938088074080533962e-02
3.688723005692620127e-01
3.998990701616038645e-01
5.271785129271991388e-02
7.584742741385457065e-02
7.397468067636197020e-01
2.153746466487604927e-01
8.491162143586972189e-02
4.320620747459562594e-01
7.940760189709508143e-01
8.458464852968929915e-01
2.185934349668552379e-01
7.856788662954579117e-01
8.060926375178933956e-01
7.879416932447865785e-01
7.250612710241792769e-01
7.387221535708897446e-02
8.086454649717842447e-01
3.841624996231782774e-01
7.487377584027021804e-02
7.666065575770235341e-02
4.424689144502536031e-01
6.801323216831485219e-01
9.395985396182784943e-02
7.282041481197465416e-01
8.054074438915045375e-01
8.005458631884202481e-01
7.013164037114241189e-01
2.724281363075440332e-01
8.155102738653785543e-01
7.967692183049857046e-01
3.736512924032044936e-01
8.756899120733285802e-02
2.617891691139377919e-01
7.049847536581843599e-01
7.719344860522453500e-02
6.439011484845863498e-02
3.541840340079824845e-01
4.461525541234387937e-01
7.219157441881410286e-02
4.033940425210460479e-01
7.832486816936303775e-01
8.147441275130897775e-01
4.353615489375912695e-01
4.310072486145064552e-01
8.267688405068404078e-01
7.792274636974435564e-01
3.600769266876853170e-01
6.507966295054004591e-02
4.269287081863433198e-01
3.771155422249066191e-01
6.214337477934506193e-02
3.121659648707003284e-02
3.393203444280478154e-01
1.022833920901791427e-01
5.993882136329387045e-02
3.986158973823532570e-01
8.948463541774340779e-01
6.628607953154103116e-01
2.709942967116116819e-01
1.017497920408751422e-01
6.500796721747458262e-01
2.186760399925825882e-01
2.574467958347680385e-01
3.509791842549193908e-02
5.750057995856391324e-01
2.351258248958829622e-01
5.890852614023887185e-02
2.474738740641661550e-01
8.366375169436055526e-01
5.859122435254774386e-01
2.509133750698184784e-01
5.778871038576480768e-01
3.186880948283553616e-01
7.708441535354696450e-01
2.280081408745120719e-01
7.439672220585242801e-01
5.530922607666680646e-01
7.668370083238134072e-01
6.555417460272892072e-01
6.196769964379755802e-02
4.066016348833745297e-01
6.096688519608728374e-01
9.585432884376177132e-02
1.570704833634011810e-01
7.279686815728997340e-01
4.182637850873157648e-01
5.712772831140972007e-01
5.483030605924719136e-01
7.330270102786661246e-01
5.522978705089333085e-01
6.617891776965669770e-01
3.966896422013242995e-01
7.413024958241005713e-01
3.339948709978853292e-01
8.893572339511855995e-01
2.332217305225981474e-01
7.366704945109626701e-01
8.328425175338518560e-01
3.465714182184546632e-01
1.381519503845191413e-02
2.407775394011814341e-01
5.605299993928478108e-02
3.454403607219315442e-02
2.578107693743314499e-01
3.844418397870962845e-01
7.501009949213011119e-01
9.900422313798212803e-02
2.446554534134464109e-01
5.447003327745847390e-01
5.803473150409197423e-01
3.807776654687828888e-01
1.316485061841180318e-02
1.604244113803207639e-01
2.437071270051676120e-01
3.271540382435059874e-02
