4.881575653927333058e-01
7.868815167205061023e-01
8.093672927866060185e-01
5.768311193808441928e-01
6.381094340221241668e-01
2.914624901506401855e-01
2.560526487192251177e-01
7.953183102032815865e-01
5.322129052375507152e-01
5.237306692461256574e-01
1.099853797237753672e-01
7.816306743346053132e-01
4.290398048958415367e-01
7.062914853053250397e-01
6.668529940081147078e-01
5.629966511593831324e-01
9.038752976123909377e-01
2.279580546818433251e-01
2.848936521059284854e-01
7.270221960390144122e-01
3.581367707753478347e-01
4.890920020427004522e-02
9.134267208718735431e-02
1.317578121249051160e-01
1.625299640330943318e-01
8.378807353474398978e-02
8.752886070102953997e-02
2.554315170844493332e-01
6.103402992394285631e-01
1.139846688428224897e-01
2.866138450143790317e-01
8.433600707265056506e-01
4.409820529542647916e-01
1.803784276318270985e-01
1.095876738741441148e-01
6.659646513672643486e-01
3.826044242928789973e-01
1.461809629829596280e-01
8.079203531600891164e-02
5.182325701225392045e-01
1.813150689612207656e-01
1.395991514186288307e-01
5.176977224539888039e-02
2.687889561037011821e-01
6.807270070506377113e-01
1.816929001501780550e-01
2.139051080354890111e-01
7.769496946847143093e-01
5.734358043895312340e-01
6.933252994596187380e-01
6.038760143056299823e-01
4.276683172622580131e-01
8.504986313727023184e-01
1.799728207376141143e-01
1.652005694969453931e-01
5.590354181931492805e-01
7.979978875010058648e-01
3.815845181347146120e-01
3.267860693862401633e-01
6.083648354709993988e-01
5.611867725914382321e-01
4.621542817132592851e-01
9.159509935551286564e-01
5.116196849386497325e-01
4.996645780243598733e-01
7.818997644309845230e-01
8.262631062628027490e-01
5.698464632102158145e-01
6.232383032003803169e-01
2.799672580651189624e-01
2.557405457820635664e-01
7.884222118585315631e-01
5.456103768151391309e-01
5.209787418344866694e-01
1.207383927222541731e-01
4.283491035497847821e-01
6.863789370780388754e-01
7.138859797790023665e-01
9.097933363500366744e-01
2.208951955329562233e-01
2.833239211061758800e-01
3.401441822060952136e-01
5.031883190333609479e-02
8.942374268072945942e-02
1.638643804592636033e-01
8.228767807528168665e-02
6.071275665003218469e-01
1.093166273975523795e-01
4.515048151454640890e-01
1.810325275295466829e-01
3.820931184601630282e-01
1.429351918706666391e-01
1.806349959900014623e-01
6.880900367799397399e-01
5.672316323317755371e-01
8.239584653175376916e-01
7.443980446483771107e-01
2.623205863130967375e-01
2.374834246833701368e-01
7.455889227347178849e-01
6.490382674560498666e-01
3.580508064892038433e-01
4.624822460846672589e-01
6.791767586829686731e-01
6.646728645208035413e-01
1.140879329143374699e-01
1.435063798641886545e-01
4.697895374298769466e-01
3.289900628089893475e-01
1.938463262711323520e-01
1.127414285217774592e-01
3.427294369010061015e-01
5.862111535697132059e-01
3.554769947767612015e-01
6.229511173352215714e-01
6.699896830632212641e-01
4.881575653927333058e-01
7.868815167205061023e-01
8.093672927866060185e-01
5.768311193808441928e-01
6.381094340221241668e-01
2.914624901506401855e-01
2.560526487192251177e-01
7.953183102032815865e-01
5.322129052375507152e-01
5.237306692461256574e-01
1.099853797237753672e-01
7.816306743346053132e-01
4.290398048958415367e-01
7.062914853053250397e-01
6.668529940081147078e-01
5.629966511593831324e-01
9.038752976123909377e-01
2.279580546818433251e-01
2.848936521059284854e-01
7.270221960390144122e-01
3.581367707753478347e-01
4.890920020427004522e-02
9.134267208718735431e-02
1.317578121249051160e-01
1.625299640330943318e-01
8.378807353474398978e-02
8.752886070102953997e-02
2.554315170844493332e-01
6.103402992394285631e-01
1.139846688428224897e-01
2.866138450143790317e-01
8.433600707265056506e-01
4.409820529542647916e-01
1.803784276318270985e-01
1.095876738741441148e-01
6.659646513672643486e-01
3.826044242928789973e-01
1.461809629829596280e-01
8.079203531600891164e-02
5.182325701225392045e-01
1.813150689612207656e-01
1.395991514186288307e-01
5.176977224539888039e-02
2.687889561037011821e-01
6.807270070506377113e-01
1.816929001501780550e-01
2.139051080354890111e-01
7.769496946847143093e-01
5.734358043895312340e-01
6.933252994596187380e-01
6.038760143056299823e-01
4.276683172622580131e-01
8.504986313727023184e-01
1.799728207376141143e-01
1.652005694969453931e-01
5.590354181931492805e-01
7.979978875010058648e-01
3.815845181347146120e-01
3.267860693862401633e-01
6.083648354709993988e-01
5.611867725914382321e-01
4.621542817132592851e-01
9.159509935551286564e-01
5.116196849386497325e-01
6.490382674560498666e-01
3.580508064892038433e-01
4.624822460846672589e-01
6.791765908931646223e-01
6.646728645208035413e-01
1.140874393371621998e-01
1.435063798641886545e-01
4.697895374298769466e-01
3.289900628089893475e-01
1.938463262711323520e-01
1.127414080329557367e-01
3.427294369010061015e-01
5.862111535697132059e-01
3.554769947767612015e-01
6.229511173352215714e-01
6.699896830632212641e-01
5.993136506098422078e-01
6.646622077964747799e-01
4.946799561525085931e-01
6.658216952895804619e-01
6.646170878143875527e-01
1.084771092953852323e-01
1.676466376078090681e-01
5.846166298661918947e-01
3.973872020716442410e-01
1.740579903722724309e-01
9.826201200844883465e-02
6.122261354017979329e-01
6.847892602877321266e-01
4.491340338577076707e-01
6.278088021457313150e-01
6.017702530359645419e-01
6.071060784838447910e-01
5.297633709886107045e-01
5.976794828057792053e-01
6.521649453104412242e-01
5.529229001077891059e-01
1.426602258099646525e-01
1.547929677968398754e-01
5.984568920060711061e-01
6.255173134298990245e-01
1.381695473389394080e-01
1.215766732212419377e-01
5.152419006306525606e-01
6.476518042379670881e-01
6.736226050146036926e-01
5.236078216621435910e-01
6.011983997778110878e-01
6.624307469215373612e-01
4.839894607840262708e-01
5.379762095599049943e-01
6.786560226361393333e-01
6.448826783931864703e-01
1.603780668677142474e-01
1.535966943939209017e-01
5.843413682076450399e-01
5.467292112992514497e-01
1.743607768033479666e-01
1.547912080328585627e-01
4.184261177310428792e-01
6.504402180484216700e-01
6.314022641744545528e-01
5.465873308902389205e-01
6.667288031478821875e-01
6.438411721182228931e-01
6.361705520962841476e-01
5.587614897071220277e-01
6.805569541241276443e-01
5.401861426705409919e-01
1.560409759574949706e-01
1.648880411921712086e-01
6.403834781091775064e-01
7.123902603167087122e-01
1.566614101577508966e-01
1.423572219154636831e-01
5.168451558891091757e-01
6.743566403233509643e-01
7.346334829331930827e-01
4.781635872702492129e-01
6.510309147552739706e-01
6.287547284937597958e-01
6.768268367366008231e-01
7.761719076739330703e-01
6.372255136880133897e-01
6.796300494552467431e-01
1.487624535609717302e-01
1.359403608032840882e-01
8.095427877684877593e-01
7.079070309516861670e-01
1.472017411473812987e-01
1.325155579906727998e-01
6.829104453077203818e-01
6.521198185528678248e-01
7.688284756592864699e-01
6.295761333720810704e-01
6.235204830857125069e-01
4.881575653927334169e-01
7.868815167205059913e-01
8.093672927866062405e-01
5.768311193808441928e-01
6.381094340221240557e-01
2.914624901506402410e-01
2.560526487192251177e-01
7.953183102032818086e-01
5.322129052375508262e-01
5.237306692461255464e-01
1.099853797237753394e-01
7.816306743346054242e-01
4.290398048958415367e-01
7.062914853053248176e-01
6.668529940081149299e-01
5.629966511593831324e-01
9.038752976123909377e-01
2.279580546818434361e-01
2.848936521059284299e-01
7.270221960390141902e-01
3.581367707753476681e-01
4.890920020427005910e-02
9.134267208718735431e-02
1.317578121249051992e-01
1.625299640330943596e-01
8.378807353474398978e-02
8.752886070102953997e-02
2.554315170844493332e-01
6.103402992394285631e-01
1.139846688428225174e-01
2.866138450143790872e-01
8.433600707265056506e-01
4.409820529542647916e-01
1.803784276318270707e-01
1.095876738741441425e-01
6.659646513672643486e-01
3.826044242928790529e-01
1.461809629829596280e-01
8.079203531600892552e-02
5.182325701225392045e-01
1.813150689612208211e-01
1.395991514186288307e-01
5.176977224539888039e-02
2.687889561037011266e-01
6.807270070506379334e-01
1.816929001501781105e-01
2.139051080354890666e-01
7.769496946847143093e-01
5.734358043895312340e-01
6.933252994596185159e-01
6.038760143056299823e-01
4.276683172622579576e-01
8.504986313727024294e-01
1.799728207376141143e-01
1.652005694969454208e-01
5.590354181931491695e-01
7.979978875010057537e-01
3.815845181347146120e-01
3.267860693862402188e-01
6.083648354709993988e-01
5.611867725914382321e-01
4.621542817132592851e-01
9.159509935551286564e-01
5.116196849386497325e-01
