1.391255806742422163e-01
5.354889132051712242e-01
3.298743712551267526e-01
1.543574461852419977e-01
4.945604983592125636e-01
6.758256880116457754e-01
4.510586096175805970e-01
4.034287484236972476e-01
1.717831181757612513e-01
7.593455881811066455e-01
3.273006878814954113e-01
3.959545757642902175e-01
1.391931112069938470e-01
5.821419499802302777e-01
4.219457223901014742e-01
1.518073940141092537e-01
5.339105515691717763e-01
5.866240843931682658e-01
7.374804773649268341e-01
4.576068602009032982e-01
7.463600277569772956e-01
2.494061566075466696e-01
4.632200429265739272e-01
3.297761625090526727e-01
5.301385875823212412e-01
4.034117209258602510e-01
4.576055265826746710e-01
4.474084019750648178e-01
1.566742096410912444e-01
3.321436205445848500e-01
7.425094818582735900e-01
3.451919219714906784e-01
2.639004895862620548e-01
4.524168808713101009e-01
3.437800678821788525e-01
5.762455041249083809e-01
6.228461149558283116e-01
6.319009918075937371e-01
4.008649800245699946e-01
7.598800243422971779e-01
3.323528748478994377e-01
6.310866476074894482e-01
2.622557112219116027e-01
6.809148906083932751e-01
3.663539340609124895e-01
4.662349130121525853e-01
5.731014613878377961e-01
5.506076763897166382e-01
8.560561630085378182e-02
3.640500329498647103e-01
1.646969904838556098e-01
1.352540535173312464e-01
4.563540421897946953e-01
3.285522657991178375e-01
5.337677957811042262e-01
1.694077699092264577e-01
4.413993676190739457e-01
6.217153755914327506e-01
7.295064534384640975e-01
4.791911722910760507e-01
8.288570579323048526e-02
2.655041364703847884e-01
5.712811357839211457e-01
1.458518858612275759e-01
1.424245016689690557e-01
5.430724092482849263e-01
3.374878260976064692e-01
1.530699924611518548e-01
4.868764390767029160e-01
6.784058576869482771e-01
4.492244725962228347e-01
3.996631142265699710e-01
1.705966648057710700e-01
7.596130859996601536e-01
3.284021335157005783e-01
1.372093438132361565e-01
5.792304081854040554e-01
4.495294365102496803e-01
5.522250707554839932e-01
5.798277601763587308e-01
7.390712447768406079e-01
7.405463362294434360e-01
2.557381556772648223e-01
4.603950840011141743e-01
5.319519872401878846e-01
4.021363304916433790e-01
1.606615107789886032e-01
3.358967759313005730e-01
2.646975145472318380e-01
4.592929268013922206e-01
6.222792455162540204e-01
6.316670498059158145e-01
3.304272314067013827e-01
3.657779786925998700e-01
8.422797331248141339e-02
4.487941579455287933e-01
2.890718654539697896e-01
7.145512848005616258e-01
7.036014516035139499e-01
2.888130159118115214e-01
2.274124685899872600e-01
4.958527347707231137e-01
3.991751216412219305e-01
2.874380193859846222e-01
7.662041233269443197e-01
4.457091667475749919e-01
5.083495883305839680e-01
3.907455528858713167e-01
4.620111677719255239e-01
6.133440764956515912e-01
4.585343065660172357e-01
5.078845784739538516e-01
1.441171634426210435e-01
4.693980593635974641e-01
7.445531422755831130e-01
2.365084343949079848e-01
1.391255806742422163e-01
5.354889132051712242e-01
3.298743712551267526e-01
1.543574461852419977e-01
4.945604983592125636e-01
6.758256880116457754e-01
4.510586096175805970e-01
4.034287484236972476e-01
1.717831181757612513e-01
7.593455881811066455e-01
3.273006878814954113e-01
3.959545757642902175e-01
1.391931112069938470e-01
5.821419499802302777e-01
4.219457223901014742e-01
1.518073940141092537e-01
5.339105515691717763e-01
5.866240843931682658e-01
7.374804773649268341e-01
4.576068602009032982e-01
7.463600277569772956e-01
2.494061566075466696e-01
4.632200429265739272e-01
3.297761625090526727e-01
5.301385875823212412e-01
4.034117209258602510e-01
4.576055265826746710e-01
4.474084019750648178e-01
1.566742096410912444e-01
3.321436205445848500e-01
7.425094818582735900e-01
3.451919219714906784e-01
2.639004895862620548e-01
4.524168808713101009e-01
3.437800678821788525e-01
5.762455041249083809e-01
6.228461149558283116e-01
6.319009918075937371e-01
4.008649800245699946e-01
7.598800243422971779e-01
3.323528748478994377e-01
6.310866476074894482e-01
2.622557112219116027e-01
6.809148906083932751e-01
3.663539340609124895e-01
4.662349130121525853e-01
5.731014613878377961e-01
5.506076763897166382e-01
8.560561630085378182e-02
3.640500329498647103e-01
1.646969904838556098e-01
1.352540535173312464e-01
4.563540421897946953e-01
3.285522657991178375e-01
5.337677957811042262e-01
1.694077699092264577e-01
4.413993676190739457e-01
6.217153755914327506e-01
7.295064534384640975e-01
4.791911722910760507e-01
8.288570579323048526e-02
2.655041364703847884e-01
5.712811357839211457e-01
1.458518858612275759e-01
2.274138137963820361e-01
4.958325180131317733e-01
3.991596617098848165e-01
2.874379641455984680e-01
7.662118977201219927e-01
4.457061002956779205e-01
5.083507139429356281e-01
3.907439610762014626e-01
4.620189871128387304e-01
6.133422620444323181e-01
4.585358581511992937e-01
5.078933214512293404e-01
1.441166530768041576e-01
4.694022338684157303e-01
7.445464841665381250e-01
2.365098741045544295e-01
2.071158058973258942e-01
8.473493972258638873e-01
4.309098267252431391e-01
2.162844121755633786e-01
8.544272182801804227e-01
5.156541871049402648e-01
6.328298697047050059e-01
4.899295731199881931e-01
3.758861391223500270e-01
6.397821258168497893e-01
5.138461238881892879e-01
8.695569258625739373e-01
1.826353224811129716e-01
4.067973016181012369e-01
8.777710449721414232e-01
2.041580686659562605e-01
1.551858389167588281e-01
5.557719455440197631e-01
6.998384651222666619e-01
1.652112072616245542e-01
4.963963425045363476e-01
5.512275347043880114e-01
6.185389232480178467e-01
6.668342822615958010e-01
7.033248475924909204e-01
5.944744180679303325e-01
5.384037729436814690e-01
5.522933233246702933e-01
1.973112673588333088e-01
7.117353718154806330e-01
4.877320535546554314e-01
1.537455334662352902e-01
2.102996006292802145e-01
7.879441875757859925e-01
4.432380081559705864e-01
2.094547644438081446e-01
6.687977305893615387e-01
6.150726412507149243e-01
6.189802095671297355e-01
4.690003045711206298e-01
8.418576567206947914e-01
6.030943721651935707e-01
6.096651390731235853e-01
7.760112735827062735e-01
1.882439562006489875e-01
8.606246166429263322e-01
6.537207644518616689e-01
2.105123812978952069e-01
1.877126043479868667e-01
8.892197152065230981e-01
6.407294259550049276e-01
2.194686643126416703e-01
7.686481060280332400e-01
6.170998412516943699e-01
6.348866835675111009e-01
6.697447813180792409e-01
6.471262969285911382e-01
5.538983192845654546e-01
6.062952333711435493e-01
8.800260904225112313e-01
2.139008910871624258e-01
6.442248685276861231e-01
7.620512414180282690e-01
1.886338270528845895e-01
1.715005224448464261e-01
7.019341578578088825e-01
6.817621145870762511e-01
1.793490912465026954e-01
7.539783220861526747e-01
5.771442759989409144e-01
6.036215868933406670e-01
6.620256916314559703e-01
6.449897281460410525e-01
6.155598985928272260e-01
5.714271000497370689e-01
7.263756118235196180e-01
1.786689591067254501e-01
6.476855952585036658e-01
7.143194060888169439e-01
1.728287296611611956e-01
1.391255806742422441e-01
5.354889132051711131e-01
3.298743712551267526e-01
1.543574461852419977e-01
4.945604983592125636e-01
6.758256880116457754e-01
4.510586096175805970e-01
4.034287484236972476e-01
1.717831181757612513e-01
7.593455881811065344e-01
3.273006878814954668e-01
3.959545757642902730e-01
1.391931112069938470e-01
5.821419499802300557e-01
4.219457223901015297e-01
1.518073940141092815e-01
5.339105515691715542e-01
5.866240843931682658e-01
7.374804773649267231e-01
4.576068602009032427e-01
7.463600277569772956e-01
2.494061566075466696e-01
4.632200429265739827e-01
3.297761625090527282e-01
5.301385875823212412e-01
4.034117209258602510e-01
4.576055265826746710e-01
4.474084019750647623e-01
1.566742096410912721e-01
3.321436205445847945e-01
7.425094818582735900e-01
3.451919219714905673e-01
2.639004895862620548e-01
4.524168808713101564e-01
3.437800678821789635e-01
5.762455041249083809e-01
6.228461149558284227e-01
6.319009918075937371e-01
4.008649800245699946e-01
7.598800243422973999e-01
3.323528748478994377e-01
6.310866476074893372e-01
2.622557112219116027e-01
6.809148906083932751e-01
3.663539340609124895e-01
4.662349130121525853e-01
5.731014613878380182e-01
5.506076763897165272e-01
8.560561630085378182e-02
3.640500329498645993e-01
1.646969904838556653e-01
1.352540535173312741e-01
4.563540421897948063e-01
3.285522657991179485e-01
5.337677957811043372e-01
1.694077699092265132e-01
4.413993676190739457e-01
6.217153755914327506e-01
7.295064534384643196e-01
4.791911722910761062e-01
8.288570579323047138e-02
2.655041364703846773e-01
5.712811357839211457e-01
1.458518858612275759e-01
