6.310606345164924968e-02
2.715230416792603907e-01
2.870624158947288063e-01
5.152324902357682812e-02
3.158395543422891083e-01
7.092585859052804587e-01
6.213358022541974890e-01
2.451771580576442566e-01
1.709016486354108522e-01
7.892767312190127615e-01
3.988749663947431801e-01
2.406912585924415038e-01
3.607336581778118612e-02
4.051002100401402406e-01
3.175296950216812131e-01
5.139276633175376974e-02
2.710940710018935329e-01
7.139503120365786604e-01
4.434157075760181699e-01
3.281388760587627407e-01
6.018919347013307330e-01
3.625403580962247574e-01
6.029056035006976622e-01
4.028237323770083589e-01
6.836894470385042055e-01
5.745223250677502502e-01
6.016597877961705754e-01
6.180664553504638947e-01
1.512238064233196733e-01
6.484020432017293389e-01
4.437043797715637394e-01
2.910525024306963027e-01
1.746126361954339345e-01
6.059458496503589142e-01
6.782041788949334515e-01
4.072300391571050393e-01
4.621786062944667206e-01
6.917789148413560074e-01
5.772806986207881241e-01
7.794159537743705624e-01
4.889275978385485555e-01
6.943701814972788044e-01
3.866627032217078708e-01
7.322000165385380566e-01
2.581567275391353777e-01
6.149404839094978481e-01
7.257703371778649881e-01
2.925851384973049418e-01
4.255028526877866618e-02
2.483786606756184789e-01
1.630662064794096699e-01
3.578750017083316692e-02
2.060225175318458612e-01
4.774906462582776401e-01
6.871089139832190495e-01
1.666740321355532073e-01
2.132205364026842354e-01
4.661261257792010948e-01
6.017189050652267390e-01
3.038206345706626066e-01
4.229368688692146383e-02
1.729725900682583806e-01
2.912498902596256656e-01
6.657887953826101268e-02
6.480930848446694870e-02
2.820876841655315381e-01
2.890456535690601458e-01
5.145737177235090720e-02
3.098305665943895670e-01
7.208896386100434039e-01
6.196930381215614014e-01
2.429170742730153432e-01
1.687900130853955405e-01
7.843411811061438144e-01
4.007319827377527344e-01
3.592939967306104515e-02
4.061518751689370821e-01
3.295080405192581940e-01
2.809720043087505781e-01
7.198909289626999053e-01
4.416764291433069589e-01
6.026370882960935260e-01
3.744273589673072222e-01
6.022787679945892370e-01
6.853980456771029406e-01
5.759036996872723968e-01
1.571094483403202013e-01
6.618935401170714661e-01
1.737975205278623481e-01
6.104217053771177071e-01
4.641576018335634712e-01
6.932614366291387498e-01
4.831328711210217675e-01
2.536766602207201071e-01
4.242031740380572402e-02
2.096612586622025320e-01
1.534746629431718024e-01
8.467190179789582105e-01
8.441315596044355329e-01
1.535743847947822482e-01
1.187975113623515461e-01
5.027063866851624319e-01
4.068962888947266210e-01
1.471472319436882281e-01
4.112600835696422763e-01
5.453653481795615043e-01
6.879336320640776492e-01
3.943773864983753930e-01
6.035939718626875949e-01
7.044849733342958276e-01
5.676207086372874189e-01
5.298542892260422743e-01
6.954378981637644730e-02
6.039477146094204274e-01
4.200505534548879538e-01
1.236922061417957547e-01
6.310606345164924968e-02
2.715230416792603907e-01
2.870624158947288063e-01
5.152324902357682812e-02
3.158395543422891083e-01
7.092585859052804587e-01
6.213358022541974890e-01
2.451771580576442566e-01
1.709016486354108522e-01
7.892767312190127615e-01
3.988749663947431801e-01
2.406912585924415038e-01
3.607336581778118612e-02
4.051002100401402406e-01
3.175296950216812131e-01
5.139276633175376974e-02
2.710940710018935329e-01
7.139503120365786604e-01
4.434157075760181699e-01
3.281388760587627407e-01
6.018919347013307330e-01
3.625403580962247574e-01
6.029056035006976622e-01
4.028237323770083589e-01
6.836894470385042055e-01
5.745223250677502502e-01
6.016597877961705754e-01
6.180664553504638947e-01
1.512238064233196733e-01
6.484020432017293389e-01
4.437043797715637394e-01
2.910525024306963027e-01
1.746126361954339345e-01
6.059458496503589142e-01
6.782041788949334515e-01
4.072300391571050393e-01
4.621786062944667206e-01
6.917789148413560074e-01
5.772806986207881241e-01
7.794159537743705624e-01
4.889275978385485555e-01
6.943701814972788044e-01
3.866627032217078708e-01
7.322000165385380566e-01
2.581567275391353777e-01
6.149404839094978481e-01
7.257703371778649881e-01
2.925851384973049418e-01
4.255028526877866618e-02
2.483786606756184789e-01
1.630662064794096699e-01
3.578750017083316692e-02
2.060225175318458612e-01
4.774906462582776401e-01
6.871089139832190495e-01
1.666740321355532073e-01
2.132205364026842354e-01
4.661261257792010948e-01
6.017189050652267390e-01
3.038206345706626066e-01
4.229368688692146383e-02
1.729725900682583806e-01
2.912498902596256656e-01
6.657887953826101268e-02
1.187975113623515461e-01
5.027063866851624319e-01
4.068962888947266210e-01
1.471467859036865167e-01
4.112600835696422763e-01
5.453629887723817626e-01
6.879336320640776492e-01
3.943773864983753930e-01
6.035939718626875949e-01
7.044849733342958276e-01
5.676206054819552538e-01
5.298542892260422743e-01
6.954378981637644730e-02
6.039477146094204274e-01
4.200505534548879538e-01
1.236922061417957547e-01
1.005108579877813102e-01
5.811992798051901499e-01
5.745937968276573216e-01
9.202322646328854605e-02
7.517662536020575104e-01
7.738916583521736614e-01
6.440499452969701277e-01
6.179707554516769008e-01
2.465747642329929601e-01
7.466292848055663400e-01
7.862569612143236464e-01
6.261220191225569387e-01
8.478814702809903125e-02
2.729403332281012950e-01
7.842735189019516273e-01
9.872372541964152814e-02
1.019324823265352620e-01
2.862506096297119385e-01
2.510487030635879524e-01
1.099873442914289512e-01
2.796062633981903911e-01
7.878341055701095774e-01
7.744788781872955497e-01
2.340002846605389042e-01
3.335084562165353539e-01
7.510601511244332507e-01
7.876292002916229773e-01
2.876743562201689031e-01
1.071818384642647115e-01
3.391585847726770186e-01
2.716171816833043984e-01
1.003702717640785058e-01
1.013918352399405115e-01
7.258644771968292275e-01
2.051429137986269247e-01
1.098806025337658032e-01
3.099419524044235708e-01
7.685292133486426591e-01
8.380230042849318162e-01
2.001775311710818350e-01
9.198106943966659621e-01
7.424353188439899442e-01
7.696418955212656066e-01
7.365551267539864888e-01
8.961846405961211570e-02
9.243228277927906245e-01
2.883385949395687042e-01
1.020448949737084998e-01
9.115165861832678906e-02
5.553039583767240828e-01
7.420695158667514058e-01
9.589250276648075832e-02
7.847629367573065728e-01
7.450110818152625436e-01
7.757297912086398295e-01
7.544276073024276386e-01
3.092472750619528199e-01
7.941610463503918638e-01
7.409864651551205661e-01
5.453822133078229939e-01
1.016382044018929454e-01
2.862852781863152174e-01
8.071194297590507105e-01
9.089064859410417307e-02
1.044369444130399671e-01
3.305520886063926245e-01
3.502936633835100899e-01
1.023180830446827894e-01
2.936074022862056321e-01
7.986374494988297545e-01
7.748472922316816947e-01
3.556140421510183280e-01
3.934224537896859886e-01
7.602813399592586174e-01
8.073824467491107493e-01
3.531576547035009117e-01
1.009375200722617827e-01
4.063293470230064930e-01
2.836935891899585727e-01
1.021899588285751226e-01
6.310606345164926356e-02
2.715230416792603352e-01
2.870624158947289173e-01
5.152324902357682812e-02
3.158395543422890528e-01
7.092585859052804587e-01
6.213358022541976000e-01
2.451771580576443121e-01
1.709016486354108522e-01
7.892767312190128726e-01
3.988749663947431801e-01
2.406912585924415315e-01
3.607336581778118612e-02
4.051002100401401851e-01
3.175296950216812686e-01
5.139276633175377668e-02
2.710940710018935884e-01
7.139503120365788824e-01
4.434157075760181144e-01
3.281388760587626852e-01
6.018919347013307330e-01
3.625403580962248129e-01
6.029056035006976622e-01
4.028237323770084144e-01
6.836894470385042055e-01
5.745223250677502502e-01
6.016597877961704643e-01
6.180664553504637837e-01
1.512238064233197010e-01
6.484020432017293389e-01
4.437043797715637949e-01
2.910525024306961916e-01
1.746126361954339345e-01
6.059458496503588032e-01
6.782041788949336736e-01
4.072300391571049838e-01
4.621786062944667761e-01
6.917789148413561184e-01
5.772806986207882352e-01
7.794159537743705624e-01
4.889275978385485555e-01
6.943701814972785824e-01
3.866627032217078708e-01
7.322000165385379455e-01
2.581567275391354332e-01
6.149404839094977371e-01
7.257703371778652102e-01
2.925851384973049973e-01
4.255028526877866618e-02
2.483786606756183957e-01
1.630662064794097255e-01
3.578750017083316692e-02
2.060225175318458612e-01
4.774906462582778066e-01
6.871089139832191606e-01
1.666740321355532073e-01
2.132205364026841243e-01
4.661261257792010948e-01
6.017189050652269611e-01
3.038206345706626621e-01
4.229368688692145689e-02
1.729725900682583251e-01
2.912498902596257211e-01
6.657887953826101268e-02
