4.660421880881121526e-01
6.167080081206304243e-01
6.842515362896772757e-01
3.597699085317108136e-01
7.108784203803671931e-01
1.985878507551486205e-01
3.941011393616621339e-01
3.142356579522519455e-01
4.424747368567777395e-01
6.840018254689679278e-01
1.918778898284622669e-01
3.173229572407537113e-01
3.150911846414554685e-01
7.380711655788145809e-01
6.919027008801017509e-01
3.511894929985454050e-01
6.520402737023793804e-01
1.906978053464750134e-01
4.183477102447661911e-01
7.285746458963326955e-01
1.369648635498784128e-01
1.363485590567481975e-01
3.362202439850334734e-01
2.001602737646583918e-01
3.635794477820631365e-01
2.107571171121505327e-01
3.322181833617875446e-01
3.943048553321065741e-01
1.460272433655004365e-01
2.774100332630032861e-01
4.284959607419089878e-01
6.971434589131804138e-01
5.716166868433629755e-01
3.335640584594300462e-01
2.822158462980457472e-01
7.410550682139949163e-01
3.651839711872130190e-01
2.872362701852406719e-01
2.092943046947720320e-01
6.787698108983899470e-01
4.371701916803290011e-01
2.854502566111994932e-01
1.425201690589602554e-01
2.200682058968372323e-01
3.983826503267572927e-01
3.452856064103609901e-01
2.007534122860590853e-01
6.321531576381100859e-01
2.662470275701517841e-01
3.905003415665840860e-01
1.506744792621633744e-01
3.088750015188000408e-01
8.273562144956592146e-01
4.313615260230253545e-01
3.685446380106824904e-01
4.647037281257546670e-01
8.133505476489548691e-01
3.620723035301870452e-01
1.221327541388707583e-01
7.025947247511223903e-01
2.562250739392698540e-01
5.925401059919119806e-01
6.701097006102125775e-01
4.907709638263192953e-01
4.781704331184609136e-01
6.244552179169209349e-01
6.906593538673222454e-01
3.554378842470830580e-01
7.067368979732562284e-01
2.094781542747478631e-01
3.942035014845403085e-01
3.157910996455767227e-01
4.535778083407050465e-01
6.813830796094941800e-01
1.958688752312314207e-01
3.119606233844541832e-01
7.395445543705012614e-01
7.279021604397520884e-01
6.608957110133798496e-01
1.957516447481409960e-01
4.213823337550306469e-01
1.244825476431618005e-01
1.393898028948017398e-01
3.342065964710931869e-01
3.660603950765282111e-01
2.100245506530996620e-01
1.483369074759881556e-01
2.776846305178682361e-01
5.820157887250405615e-01
3.393968645537243645e-01
3.636240101949443915e-01
2.864231273480153384e-01
4.342271320860553452e-01
3.950698804557695176e-01
2.611708774134902655e-01
8.202760724555148153e-01
5.588571312413805892e-01
4.411732816540334667e-01
4.289815408605733849e-01
5.633133428733374526e-01
5.245258802567418499e-01
2.279222101621161123e-01
3.619823280798416532e-01
5.307696145940562493e-01
5.695022876163988723e-01
2.350017795043073121e-01
3.427644139482302066e-01
3.664146664884356808e-01
6.130606359190021726e-01
3.308724170759590466e-01
2.432197014872392316e-01
2.573796223288160601e-01
2.937228573267882670e-01
6.313782138478502004e-01
5.638683709785374809e-01
5.431455970835893377e-01
4.660421880881121526e-01
6.167080081206304243e-01
6.842515362896772757e-01
3.597699085317108136e-01
7.108784203803671931e-01
1.985878507551486205e-01
3.941011393616621339e-01
3.142356579522519455e-01
4.424747368567777395e-01
6.840018254689679278e-01
1.918778898284622669e-01
3.173229572407537113e-01
3.150911846414554685e-01
7.380711655788145809e-01
6.919027008801017509e-01
3.511894929985454050e-01
6.520402737023793804e-01
1.906978053464750134e-01
4.183477102447661911e-01
7.285746458963326955e-01
1.369648635498784128e-01
1.363485590567481975e-01
3.362202439850334734e-01
2.001602737646583918e-01
3.635794477820631365e-01
2.107571171121505327e-01
3.322181833617875446e-01
3.943048553321065741e-01
1.460272433655004365e-01
2.774100332630032861e-01
4.284959607419089878e-01
6.971434589131804138e-01
5.716166868433629755e-01
3.335640584594300462e-01
2.822158462980457472e-01
7.410550682139949163e-01
3.651839711872130190e-01
2.872362701852406719e-01
2.092943046947720320e-01
6.787698108983899470e-01
4.371701916803290011e-01
2.854502566111994932e-01
1.425201690589602554e-01
2.200682058968372323e-01
3.983826503267572927e-01
3.452856064103609901e-01
2.007534122860590853e-01
6.321531576381100859e-01
2.662470275701517841e-01
3.905003415665840860e-01
1.506744792621633744e-01
3.088750015188000408e-01
8.273562144956592146e-01
4.313615260230253545e-01
3.685446380106824904e-01
4.647037281257546670e-01
8.133505476489548691e-01
3.620723035301870452e-01
1.221327541388707583e-01
7.025947247511223903e-01
2.562250739392698540e-01
5.925401059919119806e-01
6.701097006102125775e-01
4.907709638263192953e-01
5.245258802567418499e-01
2.279222101621161123e-01
3.619823280798416532e-01
5.307693691876629316e-01
5.695022876163988723e-01
2.350007628190931563e-01
3.427644139482302066e-01
3.664146664884356808e-01
6.130606359190021726e-01
3.308724170759590466e-01
2.432196572862284079e-01
2.573796223288160601e-01
2.937228573267882670e-01
6.313782138478502004e-01
5.638683709785374809e-01
5.431455970835893377e-01
5.394014522190131444e-01
6.114899636342914224e-01
6.299710699284619686e-01
3.700049912093092419e-01
2.443786244376306982e-01
2.637522111763128674e-01
4.171094803967850262e-01
6.810397808749084625e-01
5.797356999528471277e-01
3.426021649128370150e-01
2.604122876147827448e-01
6.392492084541996356e-01
4.281700227990799523e-01
6.191007287341634413e-01
2.515954976706755719e-01
5.429171601223432564e-01
4.075208994040623312e-01
6.983071290650808560e-01
9.201109502300570675e-01
3.639418662217679401e-01
5.953140803295220440e-01
3.047158342987410506e-01
2.649750976755998466e-01
8.814271809764300247e-01
6.953047876676283767e-01
2.784869733102773859e-01
2.919426380839399982e-01
6.921428031233842759e-01
4.578890489268730990e-01
6.935111608676813866e-01
5.954438306204650200e-01
4.132007744971647467e-01
4.565863508594957265e-01
6.447671714088207828e-01
8.944067523802270436e-01
4.335347631807792146e-01
6.263676550526349196e-01
3.453307811196977273e-01
2.733895707197180336e-01
9.380386380905854082e-01
7.492998744578223125e-01
3.166333149693125737e-01
3.447783492078372869e-01
6.195669383336519509e-01
4.741897697964969627e-01
7.729811014716843065e-01
6.081325526789389535e-01
4.643355601672525257e-01
4.551118127203606090e-01
7.238019665406363323e-01
8.955888092964516822e-01
4.460784989875618556e-01
6.171080676505185103e-01
3.195763861538289952e-01
3.165241773442761253e-01
9.212194278567475969e-01
7.704994861966718567e-01
3.208058832065135424e-01
3.123440106463178378e-01
6.919596914472170290e-01
4.783743397315392554e-01
7.707306522671766302e-01
5.990899159265161700e-01
4.648068074187278187e-01
4.090031319006918742e-01
8.313872860864719438e-01
9.869748150823731692e-01
4.108184495254794122e-01
8.167944950659047354e-01
2.808093460805430319e-01
3.021174754424538755e-01
9.596804876090145875e-01
8.615181495392016942e-01
3.174238011037447960e-01
2.721255583182856652e-01
8.761115759756952226e-01
4.398982046539750002e-01
8.693682616877878022e-01
7.950188836951808113e-01
4.147030847999884084e-01
4.660421880881122636e-01
6.167080081206303133e-01
6.842515362896773867e-01
3.597699085317107581e-01
7.108784203803670820e-01
1.985878507551486760e-01
3.941011393616621339e-01
3.142356579522519455e-01
4.424747368567778505e-01
6.840018254689678168e-01
1.918778898284622947e-01
3.173229572407536558e-01
3.150911846414554685e-01
7.380711655788143588e-01
6.919027008801019729e-01
3.511894929985454605e-01
6.520402737023793804e-01
1.906978053464750689e-01
4.183477102447661355e-01
7.285746458963326955e-01
1.369648635498783573e-01
1.363485590567481975e-01
3.362202439850334734e-01
2.001602737646584196e-01
3.635794477820631920e-01
2.107571171121505327e-01
3.322181833617875446e-01
3.943048553321065741e-01
1.460272433655004087e-01
2.774100332630032861e-01
4.284959607419090433e-01
6.971434589131804138e-01
5.716166868433629755e-01
3.335640584594300462e-01
2.822158462980458582e-01
7.410550682139949163e-01
3.651839711872130745e-01
2.872362701852407274e-01
2.092943046947720598e-01
6.787698108983899470e-01
4.371701916803290011e-01
2.854502566111994377e-01
1.425201690589602554e-01
2.200682058968372878e-01
3.983826503267572927e-01
3.452856064103609901e-01
2.007534122860590853e-01
6.321531576381100859e-01
2.662470275701517841e-01
3.905003415665838640e-01
1.506744792621633744e-01
3.088750015188000408e-01
8.273562144956591036e-01
4.313615260230254100e-01
3.685446380106824904e-01
4.647037281257546115e-01
8.133505476489547581e-01
3.620723035301869341e-01
1.221327541388708138e-01
7.025947247511222793e-01
2.562250739392697985e-01
5.925401059919119806e-01
6.701097006102125775e-01
4.907709638263192953e-01
