3.163938976626817223e-01
9.552757021114630653e-01
7.148550624755627414e-01
3.426310775687714250e-01
7.980896059675641752e-01
5.081197463909653544e-01
4.217619909134966982e-01
7.702226981152963114e-01
5.523498173216637719e-01
7.005818120339213362e-01
1.452450931641356968e-01
7.579051601283330886e-01
3.045026328911730196e-01
6.205721305118971909e-01
5.643122147349182161e-01
3.364413276000839947e-01
8.132490892192243415e-01
5.048327613540075642e-01
3.907018018226446343e-01
6.073193106323631074e-01
4.260552878630828322e-01
7.999353310597027977e-02
1.452508362219249727e-01
1.523070277935771877e-01
3.285023191073707105e-01
1.692687405895667851e-01
1.494827015703063811e-01
4.082803339155484101e-01
5.398849380012358257e-01
2.903272988091123441e-01
3.920993446577089037e-01
7.115594862725087566e-01
4.273442729416633834e-01
2.729215578569118561e-01
2.985100613452051910e-01
6.342145981123965548e-01
3.895010411769018743e-01
1.946752732672729913e-01
1.765890905735726379e-01
6.928366069251348236e-01
1.309819946579064698e-01
1.991567496492998579e-01
8.597869262083190911e-02
4.983746756462394401e-01
7.409304166019043958e-01
2.579804445319150430e-01
4.994884853928324153e-01
9.538806285041359079e-01
3.745390424378432503e-01
7.585115079482412925e-01
5.483497154120060557e-01
2.914084111816018785e-01
8.046646492667184347e-01
1.254089075283534305e-01
3.170538142053180852e-01
5.431869107603621849e-01
8.030984579227700149e-01
3.977476477930750320e-01
3.991313123533499208e-01
7.557243370025212847e-01
3.619767247712346037e-01
4.213598644241566826e-01
8.473004584479377765e-01
3.269375962332152219e-01
3.215650618619669276e-01
9.545759401632213370e-01
7.132170250982750037e-01
3.395060369368248510e-01
7.769086357152796829e-01
5.031791028340968364e-01
4.149877992425423656e-01
7.640168818488303204e-01
5.477730731356752480e-01
6.967051554352436948e-01
1.486128599809679596e-01
2.979081902298607032e-01
6.273084960408987776e-01
5.997460248399023586e-01
8.299369325634913253e-01
5.021467859983439475e-01
3.893307581017807495e-01
4.111431723708290908e-01
8.294289793748366169e-02
1.473801105983802429e-01
3.227818661227696562e-01
1.729347218207122339e-01
5.440919102797384665e-01
2.922812628920898326e-01
4.243699754125022650e-01
2.654866510321127748e-01
3.936352823805753243e-01
1.969656342740730426e-01
1.281582949454380949e-01
7.508774731246712353e-01
3.681761901297972428e-01
8.038729085164514343e-01
6.035582859375185905e-01
4.022163139794214803e-01
3.914174342676544072e-01
5.945984600402502984e-01
4.821845698918111878e-01
7.135377043340922487e-01
5.644927547686707792e-01
4.802348646928470410e-01
7.518737194539557578e-01
1.624993776781319677e-01
2.631303220276966504e-01
5.323793678080689373e-01
4.589616921514377834e-01
2.862272897305182529e-01
1.706214238183001719e-01
6.875203967686240869e-01
4.449590121602025050e-01
4.384933106521630153e-01
7.307020502311492027e-01
4.922533493632711421e-01
3.163938976626817223e-01
9.552757021114630653e-01
7.148550624755627414e-01
3.426310775687714250e-01
7.980896059675641752e-01
5.081197463909653544e-01
4.217619909134966982e-01
7.702226981152963114e-01
5.523498173216637719e-01
7.005818120339213362e-01
1.452450931641356968e-01
7.579051601283330886e-01
3.045026328911730196e-01
6.205721305118971909e-01
5.643122147349182161e-01
3.364413276000839947e-01
8.132490892192243415e-01
5.048327613540075642e-01
3.907018018226446343e-01
6.073193106323631074e-01
4.260552878630828322e-01
7.999353310597027977e-02
1.452508362219249727e-01
1.523070277935771877e-01
3.285023191073707105e-01
1.692687405895667851e-01
1.494827015703063811e-01
4.082803339155484101e-01
5.398849380012358257e-01
2.903272988091123441e-01
3.920993446577089037e-01
7.115594862725087566e-01
4.273442729416633834e-01
2.729215578569118561e-01
2.985100613452051910e-01
6.342145981123965548e-01
3.895010411769018743e-01
1.946752732672729913e-01
1.765890905735726379e-01
6.928366069251348236e-01
1.309819946579064698e-01
1.991567496492998579e-01
8.597869262083190911e-02
4.983746756462394401e-01
7.409304166019043958e-01
2.579804445319150430e-01
4.994884853928324153e-01
9.538806285041359079e-01
3.745390424378432503e-01
7.585115079482412925e-01
5.483497154120060557e-01
2.914084111816018785e-01
8.046646492667184347e-01
1.254089075283534305e-01
3.170538142053180852e-01
5.431869107603621849e-01
8.030984579227700149e-01
3.977476477930750320e-01
3.991313123533499208e-01
7.557243370025212847e-01
3.619767247712346037e-01
4.213598644241566826e-01
8.473004584479377765e-01
3.269375962332152219e-01
4.821845698918111878e-01
7.135377043340922487e-01
5.644927547686707792e-01
4.802345928568977906e-01
7.518737194539557578e-01
1.624986746591380316e-01
2.631303220276966504e-01
5.323793678080689373e-01
4.589616921514377834e-01
2.862272897305182529e-01
1.706213928107816469e-01
6.875203967686240869e-01
4.449590121602025050e-01
4.384933106521630153e-01
7.307020502311492027e-01
4.922533493632711421e-01
4.718542526554034833e-01
9.917946111858972902e-01
5.624928258066745901e-01
4.624785886275782354e-01
8.509490673239832326e-01
2.637931427762295611e-01
2.526204370515608422e-01
5.965429467627219040e-01
3.780140537118932276e-01
2.478226954700022966e-01
2.653435844222997719e-01
9.963109907879053040e-01
5.132348950303129431e-01
4.092791971565465925e-01
8.288425255124758362e-01
4.590902344349450659e-01
4.178236924578366818e-01
7.355086013265543787e-01
8.861929916061654922e-01
4.476722572534613809e-01
7.576453732934480545e-01
2.405747997756149947e-01
2.343966938276593748e-01
8.188582352062534486e-01
7.882200458391037667e-01
2.413121356554389363e-01
2.354448178251500878e-01
7.035234367277207745e-01
4.815783481541263678e-01
7.813440922198324756e-01
7.073068250077170216e-01
4.104738904662879051e-01
5.183288855770378234e-01
7.664462771115228001e-01
6.333533823948513941e-01
4.777095876090505788e-01
8.100137366212729617e-01
2.843567337809054241e-01
2.739695948708185114e-01
6.170077318742568373e-01
6.649862366625440835e-01
2.932522851551674359e-01
2.849790472185051438e-01
7.165806821889573186e-01
4.793324230234163874e-01
6.498520169016950287e-01
7.685612967412125407e-01
5.150143333425851733e-01
4.952762486729246350e-01
7.946935609460177297e-01
7.649720673604103460e-01
5.014456763512256110e-01
6.852096403223240095e-01
2.848298027172498914e-01
2.863234912894705997e-01
7.470278117946351770e-01
7.743499876039603436e-01
2.753096503891623303e-01
2.763443976807966052e-01
7.488197441255470821e-01
5.100081230656909881e-01
7.302516858637995156e-01
6.486224214025231305e-01
4.910830714697531629e-01
4.664021354920450668e-01
8.456443997322391493e-01
9.400810272158928171e-01
4.493495049466776914e-01
9.033002487596897279e-01
2.505395311926847945e-01
2.580143896543887760e-01
8.635021807401552785e-01
8.999969080107623753e-01
2.659945038246088744e-01
2.470237458166281430e-01
8.531689722999102887e-01
4.486242419523640557e-01
8.837824063733059621e-01
8.145058337405761684e-01
4.617897988950621091e-01
3.163938976626817778e-01
9.552757021114629543e-01
7.148550624755628524e-01
3.426310775687714250e-01
7.980896059675640641e-01
5.081197463909654655e-01
4.217619909134966982e-01
7.702226981152964225e-01
5.523498173216637719e-01
7.005818120339212252e-01
1.452450931641357246e-01
7.579051601283330886e-01
3.045026328911729641e-01
6.205721305118969688e-01
5.643122147349183271e-01
3.364413276000841058e-01
8.132490892192243415e-01
5.048327613540077863e-01
3.907018018226446898e-01
6.073193106323631074e-01
4.260552878630827767e-01
7.999353310597029365e-02
1.452508362219250004e-01
1.523070277935772154e-01
3.285023191073707660e-01
1.692687405895667574e-01
1.494827015703063811e-01
4.082803339155483546e-01
5.398849380012357146e-01
2.903272988091123441e-01
3.920993446577089592e-01
7.115594862725087566e-01
4.273442729416632724e-01
2.729215578569118561e-01
2.985100613452051355e-01
6.342145981123963328e-01
3.895010411769019298e-01
1.946752732672730191e-01
1.765890905735726657e-01
6.928366069251350456e-01
1.309819946579064698e-01
1.991567496492998302e-01
8.597869262083190911e-02
4.983746756462393845e-01
7.409304166019043958e-01
2.579804445319151540e-01
4.994884853928324708e-01
9.538806285041359079e-01
3.745390424378432503e-01
7.585115079482410705e-01
5.483497154120061667e-01
2.914084111816018785e-01
8.046646492667185457e-01
1.254089075283534860e-01
3.170538142053180852e-01
5.431869107603621849e-01
8.030984579227699038e-01
3.977476477930750320e-01
3.991313123533499763e-01
7.557243370025212847e-01
3.619767247712346037e-01
4.213598644241566826e-01
8.473004584479375545e-01
3.269375962332152219e-01
