4.751595480950693839e-01
8.815839670532894523e-01
6.848987634530457891e-01
4.595466239160547750e-01
7.751584905135234793e-01
4.111508679775865982e-01
3.571928289830419434e-01
8.095231024254236907e-01
2.267907565214909438e-01
8.522378249606681333e-01
1.348532875731910385e-01
7.979799156061391230e-01
4.441611638383222704e-01
2.986385498400127569e-01
5.395648639191286122e-01
4.491139809547017858e-01
7.831616203867970416e-01
4.346193446646418601e-01
2.855361737367390629e-01
5.665155952937268591e-01
3.083142965395873625e-01
9.128960248870855720e-02
1.284124905943373474e-01
1.438411303338102964e-01
1.898640891223522253e-01
1.923843472837869772e-01
1.290758955155937582e-01
3.565577693691817096e-01
6.794291816467074030e-01
1.717427950977442608e-01
2.910916631722451076e-01
6.863721123803740998e-01
1.586741382071522044e-01
9.628706312480275753e-02
1.745681398071491641e-01
2.891534979016299745e-01
5.243471037104003862e-01
2.340423025830959680e-01
1.925524270061469978e-01
8.605009622736927710e-01
0.000000000000000000e+00
2.367161490028768522e-01
9.695465439543504704e-02
4.225103764435008125e-01
1.000000000000000000e+00
1.020991507172460122e-01
4.425580828597159844e-01
8.867465018922104925e-01
6.356291587407220112e-01
9.968579050871240188e-01
6.797018160830806677e-01
4.371287302446673628e-01
4.487505046915729601e-01
0.000000000000000000e+00
1.937859015639214477e-01
2.235874993623744311e-01
4.298121067267558493e-01
5.256614629592124555e-01
3.061801225592046261e-01
7.650077572714468754e-01
6.137269170082381153e-01
1.647313969919226850e-01
8.073302006110059104e-01
4.894710718231123359e-01
4.821786447284371335e-01
8.841734687238634871e-01
6.856310786732229268e-01
4.542794591165478235e-01
7.700835226426312463e-01
4.169100136812426416e-01
3.568737275886491034e-01
8.037074194045319420e-01
2.251907741926162387e-01
8.563737187608178036e-01
1.391867114261584604e-01
4.406195268375567298e-01
2.939550293223482380e-01
5.662325430505310564e-01
7.950061214970446377e-01
4.386092687071021512e-01
2.858585882428915648e-01
3.043722449622358051e-01
9.408122480402177079e-02
1.287462845560440883e-01
1.918236937937358166e-01
1.924685204597763599e-01
6.795646802499581973e-01
1.707524650872456196e-01
1.616846428851546613e-01
9.917923914726087253e-02
5.250060266366147754e-01
2.354410313308294145e-01
0.000000000000000000e+00
9.999999999999998890e-01
6.245356063360296694e-01
4.391767693549197826e-01
6.748590078606093723e-01
3.267052603868766392e-01
3.164151330248303751e-01
6.728001139046220214e-01
5.924669241880805570e-01
6.031637517596506459e-01
4.698094972545266979e-01
5.406287626792443124e-01
6.145819631641775693e-01
1.419885593037154281e-01
2.238107106449275241e-01
4.583523763780955607e-01
0.000000000000000000e+00
3.537722166088199671e-01
1.510624063142951001e-01
6.186208856831487690e-01
6.687001789000580620e-01
0.000000000000000000e+00
6.089237765914108369e-01
6.051328331863695675e-01
4.751595480950693839e-01
8.815839670532894523e-01
6.848987634530457891e-01
4.595466239160547750e-01
7.751584905135234793e-01
4.111508679775865982e-01
3.571928289830419434e-01
8.095231024254236907e-01
2.267907565214909438e-01
8.522378249606681333e-01
1.348532875731910385e-01
7.979799156061391230e-01
4.441611638383222704e-01
2.986385498400127569e-01
5.395648639191286122e-01
4.491139809547017858e-01
7.831616203867970416e-01
4.346193446646418601e-01
2.855361737367390629e-01
5.665155952937268591e-01
3.083142965395873625e-01
9.128960248870855720e-02
1.284124905943373474e-01
1.438411303338102964e-01
1.898640891223522253e-01
1.923843472837869772e-01
1.290758955155937582e-01
3.565577693691817096e-01
6.794291816467074030e-01
1.717427950977442608e-01
2.910916631722451076e-01
6.863721123803740998e-01
1.586741382071522044e-01
9.628706312480275753e-02
1.745681398071491641e-01
2.891534979016299745e-01
5.243471037104003862e-01
2.340423025830959680e-01
1.925524270061469978e-01
8.605009622736927710e-01
0.000000000000000000e+00
2.367161490028768522e-01
9.695465439543504704e-02
4.225103764435008125e-01
1.000000000000000000e+00
1.020991507172460122e-01
4.425580828597159844e-01
8.867465018922104925e-01
6.356291587407220112e-01
9.968579050871240188e-01
6.797018160830806677e-01
4.371287302446673628e-01
4.487505046915729601e-01
0.000000000000000000e+00
1.937859015639214477e-01
2.235874993623744311e-01
4.298121067267558493e-01
5.256614629592124555e-01
3.061801225592046261e-01
7.650077572714468754e-01
6.137269170082381153e-01
1.647313969919226850e-01
8.073302006110059104e-01
4.894710718231123359e-01
5.924669241880805570e-01
6.031637517596506459e-01
4.698094972545266979e-01
5.406285224291624836e-01
6.145819631641775693e-01
1.419879450204145632e-01
2.238107106449275241e-01
4.583523763780955607e-01
0.000000000000000000e+00
3.537722166088199671e-01
1.510623788612927010e-01
6.186208856831487690e-01
6.687001789000580620e-01
0.000000000000000000e+00
6.089237765914108369e-01
6.051328331863695675e-01
5.673478940182292707e-01
7.245548784998410152e-01
4.590472976003217020e-01
5.703188517834031357e-01
6.116548598132900416e-01
2.442935201530886669e-01
2.007794537410126368e-01
5.044516010870860878e-01
2.466590835052806518e-01
2.063915197058756590e-01
2.432433070172816125e-01
7.500518512559226636e-01
6.314135338379165407e-01
2.790447077246362984e-01
6.182182850357709203e-01
5.608120606177227074e-01
4.953861750059360691e-01
6.728063247238467159e-01
7.971719678401623099e-01
5.485256815578153367e-01
6.707320206559510556e-01
1.787535070413166227e-01
1.833386864257432469e-01
7.551495252968523086e-01
6.641114913464265523e-01
1.944269061037759150e-01
1.715819833403139927e-01
6.768632690205973468e-01
5.927428432161598870e-01
6.741820637301736419e-01
6.633069583902517774e-01
4.875784695535294588e-01
6.031136385770771158e-01
7.439865585914597901e-01
6.342849721782206629e-01
5.332366203190912479e-01
6.503202513330741397e-01
2.083862801257651276e-01
2.210303852718961959e-01
6.494082654322257397e-01
5.996164189269808098e-01
2.149150485299956281e-01
2.097489872152891177e-01
7.293161956228879639e-01
5.679665049502000684e-01
6.121785197679974200e-01
6.416456680259892131e-01
6.007921879192419379e-01
5.658956344243699643e-01
8.325439269017098631e-01
6.883150121303320823e-01
5.728090926203248667e-01
6.397845780174402641e-01
2.077280266872685022e-01
2.183443499905842189e-01
7.026445015476667777e-01
7.425876393595243208e-01
1.986314162922510618e-01
2.042923623730529270e-01
8.098002826075028082e-01
5.922716786646058384e-01
7.315891173154649429e-01
6.148440312989773560e-01
5.665141648575925393e-01
5.377377928102633486e-01
8.011384123104343669e-01
8.485237698159360242e-01
5.493900100780468865e-01
8.429105297969876620e-01
1.899795034919771197e-01
1.924157595438217849e-01
8.059838571061370693e-01
8.342513369623394404e-01
1.952837774482097111e-01
1.844520339895204530e-01
8.505319892412190885e-01
5.470920427468631830e-01
8.410834055798963593e-01
8.050725380237633289e-01
5.329789723479715358e-01
4.751595480950694395e-01
8.815839670532893413e-01
6.848987634530457891e-01
4.595466239160547195e-01
7.751584905135233683e-01
4.111508679775865427e-01
3.571928289830419989e-01
8.095231024254238017e-01
2.267907565214910548e-01
8.522378249606680223e-01
1.348532875731910663e-01
7.979799156061393450e-01
4.441611638383223259e-01
2.986385498400128125e-01
5.395648639191287232e-01
4.491139809547018968e-01
7.831616203867970416e-01
4.346193446646419711e-01
2.855361737367390074e-01
5.665155952937269701e-01
3.083142965395874180e-01
9.128960248870855720e-02
1.284124905943373474e-01
1.438411303338103797e-01
1.898640891223522531e-01
1.923843472837869495e-01
1.290758955155937582e-01
3.565577693691816541e-01
6.794291816467072920e-01
1.717427950977442330e-01
2.910916631722451631e-01
6.863721123803738777e-01
1.586741382071521489e-01
9.628706312480275753e-02
1.745681398071492474e-01
2.891534979016300300e-01
5.243471037104003862e-01
2.340423025830959958e-01
1.925524270061469978e-01
8.605009622736927710e-01
0.000000000000000000e+00
2.367161490028768245e-01
9.695465439543507480e-02
4.225103764435007569e-01
1.000000000000000000e+00
1.020991507172460122e-01
4.425580828597161509e-01
8.867465018922104925e-01
6.356291587407220112e-01
9.968579050871237968e-01
6.797018160830807787e-01
4.371287302446673628e-01
4.487505046915729601e-01
0.000000000000000000e+00
1.937859015639214755e-01
2.235874993623744866e-01
4.298121067267558493e-01
5.256614629592124555e-01
3.061801225592045705e-01
7.650077572714468754e-01
6.137269170082380043e-01
1.647313969919226295e-01
8.073302006110059104e-01
4.894710718231123359e-01
