5.927293279280396732e-01
5.434773940591290931e-01
6.763134179638441434e-01
6.732409593074077936e-01
7.944596951526995410e-01
1.151816128695676289e-01
5.549599570987129304e-02
8.141815776659784287e-01
6.394979646989322752e-01
1.852009356703936960e-01
1.696512729906969885e-01
7.894323503007947274e-01
9.048863102994301189e-01
5.942198834175618227e-01
7.013358429399789706e-01
6.701471622166708109e-01
6.692253148273965557e-01
9.928262490468137136e-02
2.649471234562038036e-01
7.961377482099545322e-01
2.452114787088277015e-01
5.214976925940108254e-02
3.958306786376497577e-02
1.946008585420592740e-01
3.323963814743886858e-02
1.665293784688599496e-02
3.817924682881835424e-02
5.643739251615295660e-02
6.677204817570864259e-01
1.791917282984924475e-01
2.803332998773786500e-01
7.207488712223262262e-01
4.613887005952450049e-01
6.947648785286419937e-02
1.613775118347703652e-01
5.551206401746628938e-01
2.152080789278789652e-01
6.166703350700929870e-02
1.555501348552332588e-02
1.860240240177900017e-01
3.366656693595867500e-01
5.585209606104797608e-02
5.671949484821072612e-02
1.091084026168215870e-01
8.483917097288242726e-01
7.187367016060988711e-02
9.482055261188271356e-02
5.443679089452606590e-01
6.447670467153139295e-01
8.786385171485249224e-01
6.503613188625767538e-01
8.994766987144741099e-01
6.027004009231742288e-01
3.465730719594205533e-01
3.490655334930374554e-02
7.098031084821163628e-01
5.663871251741410262e-01
2.220181291049989625e-01
2.060770690812180894e-01
7.680997591299356664e-01
6.340992800134415130e-01
5.052075479376314515e-01
6.860817630175286563e-01
6.478700969530812870e-01
6.197731559354366926e-01
5.439240718748259429e-01
6.983996720297214189e-01
6.716789831913352327e-01
7.812807626358073687e-01
1.121025621483631163e-01
5.596902379574729414e-02
8.017124334321321655e-01
6.746144046519185755e-01
1.856129106702046894e-01
1.820136034734947117e-01
9.021619503330116085e-01
5.749134938328885891e-01
7.667232619796767734e-01
6.774862973696338386e-01
9.704003558094231874e-02
2.700443437888510045e-01
2.218843057616756154e-01
5.440163705136810690e-02
3.887673155276111236e-02
3.407254254178256059e-02
1.610310483196635001e-02
6.590930231091729485e-01
1.681839352503426421e-01
4.831670081756651025e-01
7.066935927499090608e-02
2.186221365338422151e-01
5.878100992381191797e-02
3.416854239807033400e-01
8.648355355886626628e-01
6.393637902635901371e-01
5.843433206741476260e-01
8.563347476880094344e-01
1.420861404087848667e-01
1.126220384462984780e-01
8.771050346034616751e-01
6.925638308482272576e-01
1.558813684938473720e-01
4.301492684836615288e-01
9.229579738718461934e-01
4.686626501301762726e-01
9.459032896376451394e-02
3.618175636746173707e-02
4.691470373260705484e-01
2.636213352780515384e-01
5.709880784554471900e-02
9.249031271335014792e-02
1.465597240220710695e-01
8.415563772312689705e-01
3.116957622465049704e-01
4.402662457477535263e-01
7.360183376153063284e-01
5.927293279280396732e-01
5.434773940591290931e-01
6.763134179638441434e-01
6.732409593074077936e-01
7.944596951526995410e-01
1.151816128695676289e-01
5.549599570987129304e-02
8.141815776659784287e-01
6.394979646989322752e-01
1.852009356703936960e-01
1.696512729906969885e-01
7.894323503007947274e-01
9.048863102994301189e-01
5.942198834175618227e-01
7.013358429399789706e-01
6.701471622166708109e-01
6.692253148273965557e-01
9.928262490468137136e-02
2.649471234562038036e-01
7.961377482099545322e-01
2.452114787088277015e-01
5.214976925940108254e-02
3.958306786376497577e-02
1.946008585420592740e-01
3.323963814743886858e-02
1.665293784688599496e-02
3.817924682881835424e-02
5.643739251615295660e-02
6.677204817570864259e-01
1.791917282984924475e-01
2.803332998773786500e-01
7.207488712223262262e-01
4.613887005952450049e-01
6.947648785286419937e-02
1.613775118347703652e-01
5.551206401746628938e-01
2.152080789278789652e-01
6.166703350700929870e-02
1.555501348552332588e-02
1.860240240177900017e-01
3.366656693595867500e-01
5.585209606104797608e-02
5.671949484821072612e-02
1.091084026168215870e-01
8.483917097288242726e-01
7.187367016060988711e-02
9.482055261188271356e-02
5.443679089452606590e-01
6.447670467153139295e-01
8.786385171485249224e-01
6.503613188625767538e-01
8.994766987144741099e-01
6.027004009231742288e-01
3.465730719594205533e-01
3.490655334930374554e-02
7.098031084821163628e-01
5.663871251741410262e-01
2.220181291049989625e-01
2.060770690812180894e-01
7.680997591299356664e-01
6.340992800134415130e-01
5.052075479376314515e-01
6.860817630175286563e-01
6.478700969530812870e-01
6.925638308482272576e-01
1.558813684938473720e-01
4.301492684836615288e-01
9.229579335790472072e-01
4.686626501301762726e-01
9.458991973882560633e-02
3.618175636746173707e-02
4.691470373260705484e-01
2.636213352780515384e-01
5.709880784554471900e-02
9.249029590482152341e-02
1.465597240220710695e-01
8.415563772312689705e-01
3.116957622465049704e-01
4.402662457477535263e-01
7.360183376153063284e-01
8.734575285657258936e-01
6.004025246070621158e-02
2.969306780054934425e-01
7.563109800143698047e-01
1.835529247228868677e-01
6.234518568975452868e-02
1.215148489805811804e-01
4.184291950638432400e-01
5.086601694342474111e-01
6.795393139359229284e-02
5.083661468418249063e-02
3.658984797738762396e-02
6.819947134294885860e-01
6.076774573771464016e-01
1.440263961574959062e-01
8.990732898788664773e-01
6.997024014161530303e-01
2.987247479067036693e-01
4.612052355051612373e-01
8.789438041371601118e-01
2.575871277111789759e-01
8.288262042500949001e-02
6.583291149593897829e-02
4.994313322036416647e-01
4.164680101024744729e-01
5.467043561930495787e-02
6.198339750383891067e-02
2.843571508863598218e-01
8.965824772137954701e-01
4.959694138276469211e-01
2.240916438695028656e-01
7.220879251551062250e-01
7.702766863429797439e-01
3.523685882255183088e-01
4.008087885085824809e-01
8.376399825406085631e-01
3.414319662267941702e-01
8.121305375037773944e-02
6.029432799231432272e-02
5.169583351028159690e-01
1.934481964794136921e-01
8.552815008296804633e-02
7.608160368039200427e-02
2.703777367968625001e-01
8.716158222748755513e-01
3.267346925855234563e-01
2.525248324778384124e-01
8.000206220885955899e-01
8.005622397270907298e-01
4.017682489221154896e-01
2.116026862144781973e-01
8.329925833832416693e-01
3.340074255236111789e-01
8.057164782811632175e-02
8.815127089728636012e-02
3.326113172307518795e-01
4.653694997191548666e-01
7.013399294990504962e-02
6.713329858854039101e-02
2.748546685520518729e-01
8.176463971133911546e-01
5.455767749058466620e-01
2.466110444145077629e-01
8.377811964536463485e-01
7.804130391166437253e-01
4.108767720824040293e-01
5.240265743152066058e-01
8.117373132568028726e-01
4.204658367765954363e-01
7.563055195061033076e-02
5.396644198900027445e-02
6.249104403319152290e-01
5.222301887119775721e-01
6.374434546176169225e-02
5.953278660694141800e-02
3.900712665855736727e-01
8.114707678809096603e-01
6.126262857839932519e-01
3.906471444170271923e-01
8.052967840127341903e-01
5.927293279280397842e-01
5.434773940591289820e-01
6.763134179638442545e-01
6.732409593074077936e-01
7.944596951526994300e-01
1.151816128695676289e-01
5.549599570987127917e-02
8.141815776659785397e-01
6.394979646989322752e-01
1.852009356703936405e-01
1.696512729906970163e-01
7.894323503007947274e-01
9.048863102994302299e-01
5.942198834175618227e-01
7.013358429399791927e-01
6.701471622166710329e-01
6.692253148273965557e-01
9.928262490468142687e-02
2.649471234562037480e-01
7.961377482099543101e-01
2.452114787088277570e-01
5.214976925940109642e-02
3.958306786376498271e-02
1.946008585420592463e-01
3.323963814743887552e-02
1.665293784688599149e-02
3.817924682881835424e-02
5.643739251615294272e-02
6.677204817570863149e-01
1.791917282984924198e-01
2.803332998773785945e-01
7.207488712223262262e-01
4.613887005952450049e-01
6.947648785286417161e-02
1.613775118347703930e-01
5.551206401746630048e-01
2.152080789278790207e-01
6.166703350700930564e-02
1.555501348552332935e-02
1.860240240177899462e-01
3.366656693595868610e-01
5.585209606104796914e-02
5.671949484821072612e-02
1.091084026168215870e-01
8.483917097288242726e-01
7.187367016060988711e-02
9.482055261188271356e-02
5.443679089452606590e-01
6.447670467153139295e-01
8.786385171485247003e-01
6.503613188625768649e-01
8.994766987144739989e-01
6.027004009231743398e-01
3.465730719594206088e-01
3.490655334930375941e-02
7.098031084821163628e-01
5.663871251741409152e-01
2.220181291049989625e-01
2.060770690812180339e-01
7.680997591299357774e-01
6.340992800134414020e-01
5.052075479376312295e-01
6.860817630175286563e-01
6.478700969530812870e-01
