7.030237128523850361e-03
1.644634960222989828e-01
9.254405907333251857e-02
1.591859038607668086e-02
2.801078468534876076e-01
6.986000922090771503e-01
8.031292403714812567e-01
2.013871741652602798e-01
1.947707342463092517e-01
7.300095222470659451e-01
3.191159716340396524e-01
1.939297811063064869e-01
1.478553034671242078e-02
6.016329662926989119e-01
2.531246666057531125e-01
1.487736816078301730e-02
4.761623728702055192e-02
8.055989503616429737e-01
4.749712861097631911e-01
2.629827559401623494e-01
3.046455867539386575e-01
3.550624077040138715e-01
7.184801950878058063e-01
3.330551105226397524e-01
9.011282979074584087e-01
6.184899791812856762e-01
7.144171858344813275e-01
7.843562597786766233e-01
1.173217038110108135e-02
7.533474227566555603e-01
4.946079413318826834e-01
9.249074916328620111e-02
1.521152791060201848e-01
8.009220244067398742e-01
7.852276931238240110e-01
6.034611967520087106e-01
5.420420501244535005e-01
6.382568019650651792e-01
6.187015355855969290e-01
7.402031171714191782e-01
5.430334366017836034e-01
6.408122183031474961e-01
3.686117017221169356e-01
6.969421927642607262e-01
1.734883933007509427e-01
7.966437408373254758e-01
8.028840081396659834e-01
1.717707990549224295e-01
1.894517014591531184e-03
1.718623580708089627e-01
1.184629034483768162e-02
1.393900559629011535e-02
2.041529987655471556e-01
5.255659030527263242e-01
8.974167222313090830e-01
1.904311682461590771e-01
1.983069317265920839e-01
5.519402677646625399e-01
3.018284943891588745e-01
2.635117309727997292e-01
7.664470459690375659e-04
1.492918664582290611e-01
4.831691229855125669e-02
7.594979191584949260e-03
7.307215260893220807e-03
1.681288026983357442e-01
9.251756184800519200e-02
1.539290489354643021e-02
2.718104408565524821e-01
6.977595554470017447e-01
7.936962924193030622e-01
1.976299938586382754e-01
1.926031814803799147e-01
7.351116553052225999e-01
3.259767154411606360e-01
1.435920803051388139e-02
6.025357083043212381e-01
2.628398464555964376e-01
4.795962303310111197e-02
8.042344497345687016e-01
4.828730612127128952e-01
3.003141667310730289e-01
3.617392241146039633e-01
7.164358811075148825e-01
8.992737418465709398e-01
6.185959251823959226e-01
1.178888770520375440e-02
7.681492893936464617e-01
1.507120210835170004e-01
7.987930907043595541e-01
5.470042874562093260e-01
6.397068089475947961e-01
5.341832126032290962e-01
1.729483427899360104e-01
1.323146126354418986e-03
2.011976960680716964e-01
9.882308824487084919e-02
9.067828906918641296e-01
8.974241562439940756e-01
9.562427391104133534e-02
3.921746946301958581e-02
6.271145454263709063e-01
3.101964564717593076e-01
1.421825872981461458e-01
3.011308269117665137e-01
5.318806434185517906e-01
8.214147534802868078e-01
3.240648124835346922e-01
8.302888769038642147e-01
7.171458484044740400e-01
5.472584802218597444e-01
6.203757886803518140e-01
8.926617388532745445e-03
8.290055229901388545e-01
3.104010345536720727e-01
3.907306615470886035e-02
7.030237128523850361e-03
1.644634960222989828e-01
9.254405907333251857e-02
1.591859038607668086e-02
2.801078468534876076e-01
6.986000922090771503e-01
8.031292403714812567e-01
2.013871741652602798e-01
1.947707342463092517e-01
7.300095222470659451e-01
3.191159716340396524e-01
1.939297811063064869e-01
1.478553034671242078e-02
6.016329662926989119e-01
2.531246666057531125e-01
1.487736816078301730e-02
4.761623728702055192e-02
8.055989503616429737e-01
4.749712861097631911e-01
2.629827559401623494e-01
3.046455867539386575e-01
3.550624077040138715e-01
7.184801950878058063e-01
3.330551105226397524e-01
9.011282979074584087e-01
6.184899791812856762e-01
7.144171858344813275e-01
7.843562597786766233e-01
1.173217038110108135e-02
7.533474227566555603e-01
4.946079413318826834e-01
9.249074916328620111e-02
1.521152791060201848e-01
8.009220244067398742e-01
7.852276931238240110e-01
6.034611967520087106e-01
5.420420501244535005e-01
6.382568019650651792e-01
6.187015355855969290e-01
7.402031171714191782e-01
5.430334366017836034e-01
6.408122183031474961e-01
3.686117017221169356e-01
6.969421927642607262e-01
1.734883933007509427e-01
7.966437408373254758e-01
8.028840081396659834e-01
1.717707990549224295e-01
1.894517014591531184e-03
1.718623580708089627e-01
1.184629034483768162e-02
1.393900559629011535e-02
2.041529987655471556e-01
5.255659030527263242e-01
8.974167222313090830e-01
1.904311682461590771e-01
1.983069317265920839e-01
5.519402677646625399e-01
3.018284943891588745e-01
2.635117309727997292e-01
7.664470459690375659e-04
1.492918664582290611e-01
4.831691229855125669e-02
7.594979191584949260e-03
3.921749853984181355e-02
6.271150127735416469e-01
3.101967855901704985e-01
1.421822104280293653e-01
3.011311837761805332e-01
5.318785151449526571e-01
8.214149676548634371e-01
3.240651058861606648e-01
8.302892993002791711e-01
7.171441144355517050e-01
5.472585570289909551e-01
6.203762469029756588e-01
8.926636623870401466e-03
8.290059496247864645e-01
3.104013836077410549e-01
3.907309627545706154e-02
5.768114262087720157e-02
6.123388307871022729e-01
4.912465981088407485e-01
5.036679905531619983e-02
5.824086365028855461e-01
8.381364159255454416e-01
7.521958036653708657e-01
5.333818101997671590e-01
2.875734987467513104e-01
7.864069662802998240e-01
8.416489740940531483e-01
6.374749682161446884e-01
4.823319492898495153e-02
3.179804849960554680e-01
5.858788847952787204e-01
5.471615598220591625e-02
5.331172902641065359e-02
2.190695771907891221e-01
3.592319437313162833e-01
4.022174411753562384e-02
3.063356667141552414e-01
8.445744944946538268e-01
8.061075781026136866e-01
3.293811577693759318e-01
2.709959797401861881e-01
8.447672612458917429e-01
8.285283689875774238e-01
2.182980220727266385e-01
5.554710516072108861e-02
2.593546950100023007e-01
3.010624153006753456e-01
4.871377727369993749e-02
5.249310696665264453e-02
6.692777432493208778e-01
1.690785952255970948e-01
7.102840994610265524e-02
3.683501813460612340e-01
8.381222384560707006e-01
8.832559602126364151e-01
1.784405438647764797e-01
7.619541401927318880e-01
8.560314787971666783e-01
8.300960175131456564e-01
6.398300058112460498e-01
5.476610168817759583e-02
7.718268973662121279e-01
3.291016714640790930e-01
5.140572936223242184e-02
5.377849080246975555e-02
3.883419740927394059e-01
6.898545775556468307e-01
6.573852655401463130e-02
6.683637280267826775e-01
8.371813415405380265e-01
8.530918122270987336e-01
6.959267451570729790e-01
2.532802572457963919e-01
8.574265703453842757e-01
8.241473945794024480e-01
3.315345774659799183e-01
6.644533041780115168e-02
2.358477661737592435e-01
6.473557300726886510e-01
5.347206488162548066e-02
5.709791662993568551e-02
3.008792178992745203e-01
3.565048035218882916e-01
4.264765758434799214e-02
2.856064880567779074e-01
8.524905005694589644e-01
8.428031691961472838e-01
3.399900833805005185e-01
3.746981208152715404e-01
8.396808814380799513e-01
8.440837509577434616e-01
3.088613421811550186e-01
4.138927877533107869e-02
3.491323144258082767e-01
2.781941921677093532e-01
5.489411359563595161e-02
7.030237128523850361e-03
1.644634960222989828e-01
9.254405907333249082e-02
1.591859038607668086e-02
2.801078468534875521e-01
6.986000922090771503e-01
8.031292403714813677e-01
2.013871741652603353e-01
1.947707342463093072e-01
7.300095222470660561e-01
3.191159716340397079e-01
1.939297811063064592e-01
1.478553034671242425e-02
6.016329662926989119e-01
2.531246666057532790e-01
1.487736816078301903e-02
4.761623728702055192e-02
8.055989503616431957e-01
4.749712861097632466e-01
2.629827559401622938e-01
3.046455867539384910e-01
3.550624077040139270e-01
7.184801950878058063e-01
3.330551105226398079e-01
9.011282979074584087e-01
6.184899791812855652e-01
7.144171858344813275e-01
7.843562597786764012e-01
1.173217038110109522e-02
7.533474227566556713e-01
4.946079413318827389e-01
9.249074916328620111e-02
1.521152791060201848e-01
8.009220244067396521e-01
7.852276931238241220e-01
6.034611967520087106e-01
5.420420501244536116e-01
6.382568019650652902e-01
6.187015355855969290e-01
7.402031171714194002e-01
5.430334366017836034e-01
6.408122183031473851e-01
3.686117017221169356e-01
6.969421927642609482e-01
1.734883933007509427e-01
7.966437408373255868e-01
8.028840081396659834e-01
1.717707990549224295e-01
1.894517014591532052e-03
1.718623580708088794e-01
1.184629034483769550e-02
1.393900559629011882e-02
2.041529987655472667e-01
5.255659030527264353e-01
8.974167222313091941e-01
1.904311682461590771e-01
1.983069317265919729e-01
5.519402677646625399e-01
3.018284943891589300e-01
2.635117309727997847e-01
7.664470459690375659e-04
1.492918664582290056e-01
4.831691229855128444e-02
7.594979191584948393e-03
