1.254054694902682621e-01
3.072777294110521917e-01
4.049840990887894066e-01
1.521993830545250448e-01
3.175395282728737389e-01
4.328422696000829850e-01
5.256838196745196035e-01
1.222322626173849847e-01
2.964064377553203844e-01
7.649220083595815733e-01
2.984612305289917611e-01
1.138564434958327376e-01
1.265367911542347179e-01
7.909967933881509872e-01
5.515710034937975070e-01
1.468094560138812898e-01
3.874607265915581134e-01
3.514836571987374758e-01
5.104030595293889139e-01
5.922254136247433465e-01
3.772677621544769377e-01
2.178695290229454851e-01
6.399331864821271587e-01
3.289403130947572973e-01
7.279479544648581602e-01
5.344582499883963056e-01
5.868386825872426993e-01
5.333643084932432332e-01
8.929186870487827721e-02
4.528706185875183143e-01
5.300693078363303279e-01
3.912083706394809401e-01
3.700925675714820673e-01
5.288095356139008718e-01
4.403582002443312549e-01
7.810151341696442984e-01
6.177840437345324398e-01
7.375332886331829041e-01
5.031503805192507617e-01
7.434187548387924949e-01
3.935168758291753832e-01
6.926535565037187370e-01
1.890715868881899242e-01
3.953916281283955114e-01
1.111781627212715118e-01
5.622549889710570792e-01
3.023556258844840583e-01
2.869370924377077081e-01
5.214918295772214690e-02
1.193481895690436945e-01
8.369584215768292867e-02
1.235527410138978210e-01
3.756168233126957468e-01
4.219601017861331904e-01
7.292340656837873469e-01
3.071274816530489282e-01
3.703048918327472849e-01
6.032649471794416796e-01
3.263398115596427007e-01
2.836920948025357658e-01
4.982298483141118367e-02
3.539749760465748518e-01
3.815105005900376045e-01
1.243703969990526265e-01
1.248978174766572080e-01
2.970749675767074827e-01
3.981369935421414374e-01
1.494781518108644625e-01
3.006171411627395207e-01
4.138552067726709027e-01
5.295430710553086229e-01
1.180123613185604659e-01
3.017614498356451236e-01
7.541591262301157172e-01
3.136296994900013568e-01
1.250339796099220746e-01
7.860680585689945321e-01
5.854532771817365644e-01
3.845446488647150662e-01
3.267924394657855114e-01
5.184391946398032580e-01
3.496805328404366531e-01
2.036784890780111157e-01
6.132185447421145685e-01
7.285905832468517751e-01
5.187794829742770064e-01
8.651065811759679758e-02
4.452228344618314182e-01
3.620819993577111817e-01
5.454524606767605643e-01
6.105052380375991516e-01
7.153303811744380347e-01
4.079281217130660275e-01
1.154346218548946423e-01
5.097095649427962200e-02
3.729315367214044441e-01
2.450445979160182919e-01
7.795216139554576040e-01
7.360125583822104689e-01
2.360612089015301507e-01
2.067722626253265528e-01
1.876342888296589351e-01
3.264583979975602679e-01
3.333423777781481245e-01
4.732124240546893290e-01
4.551303677057660924e-01
6.635261939873234871e-01
3.463405446653168296e-01
6.980281822135471215e-01
7.035350238051248928e-01
4.225284712740161597e-01
1.741148619677124199e-01
7.991036615181219827e-02
7.280627718824882466e-01
4.347766181150420906e-01
2.023351875143912793e-01
1.254054694902682621e-01
3.072777294110521917e-01
4.049840990887894066e-01
1.521993830545250448e-01
3.175395282728737389e-01
4.328422696000829850e-01
5.256838196745196035e-01
1.222322626173849847e-01
2.964064377553203844e-01
7.649220083595815733e-01
2.984612305289917611e-01
1.138564434958327376e-01
1.265367911542347179e-01
7.909967933881509872e-01
5.515710034937975070e-01
1.468094560138812898e-01
3.874607265915581134e-01
3.514836571987374758e-01
5.104030595293889139e-01
5.922254136247433465e-01
3.772677621544769377e-01
2.178695290229454851e-01
6.399331864821271587e-01
3.289403130947572973e-01
7.279479544648581602e-01
5.344582499883963056e-01
5.868386825872426993e-01
5.333643084932432332e-01
8.929186870487827721e-02
4.528706185875183143e-01
5.300693078363303279e-01
3.912083706394809401e-01
3.700925675714820673e-01
5.288095356139008718e-01
4.403582002443312549e-01
7.810151341696442984e-01
6.177840437345324398e-01
7.375332886331829041e-01
5.031503805192507617e-01
7.434187548387924949e-01
3.935168758291753832e-01
6.926535565037187370e-01
1.890715868881899242e-01
3.953916281283955114e-01
1.111781627212715118e-01
5.622549889710570792e-01
3.023556258844840583e-01
2.869370924377077081e-01
5.214918295772214690e-02
1.193481895690436945e-01
8.369584215768292867e-02
1.235527410138978210e-01
3.756168233126957468e-01
4.219601017861331904e-01
7.292340656837873469e-01
3.071274816530489282e-01
3.703048918327472849e-01
6.032649471794416796e-01
3.263398115596427007e-01
2.836920948025357658e-01
4.982298483141118367e-02
3.539749760465748518e-01
3.815105005900376045e-01
1.243703969990526265e-01
2.067722626253265528e-01
1.876342888296589351e-01
3.264583979975602679e-01
3.333420291177719985e-01
4.732124240546893290e-01
4.551283986810364945e-01
6.635261939873234871e-01
3.463405446653168296e-01
6.980281822135471215e-01
7.035350238051248928e-01
4.225283944867105901e-01
1.741148619677124199e-01
7.991036615181219827e-02
7.280627718824882466e-01
4.347766181150420906e-01
2.023351875143912793e-01
1.910778292383389643e-01
6.751511262838103544e-01
5.903027138544445496e-01
1.465190520840786159e-01
7.306205135806989048e-01
5.761411944867124157e-01
6.801447467125305568e-01
6.633751553483637764e-01
3.933340018901940738e-01
7.354880234674144868e-01
5.245148645041544100e-01
6.159103902978286804e-01
1.348890765055956731e-01
4.315090092473881089e-01
6.845467500243553882e-01
1.838997036467514556e-01
1.257618993238641958e-01
4.513046415611465800e-01
6.752475150787184965e-01
1.372059301204220094e-01
4.853264753434840539e-01
6.952188518398709771e-01
5.980834487720283477e-01
6.551545111227492502e-01
7.033698796517608987e-01
5.928809889252656395e-01
6.322335597647169569e-01
4.029520446879386597e-01
1.402098752380795399e-01
7.174322348410755446e-01
4.335208891396613584e-01
1.161417710791117497e-01
1.503329776052591549e-01
7.968940781609892277e-01
4.116232103732389014e-01
1.900058467748766688e-01
7.952566304757500149e-01
7.033904077737921368e-01
6.405017004303087402e-01
4.766057804532719544e-01
7.760584700239330225e-01
6.608399316352400188e-01
6.584273574099631654e-01
6.780527747891906820e-01
1.562763014032291231e-01
8.397955409516131287e-01
6.591123338876689886e-01
1.472824933896131061e-01
1.541760669064743960e-01
7.759039051234219997e-01
7.940822228231501079e-01
1.617075416074736371e-01
7.677050034462808981e-01
6.789816555749300653e-01
6.727269328136620263e-01
8.708216009285667525e-01
5.497987148597491824e-01
6.485347348523160527e-01
6.281368307515604599e-01
6.106326655883811405e-01
1.788842727597891313e-01
5.692008221985167538e-01
6.765529101662353106e-01
1.509124632971567681e-01
1.423060412626309112e-01
5.914687654686880958e-01
7.287963826458772054e-01
1.314956726619406491e-01
5.905028861106120797e-01
6.759813292077259117e-01
6.464334794213060231e-01
7.267147286177015886e-01
7.200180853669904124e-01
6.450174029364805772e-01
6.217772011410582778e-01
5.516481097417973434e-01
1.336553228488046863e-01
7.406598962847061873e-01
5.056502334928465459e-01
1.336489639502215776e-01
1.254054694902682898e-01
3.072777294110522472e-01
4.049840990887895176e-01
1.521993830545250448e-01
3.175395282728737389e-01
4.328422696000831515e-01
5.256838196745196035e-01
1.222322626173850402e-01
2.964064377553204954e-01
7.649220083595816844e-01
2.984612305289917611e-01
1.138564434958327654e-01
1.265367911542347179e-01
7.909967933881507651e-01
5.515710034937975070e-01
1.468094560138813176e-01
3.874607265915581134e-01
3.514836571987375868e-01
5.104030595293889139e-01
5.922254136247433465e-01
3.772677621544768822e-01
2.178695290229455406e-01
6.399331864821271587e-01
3.289403130947573528e-01
7.279479544648583822e-01
5.344582499883964166e-01
5.868386825872426993e-01
5.333643084932431222e-01
8.929186870487829109e-02
4.528706185875184254e-01
5.300693078363303279e-01
3.912083706394808291e-01
3.700925675714820673e-01
5.288095356139008718e-01
4.403582002443313659e-01
7.810151341696445204e-01
6.177840437345325508e-01
7.375332886331830151e-01
5.031503805192508727e-01
7.434187548387924949e-01
3.935168758291753832e-01
6.926535565037186259e-01
1.890715868881899242e-01
3.953916281283955669e-01
1.111781627212715673e-01
5.622549889710570792e-01
3.023556258844841138e-01
2.869370924377076526e-01
5.214918295772214690e-02
1.193481895690437222e-01
8.369584215768294255e-02
1.235527410138978488e-01
3.756168233126957468e-01
4.219601017861333569e-01
7.292340656837874580e-01
3.071274816530489837e-01
3.703048918327471739e-01
6.032649471794416796e-01
3.263398115596427562e-01
2.836920948025357658e-01
4.982298483141117673e-02
3.539749760465748518e-01
3.815105005900376045e-01
1.243703969990526265e-01
