5.625999336060689693e-01
7.695505985536654769e-01
8.091511471108738807e-01
4.965244526444274054e-01
7.930592060387625652e-01
1.589027280466475678e-01
3.589579349587248003e-01
6.046921806149180290e-01
6.055205536376003783e-01
6.471760291588175562e-01
1.514101272521620190e-01
6.020937574677780457e-01
4.783227837100959001e-01
5.206655448633519256e-01
6.717988302753667984e-01
4.883524713021467067e-01
7.028499569794233182e-01
2.033940558772317497e-01
2.814339369245144051e-01
6.800064314347116223e-01
1.399438438059634193e-01
6.276749193719835529e-02
1.243471247858670414e-01
1.542985660612331000e-01
1.944066688609592253e-01
1.108697566089463238e-01
1.257934973929255573e-01
3.530736982791394807e-01
5.337466159692207945e-01
2.182215225510443779e-01
2.832038866240444985e-01
7.788950817411643968e-01
5.625867815589897791e-01
1.616468128543830929e-01
2.372296650471072688e-01
5.359060162091298096e-01
3.146733296773577271e-01
1.110924821313482302e-01
1.132237171995428282e-01
6.372764854305201787e-01
3.054126139955761765e-01
1.124042063150582499e-01
7.345096222025818133e-02
1.749291272250504403e-01
7.845618192202490349e-01
1.553112861535258793e-01
2.256206513787410994e-01
7.692572429642541287e-01
5.042518399121003192e-01
7.776236048959900282e-01
5.438717477735911521e-01
4.757470304085780755e-01
6.519694749231290665e-01
2.809741493541695334e-01
1.923707167180198074e-01
5.640797924816174369e-01
6.645858555487906827e-01
3.116919076081359208e-01
1.416931307027778364e-01
7.778980030659057299e-01
4.937232263993204806e-01
5.372340744676533664e-01
7.219193030384920551e-01
5.690474279559859516e-01
5.657621116344282441e-01
7.694034528563374886e-01
7.941126339915856036e-01
4.923986359527473544e-01
7.854792001282160374e-01
1.670279359506982031e-01
3.560012548480502859e-01
6.033830442720263809e-01
5.848214707194567819e-01
6.422210756128274856e-01
1.526818219987582936e-01
4.770255964596211151e-01
5.281909712617021135e-01
6.929542736562629424e-01
7.121954331502614588e-01
2.145649026282351324e-01
2.798770297276212959e-01
1.358298097139577498e-01
6.803208872081530079e-02
1.250748710342665659e-01
1.933893684700151994e-01
1.120486039813858165e-01
5.387787800475075661e-01
2.252349163553193923e-01
5.499862891563214173e-01
1.584941662153876996e-01
3.131786642303671098e-01
1.117776476922839601e-01
2.930304487831971727e-01
7.823269867949322887e-01
4.989190649761198193e-01
6.583473052570864015e-01
7.350341996448659376e-01
2.673279564613793013e-01
2.674289570243907344e-01
7.202514137404063543e-01
6.558250428858705128e-01
3.613392651569318215e-01
5.114170098662370600e-01
6.317407502452054846e-01
5.000399704570404058e-01
1.089719018724749910e-01
1.905732897511756563e-01
4.645467261723618124e-01
4.090684646225616339e-01
2.018640093659085366e-01
1.224126057682121960e-01
3.746011286137402863e-01
5.777093770011685336e-01
3.709403871855284640e-01
5.108332307700456099e-01
6.603876512041720881e-01
5.625999336060689693e-01
7.695505985536654769e-01
8.091511471108738807e-01
4.965244526444274054e-01
7.930592060387625652e-01
1.589027280466475678e-01
3.589579349587248003e-01
6.046921806149180290e-01
6.055205536376003783e-01
6.471760291588175562e-01
1.514101272521620190e-01
6.020937574677780457e-01
4.783227837100959001e-01
5.206655448633519256e-01
6.717988302753667984e-01
4.883524713021467067e-01
7.028499569794233182e-01
2.033940558772317497e-01
2.814339369245144051e-01
6.800064314347116223e-01
1.399438438059634193e-01
6.276749193719835529e-02
1.243471247858670414e-01
1.542985660612331000e-01
1.944066688609592253e-01
1.108697566089463238e-01
1.257934973929255573e-01
3.530736982791394807e-01
5.337466159692207945e-01
2.182215225510443779e-01
2.832038866240444985e-01
7.788950817411643968e-01
5.625867815589897791e-01
1.616468128543830929e-01
2.372296650471072688e-01
5.359060162091298096e-01
3.146733296773577271e-01
1.110924821313482302e-01
1.132237171995428282e-01
6.372764854305201787e-01
3.054126139955761765e-01
1.124042063150582499e-01
7.345096222025818133e-02
1.749291272250504403e-01
7.845618192202490349e-01
1.553112861535258793e-01
2.256206513787410994e-01
7.692572429642541287e-01
5.042518399121003192e-01
7.776236048959900282e-01
5.438717477735911521e-01
4.757470304085780755e-01
6.519694749231290665e-01
2.809741493541695334e-01
1.923707167180198074e-01
5.640797924816174369e-01
6.645858555487906827e-01
3.116919076081359208e-01
1.416931307027778364e-01
7.778980030659057299e-01
4.937232263993204806e-01
5.372340744676533664e-01
7.219193030384920551e-01
5.690474279559859516e-01
6.558250428858705128e-01
3.613392651569318215e-01
5.114170098662370600e-01
6.317405576464798500e-01
5.000399704570404058e-01
1.089714304287198732e-01
1.905732897511756563e-01
4.645467261723618124e-01
4.090684646225616339e-01
2.018640093659085366e-01
1.224125835218198288e-01
3.746011286137402863e-01
5.777093770011685336e-01
3.709403871855284640e-01
5.108332307700456099e-01
6.603876512041720881e-01
6.933167086040161742e-01
4.935120673901349786e-01
6.332243213632231527e-01
5.555776753761820785e-01
3.092094863290184570e-01
1.533340382354760056e-01
1.956558339785902656e-01
6.292604977446876191e-01
6.205920898710459710e-01
1.423763237343217691e-01
1.602273549944341624e-01
5.177902631007165191e-01
5.841537034551385066e-01
5.969185436470259010e-01
3.164803942472607101e-01
6.750038534258184786e-01
6.010747175256874186e-01
5.612434364211751348e-01
8.162322684650158422e-01
5.785059280084705602e-01
4.776897128107453483e-01
1.599912253316414790e-01
1.351015150376779772e-01
7.198637638697171770e-01
6.116966702557455893e-01
1.464293609890215675e-01
1.621066259136940135e-01
5.585952098327942039e-01
6.555148345538690524e-01
5.607034531877790329e-01
4.640444060242436830e-01
5.822224727996255789e-01
6.773089144292145924e-01
4.477532546210380993e-01
9.011754138391112612e-01
5.864962490766922887e-01
4.092591164965262429e-01
1.813356118907030468e-01
1.438826577270393148e-01
8.400049917660377119e-01
5.788957226072604101e-01
1.945134999994601877e-01
1.902662843935619685e-01
4.302195178383936280e-01
6.521981165582420026e-01
5.365309670628246597e-01
3.838487630258184957e-01
6.620355482083790655e-01
6.579402090263660741e-01
6.024054743790983046e-01
6.531293395441228888e-01
6.378737353707337743e-01
4.600849144592924489e-01
1.728590914382617527e-01
1.883909358260417166e-01
5.894491623032833694e-01
7.677322541171371917e-01
1.657066548692935903e-01
1.736242398826217115e-01
5.782613574279724666e-01
6.480013166871045893e-01
6.763644260136087993e-01
4.375267217657619057e-01
6.456007457650050352e-01
6.148232967383424619e-01
7.063252252708405177e-01
8.297103479227638800e-01
6.164544169042296407e-01
6.895452154595214100e-01
1.486222058072584340e-01
1.581021943936360419e-01
7.370176514415716085e-01
7.943173479047715979e-01
1.591876063069304903e-01
1.558498257157665268e-01
7.205226614703479360e-01
6.286102154352929405e-01
7.273708119920152537e-01
6.476891525570778185e-01
5.995615369917496329e-01
5.625999336060690803e-01
7.695505985536653659e-01
8.091511471108741027e-01
4.965244526444274054e-01
7.930592060387625652e-01
1.589027280466475678e-01
3.589579349587248003e-01
6.046921806149180290e-01
6.055205536376003783e-01
6.471760291588174452e-01
1.514101272521619912e-01
6.020937574677780457e-01
4.783227837100958446e-01
5.206655448633517036e-01
6.717988302753670204e-01
4.883524713021467067e-01
7.028499569794233182e-01
2.033940558772318608e-01
2.814339369245144606e-01
6.800064314347116223e-01
1.399438438059634748e-01
6.276749193719836917e-02
1.243471247858670414e-01
1.542985660612330723e-01
1.944066688609592253e-01
1.108697566089462960e-01
1.257934973929255296e-01
3.530736982791394252e-01
5.337466159692206835e-01
2.182215225510443501e-01
2.832038866240444430e-01
7.788950817411643968e-01
5.625867815589897791e-01
1.616468128543830651e-01
2.372296650471072965e-01
5.359060162091296986e-01
3.146733296773577826e-01
1.110924821313482441e-01
1.132237171995428421e-01
6.372764854305201787e-01
3.054126139955761765e-01
1.124042063150582638e-01
7.345096222025815358e-02
1.749291272250503848e-01
7.845618192202490349e-01
1.553112861535258793e-01
2.256206513787411549e-01
7.692572429642543508e-01
5.042518399121003192e-01
7.776236048959898062e-01
5.438717477735912631e-01
4.757470304085780755e-01
6.519694749231289554e-01
2.809741493541695889e-01
1.923707167180198074e-01
5.640797924816174369e-01
6.645858555487905717e-01
3.116919076081359208e-01
1.416931307027778919e-01
7.778980030659056188e-01
4.937232263993204806e-01
5.372340744676533664e-01
7.219193030384920551e-01
5.690474279559859516e-01
