1.758044231321477802e-01
4.348265055117715439e-01
4.285998143206479760e-01
1.732922508188584065e-01
3.774291430728755614e-01
5.095172450863550972e-01
5.210045963818574766e-01
1.139542644220780387e-01
2.927739901699839553e-01
6.750009962764427218e-01
2.783680265176479707e-01
1.042426006631356206e-01
1.490992851149817999e-01
7.193783453432167629e-01
6.469257455290711167e-01
1.660276797596987319e-01
4.236600861065969448e-01
4.284661175582779591e-01
5.180977515881657336e-01
6.968385690133014343e-01
4.775592106583048113e-01
2.150445059915243040e-01
5.852654076801464544e-01
3.012132663404877841e-01
6.002826904148059750e-01
4.982885265330840308e-01
5.635613453195814637e-01
5.083246807209983453e-01
5.995869441142211154e-02
3.465499582702138981e-01
5.283762643515020896e-01
4.250637237049848527e-01
4.379358614731634902e-01
4.672901267214826793e-01
3.359446528229174112e-01
7.072752257976135937e-01
6.246428884814054783e-01
6.619145728959970887e-01
4.803402278428223204e-01
6.655164267869804195e-01
4.337998164860784600e-01
6.424458771514013344e-01
2.039859833918301335e-01
4.674136297094083070e-01
1.358794475351804976e-01
4.809399577787558666e-01
3.881341811514001927e-01
3.868060290235980636e-01
7.131803253087837247e-02
1.412158446547752133e-01
5.965550273437571216e-02
1.428437502780899870e-01
4.468757963563652069e-01
4.228088507230992610e-01
6.045469690055622625e-01
2.895062205956739909e-01
4.192178770536267862e-01
6.076322202427955066e-01
4.406954305203027444e-01
3.399873378754154074e-01
6.693364128914923439e-02
4.189366576094774586e-01
4.140282435972971187e-01
1.700995052381965300e-01
1.730064422361926590e-01
4.107396745328485421e-01
4.268422313545600644e-01
1.696245615182595257e-01
3.587097112964925949e-01
4.881711757265647100e-01
5.146332594555977913e-01
1.090613384986117151e-01
2.911417847883928101e-01
6.702537470583129764e-01
2.896958693516200611e-01
1.459489057558502889e-01
7.134020777288883064e-01
6.882384677282867846e-01
4.189397273500300445e-01
4.081957220880474413e-01
5.215337709971775704e-01
4.583026471366878907e-01
2.095950910572945691e-01
5.743449506133792015e-01
6.024134145050135114e-01
4.893001412409526130e-01
5.980800893931696727e-02
3.395262342794136412e-01
4.284931095382850663e-01
4.740824734414077479e-01
6.161149922439207449e-01
6.523764175281721034e-01
4.282310560947146794e-01
1.387589405154367184e-01
6.909732496144911640e-02
4.328941702516205803e-01
2.871092496658417259e-01
7.345503579613542611e-01
7.040584553893035613e-01
2.704085509664110321e-01
2.562611986262435804e-01
2.556944023279572598e-01
2.673679726739764950e-01
3.552036961773629709e-01
5.826737614924799580e-01
4.384614293562181242e-01
6.066977212100633787e-01
2.869016000722158788e-01
6.221022239056742675e-01
6.556835824311295635e-01
4.290159800233295240e-01
2.178631918267064371e-01
9.502905849448155251e-02
6.336500428387751294e-01
5.347968726788390192e-01
2.479401459921418138e-01
1.758044231321477802e-01
4.348265055117715439e-01
4.285998143206479760e-01
1.732922508188584065e-01
3.774291430728755614e-01
5.095172450863550972e-01
5.210045963818574766e-01
1.139542644220780387e-01
2.927739901699839553e-01
6.750009962764427218e-01
2.783680265176479707e-01
1.042426006631356206e-01
1.490992851149817999e-01
7.193783453432167629e-01
6.469257455290711167e-01
1.660276797596987319e-01
4.236600861065969448e-01
4.284661175582779591e-01
5.180977515881657336e-01
6.968385690133014343e-01
4.775592106583048113e-01
2.150445059915243040e-01
5.852654076801464544e-01
3.012132663404877841e-01
6.002826904148059750e-01
4.982885265330840308e-01
5.635613453195814637e-01
5.083246807209983453e-01
5.995869441142211154e-02
3.465499582702138981e-01
5.283762643515020896e-01
4.250637237049848527e-01
4.379358614731634902e-01
4.672901267214826793e-01
3.359446528229174112e-01
7.072752257976135937e-01
6.246428884814054783e-01
6.619145728959970887e-01
4.803402278428223204e-01
6.655164267869804195e-01
4.337998164860784600e-01
6.424458771514013344e-01
2.039859833918301335e-01
4.674136297094083070e-01
1.358794475351804976e-01
4.809399577787558666e-01
3.881341811514001927e-01
3.868060290235980636e-01
7.131803253087837247e-02
1.412158446547752133e-01
5.965550273437571216e-02
1.428437502780899870e-01
4.468757963563652069e-01
4.228088507230992610e-01
6.045469690055622625e-01
2.895062205956739909e-01
4.192178770536267862e-01
6.076322202427955066e-01
4.406954305203027444e-01
3.399873378754154074e-01
6.693364128914923439e-02
4.189366576094774586e-01
4.140282435972971187e-01
1.700995052381965300e-01
2.562611986262435804e-01
2.556944023279572598e-01
2.673679726739764950e-01
3.552033589504052236e-01
5.826737614924799580e-01
4.384595324461048049e-01
6.066977212100633787e-01
2.869016000722158788e-01
6.221022239056742675e-01
6.556835824311295635e-01
4.290159020570304960e-01
2.178631918267064371e-01
9.502905849448155251e-02
6.336500428387751294e-01
5.347968726788390192e-01
2.479401459921418138e-01
2.370127596609784837e-01
7.038683822491293984e-01
6.321535770504100871e-01
1.616791436877156318e-01
5.995368021693265881e-01
5.384738276979473826e-01
6.493692315644192803e-01
6.866904110168088327e-01
5.099490681471441356e-01
6.607570152313545497e-01
5.067111224143334702e-01
6.320307034738639196e-01
1.658068904289303203e-01
5.073658822493816167e-01
5.667087628243423492e-01
2.221197651528679096e-01
1.534052241712804687e-01
5.454991725057229957e-01
7.771582623625024056e-01
1.472540738609331712e-01
5.107987116909624703e-01
6.218132780786154168e-01
5.672038751744399310e-01
7.183492177958512581e-01
8.526741871777339110e-01
5.388922058215701583e-01
5.768456498169443059e-01
4.727017998379869912e-01
1.569118863206482861e-01
8.091843941410066243e-01
4.556547082862496545e-01
1.420865495620801389e-01
1.794520927731891313e-01
8.339705421586964817e-01
5.134225556458260620e-01
2.174153549181477574e-01
9.424285337507218863e-01
6.516596015212278159e-01
5.700325412234782396e-01
5.135920899122532468e-01
7.931666595059581049e-01
6.087519696730523400e-01
6.244847244437969902e-01
7.313114956531672206e-01
1.777892440364001736e-01
8.197918939858463983e-01
8.074491340278879825e-01
1.702059214886970928e-01
1.816151103786154408e-01
8.964047588122419086e-01
8.351145701865418935e-01
1.874100981422484047e-01
7.872519448562496081e-01
6.344104973942744641e-01
6.137006379322720306e-01
8.702745043020772009e-01
6.599969139206378621e-01
5.766575917031024900e-01
6.035878536416241502e-01
7.309013568989017884e-01
2.103015047657305070e-01
6.289266151868737609e-01
6.950576315949454909e-01
1.724708988992932068e-01
1.697016233798889773e-01
6.949520941663409612e-01
8.331883419626433529e-01
1.503993279405331507e-01
6.665302382870457176e-01
6.083854010358018538e-01
6.032617914062943232e-01
7.854023361653292845e-01
8.296909127072291668e-01
5.952105791941817436e-01
5.738147671336035760e-01
6.417708895871958585e-01
1.573181925133271541e-01
8.044918119229331754e-01
5.665507611459421611e-01
1.565184160857525653e-01
1.758044231321478079e-01
4.348265055117714883e-01
4.285998143206480870e-01
1.732922508188584065e-01
3.774291430728755614e-01
5.095172450863549862e-01
5.210045963818575876e-01
1.139542644220780943e-01
2.927739901699839553e-01
6.750009962764426108e-01
2.783680265176480262e-01
1.042426006631356483e-01
1.490992851149818277e-01
7.193783453432165409e-01
6.469257455290713388e-01
1.660276797596987597e-01
4.236600861065969448e-01
4.284661175582780701e-01
5.180977515881656226e-01
6.968385690133014343e-01
4.775592106583047558e-01
2.150445059915243595e-01
5.852654076801464544e-01
3.012132663404878397e-01
6.002826904148059750e-01
4.982885265330839197e-01
5.635613453195814637e-01
5.083246807209982343e-01
5.995869441142209766e-02
3.465499582702139536e-01
5.283762643515022006e-01
4.250637237049848527e-01
4.379358614731634902e-01
4.672901267214826238e-01
3.359446528229174112e-01
7.072752257976135937e-01
6.246428884814054783e-01
6.619145728959970887e-01
4.803402278428223759e-01
6.655164267869804195e-01
4.337998164860784600e-01
6.424458771514012234e-01
2.039859833918301335e-01
4.674136297094083625e-01
1.358794475351804976e-01
4.809399577787558666e-01
3.881341811514002482e-01
3.868060290235981191e-01
7.131803253087840022e-02
1.412158446547751856e-01
5.965550273437569828e-02
1.428437502780899870e-01
4.468757963563650959e-01
4.228088507230994275e-01
6.045469690055623735e-01
2.895062205956740464e-01
4.192178770536266752e-01
6.076322202427956176e-01
4.406954305203029110e-01
3.399873378754153519e-01
6.693364128914923439e-02
4.189366576094773476e-01
4.140282435972971187e-01
1.700995052381965300e-01
