5.390650999188795200e-01
1.000000000000000000e+00
6.185996006408240877e-01
5.634574504788107951e-01
9.726530987420781704e-01
2.860032367335660908e-01
3.398646326679102270e-01
7.018285033328549583e-01
4.296887415490303619e-01
3.673798410059253006e-01
1.093868420238994221e-01
6.953075502877239522e-01
4.846408347326869870e-01
5.992263043253633903e-01
6.841752420060278617e-01
5.606686180527675756e-01
8.393295572057888343e-01
3.557356731428514274e-01
2.588562820004289278e-01
7.036355784483596665e-01
2.171409847753897338e-01
5.967522603866159958e-02
9.132146688053199846e-02
1.130461951018255640e-01
2.067568190501935244e-01
9.749670061193925485e-02
8.851783858167128205e-02
3.423064488236661207e-01
4.994375413127679075e-01
1.307863262262534687e-01
2.647678557189393489e-01
5.910284966999788114e-01
4.426055004733311926e-01
1.548564149544960356e-01
1.412418613567375802e-01
6.268208963659791522e-01
2.991899753120625949e-01
8.979069938536582418e-02
9.973720263493505989e-02
3.681739999714634393e-01
1.687454741692822335e-01
8.883484304174761592e-02
6.730140249183266810e-02
3.158532713250597479e-01
7.771116776736428644e-01
1.586054376227458429e-01
3.840276089121164027e-01
1.000000000000000000e+00
5.728747551900237323e-01
7.775692735068375772e-01
5.048859210603113823e-01
4.826006213072346340e-01
7.667981242714299039e-01
1.635612435478204785e-01
2.047104206448241981e-01
3.962702290836607188e-01
7.945032565010545778e-01
3.072983837623056713e-01
2.245818074096839756e-01
9.443889421275795115e-01
5.618250255788107550e-01
4.204556434625345562e-01
8.780474852283630671e-01
5.446776499357004475e-01
5.418177789261107158e-01
9.999999999999998890e-01
6.048956241567315928e-01
5.620494429355072930e-01
9.585221307326083906e-01
3.011368755690339571e-01
3.410915835291315479e-01
6.985431197989729890e-01
4.129966601000911730e-01
3.677773361724070433e-01
1.110370496228711423e-01
4.836133532412782987e-01
6.128519374624703531e-01
7.113286922794882505e-01
8.583043806002762510e-01
3.699548943792403399e-01
2.592639779151808543e-01
2.168598811939219662e-01
6.343325062832337602e-02
8.991081379816198704e-02
2.057342989948822698e-01
9.861872870931052970e-02
5.021453718260081578e-01
1.333902663809078404e-01
4.315968494452873672e-01
1.567219810348939313e-01
3.032549341334844772e-01
8.933805152209595146e-02
1.661187952434199089e-01
7.785602589104136939e-01
5.672780333568485656e-01
7.808036174459930256e-01
7.598340430839365389e-01
2.404277164596099192e-01
2.391480202940574618e-01
7.502634175203992672e-01
6.649530023038275894e-01
5.616048217251936592e-01
3.111278904849031912e-01
6.864712594622145447e-01
6.559094440337676080e-01
9.452015842027380876e-02
1.747512568990282067e-01
2.959118743864884715e-01
3.171428898669922392e-01
1.505042404639695963e-01
1.051201322631714619e-01
5.818018214592037829e-01
6.036427426239500127e-01
2.839539344918550201e-01
6.726755642037207661e-01
6.732357436477254264e-01
5.390650999188795200e-01
1.000000000000000000e+00
6.185996006408240877e-01
5.634574504788107951e-01
9.726530987420781704e-01
2.860032367335660908e-01
3.398646326679102270e-01
7.018285033328549583e-01
4.296887415490303619e-01
3.673798410059253006e-01
1.093868420238994221e-01
6.953075502877239522e-01
4.846408347326869870e-01
5.992263043253633903e-01
6.841752420060278617e-01
5.606686180527675756e-01
8.393295572057888343e-01
3.557356731428514274e-01
2.588562820004289278e-01
7.036355784483596665e-01
2.171409847753897338e-01
5.967522603866159958e-02
9.132146688053199846e-02
1.130461951018255640e-01
2.067568190501935244e-01
9.749670061193925485e-02
8.851783858167128205e-02
3.423064488236661207e-01
4.994375413127679075e-01
1.307863262262534687e-01
2.647678557189393489e-01
5.910284966999788114e-01
4.426055004733311926e-01
1.548564149544960356e-01
1.412418613567375802e-01
6.268208963659791522e-01
2.991899753120625949e-01
8.979069938536582418e-02
9.973720263493505989e-02
3.681739999714634393e-01
1.687454741692822335e-01
8.883484304174761592e-02
6.730140249183266810e-02
3.158532713250597479e-01
7.771116776736428644e-01
1.586054376227458429e-01
3.840276089121164027e-01
1.000000000000000000e+00
5.728747551900237323e-01
7.775692735068375772e-01
5.048859210603113823e-01
4.826006213072346340e-01
7.667981242714299039e-01
1.635612435478204785e-01
2.047104206448241981e-01
3.962702290836607188e-01
7.945032565010545778e-01
3.072983837623056713e-01
2.245818074096839756e-01
9.443889421275795115e-01
5.618250255788107550e-01
4.204556434625345562e-01
8.780474852283630671e-01
5.446776499357004475e-01
6.649530023038275894e-01
5.616048217251936592e-01
3.111278904849031912e-01
6.864710954874171378e-01
6.559094440337676080e-01
9.451974949891284172e-02
1.747512568990282067e-01
2.959118743864884715e-01
3.171428898669922392e-01
1.505042404639695963e-01
1.051201131593896831e-01
5.818018214592037829e-01
6.036427426239500127e-01
2.839539344918550201e-01
6.726755642037207661e-01
6.732357436477254264e-01
6.767921020932975429e-01
6.176929826564141468e-01
4.471675598818081188e-01
6.378510785972588693e-01
4.906189081473830704e-01
1.465754041729006862e-01
1.595437025886785043e-01
4.633223019785002172e-01
3.750814015813921376e-01
1.255590687016178708e-01
1.524514383337259582e-01
6.691586669379328001e-01
6.734733883240453522e-01
3.830069494684027465e-01
5.114905445283486340e-01
6.584637175525676067e-01
6.326336341012239739e-01
5.171289855539127345e-01
7.768521237774019816e-01
6.159365604751834145e-01
4.738397680590928918e-01
1.376303936411208129e-01
1.096683632897818284e-01
7.041349914419468004e-01
6.796855702778457076e-01
1.104977103911224390e-01
1.439044330880906442e-01
4.915361291726438875e-01
6.566958511742065907e-01
6.361525895208881565e-01
4.520955595563391771e-01
6.235526363756619395e-01
6.859905016734595407e-01
4.832511315953436082e-01
7.419388980812988699e-01
6.480194733179754918e-01
4.809201631025210588e-01
1.545402834238663037e-01
1.250506793370675107e-01
7.128689498722255991e-01
4.238492550643666590e-01
1.861510930793572050e-01
1.656594993023409179e-01
4.535948819643480512e-01
7.070094941229566610e-01
3.975233448113117962e-01
4.724351548713898730e-01
6.769042611146272037e-01
6.738650162637740415e-01
6.359666115476132475e-01
5.099848330665288643e-01
6.880346927948191027e-01
5.052599445379186704e-01
1.411286978971353079e-01
1.765019120547351439e-01
4.697773465157446537e-01
7.387159413793775720e-01
1.419265790320199949e-01
1.395793452007753066e-01
6.274436448754308060e-01
6.761114926707176842e-01
6.587243976716763427e-01
5.023913344551882432e-01
6.661655599806014516e-01
6.421249355964746552e-01
6.667690296725019561e-01
7.877938905531003400e-01
6.553440877057470360e-01
6.914831354588255596e-01
1.316899873322143200e-01
1.237354568875904115e-01
7.252346683047101727e-01
7.299831029610350797e-01
1.384218486369137857e-01
1.394356580522469191e-01
6.858765242489230918e-01
6.638314172991613971e-01
6.858133103588228696e-01
6.606274896983146405e-01
6.306041184478414774e-01
5.390650999188795200e-01
9.999999999999998890e-01
6.185996006408241987e-01
5.634574504788107951e-01
9.726530987420781704e-01
2.860032367335661463e-01
3.398646326679102825e-01
7.018285033328550693e-01
4.296887415490304729e-01
3.673798410059253561e-01
1.093868420238994499e-01
6.953075502877240632e-01
4.846408347326869870e-01
5.992263043253632793e-01
6.841752420060280837e-01
5.606686180527676866e-01
8.393295572057888343e-01
3.557356731428515384e-01
2.588562820004290943e-01
7.036355784483594444e-01
2.171409847753896782e-01
5.967522603866161346e-02
9.132146688053199846e-02
1.130461951018255917e-01
2.067568190501935244e-01
9.749670061193924098e-02
8.851783858167128205e-02
3.423064488236660652e-01
4.994375413127678520e-01
1.307863262262534965e-01
2.647678557189392934e-01
5.910284966999788114e-01
4.426055004733310816e-01
1.548564149544960078e-01
1.412418613567376080e-01
6.268208963659791522e-01
2.991899753120626504e-01
8.979069938536581030e-02
9.973720263493505989e-02
3.681739999714634948e-01
1.687454741692822335e-01
8.883484304174760204e-02
6.730140249183266810e-02
3.158532713250598034e-01
7.771116776736428644e-01
1.586054376227458429e-01
3.840276089121164582e-01
1.000000000000000000e+00
5.728747551900237323e-01
7.775692735068374661e-01
5.048859210603114933e-01
4.826006213072346340e-01
7.667981242714300150e-01
1.635612435478204785e-01
2.047104206448242258e-01
3.962702290836606633e-01
7.945032565010544667e-01
3.072983837623056713e-01
2.245818074096839201e-01
9.443889421275796225e-01
5.618250255788106440e-01
4.204556434625345562e-01
8.780474852283632892e-01
5.446776499357004475e-01
