4.998979548941975271e-01
8.342135660709419920e-01
6.188860940661089494e-01
6.897284849530708195e-01
8.780167536591000355e-01
2.452672654812992903e-01
2.726482392838274205e-01
7.911488364327980971e-01
5.280673731947382876e-01
2.060302244105809977e-01
7.492201546478405305e-02
7.527012643353436783e-01
6.321594671598822490e-01
6.610313574226842626e-01
8.201213065186969686e-01
6.783063249915576298e-01
7.572574305094730285e-01
2.639039961029560621e-01
1.440877598575590057e-01
8.977354437706874801e-01
1.785807248093502220e-01
3.015684692425039948e-02
4.974021878159980842e-02
9.761394560160974176e-02
1.562662452438699778e-01
6.229406327565098489e-02
4.835445050185422505e-02
2.733359843794513910e-01
6.589922560929443174e-01
1.188912111632649538e-01
1.484977083763184824e-01
6.603429100463926726e-01
4.447505951589716955e-01
1.538254219232192965e-01
1.007898510731733699e-01
6.342576279006633122e-01
1.955228974912247564e-01
4.911570391688978993e-02
6.083339938075321002e-02
2.156300649436453942e-01
1.193144251955562118e-01
4.612618065749657381e-02
2.905539912479499637e-02
2.410897627763329276e-01
8.508823217318077781e-01
1.545358800964858059e-01
2.585722546448243619e-01
8.446307986789038935e-01
6.989603827783498202e-01
8.722669998778187495e-01
6.560325673537255042e-01
6.249074690363948248e-01
8.532791503474141948e-01
1.332044334015135001e-01
1.599780733671685162e-01
5.566092400492532732e-01
8.312662250475519876e-01
2.022570106769080445e-01
1.480502072110433942e-01
8.725003258264742989e-01
6.841788612533572511e-01
4.612811751211797762e-01
8.029597760322759736e-01
5.429405243996694441e-01
5.210082126451146545e-01
8.394387978771672421e-01
6.394918424800308809e-01
6.839617392581891497e-01
8.752587564440195145e-01
2.431493176116788502e-01
2.729938138003148440e-01
7.717781985195203420e-01
5.423236380938429857e-01
2.108351694864111225e-01
8.612968688023081576e-02
6.285072542322267530e-01
6.478110490505859520e-01
8.803813868710080870e-01
7.796551666306679174e-01
2.612243204530926288e-01
1.433675039824138797e-01
1.587360758624343227e-01
2.961407585935310616e-02
4.904296576269281949e-02
1.581209274445512514e-01
6.156257278197149740e-02
6.575212985148931599e-01
1.075716089705991418e-01
4.529664218348015692e-01
1.541789558404217941e-01
1.988988858823590999e-01
4.763672305624008091e-02
1.263520349198619386e-01
8.629023428990271194e-01
6.914734969307065882e-01
8.421511805371953985e-01
8.224421348526613773e-01
1.758858506080084316e-01
1.525105336227805530e-01
8.378107768557594426e-01
6.736075619021726357e-01
4.698070877609432650e-01
2.896600146739244375e-01
8.401372203334206423e-01
5.693662898472631184e-01
5.699264899859521338e-02
1.242133785400037493e-01
3.322334999638353326e-01
2.996486069537457331e-01
7.744621638144272291e-02
5.445893176460483986e-02
4.643325515265006587e-01
7.524971944618894515e-01
3.243839865506535913e-01
5.595871880099441142e-01
7.101471841702149401e-01
4.998979548941975271e-01
8.342135660709419920e-01
6.188860940661089494e-01
6.897284849530708195e-01
8.780167536591000355e-01
2.452672654812992903e-01
2.726482392838274205e-01
7.911488364327980971e-01
5.280673731947382876e-01
2.060302244105809977e-01
7.492201546478405305e-02
7.527012643353436783e-01
6.321594671598822490e-01
6.610313574226842626e-01
8.201213065186969686e-01
6.783063249915576298e-01
7.572574305094730285e-01
2.639039961029560621e-01
1.440877598575590057e-01
8.977354437706874801e-01
1.785807248093502220e-01
3.015684692425039948e-02
4.974021878159980842e-02
9.761394560160974176e-02
1.562662452438699778e-01
6.229406327565098489e-02
4.835445050185422505e-02
2.733359843794513910e-01
6.589922560929443174e-01
1.188912111632649538e-01
1.484977083763184824e-01
6.603429100463926726e-01
4.447505951589716955e-01
1.538254219232192965e-01
1.007898510731733699e-01
6.342576279006633122e-01
1.955228974912247564e-01
4.911570391688978993e-02
6.083339938075321002e-02
2.156300649436453942e-01
1.193144251955562118e-01
4.612618065749657381e-02
2.905539912479499637e-02
2.410897627763329276e-01
8.508823217318077781e-01
1.545358800964858059e-01
2.585722546448243619e-01
8.446307986789038935e-01
6.989603827783498202e-01
8.722669998778187495e-01
6.560325673537255042e-01
6.249074690363948248e-01
8.532791503474141948e-01
1.332044334015135001e-01
1.599780733671685162e-01
5.566092400492532732e-01
8.312662250475519876e-01
2.022570106769080445e-01
1.480502072110433942e-01
8.725003258264742989e-01
6.841788612533572511e-01
4.612811751211797762e-01
8.029597760322759736e-01
5.429405243996694441e-01
6.736075619021726357e-01
4.698070877609432650e-01
2.896600146739244375e-01
8.401371367255612288e-01
5.693662898472631184e-01
5.699240243202166600e-02
1.242133785400037493e-01
3.322334999638353326e-01
2.996486069537457331e-01
7.744621638144272291e-02
5.445892186762765763e-02
4.643325515265006587e-01
7.524971944618894515e-01
3.243839865506535913e-01
5.595871880099441142e-01
7.101471841702149401e-01
7.102111394526449129e-01
4.167154322521906540e-01
4.222964590625006842e-01
7.597576244121381217e-01
4.215942080999854902e-01
9.284572599009055516e-02
8.508451490822580010e-02
5.265817189590296099e-01
2.950998464846474878e-01
9.461754426892948766e-02
8.012377583174595808e-02
4.143625121252321186e-01
7.933543492009342835e-01
3.640805287485575636e-01
4.274196633898774689e-01
7.256129058434577228e-01
6.710541267991189107e-01
4.046264508694796813e-01
5.551858515596510557e-01
7.890757948484773410e-01
4.008098972573272967e-01
9.547310843661768742e-02
7.124878571652762393e-02
5.746197139065649662e-01
4.547134392655391988e-01
8.181974257225635427e-02
7.832422230883970271e-02
3.944338042502162356e-01
8.151956327853214779e-01
5.046714023802807425e-01
3.868419560917049083e-01
6.861059449226537543e-01
7.541802114975484361e-01
3.738229961029588821e-01
4.734780882782438916e-01
7.696305972904033954e-01
4.452884937074585991e-01
1.032068505307145168e-01
8.278796051306955284e-02
5.406061739562546542e-01
2.461890877815622325e-01
1.296737271214131459e-01
9.738798058510646227e-02
3.268362014162047302e-01
7.954205920470176494e-01
3.487575444870534280e-01
3.832778003717329796e-01
7.762493228387117306e-01
7.393935928995526430e-01
4.557164104718323117e-01
3.777254269908554285e-01
7.929693901268028977e-01
3.745562720889696884e-01
9.723711319121941532e-02
1.076891146640148178e-01
4.714401433996546764e-01
5.813487650659232564e-01
9.686510564197359230e-02
8.455264848209775863e-02
3.578485658216434828e-01
7.861026253686429488e-01
6.204817746509974086e-01
3.241755045560990034e-01
7.666134386806873202e-01
7.383927854789997802e-01
4.943991190494350096e-01
5.441090422459233800e-01
7.645636238733606316e-01
5.324716702608951469e-01
9.906180100280709278e-02
8.129506079196693880e-02
5.992241990255173789e-01
4.926718235570892723e-01
9.785147339212096895e-02
8.676039483129308061e-02
5.099412288758726763e-01
7.692600338317538977e-01
5.712443282499848340e-01
4.954375793073104717e-01
7.552151604642665106e-01
4.998979548941976381e-01
8.342135660709418810e-01
6.188860940661090604e-01
6.897284849530708195e-01
8.780167536590998134e-01
2.452672654812993458e-01
2.726482392838274760e-01
7.911488364327982081e-01
5.280673731947382876e-01
2.060302244105810532e-01
7.492201546478402530e-02
7.527012643353439003e-01
6.321594671598823600e-01
6.610313574226840405e-01
8.201213065186971907e-01
6.783063249915577408e-01
7.572574305094730285e-01
2.639039961029561732e-01
1.440877598575590335e-01
8.977354437706874801e-01
1.785807248093501665e-01
3.015684692425039948e-02
4.974021878159981536e-02
9.761394560160976952e-02
1.562662452438699778e-01
6.229406327565097101e-02
4.835445050185422505e-02
2.733359843794513355e-01
6.589922560929442064e-01
1.188912111632649260e-01
1.484977083763184824e-01
6.603429100463924506e-01
4.447505951589716955e-01
1.538254219232192688e-01
1.007898510731733976e-01
6.342576279006633122e-01
1.955228974912247564e-01
4.911570391688978299e-02
6.083339938075322390e-02
2.156300649436454497e-01
1.193144251955562674e-01
4.612618065749658075e-02
2.905539912479499637e-02
2.410897627763329831e-01
8.508823217318077781e-01
1.545358800964858059e-01
2.585722546448244175e-01
8.446307986789038935e-01
6.989603827783499312e-01
8.722669998778183054e-01
6.560325673537256153e-01
6.249074690363947138e-01
8.532791503474140837e-01
1.332044334015135556e-01
1.599780733671685162e-01
5.566092400492532732e-01
8.312662250475520986e-01
2.022570106769079890e-01
1.480502072110433387e-01
8.725003258264741879e-01
6.841788612533571401e-01
4.612811751211796651e-01
8.029597760322759736e-01
5.429405243996694441e-01
