7.067251369213771728e-01
7.785486090872608678e-01
7.549968341269044370e-01
6.436258523338719284e-01
7.230928532712501688e-01
1.851131014858227175e-01
1.670248332787516721e-01
7.324243087979758204e-01
6.584252529590522984e-01
3.809298462002815300e-01
1.915825519801424570e-01
7.220554821406426349e-01
6.477539879098167530e-01
4.776023881666204285e-01
6.040887412232776033e-01
6.236291663421101861e-01
7.239382638293656580e-01
3.316847587830179522e-02
1.613234995662407578e-01
5.895653600206431921e-01
1.363347610766310614e-01
5.410446119509643159e-02
4.547615702854767433e-02
1.961764608975967716e-01
9.389088062415568148e-02
4.395496739498530592e-02
4.584935413134882953e-02
1.606042181169459182e-01
7.759122943131817607e-01
2.017518774932995362e-01
1.542147657611424028e-01
7.471218127757570659e-01
4.992170974266514905e-01
3.056428849486161892e-02
2.164102843980642843e-01
4.961244715618830514e-01
1.937585108174663118e-01
5.212636124650819186e-02
4.449072530907741130e-02
3.811052577045195844e-01
2.840971530067806228e-01
5.276773787000373084e-02
6.246441990432890362e-02
1.969576595412405595e-01
8.888611047641912233e-01
2.689393309409185417e-02
4.485661674093965878e-02
7.851872429023278865e-01
6.740820824815402235e-01
9.086880811875781561e-01
7.829527450757474138e-01
6.366064358082855756e-01
4.787146536948637676e-01
2.548372378716208808e-01
9.073924713919542806e-02
6.313695846971399961e-01
4.909488007505429241e-01
1.928220397254307161e-01
1.514893008117384476e-01
6.970758207884324431e-01
6.591394836606422336e-01
4.752776077704718438e-01
7.456648587333376543e-01
7.233624700322561774e-01
7.148849283625892115e-01
7.818785146260752716e-01
7.510826235229548509e-01
6.335300558082194167e-01
7.100853590540889826e-01
1.911181619900911843e-01
1.637986365465453342e-01
7.272002913683279779e-01
6.449113235538667110e-01
3.810176437674005490e-01
1.937198417353254709e-01
6.421399166974890438e-01
4.867482060467067106e-01
6.118766193522927610e-01
7.345860004806160637e-01
3.904280919092273372e-02
1.549852846056327116e-01
1.389101984032473647e-01
5.822407875060016391e-02
4.566393214966908698e-02
9.231610982834836943e-02
4.422327129599967765e-02
7.794113799652854224e-01
2.066026165843868334e-01
4.873189850692721259e-01
2.873786834630637221e-02
1.932890331820047991e-01
5.246077871657487540e-02
2.692721176119676763e-01
9.001624852679955824e-01
6.665136104910190928e-01
4.848992573872330514e-01
8.540709784390803083e-01
1.474477728245885411e-01
1.445734816874389983e-01
8.423036825167551367e-01
7.747140931956826293e-01
2.237611629449689499e-01
5.106490218080182997e-01
7.560790944585192852e-01
3.182661470513330482e-01
8.338788031436530912e-02
8.186473419935845486e-02
4.773244701837603410e-01
2.708217443989505702e-01
9.006172156775271720e-02
9.600855075352177082e-02
2.262375044598670115e-01
7.717486897965876169e-01
2.344064633412940024e-01
3.351343272949625085e-01
7.856332153828247122e-01
7.067251369213771728e-01
7.785486090872608678e-01
7.549968341269044370e-01
6.436258523338719284e-01
7.230928532712501688e-01
1.851131014858227175e-01
1.670248332787516721e-01
7.324243087979758204e-01
6.584252529590522984e-01
3.809298462002815300e-01
1.915825519801424570e-01
7.220554821406426349e-01
6.477539879098167530e-01
4.776023881666204285e-01
6.040887412232776033e-01
6.236291663421101861e-01
7.239382638293656580e-01
3.316847587830179522e-02
1.613234995662407578e-01
5.895653600206431921e-01
1.363347610766310614e-01
5.410446119509643159e-02
4.547615702854767433e-02
1.961764608975967716e-01
9.389088062415568148e-02
4.395496739498530592e-02
4.584935413134882953e-02
1.606042181169459182e-01
7.759122943131817607e-01
2.017518774932995362e-01
1.542147657611424028e-01
7.471218127757570659e-01
4.992170974266514905e-01
3.056428849486161892e-02
2.164102843980642843e-01
4.961244715618830514e-01
1.937585108174663118e-01
5.212636124650819186e-02
4.449072530907741130e-02
3.811052577045195844e-01
2.840971530067806228e-01
5.276773787000373084e-02
6.246441990432890362e-02
1.969576595412405595e-01
8.888611047641912233e-01
2.689393309409185417e-02
4.485661674093965878e-02
7.851872429023278865e-01
6.740820824815402235e-01
9.086880811875781561e-01
7.829527450757474138e-01
6.366064358082855756e-01
4.787146536948637676e-01
2.548372378716208808e-01
9.073924713919542806e-02
6.313695846971399961e-01
4.909488007505429241e-01
1.928220397254307161e-01
1.514893008117384476e-01
6.970758207884324431e-01
6.591394836606422336e-01
4.752776077704718438e-01
7.456648587333376543e-01
7.233624700322561774e-01
7.747140931956826293e-01
2.237611629449689499e-01
5.106490218080182997e-01
7.560789668884566606e-01
3.182661470513330482e-01
8.338751955443773900e-02
8.186473419935845486e-02
4.773244701837603410e-01
2.708217443989505702e-01
9.006172156775271720e-02
9.600853330561370802e-02
2.262375044598670115e-01
7.717486897965876169e-01
2.344064633412940024e-01
3.351343272949625085e-01
7.856332153828247122e-01
8.427455273283142034e-01
3.101964859721169088e-01
4.249384168400909267e-01
7.059462421812247035e-01
3.441806292938887069e-01
7.560262816792048812e-02
8.641980207550031823e-02
4.315114469398311225e-01
5.048170603349073637e-01
4.602582759001799806e-02
7.665707351396458535e-02
3.480969709221448660e-01
6.785076707364139370e-01
4.937588913109305366e-01
3.564937105154506458e-01
8.251031698648283452e-01
7.594442922745742175e-01
3.924267566827617237e-01
6.253842342165358836e-01
7.392736005656008746e-01
3.848431307324178263e-01
7.924191493472032555e-02
4.209115854795919542e-02
5.442595348466559013e-01
5.110383030380856173e-01
5.330985084434808341e-02
7.752917710449172550e-02
3.972467992206947240e-01
7.703846912011803605e-01
4.658807762585999157e-01
3.801380760236949818e-01
7.416737688950627572e-01
8.050706973187030657e-01
4.262017260255377415e-01
5.507861752949785306e-01
7.534207376681937296e-01
3.746722579952508347e-01
8.610520033849719534e-02
6.055143296928944263e-02
5.156850220076938385e-01
1.920286691921879729e-01
1.074258615253758375e-01
9.500830339894754395e-02
4.112122673026239461e-01
8.255718543879723148e-01
1.924376878204834274e-01
3.623599219752904332e-01
7.884219018793896527e-01
7.930420168997198704e-01
5.167939139897703704e-01
3.474784722130181969e-01
7.942987195365824871e-01
3.648632094510824153e-01
8.214904660313052109e-02
9.483324547714327979e-02
3.161395388331920131e-01
4.474515259176383708e-01
8.566547420806863711e-02
8.438868670902643920e-02
4.856416019591045519e-01
8.177469502812353408e-01
3.891632039252996833e-01
3.287757017377681557e-01
7.822940934078486119e-01
7.689552404951591758e-01
5.309605946875894933e-01
5.975696320401899797e-01
7.811191453357153591e-01
5.370135959890924848e-01
7.503170213156187818e-02
6.187419289028800451e-02
5.298517827108550904e-01
5.437410296081148786e-01
7.291798088640086273e-02
7.906906841108632400e-02
5.515222210578938355e-01
7.924972726454710958e-01
4.954408019698794963e-01
5.062784478814155165e-01
7.537403901185475430e-01
7.067251369213772838e-01
7.785486090872607567e-01
7.549968341269044370e-01
6.436258523338718174e-01
7.230928532712501688e-01
1.851131014858227730e-01
1.670248332787516998e-01
7.324243087979759315e-01
6.584252529590522984e-01
3.809298462002815855e-01
1.915825519801424848e-01
7.220554821406427459e-01
6.477539879098167530e-01
4.776023881666203730e-01
6.040887412232778253e-01
6.236291663421102971e-01
7.239382638293658800e-01
3.316847587830185073e-02
1.613234995662407856e-01
5.895653600206431921e-01
1.363347610766310058e-01
5.410446119509643159e-02
4.547615702854767433e-02
1.961764608975968549e-01
9.389088062415568148e-02
4.395496739498529898e-02
4.584935413134882953e-02
1.606042181169458627e-01
7.759122943131816497e-01
2.017518774932995085e-01
1.542147657611424028e-01
7.471218127757570659e-01
4.992170974266516015e-01
3.056428849486161892e-02
2.164102843980642565e-01
4.961244715618832180e-01
1.937585108174663673e-01
5.212636124650818492e-02
4.449072530907741824e-02
3.811052577045196399e-01
2.840971530067806228e-01
5.276773787000372390e-02
6.246441990432890362e-02
1.969576595412405595e-01
8.888611047641912233e-01
2.689393309409185417e-02
4.485661674093965878e-02
7.851872429023278865e-01
6.740820824815402235e-01
9.086880811875779340e-01
7.829527450757474138e-01
6.366064358082854646e-01
4.787146536948637676e-01
2.548372378716209918e-01
9.073924713919544194e-02
6.313695846971398851e-01
4.909488007505428131e-01
1.928220397254307161e-01
1.514893008117385031e-01
6.970758207884324431e-01
6.591394836606422336e-01
4.752776077704719548e-01
7.456648587333376543e-01
7.233624700322561774e-01
