6.077733386033202373e-02
3.533128211055470147e-01
2.029102787179981604e-01
9.259319253697956276e-02
4.093127411046248998e-01
6.563476564162038507e-01
5.679976930622215869e-01
2.158441195856541650e-01
6.749183313074885726e-02
8.976772080961630262e-01
2.436140974525710656e-01
2.089695103912844187e-01
5.324046534888866172e-02
5.149269779340637232e-01
4.274643963946675451e-01
9.070047933205677149e-02
4.092435735052471490e-01
8.845049452845836768e-01
8.145966838560236845e-01
4.529881657914088255e-01
8.135735213760688644e-01
2.224530705385776574e-01
5.925109771640609813e-01
2.577871881966904977e-01
4.998933361582655333e-01
6.777930250339347928e-01
5.820340369904833944e-01
5.616231782232482539e-01
7.818007746397349911e-02
2.350582610340256062e-01
8.487587960985170099e-01
1.999784934382179413e-01
1.457899904855434747e-01
3.918293320552359016e-01
2.316532116783623085e-01
5.090447326943088324e-01
1.000000000000000000e+00
7.916025630018261872e-01
6.692032995789044536e-01
9.162360930440356377e-01
2.835162802696160611e-01
7.883609868241898688e-01
2.351136861371191100e-01
6.542001387769726950e-01
2.356819392092172616e-01
3.997915333265208426e-01
8.776937164703813021e-01
3.625213408516105851e-01
2.859477513328181203e-02
2.445758494564336805e-01
7.159195799210808786e-02
5.268400405842713075e-02
1.751692267548038418e-01
2.823995266833419504e-01
5.068300702042546346e-01
6.638553300515559474e-02
1.719828715531734886e-01
9.999999999999998890e-01
8.097161734626472374e-01
3.915896941872794579e-01
2.788426285753270450e-02
1.481373736558071474e-01
4.154471019437914747e-01
6.390564446556866451e-02
6.231161594340045573e-02
3.579317685819247696e-01
2.014530604427807736e-01
9.163761182694647733e-02
4.004519138584699545e-01
6.552588886211347941e-01
5.647946605762950156e-01
2.123805571749540766e-01
6.693925162902852888e-02
9.069663647791346150e-01
2.505764083980007717e-01
5.296022325779086576e-02
5.120224481065736022e-01
4.501329933400516348e-01
4.122837893059333458e-01
8.810816952747336783e-01
8.308044770556203273e-01
8.151368459578390846e-01
2.286919643055570495e-01
5.872394766746169559e-01
5.033594010563682275e-01
6.734913492441657601e-01
7.490579928267883381e-02
2.312183288084307953e-01
1.469566581591966181e-01
3.957914346967611463e-01
1.000000000000000000e+00
7.902005440641320932e-01
2.829504580050155038e-01
2.404955198627734825e-01
2.823489849318840117e-02
1.735584610793940996e-01
1.588040761368125775e-01
8.473359279710240832e-01
8.339245614948717078e-01
1.577530107831066619e-01
1.289727921264096078e-01
4.551304816487191651e-01
2.586463874773848870e-01
2.092139427183852263e-01
8.721586175190456647e-01
4.790542245856431736e-01
6.693316112724245759e-01
2.825313387387590192e-01
2.721254456833294144e-01
9.022319755234218253e-01
4.902116248033447921e-01
4.593144007470901791e-01
5.532661772910173192e-02
2.793648409978800595e-01
8.561209818001076499e-01
1.316105451357602596e-01
6.077733386033202373e-02
3.533128211055470147e-01
2.029102787179981604e-01
9.259319253697956276e-02
4.093127411046248998e-01
6.563476564162038507e-01
5.679976930622215869e-01
2.158441195856541650e-01
6.749183313074885726e-02
8.976772080961630262e-01
2.436140974525710656e-01
2.089695103912844187e-01
5.324046534888866172e-02
5.149269779340637232e-01
4.274643963946675451e-01
9.070047933205677149e-02
4.092435735052471490e-01
8.845049452845836768e-01
8.145966838560236845e-01
4.529881657914088255e-01
8.135735213760688644e-01
2.224530705385776574e-01
5.925109771640609813e-01
2.577871881966904977e-01
4.998933361582655333e-01
6.777930250339347928e-01
5.820340369904833944e-01
5.616231782232482539e-01
7.818007746397349911e-02
2.350582610340256062e-01
8.487587960985170099e-01
1.999784934382179413e-01
1.457899904855434747e-01
3.918293320552359016e-01
2.316532116783623085e-01
5.090447326943088324e-01
1.000000000000000000e+00
7.916025630018261872e-01
6.692032995789044536e-01
9.162360930440356377e-01
2.835162802696160611e-01
7.883609868241898688e-01
2.351136861371191100e-01
6.542001387769726950e-01
2.356819392092172616e-01
3.997915333265208426e-01
8.776937164703813021e-01
3.625213408516105851e-01
2.859477513328181203e-02
2.445758494564336805e-01
7.159195799210808786e-02
5.268400405842713075e-02
1.751692267548038418e-01
2.823995266833419504e-01
5.068300702042546346e-01
6.638553300515559474e-02
1.719828715531734886e-01
9.999999999999998890e-01
8.097161734626472374e-01
3.915896941872794579e-01
2.788426285753270450e-02
1.481373736558071474e-01
4.154471019437914747e-01
6.390564446556866451e-02
1.289727921264096078e-01
4.551304816487191651e-01
2.586463874773848870e-01
2.092135291391280516e-01
8.721586175190456647e-01
4.790521520594352989e-01
6.693316112724245759e-01
2.825313387387590192e-01
2.721254456833294144e-01
9.022319755234218253e-01
4.902115357157865172e-01
4.593144007470901791e-01
5.532661772910173192e-02
2.793648409978800595e-01
8.561209818001076499e-01
1.316105451357602596e-01
1.012352168426771115e-01
7.514528921730876387e-01
3.678785208759924874e-01
1.192550479371352473e-01
6.705214344335690413e-01
7.021839958859272812e-01
7.692296319796805282e-01
4.213444964509793778e-01
4.391524636277761573e-01
7.270471620163215798e-01
6.987987316634174384e-01
7.773783649063568113e-01
6.344002895864864211e-02
4.812711856875730998e-01
6.726015616951419585e-01
9.908438904618097065e-02
6.298750960033275281e-02
4.062916376158101084e-01
5.057038551255801373e-01
7.592744586989361166e-02
3.841971471299583385e-01
7.470552129425024335e-01
7.405422666884990957e-01
4.807261362779950975e-01
4.807675465886351862e-01
7.359721437444752823e-01
7.274652459155256379e-01
4.018445361360063472e-01
1.049828111156558830e-01
4.840833986084542850e-01
3.756956897060748091e-01
6.074741201806685420e-02
1.150507944886204476e-01
7.125590408498561068e-01
3.201135887101052013e-01
8.803279349195167192e-02
5.153985092991977268e-01
7.979427046129023982e-01
7.549851787927407409e-01
3.418727091227533599e-01
6.352250521952154116e-01
7.780116364523833594e-01
7.820749532030585316e-01
6.979933260309025833e-01
1.026204546267947965e-01
6.618188686237262974e-01
4.963572367530013629e-01
1.141829015729574071e-01
9.639526937394544970e-02
6.071388998092963618e-01
6.271798463382434186e-01
1.120126975636821509e-01
6.387413447635843511e-01
7.825497991070001769e-01
7.926404957448921484e-01
6.547966570306447132e-01
4.557125640679653422e-01
7.240200447577544995e-01
7.693995829318325264e-01
5.608389034937073525e-01
1.116856843638414087e-01
4.705811801390384908e-01
5.988693375542704089e-01
9.803395926161218021e-02
8.293530913646041114e-02
4.931154573575995403e-01
4.934168817118909089e-01
7.695602363777517829e-02
4.886426940925157059e-01
7.601722091182152585e-01
7.548656893708672877e-01
4.977643967200982011e-01
4.883408074985418068e-01
7.559668261666447897e-01
7.511821022156632832e-01
4.964748475878784095e-01
7.955825967809668220e-02
4.897795069120756128e-01
4.624886296840706734e-01
8.235485557174726523e-02
6.077733386033203067e-02
3.533128211055469592e-01
2.029102787179982437e-01
9.259319253697954888e-02
4.093127411046247888e-01
6.563476564162038507e-01
5.679976930622216980e-01
2.158441195856542205e-01
6.749183313074885726e-02
8.976772080961629152e-01
2.436140974525710934e-01
2.089695103912844465e-01
5.324046534888866172e-02
5.149269779340637232e-01
4.274643963946676006e-01
9.070047933205678536e-02
4.092435735052471490e-01
8.845049452845838989e-01
8.145966838560236845e-01
4.529881657914087700e-01
8.135735213760686424e-01
2.224530705385776574e-01
5.925109771640609813e-01
2.577871881966905532e-01
4.998933361582656443e-01
6.777930250339345708e-01
5.820340369904832833e-01
5.616231782232481429e-01
7.818007746397348523e-02
2.350582610340256340e-01
8.487587960985170099e-01
1.999784934382178858e-01
1.457899904855435302e-01
3.918293320552358461e-01
2.316532116783623918e-01
5.090447326943090545e-01
1.000000000000000000e+00
7.916025630018261872e-01
6.692032995789044536e-01
9.162360930440356377e-01
2.835162802696160611e-01
7.883609868241896468e-01
2.351136861371191100e-01
6.542001387769728060e-01
2.356819392092172616e-01
3.997915333265208426e-01
8.776937164703815242e-01
3.625213408516106406e-01
2.859477513328181203e-02
2.445758494564335972e-01
7.159195799210810174e-02
5.268400405842714462e-02
1.751692267548037307e-01
2.823995266833420059e-01
5.068300702042547456e-01
6.638553300515559474e-02
1.719828715531733776e-01
9.999999999999998890e-01
8.097161734626472374e-01
3.915896941872795134e-01
2.788426285753270104e-02
1.481373736558070919e-01
4.154471019437914747e-01
6.390564446556865064e-02
