5.565395054863173652e-01
7.814482885696878434e-01
8.148799532691279879e-01
5.419439608858621638e-01
7.471930737226669672e-01
2.608803268192687597e-01
2.105890124463302426e-01
6.729984410683218510e-01
6.653883909785494044e-01
5.369182884325947036e-01
1.752235794832007199e-01
6.681778425637647789e-01
4.709814190033005943e-01
6.297559215526964405e-01
6.232805979966489218e-01
5.275088861117240846e-01
8.872635596102502742e-01
1.841547846444682168e-01
3.600143195591993250e-01
6.366661382299874106e-01
3.206517464646044258e-01
6.264287699697798639e-02
8.143321620445490017e-02
1.789449774415179384e-01
1.301537830184297251e-01
7.325049510272990672e-02
8.005767485559504848e-02
2.096943584808402539e-01
5.331755101547895892e-01
1.834822923469697775e-01
3.703932216260641397e-01
7.908532091364435246e-01
4.768809475498094197e-01
2.337403237669150036e-01
2.020315558844211490e-01
6.438724869558678510e-01
2.954397726662744139e-01
1.299346050513608686e-01
7.279387953294283453e-02
5.306627805481314297e-01
2.624704623229202616e-01
1.278472292261040311e-01
6.940075350679905664e-02
2.619674539950559988e-01
5.140142655495409940e-01
2.392545974585494062e-01
1.769842715692179214e-01
7.814065292702903065e-01
5.225469917118099605e-01
5.249336215186710675e-01
5.499690476605468836e-01
4.609334000060019698e-01
8.548766103559450880e-01
2.426440896517205181e-01
1.310749808041070663e-01
6.235769946802901531e-01
8.571582650565816586e-01
2.929365079683942108e-01
3.102310585589030389e-01
7.090427054949099972e-01
5.126368987968775714e-01
4.498960003061268087e-01
9.046840626685874742e-01
5.656647289725056371e-01
5.610149776070899597e-01
7.814273423138412555e-01
8.029376698810539725e-01
5.346560743924544390e-01
7.281193882655399019e-01
2.614314883261728562e-01
2.101394714557583421e-01
6.705697293691702532e-01
6.445041809698710544e-01
5.337872601928292937e-01
1.769189234995107163e-01
4.659210888357557812e-01
6.367263866734156341e-01
6.456076145779389153e-01
8.958009733061057522e-01
1.805509622469154141e-01
3.629654086631134424e-01
3.127020085228410240e-01
6.597302104147423352e-02
8.074110889319502382e-02
1.306140761892472524e-01
7.302182514673795366e-02
5.415218544608813023e-01
1.901733208832558919e-01
4.634692191097083414e-01
2.364843034297390290e-01
2.941848201095002002e-01
1.289280572040982509e-01
2.524250922238082673e-01
5.202767461118826819e-01
5.175274993497965825e-01
8.560300320061876578e-01
7.544589482963930394e-01
2.517004607616525336e-01
2.454275372550669410e-01
7.381892759986250496e-01
6.711625744472099475e-01
2.921966804808997509e-01
5.428258750553779377e-01
6.595657616424214220e-01
6.426155616239050961e-01
1.220666615643991870e-01
1.213660775770867839e-01
4.945599262666592333e-01
4.204859574771760977e-01
1.698556294180157411e-01
1.305120122280145900e-01
2.901248650827323861e-01
5.472939667200511504e-01
3.890570265944551798e-01
6.301954828625979665e-01
6.765012408161220625e-01
5.565395054863173652e-01
7.814482885696878434e-01
8.148799532691279879e-01
5.419439608858621638e-01
7.471930737226669672e-01
2.608803268192687597e-01
2.105890124463302426e-01
6.729984410683218510e-01
6.653883909785494044e-01
5.369182884325947036e-01
1.752235794832007199e-01
6.681778425637647789e-01
4.709814190033005943e-01
6.297559215526964405e-01
6.232805979966489218e-01
5.275088861117240846e-01
8.872635596102502742e-01
1.841547846444682168e-01
3.600143195591993250e-01
6.366661382299874106e-01
3.206517464646044258e-01
6.264287699697798639e-02
8.143321620445490017e-02
1.789449774415179384e-01
1.301537830184297251e-01
7.325049510272990672e-02
8.005767485559504848e-02
2.096943584808402539e-01
5.331755101547895892e-01
1.834822923469697775e-01
3.703932216260641397e-01
7.908532091364435246e-01
4.768809475498094197e-01
2.337403237669150036e-01
2.020315558844211490e-01
6.438724869558678510e-01
2.954397726662744139e-01
1.299346050513608686e-01
7.279387953294283453e-02
5.306627805481314297e-01
2.624704623229202616e-01
1.278472292261040311e-01
6.940075350679905664e-02
2.619674539950559988e-01
5.140142655495409940e-01
2.392545974585494062e-01
1.769842715692179214e-01
7.814065292702903065e-01
5.225469917118099605e-01
5.249336215186710675e-01
5.499690476605468836e-01
4.609334000060019698e-01
8.548766103559450880e-01
2.426440896517205181e-01
1.310749808041070663e-01
6.235769946802901531e-01
8.571582650565816586e-01
2.929365079683942108e-01
3.102310585589030389e-01
7.090427054949099972e-01
5.126368987968775714e-01
4.498960003061268087e-01
9.046840626685874742e-01
5.656647289725056371e-01
6.711625744472099475e-01
2.921966804808997509e-01
5.428258750553779377e-01
6.595655835961116153e-01
6.426155616239050961e-01
1.220661334689515098e-01
1.213660775770867839e-01
4.945599262666592333e-01
4.204859574771760977e-01
1.698556294180157411e-01
1.305119885096939214e-01
2.901248650827323861e-01
5.472939667200511504e-01
3.890570265944551798e-01
6.301954828625979665e-01
6.765012408161220625e-01
6.903567136565695872e-01
5.883963481839356024e-01
5.000085739540316432e-01
6.077316568528874363e-01
5.077954659322680975e-01
1.178871246246060711e-01
1.886720119088420300e-01
5.110763588704922977e-01
3.485853822311297812e-01
1.870278964898759999e-01
1.162950150915485203e-01
6.018798658148636349e-01
6.517102227414106608e-01
3.392141774751207262e-01
5.068676998626011621e-01
6.680237642997453040e-01
6.426496613383629875e-01
5.120611490689999101e-01
7.072733240612474326e-01
6.102233546311278678e-01
5.612072644423922174e-01
1.309533089211582790e-01
1.358426718262390476e-01
6.354992366847553864e-01
7.431684473168729266e-01
1.263865253536875788e-01
1.249722538152712170e-01
5.060529838051619489e-01
5.983116606420906258e-01
7.071578886137817044e-01
5.547521912797466204e-01
6.172457836465771175e-01
6.467249703273848516e-01
4.964054098008778837e-01
6.472255428285107470e-01
6.942114415798966709e-01
5.852645007295200763e-01
1.665324217810590091e-01
1.330149811056979270e-01
6.182587780372523767e-01
5.217031697893208531e-01
1.708845701901630931e-01
1.738912721984421372e-01
4.472823773389813518e-01
7.011029057302280432e-01
5.031857386467668558e-01
5.479123854644099012e-01
6.284454509286794277e-01
6.548899065785399598e-01
6.875847815052651413e-01
5.546793387328174951e-01
6.808926525138829788e-01
4.956327038855290468e-01
1.548346253345131707e-01
1.751789465299507520e-01
5.363349175009921588e-01
6.287056357580462773e-01
1.576148790590673476e-01
1.547661057117103445e-01
6.278165923358902667e-01
7.065432569780321082e-01
5.641549513561949780e-01
4.563456377590209279e-01
6.386619609737832493e-01
6.436196065849404402e-01
6.750051791322764227e-01
7.894554794319179614e-01
6.403890637668713248e-01
6.957582158532764627e-01
1.411203597952077060e-01
1.372929790786261428e-01
7.162547199720505908e-01
7.068359737414535715e-01
1.542301819404663654e-01
1.393793155834331665e-01
6.923255439440263448e-01
6.545023343886922085e-01
6.592031730271681322e-01
6.549598377326826260e-01
6.213142962715170192e-01
5.565395054863175872e-01
7.814482885696877323e-01
8.148799532691282099e-01
5.419439608858621638e-01
7.471930737226669672e-01
2.608803268192688152e-01
2.105890124463302981e-01
6.729984410683218510e-01
6.653883909785494044e-01
5.369182884325948146e-01
1.752235794832006921e-01
6.681778425637648899e-01
4.709814190033005388e-01
6.297559215526963294e-01
6.232805979966491439e-01
5.275088861117241956e-01
8.872635596102502742e-01
1.841547846444683278e-01
3.600143195591993805e-01
6.366661382299874106e-01
3.206517464646042592e-01
6.264287699697798639e-02
8.143321620445490017e-02
1.789449774415179661e-01
1.301537830184297251e-01
7.325049510272989284e-02
8.005767485559504848e-02
2.096943584808401984e-01
5.331755101547895892e-01
1.834822923469698053e-01
3.703932216260641952e-01
7.908532091364435246e-01
4.768809475498094197e-01
2.337403237669149758e-01
2.020315558844211767e-01
6.438724869558678510e-01
2.954397726662743584e-01
1.299346050513608963e-01
7.279387953294284841e-02
5.306627805481315407e-01
2.624704623229203726e-01
1.278472292261040311e-01
6.940075350679905664e-02
2.619674539950560543e-01
5.140142655495409940e-01
2.392545974585494062e-01
1.769842715692179214e-01
7.814065292702905285e-01
5.225469917118099605e-01
5.249336215186709564e-01
5.499690476605469946e-01
4.609334000060019698e-01
8.548766103559451990e-01
2.426440896517206292e-01
1.310749808041070663e-01
6.235769946802900421e-01
8.571582650565817696e-01
2.929365079683940998e-01
3.102310585589032055e-01
7.090427054949098862e-01
5.126368987968774604e-01
4.498960003061268087e-01
9.046840626685874742e-01
5.656647289725056371e-01
