2.324376323049713033e-01
5.860995723817192804e-01
5.488423251449635609e-01
3.267480469503054041e-01
6.391586701764405687e-01
3.890310306632461801e-01
4.073436274981730443e-01
3.580013697283789265e-01
4.290436714452384726e-01
7.240355835383527339e-01
2.565864601001086598e-01
3.568118253392296713e-01
3.353635792677984173e-01
7.912110771855864755e-01
7.876562964168891678e-01
3.214960899992529431e-01
5.869219877200586577e-01
3.155995473084758918e-01
5.243416069448103567e-01
8.175654316807319244e-01
4.413983811484185060e-01
1.846140857484753206e-01
3.398015031634439853e-01
2.631368984038225389e-01
3.382551358418802723e-01
1.973314723211341548e-01
3.386634812009292061e-01
3.992107960077655449e-01
2.104263126925297600e-01
3.666628755075349577e-01
5.435553976994682568e-01
5.312864050281758121e-01
4.852263876763709960e-01
2.943993066700120176e-01
3.836453874575773693e-01
8.013120587567283959e-01
5.010075342548002686e-01
2.982363057219153957e-01
1.959724214037726342e-01
7.289225809288755187e-01
5.965833818043200232e-01
2.999971367611917739e-01
1.985296200006864131e-01
3.993387604029116633e-01
5.649281272638289053e-01
2.918843487543348880e-01
3.251905258364420348e-01
6.026984096644510958e-01
2.400461533277780668e-01
5.692578150985649899e-01
2.085549048149971108e-01
3.338673461181746460e-01
6.505024156466812091e-01
5.706984978329087133e-01
3.410564943944257021e-01
4.146385458296772963e-01
6.486524101086901251e-01
4.975600094690446618e-01
4.468754411470672872e-01
6.245974609427971114e-01
2.361175707157622816e-01
4.792765081450684472e-01
6.019363702384863402e-01
2.432057498825049846e-01
2.377188629602419723e-01
5.944254661944194940e-01
5.401163083357254369e-01
3.240964731464682780e-01
6.318786375660119248e-01
3.942569361346643375e-01
4.032570853652603926e-01
3.574020540268418866e-01
4.218485118669562661e-01
7.264816402167226794e-01
2.597207777432748443e-01
3.346100542449300108e-01
7.961987308899962645e-01
8.230744368148287249e-01
5.942802135140200503e-01
3.204198694905571188e-01
5.322018973478045423e-01
4.429584550696329392e-01
1.914713778947047529e-01
3.392289043671347093e-01
3.396548854187855238e-01
1.966508689119932929e-01
2.094962278621202434e-01
3.731148114229043689e-01
4.822692513216268462e-01
2.931478284592103356e-01
4.992791992337015650e-01
2.991967821793385385e-01
5.834683635517319278e-01
5.679781923828280954e-01
2.380563142229560614e-01
6.495672011990299977e-01
4.935402433453308646e-01
5.074539825408742599e-01
5.023818666741083350e-01
4.898960308566817634e-01
3.726323141341927880e-01
3.376646740294579896e-01
4.407636603151913191e-01
5.471575438576110617e-01
6.917393657178219080e-01
3.122327069472817795e-01
3.341042838834480388e-01
4.239700154428484025e-01
6.143998320414686409e-01
3.578668630073779111e-01
3.278831336375893635e-01
3.491364097929052779e-01
3.254643061939039850e-01
6.034441565352753889e-01
6.907264322704884663e-01
3.814429132457068383e-01
2.324376323049713033e-01
5.860995723817192804e-01
5.488423251449635609e-01
3.267480469503054041e-01
6.391586701764405687e-01
3.890310306632461801e-01
4.073436274981730443e-01
3.580013697283789265e-01
4.290436714452384726e-01
7.240355835383527339e-01
2.565864601001086598e-01
3.568118253392296713e-01
3.353635792677984173e-01
7.912110771855864755e-01
7.876562964168891678e-01
3.214960899992529431e-01
5.869219877200586577e-01
3.155995473084758918e-01
5.243416069448103567e-01
8.175654316807319244e-01
4.413983811484185060e-01
1.846140857484753206e-01
3.398015031634439853e-01
2.631368984038225389e-01
3.382551358418802723e-01
1.973314723211341548e-01
3.386634812009292061e-01
3.992107960077655449e-01
2.104263126925297600e-01
3.666628755075349577e-01
5.435553976994682568e-01
5.312864050281758121e-01
4.852263876763709960e-01
2.943993066700120176e-01
3.836453874575773693e-01
8.013120587567283959e-01
5.010075342548002686e-01
2.982363057219153957e-01
1.959724214037726342e-01
7.289225809288755187e-01
5.965833818043200232e-01
2.999971367611917739e-01
1.985296200006864131e-01
3.993387604029116633e-01
5.649281272638289053e-01
2.918843487543348880e-01
3.251905258364420348e-01
6.026984096644510958e-01
2.400461533277780668e-01
5.692578150985649899e-01
2.085549048149971108e-01
3.338673461181746460e-01
6.505024156466812091e-01
5.706984978329087133e-01
3.410564943944257021e-01
4.146385458296772963e-01
6.486524101086901251e-01
4.975600094690446618e-01
4.468754411470672872e-01
6.245974609427971114e-01
2.361175707157622816e-01
4.792765081450684472e-01
6.019363702384863402e-01
2.432057498825049846e-01
3.726323141341927880e-01
3.376646740294579896e-01
4.407636603151913191e-01
5.471573070220665524e-01
6.917393657178219080e-01
3.122313561388870840e-01
3.341042838834480388e-01
4.239700154428484025e-01
6.143998320414686409e-01
3.578668630073779111e-01
3.278830740504512509e-01
3.491364097929052779e-01
3.254643061939039850e-01
6.034441565352753889e-01
6.907264322704884663e-01
3.814429132457068383e-01
3.932946572637702198e-01
8.013876678465454706e-01
6.635565427368670388e-01
3.529766633458366054e-01
4.058621582399117855e-01
3.190091605003897435e-01
4.603879708549219463e-01
6.801108796039376791e-01
8.209314805763696654e-01
3.325667262706127336e-01
3.208564936145068547e-01
8.339269268140210301e-01
3.639467566035636259e-01
8.269440786070190175e-01
4.150341581174898931e-01
3.900259770176087160e-01
3.284732212491948689e-01
7.576372191631504105e-01
8.171955778112667268e-01
3.246472209557067501e-01
6.676540971771014465e-01
3.496177008801332198e-01
3.604177290443310588e-01
7.636810806676683772e-01
7.409085390381882075e-01
3.431561319426292833e-01
3.446922310472305684e-01
7.549763898855808009e-01
3.829758027492771166e-01
7.223123602429013523e-01
6.719787623937107934e-01
3.226225268215241471e-01
3.887802651949449628e-01
6.630432751729666840e-01
7.599463698850015270e-01
3.960374723368188521e-01
8.209062685669712423e-01
3.988315197932955636e-01
3.443677941219817074e-01
7.717285855066307043e-01
7.793723713613229798e-01
4.085094683724544984e-01
4.051911379344396158e-01
6.385937246423858404e-01
3.798578050007405671e-01
7.704836763680107392e-01
8.243518588650688983e-01
3.863824695649000773e-01
3.919853743957155690e-01
7.631289349217955653e-01
8.777375462485799140e-01
3.821959295897500164e-01
6.590836086063380783e-01
3.910758570519712318e-01
3.931511049019347226e-01
8.601962475254745222e-01
8.070617082644702123e-01
3.709408125004060031e-01
3.908135738577968588e-01
7.490226504416668263e-01
3.999987630511921410e-01
7.837595179627596664e-01
6.340761894174109514e-01
3.920992904258223666e-01
3.527599663010184128e-01
8.355771897384436375e-01
9.186675644290747123e-01
3.451471555263403435e-01
8.538743276726397102e-01
3.482564132047012984e-01
3.731811085939532591e-01
8.722894598128991817e-01
8.727628390290318450e-01
3.761645901442522977e-01
3.520070175193719120e-01
8.800598847823064563e-01
3.529015517863743900e-01
8.779689442772544705e-01
8.110582963094588038e-01
3.470011692469285869e-01
2.324376323049713311e-01
5.860995723817191694e-01
5.488423251449636719e-01
3.267480469503054041e-01
6.391586701764405687e-01
3.890310306632461246e-01
4.073436274981730998e-01
3.580013697283789265e-01
4.290436714452384726e-01
7.240355835383526228e-01
2.565864601001086598e-01
3.568118253392297268e-01
3.353635792677984173e-01
7.912110771855864755e-01
7.876562964168893899e-01
3.214960899992529986e-01
5.869219877200586577e-01
3.155995473084760028e-01
5.243416069448104677e-01
8.175654316807319244e-01
4.413983811484184505e-01
1.846140857484753206e-01
3.398015031634439853e-01
2.631368984038224834e-01
3.382551358418802723e-01
1.973314723211341271e-01
3.386634812009291506e-01
3.992107960077654893e-01
2.104263126925297878e-01
3.666628755075349577e-01
5.435553976994682568e-01
5.312864050281758121e-01
4.852263876763709960e-01
2.943993066700120176e-01
3.836453874575773693e-01
8.013120587567283959e-01
5.010075342548001576e-01
2.982363057219154512e-01
1.959724214037726897e-01
7.289225809288755187e-01
5.965833818043201342e-01
2.999971367611917183e-01
1.985296200006864131e-01
3.993387604029116078e-01
5.649281272638289053e-01
2.918843487543348880e-01
3.251905258364419793e-01
6.026984096644509847e-01
2.400461533277780946e-01
5.692578150985647678e-01
2.085549048149971663e-01
3.338673461181746460e-01
6.505024156466810981e-01
5.706984978329088243e-01
3.410564943944257577e-01
4.146385458296772408e-01
6.486524101086900140e-01
4.975600094690446618e-01
4.468754411470673427e-01
6.245974609427971114e-01
2.361175707157622539e-01
4.792765081450684472e-01
6.019363702384863402e-01
2.432057498825049846e-01
