2.600956666175721077e-01
7.140890639907491177e-01
3.313547189363030832e-01
2.940959434458040866e-01
6.113484459797270398e-01
4.811616340126035896e-01
5.515344334859572095e-01
4.207095367753775905e-01
3.270530132815068214e-01
7.477846317930265663e-01
1.745956123620923672e-01
4.296990550020198252e-01
2.789768551336685998e-01
6.918561383172272539e-01
5.692804619073899008e-01
2.840755248093183583e-01
5.330648342043600163e-01
5.364591618921215055e-01
7.090902415229092259e-01
6.052974887187776432e-01
5.427562286288296622e-01
1.674326264444844226e-01
3.197673857011383847e-01
1.781063703771850193e-01
3.557503399815218903e-01
3.361110459945390594e-01
3.174781515163949130e-01
5.450942811469250415e-01
2.654290336423826835e-01
2.069636125992881936e-01
7.027767890910613380e-01
3.294103334240998104e-01
3.499974305064842972e-01
3.242549094648384256e-01
2.193909974788067208e-01
6.918637124106188363e-01
5.909819459200449376e-01
3.801668873499058909e-01
3.346101689972403315e-01
7.226681053020642675e-01
2.935992195205778810e-01
3.738160892016345604e-01
1.717670640581998309e-01
4.842393910586575978e-01
5.636303772794348799e-01
3.249620110605192513e-01
5.409202310438985251e-01
7.296199821203821489e-01
2.515300636923402111e-01
5.519910181228908641e-01
2.813597716686960792e-01
2.687104692055434785e-01
6.588991666902523914e-01
2.860516543685396318e-01
3.584607111344503272e-01
3.121501569503895013e-01
6.441242430518434592e-01
5.836504072415559241e-01
5.044084900675420702e-01
6.023458423313916565e-01
2.398685293827473308e-01
3.560287850126398479e-01
5.495066800031067622e-01
2.747135442991971988e-01
2.672650147577024793e-01
7.218792948941864518e-01
3.303882790943433734e-01
2.890368997773934412e-01
6.068474978038560508e-01
4.827220229433276111e-01
5.482984198163178835e-01
4.252386316722340798e-01
3.196092441443069143e-01
7.352132218962643684e-01
1.761849667353342364e-01
2.738065521677092717e-01
6.918598782463316610e-01
6.013592002174389384e-01
5.411226290359615332e-01
5.387012470480215809e-01
7.049956524654011902e-01
5.235762133098792459e-01
1.695685491096260433e-01
3.186155513940415740e-01
3.571046260550131413e-01
3.353594170540680208e-01
2.733465688592584542e-01
2.107440994460493822e-01
3.529950605567513944e-01
3.246067731021187730e-01
5.873064523865604292e-01
3.771003466063770349e-01
2.897751168187499005e-01
5.586999181837956074e-01
2.456234609088124299e-01
6.514301501030962394e-01
4.538876431788527732e-01
5.507954495813572882e-01
5.399375416342940825e-01
4.491905042522219560e-01
3.573312172895000693e-01
5.454250413246179985e-01
3.611238559965205264e-01
4.549659199792415176e-01
7.873651174767748451e-01
2.899602645991105065e-01
4.122244132181335785e-01
3.356933437475285720e-01
4.216837661985871621e-01
4.774550843440462655e-01
2.959257398329420141e-01
5.623264883936327507e-01
3.131217474067100048e-01
4.181572149951641171e-01
7.574998390103737655e-01
3.676322162871668020e-01
2.600956666175721077e-01
7.140890639907491177e-01
3.313547189363030832e-01
2.940959434458040866e-01
6.113484459797270398e-01
4.811616340126035896e-01
5.515344334859572095e-01
4.207095367753775905e-01
3.270530132815068214e-01
7.477846317930265663e-01
1.745956123620923672e-01
4.296990550020198252e-01
2.789768551336685998e-01
6.918561383172272539e-01
5.692804619073899008e-01
2.840755248093183583e-01
5.330648342043600163e-01
5.364591618921215055e-01
7.090902415229092259e-01
6.052974887187776432e-01
5.427562286288296622e-01
1.674326264444844226e-01
3.197673857011383847e-01
1.781063703771850193e-01
3.557503399815218903e-01
3.361110459945390594e-01
3.174781515163949130e-01
5.450942811469250415e-01
2.654290336423826835e-01
2.069636125992881936e-01
7.027767890910613380e-01
3.294103334240998104e-01
3.499974305064842972e-01
3.242549094648384256e-01
2.193909974788067208e-01
6.918637124106188363e-01
5.909819459200449376e-01
3.801668873499058909e-01
3.346101689972403315e-01
7.226681053020642675e-01
2.935992195205778810e-01
3.738160892016345604e-01
1.717670640581998309e-01
4.842393910586575978e-01
5.636303772794348799e-01
3.249620110605192513e-01
5.409202310438985251e-01
7.296199821203821489e-01
2.515300636923402111e-01
5.519910181228908641e-01
2.813597716686960792e-01
2.687104692055434785e-01
6.588991666902523914e-01
2.860516543685396318e-01
3.584607111344503272e-01
3.121501569503895013e-01
6.441242430518434592e-01
5.836504072415559241e-01
5.044084900675420702e-01
6.023458423313916565e-01
2.398685293827473308e-01
3.560287850126398479e-01
5.495066800031067622e-01
2.747135442991971988e-01
3.573319956524786956e-01
5.454281860187979447e-01
3.611212391410129063e-01
4.549649449215685260e-01
7.873685078790222391e-01
2.899597911375271231e-01
4.122240470004477908e-01
3.356909841484273516e-01
4.216776590088303633e-01
4.774531729566867666e-01
2.959264744935656832e-01
5.623233304028336654e-01
3.131224313518808922e-01
4.181594794510831159e-01
7.575031038370452219e-01
3.676330208361822671e-01
3.704508793643690456e-01
8.961115584402501444e-01
4.467686694352217547e-01
3.389716040137106257e-01
4.980755995273042913e-01
3.963284042677130969e-01
5.045513975151940667e-01
4.879649882050443033e-01
5.027121383312258551e-01
4.014539983914819365e-01
3.957572929942350104e-01
8.985533045849671829e-01
3.707586366879958573e-01
5.218057443718862043e-01
4.917488653710739843e-01
3.659893437880122891e-01
2.958226331584515867e-01
6.968864049482632606e-01
9.194591221991763597e-01
2.683443735810502329e-01
6.422844653722477037e-01
4.054617345658452221e-01
3.730300292088151726e-01
8.498400769524392384e-01
9.545109734409134017e-01
3.345257142171453868e-01
3.908780667271088971e-01
6.966683455282591808e-01
2.923928863071459938e-01
9.517492686091997278e-01
6.240093436259732673e-01
2.906108381896037596e-01
3.560722547350763101e-01
7.668853119063760992e-01
6.108958043901240309e-01
3.571008662159623759e-01
9.028842760040451942e-01
4.524375500091131208e-01
3.911760412903331208e-01
6.075524801482083959e-01
8.026936077285187210e-01
4.190664368653004290e-01
4.489110610548030511e-01
7.406122198107474297e-01
3.191678599638629321e-01
8.012354837677559960e-01
8.817991806828660017e-01
3.549956455937736122e-01
3.416522317195091474e-01
8.086539470132025897e-01
9.033464455771036405e-01
3.457486050990764004e-01
6.850582165167384829e-01
4.248679559921808568e-01
4.416827311052464733e-01
8.957807603963900966e-01
9.100775418473183720e-01
3.965097689249853508e-01
4.167672944248602129e-01
7.721670536808757923e-01
3.509023265873583153e-01
8.887082825916268192e-01
6.493164216605489258e-01
3.418047676550991509e-01
3.101163543940447798e-01
8.738441794164113485e-01
9.048069100886886318e-01
3.020047937801857429e-01
8.550913693024864148e-01
3.801760392691708179e-01
4.285261643425470890e-01
8.605580134828030303e-01
9.323327713594422583e-01
4.141068201722212239e-01
3.735674340002359539e-01
8.976462905204172227e-01
3.030809347941919585e-01
9.201759230500725639e-01
8.096678744605108058e-01
3.062910612105793629e-01
2.600956666175721632e-01
7.140890639907490067e-01
3.313547189363031942e-01
2.940959434458040866e-01
6.113484459797269288e-01
4.811616340126035340e-01
5.515344334859572095e-01
4.207095367753775905e-01
3.270530132815069324e-01
7.477846317930264552e-01
1.745956123620923950e-01
4.296990550020197697e-01
2.789768551336685998e-01
6.918561383172270318e-01
5.692804619073899008e-01
2.840755248093184138e-01
5.330648342043600163e-01
5.364591618921217275e-01
7.090902415229092259e-01
6.052974887187776432e-01
5.427562286288296622e-01
1.674326264444844781e-01
3.197673857011383847e-01
1.781063703771850470e-01
3.557503399815219458e-01
3.361110459945390039e-01
3.174781515163949130e-01
5.450942811469248195e-01
2.654290336423826835e-01
2.069636125992882214e-01
7.027767890910614490e-01
3.294103334240996994e-01
3.499974305064841862e-01
3.242549094648383701e-01
2.193909974788067485e-01
6.918637124106188363e-01
5.909819459200449376e-01
3.801668873499059464e-01
3.346101689972403315e-01
7.226681053020642675e-01
2.935992195205778810e-01
3.738160892016345049e-01
1.717670640581998309e-01
4.842393910586576533e-01
5.636303772794348799e-01
3.249620110605192513e-01
5.409202310438987471e-01
7.296199821203821489e-01
2.515300636923402111e-01
5.519910181228907531e-01
2.813597716686961347e-01
2.687104692055435340e-01
6.588991666902522804e-01
2.860516543685397428e-01
3.584607111344503272e-01
3.121501569503895568e-01
6.441242430518435702e-01
5.836504072415559241e-01
5.044084900675420702e-01
6.023458423313914345e-01
2.398685293827473308e-01
3.560287850126398479e-01
5.495066800031067622e-01
2.747135442991971988e-01
