2.328244874456012470e-01
5.772925057195661402e-01
2.871755671054514458e-01
2.270337446543269910e-01
4.295242969494865726e-01
5.700299335994772898e-01
5.007368361680608615e-01
3.090792675266170741e-01
2.731162809981533268e-01
8.435001498476133452e-01
2.059022935298701618e-01
3.058148204211089127e-01
2.385485245254566067e-01
6.367017873005129669e-01
4.902895310038756782e-01
2.223951788599420332e-01
3.925274485862408347e-01
4.203840311457504586e-01
7.731670713086791213e-01
5.119483577254535511e-01
5.481026175838783487e-01
2.149699415207425579e-01
4.613961814665771821e-01
2.166609691028857365e-01
3.975430260315297448e-01
4.383059830193912210e-01
4.578639959633444834e-01
4.932961380902338711e-01
1.704455580124242808e-01
2.623368125992932010e-01
8.046288504018372922e-01
2.754348828708517716e-01
3.015063442241842639e-01
3.610007284621923884e-01
2.660538081593043502e-01
6.426396696431992961e-01
5.734230274257520188e-01
5.158314891231338128e-01
4.378515950928301703e-01
8.490838364996879939e-01
3.383926169524567040e-01
5.203913722543139775e-01
2.270190124941824650e-01
5.752424146612493683e-01
4.642982244695421090e-01
3.671939966275958867e-01
4.346419593560014727e-01
5.702545465876575070e-01
2.074627579818240919e-01
4.683386174355914644e-01
1.664304175193758728e-01
2.342860178894322354e-01
5.270698158542421741e-01
3.266687686390249978e-01
3.976484444498841198e-01
2.729324506041551635e-01
5.225770591475600302e-01
5.713838801458844818e-01
5.588687893631112402e-01
4.101518969522149338e-01
1.999496855468263501e-01
2.957215936400176548e-01
3.951368046981260096e-01
2.398374382436644359e-01
2.362639939769850816e-01
5.737623005978280677e-01
2.813399625172813834e-01
2.246918557808278982e-01
4.198388579547254751e-01
5.726726040990302025e-01
4.969980735699193186e-01
3.074345753024225747e-01
2.730244602771506601e-01
8.462949158222621282e-01
2.111407053920538179e-01
2.364018634845655997e-01
6.396337895672492557e-01
5.128632866358168174e-01
3.938062378687530174e-01
4.275499118139214350e-01
7.879041303645227812e-01
5.536655117541889881e-01
2.209074785393016493e-01
4.596189528768733767e-01
3.975957002550257746e-01
4.380784286518989434e-01
1.684500436676459878e-01
2.620387963113653962e-01
2.986312782391387644e-01
3.640825852655760198e-01
5.724007491606225573e-01
5.182487060066587325e-01
3.324525291084836631e-01
4.670457766842720515e-01
2.036573638219065230e-01
5.247986383385064846e-01
3.614127559568299786e-01
6.424388817882619174e-01
6.344911504972982064e-01
3.567354201808783376e-01
2.990917225715059580e-01
3.983908452771283137e-01
3.486160649596933281e-01
3.851591043846415152e-01
6.424866341946775528e-01
3.765206399840981266e-01
4.982353244467849773e-01
3.530178607489143916e-01
4.183649146618270143e-01
5.945447048950063262e-01
3.914354057320370561e-01
4.064954094923702854e-01
2.507762871150439610e-01
4.144250889427926188e-01
6.413772508682524798e-01
3.021628268770836234e-01
2.328244874456012470e-01
5.772925057195661402e-01
2.871755671054514458e-01
2.270337446543269910e-01
4.295242969494865726e-01
5.700299335994772898e-01
5.007368361680608615e-01
3.090792675266170741e-01
2.731162809981533268e-01
8.435001498476133452e-01
2.059022935298701618e-01
3.058148204211089127e-01
2.385485245254566067e-01
6.367017873005129669e-01
4.902895310038756782e-01
2.223951788599420332e-01
3.925274485862408347e-01
4.203840311457504586e-01
7.731670713086791213e-01
5.119483577254535511e-01
5.481026175838783487e-01
2.149699415207425579e-01
4.613961814665771821e-01
2.166609691028857365e-01
3.975430260315297448e-01
4.383059830193912210e-01
4.578639959633444834e-01
4.932961380902338711e-01
1.704455580124242808e-01
2.623368125992932010e-01
8.046288504018372922e-01
2.754348828708517716e-01
3.015063442241842639e-01
3.610007284621923884e-01
2.660538081593043502e-01
6.426396696431992961e-01
5.734230274257520188e-01
5.158314891231338128e-01
4.378515950928301703e-01
8.490838364996879939e-01
3.383926169524567040e-01
5.203913722543139775e-01
2.270190124941824650e-01
5.752424146612493683e-01
4.642982244695421090e-01
3.671939966275958867e-01
4.346419593560014727e-01
5.702545465876575070e-01
2.074627579818240919e-01
4.683386174355914644e-01
1.664304175193758728e-01
2.342860178894322354e-01
5.270698158542421741e-01
3.266687686390249978e-01
3.976484444498841198e-01
2.729324506041551635e-01
5.225770591475600302e-01
5.713838801458844818e-01
5.588687893631112402e-01
4.101518969522149338e-01
1.999496855468263501e-01
2.957215936400176548e-01
3.951368046981260096e-01
2.398374382436644359e-01
2.990917225715059580e-01
3.983908452771283137e-01
3.486160649596933281e-01
3.851587828242921119e-01
6.424866341946775528e-01
3.765190110476351881e-01
4.982353244467849773e-01
3.530178607489143916e-01
4.183649146618270143e-01
5.945447048950063262e-01
3.914353345953631158e-01
4.064954094923702854e-01
2.507762871150439610e-01
4.144250889427926188e-01
6.413772508682524798e-01
3.021628268770836234e-01
3.080911950903217900e-01
8.929819232413616081e-01
3.597500943839446741e-01
2.558847457510660117e-01
3.633425937185550403e-01
4.786935677971146941e-01
6.494446808089642253e-01
3.978662870041911326e-01
4.300265665308766749e-01
5.189888486578364546e-01
4.814175237206400615e-01
9.090467366999677168e-01
3.023852459956116734e-01
4.486845451923224815e-01
3.647710815755800251e-01
3.030080597896027128e-01
2.302391104605495953e-01
5.784899788928528075e-01
7.774582653666999299e-01
2.093076580075285131e-01
4.933755056121920113e-01
5.309303444154603868e-01
4.821950525668122212e-01
7.277003834559991891e-01
8.620870578143293717e-01
4.347295669714896782e-01
5.198836540904896442e-01
5.712921371775170343e-01
2.278744140668674256e-01
8.483494266326463418e-01
4.908865366363668326e-01
2.240333976319706932e-01
2.660705990460131010e-01
7.160265599995661034e-01
5.448634284754541035e-01
2.910340553885526482e-01
8.353660687758011072e-01
5.405591426336882055e-01
5.084400933170650783e-01
5.412600867554528961e-01
8.907840542670553141e-01
5.255055665009886745e-01
5.405970314652216446e-01
6.999218413491399282e-01
2.308101383196413670e-01
8.947071855844963562e-01
8.135633928167700368e-01
2.629031133097363693e-01
2.559701171702565836e-01
8.644057416164900864e-01
7.996204106609914319e-01
2.650171837637255723e-01
6.548813086541258599e-01
5.208287325398819334e-01
5.749837341743565533e-01
7.998217198513080106e-01
8.074958187932179676e-01
4.888869547246393332e-01
5.152010560561071095e-01
8.376483982485498636e-01
2.815628672193766779e-01
7.786424759584753552e-01
6.313791219264657251e-01
2.548555685158027106e-01
2.367458606889166761e-01
7.720256054868592788e-01
8.149222463896999002e-01
2.229892513646405117e-01
7.569819048502404168e-01
4.824437149167776773e-01
5.394514943993840017e-01
7.672482648844014541e-01
8.656430233755720849e-01
5.207709950586190129e-01
4.774048987321476423e-01
8.120810542073113591e-01
2.180848227433909992e-01
8.545535604907390503e-01
7.264612093290239159e-01
2.308731121061073366e-01
2.328244874456013025e-01
5.772925057195660292e-01
2.871755671054514458e-01
2.270337446543270188e-01
4.295242969494864615e-01
5.700299335994771788e-01
5.007368361680608615e-01
3.090792675266170741e-01
2.731162809981533268e-01
8.435001498476132342e-01
2.059022935298701895e-01
3.058148204211089682e-01
2.385485245254566622e-01
6.367017873005129669e-01
4.902895310038757337e-01
2.223951788599420887e-01
3.925274485862408347e-01
4.203840311457505696e-01
7.731670713086793434e-01
5.119483577254535511e-01
5.481026175838783487e-01
2.149699415207426134e-01
4.613961814665772376e-01
2.166609691028857643e-01
3.975430260315298003e-01
4.383059830193911099e-01
4.578639959633444834e-01
4.932961380902337600e-01
1.704455580124243086e-01
2.623368125992933120e-01
8.046288504018375143e-01
2.754348828708516606e-01
3.015063442241842639e-01
3.610007284621923329e-01
2.660538081593042947e-01
6.426396696431990740e-01
5.734230274257521298e-01
5.158314891231338128e-01
4.378515950928302813e-01
8.490838364996882159e-01
3.383926169524567040e-01
5.203913722543139775e-01
2.270190124941824650e-01
5.752424146612492573e-01
4.642982244695422200e-01
3.671939966275959977e-01
4.346419593560015282e-01
5.702545465876573960e-01
2.074627579818240919e-01
4.683386174355913534e-01
1.664304175193759283e-01
2.342860178894322631e-01
5.270698158542420630e-01
3.266687686390251089e-01
3.976484444498841198e-01
2.729324506041552190e-01
5.225770591475599192e-01
5.713838801458844818e-01
5.588687893631112402e-01
4.101518969522148783e-01
1.999496855468263223e-01
2.957215936400176548e-01
3.951368046981260096e-01
2.398374382436644636e-01
