2.397823825138081233e-01
4.065233892271941651e-01
4.616469515936348911e-01
1.617728305701136848e-01
6.130630674355989074e-01
6.046621054809346862e-01
3.928373272543949635e-01
3.394516637290385663e-01
3.700592342259022560e-01
9.251309044469289145e-01
2.814334187223325179e-01
3.240861857104840316e-01
1.876649466127993660e-01
4.731116091293792736e-01
5.417018039152297071e-01
1.550055515591408084e-01
5.105645847131483617e-01
6.710202076708233765e-01
8.171796874071854955e-01
5.614612453846123952e-01
6.177525520133708703e-01
2.813822921218389617e-01
4.550774404151422536e-01
2.886659788045288777e-01
2.538026908646487390e-01
3.211915279952833324e-01
4.526323023661844025e-01
3.922202693685110653e-01
1.669810063795755251e-01
3.085870483852043988e-01
8.471176163756555244e-01
4.472315791198556156e-01
2.775997600499772733e-01
3.212500272586271133e-01
3.138727477471819904e-01
4.676732930729066706e-01
8.927659979664680501e-01
5.074815027981075533e-01
3.211071801086044508e-01
9.275531638883218744e-01
4.503234498611837777e-01
5.172516450715249903e-01
2.936451281808304392e-01
6.069580783448238481e-01
4.814896549868214470e-01
3.341327918496556082e-01
6.648866959364282403e-01
4.093658625718178401e-01
1.136634287637416085e-01
4.952248187816014058e-01
1.597964015786594305e-01
1.843477518961448292e-01
3.718337545584463610e-01
4.406386004241792387e-01
2.590822930986612094e-01
3.635058586497736943e-01
3.696030703535291284e-01
8.764767921270294471e-01
6.253533222899867461e-01
5.888607829399357119e-01
1.104902580856647748e-01
2.678101403459913210e-01
5.114008131543157365e-01
2.453574179679587353e-01
2.425166624780342173e-01
4.079491596489204230e-01
4.544819165695040408e-01
1.583562108384617417e-01
6.009628759234677542e-01
6.058261384401473215e-01
3.925272712730206726e-01
3.317102357317800454e-01
3.667859144156448981e-01
9.263433020419946651e-01
2.849158018071711873e-01
1.859943585594905635e-01
4.704262822595322580e-01
5.648306844283156325e-01
5.109744022782656270e-01
6.679375709428658769e-01
8.313146017413793887e-01
6.226033641574507671e-01
2.874251682251736661e-01
4.538471626614956067e-01
2.564407398164946228e-01
3.211492871502243385e-01
1.634102765466808327e-01
3.091840590316551896e-01
2.727342429964852433e-01
3.276606709835407361e-01
8.845997898410007387e-01
5.124974447348132900e-01
4.454164555984254648e-01
4.891079159644916574e-01
1.120562081131691173e-01
3.707060995035044160e-01
3.461530834095793985e-01
6.596838737929616725e-01
6.501347002192895408e-01
3.393244749617689848e-01
2.861019323631666111e-01
4.284290380214714755e-01
5.005211952148717058e-01
3.095103982987365554e-01
8.861683472088499602e-01
4.272270316776308752e-01
3.977348731983301744e-01
4.855110455525669666e-01
3.395037462061624156e-01
5.945023792934658324e-01
4.429252405573700369e-01
4.319106782558053137e-01
1.926479520982370963e-01
3.397080971358968915e-01
8.657152923532911437e-01
2.869249952850261298e-01
2.397823825138081233e-01
4.065233892271941651e-01
4.616469515936348911e-01
1.617728305701136848e-01
6.130630674355989074e-01
6.046621054809346862e-01
3.928373272543949635e-01
3.394516637290385663e-01
3.700592342259022560e-01
9.251309044469289145e-01
2.814334187223325179e-01
3.240861857104840316e-01
1.876649466127993660e-01
4.731116091293792736e-01
5.417018039152297071e-01
1.550055515591408084e-01
5.105645847131483617e-01
6.710202076708233765e-01
8.171796874071854955e-01
5.614612453846123952e-01
6.177525520133708703e-01
2.813822921218389617e-01
4.550774404151422536e-01
2.886659788045288777e-01
2.538026908646487390e-01
3.211915279952833324e-01
4.526323023661844025e-01
3.922202693685110653e-01
1.669810063795755251e-01
3.085870483852043988e-01
8.471176163756555244e-01
4.472315791198556156e-01
2.775997600499772733e-01
3.212500272586271133e-01
3.138727477471819904e-01
4.676732930729066706e-01
8.927659979664680501e-01
5.074815027981075533e-01
3.211071801086044508e-01
9.275531638883218744e-01
4.503234498611837777e-01
5.172516450715249903e-01
2.936451281808304392e-01
6.069580783448238481e-01
4.814896549868214470e-01
3.341327918496556082e-01
6.648866959364282403e-01
4.093658625718178401e-01
1.136634287637416085e-01
4.952248187816014058e-01
1.597964015786594305e-01
1.843477518961448292e-01
3.718337545584463610e-01
4.406386004241792387e-01
2.590822930986612094e-01
3.635058586497736943e-01
3.696030703535291284e-01
8.764767921270294471e-01
6.253533222899867461e-01
5.888607829399357119e-01
1.104902580856647748e-01
2.678101403459913210e-01
5.114008131543157365e-01
2.453574179679587353e-01
2.861019323631666111e-01
4.284290380214714755e-01
5.005211952148717058e-01
3.095100371742908751e-01
8.861683472088499602e-01
4.272251833707495505e-01
3.977348731983301744e-01
4.855110455525669666e-01
3.395037462061624156e-01
5.945023792934658324e-01
4.429251600633013486e-01
4.319106782558053137e-01
1.926479520982370963e-01
3.397080971358968915e-01
8.657152923532911437e-01
2.869249952850261298e-01
3.313634157599031349e-01
7.343621580715209429e-01
4.857083345027601862e-01
2.047367671084836527e-01
2.822910723534568511e-01
4.859198379533397061e-01
6.600531765676158624e-01
5.180922308200655024e-01
7.518418704141018871e-01
4.997545889902231808e-01
4.847420090370362367e-01
7.493616142847754347e-01
1.853276053415409130e-01
7.646250702887920081e-01
2.810337175760555528e-01
3.236726533683116358e-01
2.347711869566591336e-01
4.496420823666607003e-01
7.447621743055794497e-01
2.119333223581475745e-01
5.502086727452477621e-01
5.641000385242824766e-01
4.742753337251564560e-01
7.013291919253210605e-01
6.165601845655468427e-01
5.168397850451115216e-01
5.534532309735324951e-01
4.385851374202434094e-01
2.341576086457564099e-01
6.110555147017815436e-01
5.351220015100748295e-01
2.245972144979209439e-01
2.336960012392397812e-01
7.953315930043562965e-01
4.898026627599225691e-01
2.892632981821474658e-01
7.587976642638873948e-01
5.564842773021549949e-01
5.480628629631704163e-01
4.919027317888358120e-01
8.807476759095922425e-01
5.347874296426818885e-01
5.549186074934092661e-01
7.598192489894737278e-01
2.504337956450561897e-01
8.728093680582544867e-01
7.273333855909158707e-01
2.297056616931465733e-01
2.513595664640930760e-01
7.866629345880351565e-01
8.335197058793797353e-01
2.474790148664601785e-01
7.032996809667686477e-01
5.621346418422041857e-01
5.518621630288800262e-01
8.231224182052607752e-01
7.242300978705453751e-01
5.106602515043696666e-01
5.526642830722880984e-01
7.468812564027276224e-01
2.604887476753230402e-01
6.895502896610841148e-01
6.738682714200856516e-01
2.487661542085850830e-01
2.356266598898569820e-01
6.708769915720453891e-01
6.944552006664057586e-01
2.349778508940961463e-01
6.826713680055689348e-01
5.228370338447576593e-01
5.664752238184685984e-01
6.504592237854214254e-01
7.040080286487153671e-01
5.603667675633625667e-01
5.201174621009678756e-01
6.829440723971880178e-01
2.326334524643852431e-01
6.975060422995669196e-01
6.227759557839709359e-01
2.300472622371498854e-01
2.397823825138081510e-01
4.065233892271941096e-01
4.616469515936350021e-01
1.617728305701136848e-01
6.130630674355989074e-01
6.046621054809346862e-01
3.928373272543950190e-01
3.394516637290386774e-01
3.700592342259023670e-01
9.251309044469288034e-01
2.814334187223325179e-01
3.240861857104840871e-01
1.876649466127993660e-01
4.731116091293792181e-01
5.417018039152298181e-01
1.550055515591408362e-01
5.105645847131483617e-01
6.710202076708235985e-01
8.171796874071854955e-01
5.614612453846122841e-01
6.177525520133706483e-01
2.813822921218390172e-01
4.550774404151422536e-01
2.886659788045289332e-01
2.538026908646487945e-01
3.211915279952832769e-01
4.526323023661844025e-01
3.922202693685110653e-01
1.669810063795755528e-01
3.085870483852044543e-01
8.471176163756555244e-01
4.472315791198555046e-01
2.775997600499773843e-01
3.212500272586269467e-01
3.138727477471820460e-01
4.676732930729067261e-01
8.927659979664681611e-01
5.074815027981075533e-01
3.211071801086044508e-01
9.275531638883218744e-01
4.503234498611837777e-01
5.172516450715249903e-01
2.936451281808304392e-01
6.069580783448238481e-01
4.814896549868215581e-01
3.341327918496556082e-01
6.648866959364283513e-01
4.093658625718178956e-01
1.136634287637416363e-01
4.952248187816011837e-01
1.597964015786594860e-01
1.843477518961448292e-01
3.718337545584463610e-01
4.406386004241794052e-01
2.590822930986612649e-01
3.635058586497736388e-01
3.696030703535290174e-01
8.764767921270292250e-01
6.253533222899867461e-01
5.888607829399358229e-01
1.104902580856647748e-01
2.678101403459913210e-01
5.114008131543157365e-01
2.453574179679587353e-01
