7.533027911107631480e-02
2.655885403752762941e-01
1.926479458970463687e-01
7.488804794373679630e-02
3.263760644493550744e-01
6.023616494906288699e-01
8.201902514635751595e-01
2.300767824270215922e-01
2.287573642881656211e-01
5.414498980491360136e-01
3.922601161841254847e-01
2.145737433799539406e-01
3.254331316213037589e-02
2.899348370589104884e-01
1.932176563510745182e-01
7.376492936538971146e-02
2.190378174833934599e-01
6.957417288256784182e-01
4.153917358319083042e-01
1.984733657179802990e-01
4.974114782668603296e-01
5.163374699334638551e-01
6.865769648485705590e-01
4.000177135029558406e-01
6.661868447529784021e-01
4.573808515960479659e-01
6.776532025383510405e-01
8.091697793994016008e-01
9.389391800442843661e-02
6.773058702651337804e-01
4.363358119844622518e-01
1.814541958458226745e-01
2.131469415310260351e-01
7.096384877498567167e-01
7.117284072199392408e-01
2.834677333619678996e-01
4.093834852179956130e-01
7.189894602117259392e-01
4.547558925733261037e-01
5.452203000874940031e-01
6.281820870458226791e-01
7.153381244926396709e-01
5.410286235034861280e-01
5.989422453088970588e-01
3.285650573140011521e-01
7.118921401039249863e-01
6.895270942152480487e-01
2.719979235346816626e-01
2.819874376618000666e-02
3.412424920384015126e-01
8.187015734787526922e-02
3.329280656231253799e-02
1.184628181496844013e-01
6.003278884180526243e-01
6.665499266195179517e-01
2.267884759162538399e-01
1.197969022954018525e-01
4.179261865213146354e-01
4.941340183884381232e-01
3.017503713687376132e-01
2.738754939490405105e-02
2.076694553962196710e-01
2.193518272344001652e-01
7.822671331115524374e-02
7.675083725211538643e-02
2.688034549311069110e-01
1.870841901693141018e-01
7.432101515411136672e-02
3.140641852774598841e-01
6.006280492242637159e-01
8.146527429749323979e-01
2.222660484962817318e-01
2.277739319734604084e-01
5.433370725960163794e-01
3.960298481063533882e-01
3.292076906307335460e-02
2.867415163421385693e-01
1.988727277908606261e-01
2.191917069055242806e-01
6.926183206167205730e-01
4.237363787988441821e-01
4.952794661999891934e-01
5.285047680327197295e-01
6.820869499580930473e-01
6.663682651886483344e-01
4.560662900613058346e-01
8.791814034238278064e-02
6.931271664428727552e-01
2.104245883646087556e-01
7.107599366608926550e-01
4.136661664907498315e-01
7.173630536554623793e-01
6.140692819114482726e-01
3.354147834339138434e-01
2.778787133686175248e-02
1.191372241132537813e-01
1.422467591427142297e-01
8.637790486016215796e-01
8.548220858270475508e-01
1.372240492034408899e-01
1.194331193641933603e-01
6.250427884023956882e-01
3.185561331284184616e-01
1.195895187030486806e-01
2.952813903533690887e-01
6.246484043694118249e-01
6.928199001552998171e-01
3.287224214056728711e-01
6.554506332357209475e-01
6.089516157097449867e-01
6.428590061594515737e-01
6.151344703898264932e-01
6.155738939582618141e-02
6.502416181956806041e-01
3.007662170866274298e-01
1.200321690604517350e-01
7.533027911107631480e-02
2.655885403752762941e-01
1.926479458970463687e-01
7.488804794373679630e-02
3.263760644493550744e-01
6.023616494906288699e-01
8.201902514635751595e-01
2.300767824270215922e-01
2.287573642881656211e-01
5.414498980491360136e-01
3.922601161841254847e-01
2.145737433799539406e-01
3.254331316213037589e-02
2.899348370589104884e-01
1.932176563510745182e-01
7.376492936538971146e-02
2.190378174833934599e-01
6.957417288256784182e-01
4.153917358319083042e-01
1.984733657179802990e-01
4.974114782668603296e-01
5.163374699334638551e-01
6.865769648485705590e-01
4.000177135029558406e-01
6.661868447529784021e-01
4.573808515960479659e-01
6.776532025383510405e-01
8.091697793994016008e-01
9.389391800442843661e-02
6.773058702651337804e-01
4.363358119844622518e-01
1.814541958458226745e-01
2.131469415310260351e-01
7.096384877498567167e-01
7.117284072199392408e-01
2.834677333619678996e-01
4.093834852179956130e-01
7.189894602117259392e-01
4.547558925733261037e-01
5.452203000874940031e-01
6.281820870458226791e-01
7.153381244926396709e-01
5.410286235034861280e-01
5.989422453088970588e-01
3.285650573140011521e-01
7.118921401039249863e-01
6.895270942152480487e-01
2.719979235346816626e-01
2.819874376618000666e-02
3.412424920384015126e-01
8.187015734787526922e-02
3.329280656231253799e-02
1.184628181496844013e-01
6.003278884180526243e-01
6.665499266195179517e-01
2.267884759162538399e-01
1.197969022954018525e-01
4.179261865213146354e-01
4.941340183884381232e-01
3.017503713687376132e-01
2.738754939490405105e-02
2.076694553962196710e-01
2.193518272344001652e-01
7.822671331115524374e-02
1.194335339531795576e-01
6.250381757020586626e-01
3.185589015141253588e-01
1.195896096867349878e-01
2.952772289412095574e-01
6.246473444775987316e-01
6.928214149758369356e-01
3.287248833888777311e-01
6.554482195421867941e-01
6.089491744014408070e-01
6.428585204460763869e-01
6.151299051072192103e-01
6.155766273113115472e-02
6.502391553183212158e-01
3.007691135864594134e-01
1.200325939640345535e-01
1.168278183974357787e-01
2.449820425684314795e-01
6.190556404679414815e-01
1.067398423152802062e-01
5.531816023307416508e-01
7.752431480871816438e-01
7.031400407214070114e-01
6.512669195512259535e-01
3.977315799896989912e-01
8.055376390842725609e-01
7.797797074913732640e-01
2.661537252614336602e-01
4.874812472782674710e-02
4.225877662414412317e-01
5.446706981633584466e-01
1.134889793333178631e-01
8.055222442837975394e-02
2.771537184713861457e-01
4.348547648346838823e-01
6.939793719749773326e-02
4.043848743234197407e-01
7.861326574725465699e-01
7.458892389027926839e-01
3.966292027514497498e-01
2.112000280332262392e-01
8.228785658027489847e-01
7.716693271163912460e-01
2.669315464240062941e-01
1.075250055042527020e-01
1.882456812598900520e-01
3.930555346389452698e-01
7.566136289960626038e-02
9.977643237560006317e-02
5.139809058971787081e-01
4.440532298784529708e-01
8.979530830085258319e-02
5.237809032274078902e-01
8.281612102363126171e-01
7.425526847312952095e-01
4.367809832415017190e-01
5.986211982328728531e-01
8.413507839671477972e-01
8.180479374099822731e-01
4.892050016552542679e-01
9.208265158199284428e-02
6.148932122023620384e-01
4.888806005914143604e-01
9.660761941379919504e-02
9.500873990214141196e-02
4.739179214314681587e-01
6.618066960096951057e-01
9.764766505253058559e-02
6.445907601324623037e-01
8.278736351286746231e-01
7.760559887235887189e-01
6.667984567438609567e-01
4.110371647984143451e-01
7.480330770488636816e-01
8.160970742707902570e-01
4.207739495906834826e-01
8.681261585738428432e-02
3.907247768917807562e-01
6.199399920012043097e-01
9.219508026713774118e-02
9.036400592868842896e-02
3.910016257824240338e-01
3.498447874761865251e-01
8.150348672848559128e-02
3.424461083697762920e-01
7.754909016671460709e-01
8.296598736912174088e-01
3.334038008233632944e-01
4.044400730623962659e-01
8.108926936531519747e-01
7.698664760474368540e-01
4.030733243102939678e-01
8.081789188897872678e-02
3.892423403013369754e-01
3.227222471354576072e-01
8.454723837183653057e-02
7.533027911107632868e-02
2.655885403752763496e-01
1.926479458970463965e-01
7.488804794373679630e-02
3.263760644493550744e-01
6.023616494906287588e-01
8.201902514635752706e-01
2.300767824270216477e-01
2.287573642881656211e-01
5.414498980491361246e-01
3.922601161841254847e-01
2.145737433799539684e-01
3.254331316213037589e-02
2.899348370589104329e-01
1.932176563510745737e-01
7.376492936538972534e-02
2.190378174833935154e-01
6.957417288256786403e-01
4.153917358319083597e-01
1.984733657179803545e-01
4.974114782668602741e-01
5.163374699334638551e-01
6.865769648485705590e-01
4.000177135029558961e-01
6.661868447529786241e-01
4.573808515960479104e-01
6.776532025383509295e-01
8.091697793994014898e-01
9.389391800442845049e-02
6.773058702651337804e-01
4.363358119844621963e-01
1.814541958458226190e-01
2.131469415310260351e-01
7.096384877498564947e-01
7.117284072199393519e-01
2.834677333619679551e-01
4.093834852179956685e-01
7.189894602117260503e-01
4.547558925733262147e-01
5.452203000874940031e-01
6.281820870458226791e-01
7.153381244926394489e-01
5.410286235034861280e-01
5.989422453088969478e-01
3.285650573140011521e-01
7.118921401039250973e-01
6.895270942152480487e-01
2.719979235346816071e-01
2.819874376618000666e-02
3.412424920384014015e-01
8.187015734787528309e-02
3.329280656231253799e-02
1.184628181496844013e-01
6.003278884180527353e-01
6.665499266195180628e-01
2.267884759162537844e-01
1.197969022954018525e-01
4.179261865213147464e-01
4.941340183884381787e-01
3.017503713687376132e-01
2.738754939490404758e-02
2.076694553962196710e-01
2.193518272344002207e-01
7.822671331115524374e-02
