2.789151994546797408e-01
7.822336948648545008e-01
3.644201879769678465e-01
2.804345652008263245e-01
5.899067155799219142e-01
5.326464208446252124e-01
5.130545621390157907e-01
5.108951472651588332e-01
3.050152364180519493e-01
6.665089270391406640e-01
1.616047833721510063e-01
4.946274341738525204e-01
2.513882014505586793e-01
6.059417290700621628e-01
5.888676428996515444e-01
2.767089041675360184e-01
5.153207926090863644e-01
5.128194412942590485e-01
7.060051006012120212e-01
6.045346106262130537e-01
5.549929731482126094e-01
1.625631973233820915e-01
3.395430858001288188e-01
1.680476704294470158e-01
3.358280324904113212e-01
3.390250225817805219e-01
3.371980130506944118e-01
5.135048348472098789e-01
1.993038696236349994e-01
2.102580088391447499e-01
7.466838132691184793e-01
3.422493600107351930e-01
3.628678461213472040e-01
3.102971327645450139e-01
2.185869588304435729e-01
6.118189922932497637e-01
5.904284468212955828e-01
3.829370633946529434e-01
3.440945608265023603e-01
6.681610911253423879e-01
2.974697234647560862e-01
3.909968560302956031e-01
1.805071076822903631e-01
5.501252615033052074e-01
5.893844007954558428e-01
3.129232565765328600e-01
5.409798141969763829e-01
7.789695359445754086e-01
2.737293482779654674e-01
5.880457474143451213e-01
1.876734710543104812e-01
2.527526863839649751e-01
6.101299609762957932e-01
2.813338133609397662e-01
3.323626352292106678e-01
3.069412492376625279e-01
6.260029932483628379e-01
5.932112012578771854e-01
5.888244751702966795e-01
5.745501827961656538e-01
2.652411118396892364e-01
3.463820313477566359e-01
5.330080480114935959e-01
2.849716041469737560e-01
2.818855672920816957e-01
7.805964090661500210e-01
3.534003715149942049e-01
2.785535777346458408e-01
5.822290524370450360e-01
5.415080005851906630e-01
5.132808127868383474e-01
5.026991556126808591e-01
3.059772529916487960e-01
6.673358738684254110e-01
1.646649174155467299e-01
2.520753761338004328e-01
6.088437988818389268e-01
6.113289288782347564e-01
5.239889358888145665e-01
5.269725404553967651e-01
7.250570778934699590e-01
5.722310862606697635e-01
1.714055912513935409e-01
3.383631561697580947e-01
3.340964839366687422e-01
3.415638126801132102e-01
1.935235918921935361e-01
2.120544921981413200e-01
3.546742680920640933e-01
3.116039286791337792e-01
5.918235149489370350e-01
3.870651685441614531e-01
2.892941892121243530e-01
5.896408309521897761e-01
2.694300305687750696e-01
6.181540932310535252e-01
4.509758844589133453e-01
5.481792954912277915e-01
5.478966135050548081e-01
4.468114124335718085e-01
3.735949977046094661e-01
5.739938956653050095e-01
3.323053223847020066e-01
4.281877948135027756e-01
7.624416563265739022e-01
2.952708203711024160e-01
4.093594369106287045e-01
3.380175550545544416e-01
3.906374375018487610e-01
4.766651048945301783e-01
3.157909517490805618e-01
5.906770151530851276e-01
3.058201398297434870e-01
3.732117769111243932e-01
7.824348228147339768e-01
3.770817019482872179e-01
2.789151994546797408e-01
7.822336948648545008e-01
3.644201879769678465e-01
2.804345652008263245e-01
5.899067155799219142e-01
5.326464208446252124e-01
5.130545621390157907e-01
5.108951472651588332e-01
3.050152364180519493e-01
6.665089270391406640e-01
1.616047833721510063e-01
4.946274341738525204e-01
2.513882014505586793e-01
6.059417290700621628e-01
5.888676428996515444e-01
2.767089041675360184e-01
5.153207926090863644e-01
5.128194412942590485e-01
7.060051006012120212e-01
6.045346106262130537e-01
5.549929731482126094e-01
1.625631973233820915e-01
3.395430858001288188e-01
1.680476704294470158e-01
3.358280324904113212e-01
3.390250225817805219e-01
3.371980130506944118e-01
5.135048348472098789e-01
1.993038696236349994e-01
2.102580088391447499e-01
7.466838132691184793e-01
3.422493600107351930e-01
3.628678461213472040e-01
3.102971327645450139e-01
2.185869588304435729e-01
6.118189922932497637e-01
5.904284468212955828e-01
3.829370633946529434e-01
3.440945608265023603e-01
6.681610911253423879e-01
2.974697234647560862e-01
3.909968560302956031e-01
1.805071076822903631e-01
5.501252615033052074e-01
5.893844007954558428e-01
3.129232565765328600e-01
5.409798141969763829e-01
7.789695359445754086e-01
2.737293482779654674e-01
5.880457474143451213e-01
1.876734710543104812e-01
2.527526863839649751e-01
6.101299609762957932e-01
2.813338133609397662e-01
3.323626352292106678e-01
3.069412492376625279e-01
6.260029932483628379e-01
5.932112012578771854e-01
5.888244751702966795e-01
5.745501827961656538e-01
2.652411118396892364e-01
3.463820313477566359e-01
5.330080480114935959e-01
2.849716041469737560e-01
3.735949977046094661e-01
5.739938956653050095e-01
3.323053223847020066e-01
4.281874957570577789e-01
7.624416563265739022e-01
2.952695429447022013e-01
4.093594369106287045e-01
3.380175550545544416e-01
3.906374375018487610e-01
4.766651048945301783e-01
3.157908943594892603e-01
5.906770151530851276e-01
3.058201398297434870e-01
3.732117769111243932e-01
7.824348228147339768e-01
3.770817019482872179e-01
3.657837226351760007e-01
8.610472154450585780e-01
4.316869039347661641e-01
3.483202033183100399e-01
4.051626533199295110e-01
3.929447126550412728e-01
5.278288975021512286e-01
4.575893274471183325e-01
5.310969187674352554e-01
4.031978636948783667e-01
4.057463681332474925e-01
8.871595366080633482e-01
3.818877783252895841e-01
5.343068536150814563e-01
4.203693428380665953e-01
3.618358133805970045e-01
2.940149212723186523e-01
6.489755184683951850e-01
8.875619860342349732e-01
2.842233015219947090e-01
5.892020849558103901e-01
3.994265214858473412e-01
3.917189882337233642e-01
8.252193489489367817e-01
1.000000000000000222e+00
3.402880170997686360e-01
4.024659797137032369e-01
6.450477599201671630e-01
2.900605075408520528e-01
9.846370372214368061e-01
5.861937153659149136e-01
2.893489550333994131e-01
3.428118263508076469e-01
7.960441557792279355e-01
6.322857910989565511e-01
3.559928602944767428e-01
9.360050443507268447e-01
4.350458120606472967e-01
3.958375211428296625e-01
6.074990518982570364e-01
8.575547878048235262e-01
4.203661813601732300e-01
4.432359284936059352e-01
7.898078208008505463e-01
3.113878405127795124e-01
8.204525162875790922e-01
9.546610368158559012e-01
3.429752747558992843e-01
3.271542170263234128e-01
9.162743632441250341e-01
8.098296595545630971e-01
3.533630048692517622e-01
7.562410573292424054e-01
4.168258652805753028e-01
4.526676498937783899e-01
7.785433920416240383e-01
9.035214456276765560e-01
3.875560656597865639e-01
4.189599413434949571e-01
9.286591573981324288e-01
3.466710406601437033e-01
8.531120205256543798e-01
7.551237144103604138e-01
3.272625069102963469e-01
3.058075703999026396e-01
8.726735299007344349e-01
9.375045929382439525e-01
2.946416994154240632e-01
9.021986980317937554e-01
3.764765840915960671e-01
4.155457125662848084e-01
8.763051090139124533e-01
9.565555024068035372e-01
4.100990757949831700e-01
3.830763557716937440e-01
9.259096258217349718e-01
2.878128074846456608e-01
9.364071147080081925e-01
8.764866171604213108e-01
3.005245352700064432e-01
2.789151994546797964e-01
7.822336948648546118e-01
3.644201879769679575e-01
2.804345652008263245e-01
5.899067155799218032e-01
5.326464208446253235e-01
5.130545621390159017e-01
5.108951472651590553e-01
3.050152364180519493e-01
6.665089270391407750e-01
1.616047833721509785e-01
4.946274341738525759e-01
2.513882014505586793e-01
6.059417290700621628e-01
5.888676428996516554e-01
2.767089041675360739e-01
5.153207926090865865e-01
5.128194412942590485e-01
7.060051006012121322e-01
6.045346106262130537e-01
5.549929731482123874e-01
1.625631973233820915e-01
3.395430858001288188e-01
1.680476704294470436e-01
3.358280324904113212e-01
3.390250225817804663e-01
3.371980130506943563e-01
5.135048348472097679e-01
1.993038696236349716e-01
2.102580088391447777e-01
7.466838132691187013e-01
3.422493600107350820e-01
3.628678461213472040e-01
3.102971327645449584e-01
2.185869588304436006e-01
6.118189922932498748e-01
5.904284468212956938e-01
3.829370633946529989e-01
3.440945608265024158e-01
6.681610911253426099e-01
2.974697234647560862e-01
3.909968560302955476e-01
1.805071076822903353e-01
5.501252615033052074e-01
5.893844007954558428e-01
3.129232565765328600e-01
5.409798141969766050e-01
7.789695359445756306e-01
2.737293482779654674e-01
5.880457474143450103e-01
1.876734710543104812e-01
2.527526863839649751e-01
6.101299609762959042e-01
2.813338133609398772e-01
3.323626352292107233e-01
3.069412492376624724e-01
6.260029932483629489e-01
5.932112012578771854e-01
5.888244751702966795e-01
5.745501827961656538e-01
2.652411118396892364e-01
3.463820313477566359e-01
5.330080480114935959e-01
2.849716041469737560e-01
