1.042637307633039190e-01
3.595639126858378165e-01
2.998320029264232023e-01
1.001282761735018678e-01
4.030053240158235628e-01
7.081457186958584060e-01
3.558588008075688758e-01
2.959989810266913102e-01
2.950677707679220108e-01
9.913522085962624963e-01
3.538539791896109232e-01
2.928776326252692241e-01
1.093666088692416549e-01
6.183134557058047598e-01
5.220011014406216177e-01
9.875162934183120966e-02
4.326991184150182357e-01
6.454907548019894747e-01
8.668535338516074606e-01
5.493013776139978877e-01
8.901063836631619708e-01
3.661774942432565183e-01
4.867208898853898624e-01
3.632939863228112354e-01
4.206489286969137265e-01
3.695251106001707919e-01
4.829880621130654417e-01
3.537041439652054420e-01
1.289359432995954013e-01
4.698872235417069776e-01
8.921687395361928008e-01
3.057706092256777253e-01
1.545856119793350691e-01
3.750345571775199338e-01
4.881203715739332871e-01
6.254566683381070913e-01
6.956782875707986369e-01
7.115629069792297479e-01
3.701156071776936507e-01
9.982578683702885147e-01
3.643914823793059643e-01
7.174091739059745843e-01
3.856675535839533819e-01
6.987645252687484376e-01
2.704988010511792940e-01
3.789650931529994216e-01
6.301743515059701206e-01
3.812664806862118283e-01
6.543636231848012907e-02
2.698128568306836783e-01
1.356585714886859861e-01
1.060242700237974262e-01
4.796163874305062746e-01
3.535833744037381043e-01
4.222747551458514437e-01
2.889775910525679281e-01
4.760551963405652565e-01
6.955524381532013356e-01
8.934712412360048539e-01
3.870822731036979714e-01
6.365596057607017522e-02
1.513574368705502549e-01
4.649594467620083438e-01
1.071574096732050008e-01
1.056829375703844803e-01
3.704498123158076472e-01
3.027837353361182982e-01
9.943324369132172658e-02
3.950444240632318693e-01
7.033895569320793850e-01
3.547761402386547802e-01
2.944263847251127331e-01
2.920258108376974082e-01
9.948086530874267197e-01
3.584610603155202191e-01
1.076833578628188792e-01
6.218406248918844081e-01
5.483292284417401463e-01
4.485092111626316491e-01
6.377928959920438068e-01
8.788783655600761469e-01
8.962632916685419060e-01
3.757817989306795337e-01
4.848427076009816372e-01
4.214613023511016299e-01
3.698208272496457116e-01
1.322770719622580748e-01
4.772421348178186307e-01
1.529811838689095205e-01
3.769904468166352940e-01
6.956151959414891284e-01
7.146757559719500996e-01
3.589153700068467012e-01
2.705807334038309309e-01
6.453458339228293483e-02
4.778161347881402232e-01
2.410015305852610812e-01
7.621108468867027197e-01
7.541170578234502875e-01
2.394759249966011971e-01
1.679252483051849598e-01
3.228268528195512577e-01
5.366164253436868092e-01
2.683708904392016481e-01
8.501306129177517157e-01
5.287024616220500350e-01
4.603057011815124278e-01
5.173828586944672070e-01
4.460495487860335340e-01
6.677522938020500343e-01
5.457724752621936348e-01
3.310041665938046052e-01
1.065014484411290069e-01
4.422357750511668462e-01
8.399395843880690382e-01
1.734143819069519643e-01
1.042637307633039190e-01
3.595639126858378165e-01
2.998320029264232023e-01
1.001282761735018678e-01
4.030053240158235628e-01
7.081457186958584060e-01
3.558588008075688758e-01
2.959989810266913102e-01
2.950677707679220108e-01
9.913522085962624963e-01
3.538539791896109232e-01
2.928776326252692241e-01
1.093666088692416549e-01
6.183134557058047598e-01
5.220011014406216177e-01
9.875162934183120966e-02
4.326991184150182357e-01
6.454907548019894747e-01
8.668535338516074606e-01
5.493013776139978877e-01
8.901063836631619708e-01
3.661774942432565183e-01
4.867208898853898624e-01
3.632939863228112354e-01
4.206489286969137265e-01
3.695251106001707919e-01
4.829880621130654417e-01
3.537041439652054420e-01
1.289359432995954013e-01
4.698872235417069776e-01
8.921687395361928008e-01
3.057706092256777253e-01
1.545856119793350691e-01
3.750345571775199338e-01
4.881203715739332871e-01
6.254566683381070913e-01
6.956782875707986369e-01
7.115629069792297479e-01
3.701156071776936507e-01
9.982578683702885147e-01
3.643914823793059643e-01
7.174091739059745843e-01
3.856675535839533819e-01
6.987645252687484376e-01
2.704988010511792940e-01
3.789650931529994216e-01
6.301743515059701206e-01
3.812664806862118283e-01
6.543636231848012907e-02
2.698128568306836783e-01
1.356585714886859861e-01
1.060242700237974262e-01
4.796163874305062746e-01
3.535833744037381043e-01
4.222747551458514437e-01
2.889775910525679281e-01
4.760551963405652565e-01
6.955524381532013356e-01
8.934712412360048539e-01
3.870822731036979714e-01
6.365596057607017522e-02
1.513574368705502549e-01
4.649594467620083438e-01
1.071574096732050008e-01
1.679252483051849598e-01
3.228268528195512577e-01
5.366164253436868092e-01
2.683705077988896570e-01
8.501306129177517157e-01
5.287001743033049594e-01
4.603057011815124278e-01
5.173828586944672070e-01
4.460495487860335340e-01
6.677522938020500343e-01
5.457723760774033650e-01
3.310041665938046052e-01
1.065014484411290069e-01
4.422357750511668462e-01
8.399395843880690382e-01
1.734143819069519643e-01
1.823278816687186332e-01
9.354286770216340141e-01
4.021761510185775101e-01
1.453695821202277139e-01
6.534305233658215251e-01
5.911128044683982008e-01
7.022716831033049001e-01
4.567022066751549314e-01
3.044754287247537494e-01
6.651192850218763386e-01
5.929114478851271741e-01
9.631930906692400818e-01
1.738152481365223267e-01
3.293756640381644285e-01
6.840143761398238542e-01
1.774093551636186095e-01
1.521736064442670011e-01
3.687559928823882505e-01
5.514684144503299024e-01
1.479806895944106582e-01
3.188316760355771606e-01
6.782705769665889894e-01
6.507862139041347138e-01
5.131804131144994674e-01
6.108929676265193454e-01
6.195817720851770627e-01
6.676544428313807567e-01
3.682556165230053136e-01
1.614000099936964694e-01
6.107957728909991779e-01
3.076745752358407415e-01
1.501530434439695416e-01
1.663130359391398194e-01
6.146763191515423053e-01
5.806838765214292764e-01
1.715079560135684689e-01
6.834913792629833118e-01
7.030466910872562591e-01
6.067414763142864320e-01
6.039453685374285286e-01
7.692367644981179531e-01
6.772988988019950085e-01
7.000137369630424766e-01
5.928984587782419879e-01
1.527028946411288501e-01
7.833230258154120218e-01
6.736811590995976928e-01
1.654155441946832117e-01
1.551196786394721250e-01
6.478715314382808010e-01
9.552398079643511508e-01
1.462529264484294378e-01
6.424076842353634298e-01
6.780691633126051387e-01
6.466659345148823013e-01
9.510244625718282663e-01
6.201252998442381426e-01
6.320427103606065522e-01
6.670436858525732315e-01
6.344497058093039321e-01
1.837636212332650065e-01
6.035243827436995723e-01
6.340216414239661091e-01
1.550634936710539591e-01
1.653737940173896082e-01
4.776603341796337165e-01
5.574662566726642510e-01
1.532030065732795931e-01
4.633479299713931798e-01
6.617725016678799310e-01
6.848344516793110071e-01
5.420534403135914836e-01
5.821712089547146363e-01
6.767391642249337425e-01
6.577616262961335503e-01
5.065330285242664043e-01
1.513899758681785668e-01
5.793145522441027762e-01
4.539474858625229814e-01
1.617991161885798390e-01
1.042637307633039329e-01
3.595639126858377610e-01
2.998320029264233133e-01
1.001282761735018817e-01
4.030053240158234518e-01
7.081457186958584060e-01
3.558588008075688758e-01
2.959989810266913102e-01
2.950677707679221218e-01
9.913522085962626074e-01
3.538539791896110343e-01
2.928776326252693352e-01
1.093666088692416549e-01
6.183134557058046488e-01
5.220011014406216177e-01
9.875162934183123742e-02
4.326991184150182357e-01
6.454907548019894747e-01
8.668535338516074606e-01
5.493013776139978877e-01
8.901063836631617487e-01
3.661774942432565738e-01
4.867208898853898069e-01
3.632939863228114019e-01
4.206489286969138375e-01
3.695251106001707364e-01
4.829880621130654972e-01
3.537041439652053865e-01
1.289359432995953736e-01
4.698872235417070886e-01
8.921687395361928008e-01
3.057706092256778363e-01
1.545856119793350691e-01
3.750345571775198783e-01
4.881203715739333981e-01
6.254566683381070913e-01
6.956782875707987479e-01
7.115629069792298589e-01
3.701156071776937062e-01
9.982578683702885147e-01
3.643914823793059643e-01
7.174091739059745843e-01
3.856675535839533264e-01
6.987645252687484376e-01
2.704988010511792940e-01
3.789650931529994216e-01
6.301743515059701206e-01
3.812664806862117728e-01
6.543636231848012907e-02
2.698128568306835673e-01
1.356585714886859861e-01
1.060242700237974262e-01
4.796163874305061636e-01
3.535833744037381599e-01
4.222747551458514437e-01
2.889775910525679836e-01
4.760551963405651454e-01
6.955524381532013356e-01
8.934712412360050759e-01
3.870822731036980269e-01
6.365596057607016134e-02
1.513574368705501993e-01
4.649594467620083438e-01
1.071574096732049869e-01
