5.504193748515990858e-01
7.401463759297930434e-01
7.188922646161391983e-01
4.963870876723919801e-01
7.858743411668830392e-01
1.808131630292658665e-01
3.036765491804923611e-01
6.607890660120344650e-01
6.633484840405523553e-01
4.019219411946529097e-01
1.148439120202919272e-01
6.384697290912930701e-01
4.186164703778753604e-01
8.638562074457576401e-01
6.573619683755944632e-01
4.864870954910402445e-01
8.248947345965507161e-01
2.066625222604873691e-01
3.348673211127342619e-01
6.948121055383325029e-01
2.978550881313598020e-01
6.210478816271661207e-02
1.115757589053656962e-01
1.278487257355570006e-01
2.582697345849942483e-01
8.433675183686746568e-02
1.127115928370235887e-01
2.984992484292241510e-01
5.001581761149979100e-01
1.701622278704486568e-01
3.515101564697296066e-01
7.439501566430892776e-01
6.030094578243478942e-01
2.256950465263569683e-01
1.668761838545889387e-01
8.554862280789781170e-01
2.876485937354313904e-01
9.719546887784671907e-02
8.399705100613055753e-02
4.114682051297943732e-01
3.397335025622557625e-01
9.650251065756797197e-02
6.691164972212954032e-02
1.935264199507931715e-01
6.649506955700112965e-01
2.237636828095230512e-01
2.176537688176367613e-01
7.545814919210844796e-01
3.740969618789315998e-01
6.657612606563358959e-01
4.948660825979971367e-01
4.170415511133210296e-01
8.032032170640632796e-01
3.379562199912884424e-01
2.604662920278600913e-01
6.911268260413875320e-01
8.000413049730410453e-01
2.935590935870361351e-01
2.782740187005939281e-01
7.928872918548057758e-01
3.640520948437832027e-01
6.206072034021066219e-01
8.626360097595620058e-01
5.795109948342679340e-01
5.646873798355440677e-01
7.473869579579411893e-01
7.313470710618661386e-01
4.913888441279539165e-01
7.893805410218681651e-01
1.872586442927192119e-01
3.010750864943697036e-01
6.495441480530990130e-01
6.772233789113195623e-01
4.067000699281195786e-01
1.211918121057106168e-01
4.178233178701010186e-01
8.597232864716393141e-01
6.927391309228402294e-01
8.433909214401069665e-01
2.121866040247895047e-01
3.408201681093029345e-01
2.850155934861650087e-01
6.447351173609555675e-02
1.121472567880931331e-01
2.593672843251036975e-01
8.416663198297973103e-02
4.975280194504012043e-01
1.661949109960053628e-01
6.117556741024672284e-01
2.247339729458872060e-01
2.906116830590919076e-01
9.687608438968789426e-02
3.388330120140273793e-01
6.663995510002453937e-01
3.690092060129502305e-01
8.016048078652785458e-01
7.176763492865187999e-01
2.804927507586594260e-01
2.662124278303283909e-01
7.257517830638740008e-01
6.338654759939271743e-01
3.467634833580865994e-01
4.248279781345812856e-01
6.599912784758821260e-01
6.214802579058056331e-01
1.183393118062214533e-01
1.819887316048325043e-01
4.395811516334761082e-01
5.551727829791944790e-01
1.479742909289880615e-01
1.237869722298624298e-01
3.606421835184654423e-01
4.754284420187820936e-01
5.697176709619752311e-01
6.270575295850835396e-01
6.583238387814779324e-01
5.504193748515990858e-01
7.401463759297930434e-01
7.188922646161391983e-01
4.963870876723919801e-01
7.858743411668830392e-01
1.808131630292658665e-01
3.036765491804923611e-01
6.607890660120344650e-01
6.633484840405523553e-01
4.019219411946529097e-01
1.148439120202919272e-01
6.384697290912930701e-01
4.186164703778753604e-01
8.638562074457576401e-01
6.573619683755944632e-01
4.864870954910402445e-01
8.248947345965507161e-01
2.066625222604873691e-01
3.348673211127342619e-01
6.948121055383325029e-01
2.978550881313598020e-01
6.210478816271661207e-02
1.115757589053656962e-01
1.278487257355570006e-01
2.582697345849942483e-01
8.433675183686746568e-02
1.127115928370235887e-01
2.984992484292241510e-01
5.001581761149979100e-01
1.701622278704486568e-01
3.515101564697296066e-01
7.439501566430892776e-01
6.030094578243478942e-01
2.256950465263569683e-01
1.668761838545889387e-01
8.554862280789781170e-01
2.876485937354313904e-01
9.719546887784671907e-02
8.399705100613055753e-02
4.114682051297943732e-01
3.397335025622557625e-01
9.650251065756797197e-02
6.691164972212954032e-02
1.935264199507931715e-01
6.649506955700112965e-01
2.237636828095230512e-01
2.176537688176367613e-01
7.545814919210844796e-01
3.740969618789315998e-01
6.657612606563358959e-01
4.948660825979971367e-01
4.170415511133210296e-01
8.032032170640632796e-01
3.379562199912884424e-01
2.604662920278600913e-01
6.911268260413875320e-01
8.000413049730410453e-01
2.935590935870361351e-01
2.782740187005939281e-01
7.928872918548057758e-01
3.640520948437832027e-01
6.206072034021066219e-01
8.626360097595620058e-01
5.795109948342679340e-01
6.338654759939271743e-01
3.467634833580865994e-01
4.248279781345812856e-01
6.599911006521166357e-01
6.214802579058056331e-01
1.183387998363597537e-01
1.819887316048325043e-01
4.395811516334761082e-01
5.551727829791944790e-01
1.479742909289880615e-01
1.237869497337025226e-01
3.606421835184654423e-01
4.754284420187820936e-01
5.697176709619752311e-01
6.270575295850835396e-01
6.583238387814779324e-01
6.719324383040726767e-01
5.897145360341673470e-01
4.752667946723865278e-01
5.656423723141991156e-01
6.216814619012440701e-01
1.250920412684775329e-01
2.065935435586448432e-01
5.371043014509624403e-01
6.060671803839547955e-01
1.591814686986622873e-01
1.209736439992590562e-01
6.091307941740828902e-01
5.133339389259206076e-01
6.533508631565607683e-01
6.214890798649357340e-01
6.805282626091844200e-01
6.044034741379775699e-01
5.444874509673194307e-01
7.498536304327632074e-01
5.568718374944817695e-01
5.667369552766621243e-01
1.555947940182019484e-01
1.461765720814721670e-01
7.217099563734505896e-01
6.810629328747996869e-01
1.503511761525948287e-01
1.447987959286912152e-01
5.472935957676470231e-01
5.775845956639782397e-01
7.054280337716076765e-01
5.556255757656110017e-01
6.124899493901080350e-01
6.830218267342454963e-01
4.116145090396430284e-01
7.622271686900368159e-01
5.772324711706725564e-01
4.769290657697013991e-01
1.922598674998374502e-01
1.530681335220038519e-01
8.047873547773161107e-01
5.592778688620474448e-01
2.039851263428578976e-01
1.894381522005829099e-01
3.990658903673622859e-01
6.048025276440837095e-01
6.104524193041813707e-01
4.604925276755533758e-01
6.916776851171783091e-01
6.387977915598525014e-01
5.642068588838546894e-01
5.188459882205420648e-01
6.533796736783408221e-01
5.775922894261400486e-01
1.739046514900131346e-01
1.946262378380277380e-01
5.633041970467247417e-01
7.669883934268115766e-01
1.748492135523843638e-01
1.667921716573643742e-01
5.428135162049336770e-01
6.092987127604903019e-01
8.012818597711182100e-01
5.532503631164567004e-01
6.504070813580088428e-01
5.780193464768661471e-01
7.486416845898096195e-01
8.143071221197759613e-01
6.136116914794820243e-01
7.653244403124446205e-01
1.514740092389533221e-01
1.545431070520033590e-01
8.068119449602817461e-01
7.110997557716167705e-01
1.714675144799466533e-01
1.446524185331954093e-01
7.896357122136901108e-01
6.331738938320584653e-01
7.435296940512106101e-01
7.305676455030467586e-01
5.878716493577158531e-01
5.504193748515991969e-01
7.401463759297931544e-01
7.188922646161394203e-01
4.963870876723919801e-01
7.858743411668829282e-01
1.808131630292659220e-01
3.036765491804924166e-01
6.607890660120345760e-01
6.633484840405523553e-01
4.019219411946529652e-01
1.148439120202918995e-01
6.384697290912931811e-01
4.186164703778753604e-01
8.638562074457571960e-01
6.573619683755946852e-01
4.864870954910403000e-01
8.248947345965507161e-01
2.066625222604874801e-01
3.348673211127342064e-01
6.948121055383325029e-01
2.978550881313597465e-01
6.210478816271662594e-02
1.115757589053657101e-01
1.278487257355570283e-01
2.582697345849943038e-01
8.433675183686746568e-02
1.127115928370235748e-01
2.984992484292240955e-01
5.001581761149979100e-01
1.701622278704486846e-01
3.515101564697296621e-01
7.439501566430890556e-01
6.030094578243478942e-01
2.256950465263569405e-01
1.668761838545889664e-01
8.554862280789781170e-01
2.876485937354314459e-01
9.719546887784670519e-02
8.399705100613055753e-02
4.114682051297944287e-01
3.397335025622557625e-01
9.650251065756795810e-02
6.691164972212954032e-02
1.935264199507931715e-01
6.649506955700115185e-01
2.237636828095231067e-01
2.176537688176368168e-01
7.545814919210844796e-01
3.740969618789315998e-01
6.657612606563357849e-01
4.948660825979972477e-01
4.170415511133210296e-01
8.032032170640631685e-01
3.379562199912884979e-01
2.604662920278600913e-01
6.911268260413876430e-01
8.000413049730411563e-01
2.935590935870361351e-01
2.782740187005939836e-01
7.928872918548057758e-01
3.640520948437831472e-01
6.206072034021066219e-01
8.626360097595620058e-01
5.795109948342679340e-01
