6.177145245970719900e-01
8.615525105362440428e-01
6.610553848621267825e-01
6.260610412693002891e-01
6.381947052678899057e-01
2.318058704387384594e-01
2.571038635627438396e-01
5.651959525319393274e-01
4.332309805474442443e-01
3.555931598353774814e-01
9.358442148596707311e-02
5.595178520608943273e-01
4.276977312009454524e-01
7.814508483435835817e-01
4.793748873126176258e-01
6.062366050097813819e-01
9.536038141176919058e-01
7.218727116458617532e-02
2.584908647839328499e-01
4.791938315188097319e-01
3.374519606779910474e-01
6.649311518463897619e-02
1.949179008960312820e-01
9.193442199965473627e-02
3.258293918178501447e-01
9.358359126814740081e-02
1.957382823195301658e-01
2.536044619134785183e-01
3.154025686420842689e-01
1.369785780222187443e-01
2.536379614183581488e-01
6.373519526848645533e-01
5.364127610206836927e-01
2.148649880638070497e-01
1.418990261347402859e-01
7.774729813451284333e-01
2.590238231495547438e-01
1.839636094837177327e-01
9.436769060027778988e-02
3.499397226639283098e-01
3.200222650159229021e-01
1.877576896883956237e-01
7.499181769806828601e-02
2.530599809800660460e-01
4.143830757535261200e-01
2.144996734441379227e-01
7.718215554070617657e-02
8.608002230021591927e-01
5.095809665627436535e-01
4.290983093984375163e-01
3.072742251993306750e-01
4.238237167608818190e-01
6.702047195485880682e-01
3.026473915962330508e-01
3.279903076706836562e-01
4.226340567368523926e-01
6.782787266233611945e-01
2.495283365386452568e-01
3.343316280282873643e-01
5.822260301962234319e-01
4.983189586124793791e-01
5.183559037883735954e-01
9.599094189800982946e-01
6.255531420932919362e-01
6.215589799271613591e-01
8.611751668694122008e-01
6.492738008585836607e-01
6.160522090660879302e-01
6.102125663434110336e-01
2.425814704373135400e-01
2.553455027388937260e-01
5.623352145903852684e-01
4.279379647216231541e-01
3.527634820917828762e-01
9.256307869709573533e-02
4.257467205444341318e-01
7.794866607118411395e-01
4.906914047154653513e-01
9.566940553772401712e-01
7.469764608461509914e-02
2.535927613677027015e-01
3.333818642301403790e-01
7.068110286389170382e-02
1.953306780049826052e-01
3.269091325914769697e-01
9.397626285368963772e-02
3.113628031675305108e-01
1.369080246120617517e-01
5.274383626831766758e-01
2.146832024029999841e-01
2.542634854951840717e-01
1.859078908990126344e-01
3.112189888533829496e-01
4.223856532596819147e-01
5.038767251017874926e-01
6.742862900691645178e-01
7.371331351463008552e-01
2.695217665581329802e-01
2.625781187136172479e-01
7.207793281208758618e-01
7.188360162752983618e-01
2.073033761426497090e-01
2.400899518322220372e-01
6.853148561302758734e-01
5.007019504944241195e-01
1.504356401002710231e-01
2.202241137552762018e-01
2.373245441925316834e-01
4.658012645590686729e-01
1.717200130691334814e-01
1.640478544425047758e-01
2.056822712863934921e-01
4.750977205576459861e-01
4.509384360985938534e-01
4.846332425847290626e-01
7.225821216028455174e-01
6.177145245970719900e-01
8.615525105362440428e-01
6.610553848621267825e-01
6.260610412693002891e-01
6.381947052678899057e-01
2.318058704387384594e-01
2.571038635627438396e-01
5.651959525319393274e-01
4.332309805474442443e-01
3.555931598353774814e-01
9.358442148596707311e-02
5.595178520608943273e-01
4.276977312009454524e-01
7.814508483435835817e-01
4.793748873126176258e-01
6.062366050097813819e-01
9.536038141176919058e-01
7.218727116458617532e-02
2.584908647839328499e-01
4.791938315188097319e-01
3.374519606779910474e-01
6.649311518463897619e-02
1.949179008960312820e-01
9.193442199965473627e-02
3.258293918178501447e-01
9.358359126814740081e-02
1.957382823195301658e-01
2.536044619134785183e-01
3.154025686420842689e-01
1.369785780222187443e-01
2.536379614183581488e-01
6.373519526848645533e-01
5.364127610206836927e-01
2.148649880638070497e-01
1.418990261347402859e-01
7.774729813451284333e-01
2.590238231495547438e-01
1.839636094837177327e-01
9.436769060027778988e-02
3.499397226639283098e-01
3.200222650159229021e-01
1.877576896883956237e-01
7.499181769806828601e-02
2.530599809800660460e-01
4.143830757535261200e-01
2.144996734441379227e-01
7.718215554070617657e-02
8.608002230021591927e-01
5.095809665627436535e-01
4.290983093984375163e-01
3.072742251993306750e-01
4.238237167608818190e-01
6.702047195485880682e-01
3.026473915962330508e-01
3.279903076706836562e-01
4.226340567368523926e-01
6.782787266233611945e-01
2.495283365386452568e-01
3.343316280282873643e-01
5.822260301962234319e-01
4.983189586124793791e-01
5.183559037883735954e-01
9.599094189800982946e-01
6.255531420932919362e-01
7.188360162752983618e-01
2.073033761426497090e-01
2.400899518322220372e-01
6.853146915506822534e-01
5.007019504944241195e-01
1.504349892724717863e-01
2.202241137552762018e-01
2.373245441925316834e-01
4.658012645590686729e-01
1.717200130691334814e-01
1.640478246296198095e-01
2.056822712863934921e-01
4.750977205576459861e-01
4.509384360985938534e-01
4.846332425847290626e-01
7.225821216028455174e-01
6.627695500987769162e-01
6.156317726625062381e-01
2.775182750948377297e-01
6.519158994625292580e-01
7.458613783818108800e-01
1.037633990260152794e-01
2.439641728916371322e-01
2.838799843224766306e-01
3.751532358269851208e-01
2.188181066455677781e-01
1.029487093334523207e-01
6.275063772208149260e-01
5.924885661298935347e-01
3.734635010921427689e-01
7.224284866330636934e-01
6.430536262419728200e-01
6.045924087840062189e-01
5.963475679205150204e-01
7.078887575371428653e-01
5.956457685148474068e-01
6.177183191132049611e-01
1.375721045536145992e-01
1.549786330689258418e-01
6.223551572922472186e-01
6.895322517570761089e-01
1.471459444721068544e-01
1.338194959327463351e-01
5.721642602122960497e-01
6.049641318768508302e-01
6.508160594430179025e-01
5.794588611115611965e-01
5.859024299093856802e-01
6.742748740543034192e-01
4.700451078114231684e-01
6.051565205983266971e-01
6.419769953812752838e-01
5.440640808170571496e-01
1.811441372248641379e-01
1.650507211875002767e-01
5.919569251280059063e-01
5.729944937304174424e-01
1.896432089650751662e-01
1.866502831007164076e-01
4.256977563250967656e-01
6.369227150065230880e-01
5.570646031766004480e-01
5.213348535646531445e-01
6.521454194098410539e-01
6.317697274276835584e-01
6.984011273178616364e-01
5.192988395586257688e-01
6.755538748444638308e-01
5.980140305511123522e-01
1.653460571888688280e-01
1.891788156968498003e-01
4.925057416041784819e-01
5.967041339102507891e-01
1.828305698795257284e-01
1.610911862695214580e-01
6.676063132512459752e-01
6.806819089551681135e-01
5.426293115904381459e-01
5.678552034839983165e-01
6.129471196200974026e-01
6.019195915684314446e-01
7.606309052309010443e-01
8.300639373331351045e-01
6.236225361625974406e-01
7.999806142631815664e-01
1.414326232194573207e-01
1.511377785842176746e-01
7.305847046623994423e-01
7.711648758772335910e-01
1.607326735255533989e-01
1.406554386546002566e-01
7.710245203771959321e-01
6.302825685711200832e-01
7.273143724632851193e-01
7.179158811517116767e-01
5.860087967184363089e-01
6.177145245970721010e-01
8.615525105362439318e-01
6.610553848621268935e-01
6.260610412693002891e-01
6.381947052678896837e-01
2.318058704387385149e-01
2.571038635627438396e-01
5.651959525319394384e-01
4.332309805474443554e-01
3.555931598353774259e-01
9.358442148596704535e-02
5.595178520608944384e-01
4.276977312009454524e-01
7.814508483435833597e-01
4.793748873126177923e-01
6.062366050097814929e-01
9.536038141176919058e-01
7.218727116458628634e-02
2.584908647839327944e-01
4.791938315188097874e-01
3.374519606779909919e-01
6.649311518463899007e-02
1.949179008960313098e-01
9.193442199965476402e-02
3.258293918178501447e-01
9.358359126814740081e-02
1.957382823195301658e-01
2.536044619134785183e-01
3.154025686420842689e-01
1.369785780222187166e-01
2.536379614183582043e-01
6.373519526848645533e-01
5.364127610206836927e-01
2.148649880638070220e-01
1.418990261347402582e-01
7.774729813451284333e-01
2.590238231495547994e-01
1.839636094837177049e-01
9.436769060027780376e-02
3.499397226639283653e-01
3.200222650159229021e-01
1.877576896883955959e-01
7.499181769806828601e-02
2.530599809800661015e-01
4.143830757535262310e-01
2.144996734441379227e-01
7.718215554070617657e-02
8.608002230021591927e-01
5.095809665627437646e-01
4.290983093984372942e-01
3.072742251993306750e-01
4.238237167608818745e-01
6.702047195485879572e-01
3.026473915962331063e-01
3.279903076706837117e-01
4.226340567368523371e-01
6.782787266233610834e-01
2.495283365386452568e-01
3.343316280282874198e-01
5.822260301962234319e-01
4.983189586124793791e-01
5.183559037883735954e-01
9.599094189800985166e-01
6.255531420932919362e-01
