1.722099503073084778e-02
3.139618646547535641e-01
7.645644986494049000e-02
3.182013182663219475e-02
3.779769804088849439e-01
9.567333767760282104e-01
7.610532080112388797e-01
2.635046279506052525e-01
1.465330369949525147e-01
4.478065058027275724e-01
2.733737507240711073e-01
2.596230112909393983e-01
1.594907538738956146e-02
5.652256951769891735e-01
2.055450180454338471e-01
3.173671490985066623e-02
1.500621868669552716e-01
8.056219061136689064e-01
4.262878553873123422e-01
2.282848183598396585e-01
4.017989991415553130e-01
3.398283087920377366e-01
7.966085539905611856e-01
2.835538405871733114e-01
9.062406039635124699e-01
5.631338117483275507e-01
7.849859970809256460e-01
7.555250348647289949e-01
3.385489738464851628e-02
5.684519099931566455e-01
4.424595808085937110e-01
6.629455441219223033e-02
1.610169671514304346e-01
9.044591397421801737e-01
5.967327868705155636e-01
5.510987480202531597e-01
4.314736245520545133e-01
6.610830433778999149e-01
5.599027874969169094e-01
4.576692938013913747e-01
4.794428897574527504e-01
6.625438714736285872e-01
3.512910043542082916e-01
9.312091150185755062e-01
2.212694815102218548e-01
9.132105929157828816e-01
7.934485170091734041e-01
3.147734665833994416e-01
6.889395356223050604e-03
2.280859984619617031e-01
2.352417406060090810e-02
1.713326442222510432e-02
2.021823792199665126e-01
4.689729244709898159e-01
9.091320244842835407e-01
1.409367298905452870e-01
1.854712435160020823e-01
4.326024376470094523e-01
3.838834577082942956e-01
3.489432227935267972e-01
6.088812433282542527e-03
1.644617962004218947e-01
1.361300183663387564e-01
1.876751608312098030e-02
1.797948734213955513e-02
3.143689601254173738e-01
7.140556845601858660e-02
3.177801683722992349e-02
3.634612421311374519e-01
9.437928571329017302e-01
7.582754408205754082e-01
2.615489936483416655e-01
1.437377595541374786e-01
4.527430622449842845e-01
2.783356983752858782e-01
1.654545040406350115e-02
5.582501037632201513e-01
2.203173319840509015e-01
1.432343308761256095e-01
7.995036922775725641e-01
4.323175937002097236e-01
3.911069805571595337e-01
3.454768919386461135e-01
7.907606333741724614e-01
9.076853546352631197e-01
5.615157368900315360e-01
2.872055485771445038e-02
5.809752490987213358e-01
1.627290739534349995e-01
9.088139851617961229e-01
4.320395283019988764e-01
6.619928569439845756e-01
4.741381031496557652e-01
2.250225252689852795e-01
6.483897657931732283e-03
1.937345690777427798e-01
1.133367500447073351e-01
8.958294415218192031e-01
8.812359295511903445e-01
1.080579556787217843e-01
6.323429284201807776e-02
8.226833397279824656e-01
1.592002613829627267e-01
1.382404399815850282e-01
3.217141813703692232e-01
5.586136198531612695e-01
8.174997763276178331e-01
1.849253627552353008e-01
7.757607686507100864e-01
6.383797488630550410e-01
5.698780580832559783e-01
8.108347497199173137e-01
2.162237617779096122e-02
7.859657085017605072e-01
3.071544944086228579e-01
6.253440908406975030e-02
1.722099503073084778e-02
3.139618646547535641e-01
7.645644986494049000e-02
3.182013182663219475e-02
3.779769804088849439e-01
9.567333767760282104e-01
7.610532080112388797e-01
2.635046279506052525e-01
1.465330369949525147e-01
4.478065058027275724e-01
2.733737507240711073e-01
2.596230112909393983e-01
1.594907538738956146e-02
5.652256951769891735e-01
2.055450180454338471e-01
3.173671490985066623e-02
1.500621868669552716e-01
8.056219061136689064e-01
4.262878553873123422e-01
2.282848183598396585e-01
4.017989991415553130e-01
3.398283087920377366e-01
7.966085539905611856e-01
2.835538405871733114e-01
9.062406039635124699e-01
5.631338117483275507e-01
7.849859970809256460e-01
7.555250348647289949e-01
3.385489738464851628e-02
5.684519099931566455e-01
4.424595808085937110e-01
6.629455441219223033e-02
1.610169671514304346e-01
9.044591397421801737e-01
5.967327868705155636e-01
5.510987480202531597e-01
4.314736245520545133e-01
6.610830433778999149e-01
5.599027874969169094e-01
4.576692938013913747e-01
4.794428897574527504e-01
6.625438714736285872e-01
3.512910043542082916e-01
9.312091150185755062e-01
2.212694815102218548e-01
9.132105929157828816e-01
7.934485170091734041e-01
3.147734665833994416e-01
6.889395356223050604e-03
2.280859984619617031e-01
2.352417406060090810e-02
1.713326442222510432e-02
2.021823792199665126e-01
4.689729244709898159e-01
9.091320244842835407e-01
1.409367298905452870e-01
1.854712435160020823e-01
4.326024376470094523e-01
3.838834577082942956e-01
3.489432227935267972e-01
6.088812433282542527e-03
1.644617962004218947e-01
1.361300183663387564e-01
1.876751608312098030e-02
6.323429284201807776e-02
8.226833397279824656e-01
1.592002613829627267e-01
1.382399892833519606e-01
3.217141813703692232e-01
5.586112031301521119e-01
8.174997763276178331e-01
1.849253627552353008e-01
7.757607686507100864e-01
6.383797488630550410e-01
5.698779545176893002e-01
8.108347497199173137e-01
2.162237617779096122e-02
7.859657085017605072e-01
3.071544944086228579e-01
6.253440908406975030e-02
6.915373615222172865e-02
6.918456603394875781e-01
3.703145202170192718e-01
7.955613475342111773e-02
7.764587937603222301e-01
7.513685895303049422e-01
7.952625830978719002e-01
4.232785150478395320e-01
1.834138077363696162e-01
8.480311080548211811e-01
7.511227746277492345e-01
6.878932815725589123e-01
5.058018406225325836e-02
2.220298983978288287e-01
7.542822012171217505e-01
6.552549622861092438e-02
5.271302690069215591e-02
2.510659478867907080e-01
3.407256467394614852e-01
6.871283970195488089e-02
3.761773926731470929e-01
8.424785501302856083e-01
7.764264541803969077e-01
3.047561602541875025e-01
3.118245038352593923e-01
8.102023102642217367e-01
8.177741716026392105e-01
2.367499970314761448e-01
6.132386716353266376e-02
2.904263902055408408e-01
3.604151356768390269e-01
4.853711296483179116e-02
6.337347825070042961e-02
7.268253670060764726e-01
1.935576686836473215e-01
7.235232284624534826e-02
3.602416975032816104e-01
8.152070547895791108e-01
8.821400115691296895e-01
1.911600003819491356e-01
8.146477244323926392e-01
8.302727167960826105e-01
7.977361184861513355e-01
6.944024928729719548e-01
6.291347242038723697e-02
8.204842127984102174e-01
3.022255794704968856e-01
6.145963004028079379e-02
6.513409193978576817e-02
4.077589810478947641e-01
6.669450227629458716e-01
8.265944988743675892e-02
7.749201223075390388e-01
8.200455854370194420e-01
8.233718828877893969e-01
6.839958095686182737e-01
1.963762398957058508e-01
8.568043449006235157e-01
8.036683219960218949e-01
3.211821356480055734e-01
7.098674035101215640e-02
1.900759431617973227e-01
7.345448761101134316e-01
6.373859527354056032e-02
5.774360054865268488e-02
3.376668354894618584e-01
3.765835607836329757e-01
6.139465034653798781e-02
3.600260099132663871e-01
8.358801093334224941e-01
8.216919619860558743e-01
3.565405147624125526e-01
3.746173190769583883e-01
8.274361631216009538e-01
8.209029508112292151e-01
3.339898197755746256e-01
5.718116727230684870e-02
3.536439379594356058e-01
3.293955374399288871e-01
5.430593657575499833e-02
1.722099503073085125e-02
3.139618646547535086e-01
7.645644986494051776e-02
3.182013182663220863e-02
3.779769804088849439e-01
9.567333767760284324e-01
7.610532080112389908e-01
2.635046279506053635e-01
1.465330369949525147e-01
4.478065058027276280e-01
2.733737507240709963e-01
2.596230112909394538e-01
1.594907538738956146e-02
5.652256951769889515e-01
2.055450180454339026e-01
3.173671490985066623e-02
1.500621868669552716e-01
8.056219061136691284e-01
4.262878553873123977e-01
2.282848183598397140e-01
4.017989991415552575e-01
3.398283087920377921e-01
7.966085539905611856e-01
2.835538405871733669e-01
9.062406039635126920e-01
5.631338117483274397e-01
7.849859970809256460e-01
7.555250348647288838e-01
3.385489738464850240e-02
5.684519099931566455e-01
4.424595808085936555e-01
6.629455441219223033e-02
1.610169671514303791e-01
9.044591397421802847e-01
5.967327868705155636e-01
5.510987480202531597e-01
4.314736245520545688e-01
6.610830433778999149e-01
5.599027874969170204e-01
4.576692938013914302e-01
4.794428897574527504e-01
6.625438714736283652e-01
3.512910043542082916e-01
9.312091150185756172e-01
2.212694815102218548e-01
9.132105929157828816e-01
7.934485170091736261e-01
3.147734665833993861e-01
6.889395356223051471e-03
2.280859984619616754e-01
2.352417406060092198e-02
1.713326442222510432e-02
2.021823792199664016e-01
4.689729244709899825e-01
9.091320244842836518e-01
1.409367298905452870e-01
1.854712435160019712e-01
4.326024376470094523e-01
3.838834577082944621e-01
3.489432227935267417e-01
6.088812433282543395e-03
1.644617962004218947e-01
1.361300183663387564e-01
1.876751608312097683e-02
