5.816131226736547255e-01
7.778609903220630173e-01
8.221586218996168594e-01
5.984264432796108091e-01
8.922035843032783964e-01
1.257729830143992089e-01
2.990131435500119617e-01
6.312079296282692153e-01
7.183019323750912122e-01
3.092559140968603182e-01
1.519358731327609124e-01
7.543485848662687676e-01
5.844546977915675567e-01
4.892821593352794651e-01
8.309799883741639803e-01
5.959340530585830464e-01
7.119851081615766741e-01
1.631235892090076023e-01
1.970064104767120794e-01
7.077335567967837360e-01
1.225692969958507850e-01
4.450066899545015997e-02
8.142713010256286132e-02
7.937381046352809388e-02
1.991333525030274665e-01
7.169617834596868355e-02
8.994389595176036090e-02
2.939266822577529803e-01
4.899813767070198556e-01
1.367132085082887749e-01
1.509868723568441595e-01
6.155910190239743951e-01
6.702495846596110418e-01
1.050304942880802284e-01
2.427080432392120513e-01
6.045712225598700584e-01
2.636183186975016302e-01
5.032945117456922440e-02
8.527033815537272965e-02
2.555314110853144638e-01
3.373172385156377739e-01
6.455689934981215239e-02
8.687885046607884965e-02
2.293078493829871500e-01
9.926241125215995442e-01
8.983091387093697366e-02
2.749889648425912769e-01
8.306163762009821649e-01
5.612203973934933865e-01
8.893638284003844152e-01
5.867660547438313667e-01
5.977903409272924407e-01
5.161366481182450006e-01
2.181875002062065860e-01
1.871528065408815111e-01
4.940560958469912833e-01
6.469453695814459948e-01
2.372156752561310755e-01
2.317881998095337459e-01
8.817241806249389580e-01
5.681877158358413782e-01
5.025656156524003215e-01
7.544827358593484412e-01
5.484769414973287294e-01
5.653614598767949806e-01
8.043228281842159655e-01
7.194859984799408803e-01
5.971681015451659746e-01
8.869642941253796931e-01
1.782640201586960793e-01
2.964573253945807507e-01
6.932485973451525396e-01
6.062942608250366794e-01
2.823655417716501859e-01
1.152902359644912833e-01
5.911707238342593929e-01
5.462094905278134238e-01
7.909669304091263564e-01
7.328122810355938155e-01
2.193459183489482323e-01
1.716141925969901783e-01
1.722303669167067897e-01
6.538377457394098369e-02
8.571236363436739170e-02
1.931470555592212923e-01
7.849402478754179124e-02
5.380831090652267168e-01
1.858027450089158594e-01
5.869093492396761924e-01
9.746697062559411817e-02
2.503819778021885156e-01
5.744566016695078908e-02
2.769581233625691974e-01
9.425912851561445427e-01
5.647493654874639057e-01
5.822630481094793753e-01
8.187820642718584008e-01
1.668048528165031463e-01
2.445966106372856608e-01
7.590738666717977701e-01
7.047900638649783334e-01
3.504670638632663149e-01
4.920469028929884692e-01
7.507289556822366317e-01
4.449789789741220858e-01
6.337321700771936239e-02
1.547797384654799324e-01
2.489747099219240534e-01
4.717384088540940157e-01
1.081955434531801097e-01
1.249196510508702451e-01
4.821891470596664231e-01
6.735721093798144876e-01
2.547339852913000913e-01
5.440050401862848162e-01
6.738801816672822520e-01
5.816131226736547255e-01
7.778609903220630173e-01
8.221586218996168594e-01
5.984264432796108091e-01
8.922035843032783964e-01
1.257729830143992089e-01
2.990131435500119617e-01
6.312079296282692153e-01
7.183019323750912122e-01
3.092559140968603182e-01
1.519358731327609124e-01
7.543485848662687676e-01
5.844546977915675567e-01
4.892821593352794651e-01
8.309799883741639803e-01
5.959340530585830464e-01
7.119851081615766741e-01
1.631235892090076023e-01
1.970064104767120794e-01
7.077335567967837360e-01
1.225692969958507850e-01
4.450066899545015997e-02
8.142713010256286132e-02
7.937381046352809388e-02
1.991333525030274665e-01
7.169617834596868355e-02
8.994389595176036090e-02
2.939266822577529803e-01
4.899813767070198556e-01
1.367132085082887749e-01
1.509868723568441595e-01
6.155910190239743951e-01
6.702495846596110418e-01
1.050304942880802284e-01
2.427080432392120513e-01
6.045712225598700584e-01
2.636183186975016302e-01
5.032945117456922440e-02
8.527033815537272965e-02
2.555314110853144638e-01
3.373172385156377739e-01
6.455689934981215239e-02
8.687885046607884965e-02
2.293078493829871500e-01
9.926241125215995442e-01
8.983091387093697366e-02
2.749889648425912769e-01
8.306163762009821649e-01
5.612203973934933865e-01
8.893638284003844152e-01
5.867660547438313667e-01
5.977903409272924407e-01
5.161366481182450006e-01
2.181875002062065860e-01
1.871528065408815111e-01
4.940560958469912833e-01
6.469453695814459948e-01
2.372156752561310755e-01
2.317881998095337459e-01
8.817241806249389580e-01
5.681877158358413782e-01
5.025656156524003215e-01
7.544827358593484412e-01
5.484769414973287294e-01
7.047844495963941913e-01
3.504851473911916315e-01
4.920365297681227323e-01
7.507254035225257027e-01
4.449760551867942837e-01
6.336778434385875736e-02
1.547791846330575649e-01
2.489722195515869929e-01
4.717601490209674120e-01
1.081950292981982420e-01
1.249163747379085643e-01
4.821749300311897191e-01
6.735859628563143353e-01
2.547342408413907355e-01
5.440102607973031912e-01
6.738812399035831735e-01
7.734132138903480058e-01
2.265333075686559727e-01
6.714658243478803801e-01
6.666885938219134777e-01
2.798630986922558961e-01
9.384625142893565641e-02
1.251246027856261489e-01
4.043703264581497425e-01
8.189622589623248849e-01
7.810951976146116027e-02
1.575741093567778195e-01
4.004125219282106407e-01
6.191302980729258554e-01
5.111965064360555200e-01
4.343449742388119095e-01
7.104506935100671772e-01
6.870770812902008418e-01
3.586837051181244185e-01
8.982513897835286976e-01
6.919560238174532474e-01
3.466007585913135625e-01
8.681867580489807668e-02
9.082498855451537345e-02
5.025979328507192978e-01
7.934496520239775474e-01
9.904651348892834495e-02
1.456896071918424296e-01
4.712961954360008754e-01
7.222771939811931663e-01
4.362780191468211832e-01
4.562815876350145849e-01
6.217467782175630786e-01
7.639360483635646570e-01
3.014044852032005117e-01
1.000000000000000000e+00
6.729322681998831657e-01
2.722825233816101864e-01
1.095711621138990288e-01
8.862162383596641768e-02
5.489147572315364876e-01
6.077331082345156510e-01
1.468362656188347548e-01
1.752876827502321544e-01
4.527133670641210195e-01
7.413377279642381357e-01
2.317163322048660934e-01
4.423203107144852986e-01
6.962514139382752765e-01
7.607022601265570616e-01
3.719027713732487861e-01
7.645962364091989372e-01
7.117877635801126424e-01
2.715407985639890498e-01
1.050964608673052858e-01
1.298593093926619924e-01
3.485499434469878643e-01
9.238785960561761712e-01
1.120552103909407127e-01
1.607689317210265756e-01
5.646849436368950315e-01
7.183662254071101483e-01
4.621328553629044933e-01
4.244187025461210183e-01
6.897398182732699112e-01
7.268421229641395254e-01
4.960479220879190354e-01
9.104434366650111521e-01
7.006708654809620240e-01
5.222315002831849906e-01
8.493642508792495494e-02
1.027003520268875703e-01
4.793754866022323924e-01
8.772807876173525088e-01
1.155790955071291370e-01
1.489788034387803106e-01
6.649108251163251548e-01
7.012056666885642109e-01
4.545840075713714068e-01
6.593286428788145415e-01
6.540054888084813056e-01
5.816131226736548365e-01
7.778609903220629063e-01
8.221586218996168594e-01
5.984264432796108091e-01
8.922035843032781743e-01
1.257729830143992089e-01
2.990131435500119617e-01
6.312079296282693264e-01
7.183019323750912122e-01
3.092559140968602627e-01
1.519358731327609402e-01
7.543485848662688786e-01
5.844546977915675567e-01
4.892821593352794096e-01
8.309799883741642024e-01
5.959340530585831575e-01
7.119851081615766741e-01
1.631235892090077133e-01
1.970064104767120516e-01
7.077335567967837360e-01
1.225692969958507295e-01
4.450066899545017385e-02
8.142713010256286132e-02
7.937381046352814939e-02
1.991333525030274942e-01
7.169617834596866968e-02
8.994389595176037477e-02
2.939266822577529248e-01
4.899813767070199111e-01
1.367132085082888027e-01
1.509868723568441595e-01
6.155910190239743951e-01
6.702495846596108198e-01
1.050304942880802284e-01
2.427080432392120790e-01
6.045712225598700584e-01
2.636183186975016857e-01
5.032945117456923134e-02
8.527033815537274353e-02
2.555314110853144083e-01
3.373172385156377739e-01
6.455689934981212463e-02
8.687885046607887740e-02
2.293078493829872055e-01
9.926241125215995442e-01
8.983091387093697366e-02
2.749889648425912214e-01
8.306163762009823870e-01
5.612203973934933865e-01
8.893638284003841932e-01
5.867660547438314778e-01
5.977903409272924407e-01
5.161366481182451116e-01
2.181875002062066415e-01
1.871528065408815389e-01
4.940560958469912278e-01
6.469453695814458838e-01
2.372156752561311865e-01
2.317881998095336904e-01
8.817241806249390690e-01
5.681877158358412672e-01
5.025656156524003215e-01
7.544827358593484412e-01
5.484769414973288404e-01
