2.077731753747626142e-01
5.361987094989060232e-01
2.785226626965439101e-01
2.063173674702103721e-01
4.809602510355011074e-01
5.809702364745991110e-01
4.605262869115114843e-01
3.892940771132065159e-01
3.319168227664591742e-01
9.412415019585302911e-01
2.190881528856069571e-01
3.972535742920617063e-01
1.951525498224207233e-01
7.173964907764065480e-01
5.098808650601067693e-01
2.005773627065882136e-01
3.563457304515495472e-01
6.009500908894582771e-01
1.000000000000000000e+00
5.556230883093009609e-01
6.287445786248779811e-01
1.818229636538027938e-01
4.012755071925678818e-01
2.186317726700626185e-01
3.449536561243641275e-01
4.220325673476702510e-01
3.969375331804898543e-01
4.553159899510381692e-01
1.364601581140581499e-01
2.483625685061006672e-01
1.000000000000000000e+00
2.728757421127810390e-01
2.680633483890103030e-01
3.565136122703673194e-01
2.603441373404593584e-01
7.115236606072754544e-01
7.157367053443420835e-01
5.011068134005464136e-01
4.184879194436471050e-01
9.266073633500917506e-01
2.868899631549554075e-01
4.929729597128668095e-01
1.881604109259530644e-01
5.763416117130759631e-01
3.924514939518982115e-01
3.626970293538330781e-01
5.954676918509779204e-01
5.532148087177445328e-01
2.034715513239665763e-01
3.892345241213256424e-01
1.447781726782634837e-01
1.873458287293278957e-01
7.029765618265435556e-01
2.795678872107568158e-01
3.495177270768033972e-01
3.140331007918806261e-01
6.683328787418578720e-01
7.144563321525053690e-01
5.770872375743529847e-01
4.684742949629281950e-01
1.947645671910849252e-01
2.731279780766937004e-01
3.655291280570198142e-01
2.182449441210809471e-01
2.129090615424012456e-01
5.447338998130979437e-01
2.757159101249581634e-01
2.034193912668695037e-01
4.747177634836644011e-01
5.786235746899675014e-01
4.579082444647850081e-01
3.933042272842642850e-01
3.229841527644897736e-01
9.339167727608479463e-01
2.186932642151661055e-01
1.912209702476203033e-01
7.144966099141225602e-01
5.450896346197201536e-01
3.608463160103521083e-01
5.981946963674968920e-01
1.000000000000000000e+00
6.039619183995094120e-01
1.849459287242637973e-01
3.990928439579780607e-01
3.472341769019837709e-01
4.202574319080314424e-01
1.405941896408964831e-01
2.520444048431192963e-01
2.705805086935125225e-01
3.595905670376886021e-01
7.150948205240585942e-01
4.971831874435894139e-01
2.831801084088009235e-01
3.914603188863794436e-01
1.990614372386266262e-01
6.854634937436027142e-01
3.623128602652477825e-01
6.447218292196780220e-01
6.315493387037302009e-01
3.564807087870057734e-01
2.735457066830945250e-01
4.344304451420681890e-01
4.662682564612629088e-01
3.717630955757840194e-01
8.675073781226267933e-01
3.505093105799158559e-01
4.535907048985630685e-01
4.292836970013133024e-01
4.188849617273108228e-01
6.136781447650879739e-01
3.566335501666343388e-01
4.478329636589417628e-01
2.160133012987552892e-01
4.223640896583825688e-01
8.229813319105869773e-01
2.809594981036515060e-01
2.077731753747626142e-01
5.361987094989060232e-01
2.785226626965439101e-01
2.063173674702103721e-01
4.809602510355011074e-01
5.809702364745991110e-01
4.605262869115114843e-01
3.892940771132065159e-01
3.319168227664591742e-01
9.412415019585302911e-01
2.190881528856069571e-01
3.972535742920617063e-01
1.951525498224207233e-01
7.173964907764065480e-01
5.098808650601067693e-01
2.005773627065882136e-01
3.563457304515495472e-01
6.009500908894582771e-01
1.000000000000000000e+00
5.556230883093009609e-01
6.287445786248779811e-01
1.818229636538027938e-01
4.012755071925678818e-01
2.186317726700626185e-01
3.449536561243641275e-01
4.220325673476702510e-01
3.969375331804898543e-01
4.553159899510381692e-01
1.364601581140581499e-01
2.483625685061006672e-01
1.000000000000000000e+00
2.728757421127810390e-01
2.680633483890103030e-01
3.565136122703673194e-01
2.603441373404593584e-01
7.115236606072754544e-01
7.157367053443420835e-01
5.011068134005464136e-01
4.184879194436471050e-01
9.266073633500917506e-01
2.868899631549554075e-01
4.929729597128668095e-01
1.881604109259530644e-01
5.763416117130759631e-01
3.924514939518982115e-01
3.626970293538330781e-01
5.954676918509779204e-01
5.532148087177445328e-01
2.034715513239665763e-01
3.892345241213256424e-01
1.447781726782634837e-01
1.873458287293278957e-01
7.029765618265435556e-01
2.795678872107568158e-01
3.495177270768033972e-01
3.140331007918806261e-01
6.683328787418578720e-01
7.144563321525053690e-01
5.770872375743529847e-01
4.684742949629281950e-01
1.947645671910849252e-01
2.731279780766937004e-01
3.655291280570198142e-01
2.182449441210809471e-01
2.735457066830945250e-01
4.344304451420681890e-01
4.662682564612629088e-01
3.717627670093533454e-01
8.675073781226267933e-01
3.505077941759369708e-01
4.535907048985630685e-01
4.292836970013133024e-01
4.188849617273108228e-01
6.136781447650879739e-01
3.566334853546009320e-01
4.478329636589417628e-01
2.160133012987552892e-01
4.223640896583825688e-01
8.229813319105869773e-01
2.809594981036515060e-01
2.922866637736520889e-01
1.000000000000000222e+00
3.405298822788302981e-01
2.579729141963709171e-01
2.711965901694548542e-01
4.780720655215586756e-01
6.747745083396277099e-01
3.849910297416787586e-01
4.248403413060723999e-01
5.020278279098984164e-01
4.757589986248237368e-01
1.000000000000000000e+00
3.408194213049851595e-01
4.542853282330756581e-01
2.522667478131215280e-01
2.864599191357454777e-01
2.187310564641831989e-01
6.278683723382347814e-01
8.331231411579658186e-01
1.988263082818185479e-01
5.693110069933673412e-01
5.250818416401162869e-01
4.652406182470029683e-01
7.761048263411345349e-01
8.575688898500752888e-01
4.335320088168940211e-01
5.069528024994370830e-01
6.143874492898377948e-01
2.264849225209562555e-01
8.493066761677896537e-01
5.493297207519554082e-01
2.129409449960298628e-01
2.597284052198512438e-01
6.894473397911942136e-01
6.522028870976490644e-01
2.861582522267781536e-01
8.965481957955536707e-01
5.436017610906932473e-01
4.813886939553168043e-01
6.533004337891128444e-01
8.035463346363393988e-01
5.529417917835877105e-01
5.348617551767886891e-01
6.630703536900171002e-01
2.446478149517085643e-01
8.145677137963780456e-01
8.680224675328314099e-01
2.557208312612562207e-01
2.508773220102619717e-01
8.366380405127653574e-01
8.834004894909415206e-01
2.620086147274016120e-01
6.670469159140557380e-01
5.368766242385744070e-01
5.438179498123452138e-01
8.713279801170181749e-01
8.639826363185330038e-01
4.728772324519215364e-01
5.238575882329170597e-01
7.942182834418258786e-01
2.763534897919663336e-01
8.428059156781171346e-01
6.184770729252240251e-01
2.511673901588443725e-01
2.348437466818553143e-01
7.909570358995059447e-01
8.134569013535339899e-01
2.233462356942113869e-01
8.242655515607630878e-01
4.834941688288829087e-01
5.287751623067594720e-01
7.764397854311404501e-01
8.427344081217098548e-01
5.222299698462055106e-01
4.750879841796512570e-01
8.088364829027867575e-01
2.135918108739086330e-01
8.452218916000735494e-01
7.653239864143634996e-01
2.289548047306988465e-01
2.077731753747626420e-01
5.361987094989059122e-01
2.785226626965439101e-01
2.063173674702103444e-01
4.809602510355009963e-01
5.809702364745992220e-01
4.605262869115115953e-01
3.892940771132065159e-01
3.319168227664591742e-01
9.412415019585301801e-01
2.190881528856069849e-01
3.972535742920617619e-01
1.951525498224207233e-01
7.173964907764063259e-01
5.098808650601068804e-01
2.005773627065882414e-01
3.563457304515496027e-01
6.009500908894584992e-01
1.000000000000000000e+00
5.556230883093008499e-01
6.287445786248779811e-01
1.818229636538028493e-01
4.012755071925679373e-01
2.186317726700625907e-01
3.449536561243641830e-01
4.220325673476701400e-01
3.969375331804897988e-01
4.553159899510380582e-01
1.364601581140581776e-01
2.483625685061006949e-01
1.000000000000000000e+00
2.728757421127810390e-01
2.680633483890103030e-01
3.565136122703672639e-01
2.603441373404593584e-01
7.115236606072754544e-01
7.157367053443419724e-01
5.011068134005465247e-01
4.184879194436471606e-01
9.266073633500917506e-01
2.868899631549555185e-01
4.929729597128666985e-01
1.881604109259530644e-01
5.763416117130760741e-01
3.924514939518982115e-01
3.626970293538330781e-01
5.954676918509780315e-01
5.532148087177446438e-01
2.034715513239666040e-01
3.892345241213255314e-01
1.447781726782634837e-01
1.873458287293278957e-01
7.029765618265436666e-01
2.795678872107569268e-01
3.495177270768033972e-01
3.140331007918806816e-01
6.683328787418577610e-01
7.144563321525053690e-01
5.770872375743529847e-01
4.684742949629281394e-01
1.947645671910849252e-01
2.731279780766937004e-01
3.655291280570198142e-01
2.182449441210809471e-01
