8.162103925125802073e-02
4.289026178116905341e-01
3.277385552563492066e-01
9.300171325038747439e-02
4.527175882659331130e-01
7.475110745294313297e-01
4.601646251852196667e-01
3.132210802535136951e-01
1.057677932359818440e-01
9.466599844708092348e-01
3.850639495111045640e-01
3.008269673284284518e-01
6.796352100827496301e-02
4.565891084133944511e-01
4.396852306391730303e-01
9.021320459614755316e-02
4.448285696529818423e-01
7.016167585009094321e-01
9.030145195375836042e-01
4.702756805266523066e-01
8.634815326650255862e-01
2.841363420902410231e-01
4.891999376807110167e-01
3.945481111926994466e-01
5.405076580147283316e-01
4.638306404511381986e-01
4.816618452017895069e-01
4.483804974422019862e-01
9.714678074532172303e-02
3.151693641738668172e-01
9.089387452407042822e-01
3.391421992059754920e-01
2.367588166133881011e-01
4.438528020337561553e-01
3.134410129456508542e-01
4.501073893913055124e-01
7.927794569193306051e-01
7.591695249411051227e-01
4.599304505130838439e-01
9.286947300477248479e-01
2.654436289686025185e-01
7.520578464980460787e-01
2.896032729915715143e-01
7.222231814003676753e-01
3.334516029810746796e-01
4.495940673513711960e-01
6.567738784890503334e-01
4.204260494989059405e-01
3.949947137825204208e-02
3.287346426083546658e-01
1.084515661301973938e-01
6.436785760098322207e-02
3.744857644417589615e-01
2.689390136527768926e-01
5.383564529524361708e-01
1.018293340889336318e-01
3.526261049078517340e-01
7.879390259829454068e-01
8.109382440189443209e-01
4.232700883844291995e-01
3.811506891568770816e-02
2.369925121254569667e-01
4.551119011432973038e-01
8.492694825757654553e-02
8.324242459200981159e-02
4.246508135156289443e-01
3.334066369136500785e-01
9.159386917088221947e-02
4.379949951081050785e-01
7.346903911780553464e-01
4.542433990319093007e-01
3.069766840372960548e-01
1.038005877556669732e-01
9.376679537720786772e-01
3.896998362080992817e-01
6.615269202624907141e-02
4.533885709543590825e-01
4.652492901902162137e-01
4.498682091404549999e-01
6.790792115134686169e-01
9.056060251325687149e-01
8.412137019545998795e-01
2.868303344051761350e-01
4.854071262745407456e-01
5.394327694136087370e-01
4.618774519912899890e-01
1.027652295740034277e-01
3.123736523132542575e-01
2.368749650985874644e-01
4.467097359023656233e-01
7.903528213403407943e-01
7.558266599368664851e-01
2.672146252760766449e-01
3.316183781152786114e-01
3.879826729808407565e-02
3.634352735123909106e-01
2.166761276189845820e-01
7.964113021967808015e-01
7.750080714781067970e-01
2.089568068802066803e-01
1.650399402985833763e-01
4.792713892183286806e-01
4.514938086042609156e-01
2.073969053761120507e-01
8.735488682554413131e-01
5.018338180938486381e-01
5.427584488351714365e-01
4.376250868872518796e-01
3.766905234235286004e-01
7.419379771304599469e-01
5.047295411677802379e-01
4.565724066582341756e-01
8.172713018325293566e-02
3.832658167295787122e-01
8.200673392168456033e-01
1.680662901330405856e-01
8.162103925125802073e-02
4.289026178116905341e-01
3.277385552563492066e-01
9.300171325038747439e-02
4.527175882659331130e-01
7.475110745294313297e-01
4.601646251852196667e-01
3.132210802535136951e-01
1.057677932359818440e-01
9.466599844708092348e-01
3.850639495111045640e-01
3.008269673284284518e-01
6.796352100827496301e-02
4.565891084133944511e-01
4.396852306391730303e-01
9.021320459614755316e-02
4.448285696529818423e-01
7.016167585009094321e-01
9.030145195375836042e-01
4.702756805266523066e-01
8.634815326650255862e-01
2.841363420902410231e-01
4.891999376807110167e-01
3.945481111926994466e-01
5.405076580147283316e-01
4.638306404511381986e-01
4.816618452017895069e-01
4.483804974422019862e-01
9.714678074532172303e-02
3.151693641738668172e-01
9.089387452407042822e-01
3.391421992059754920e-01
2.367588166133881011e-01
4.438528020337561553e-01
3.134410129456508542e-01
4.501073893913055124e-01
7.927794569193306051e-01
7.591695249411051227e-01
4.599304505130838439e-01
9.286947300477248479e-01
2.654436289686025185e-01
7.520578464980460787e-01
2.896032729915715143e-01
7.222231814003676753e-01
3.334516029810746796e-01
4.495940673513711960e-01
6.567738784890503334e-01
4.204260494989059405e-01
3.949947137825204208e-02
3.287346426083546658e-01
1.084515661301973938e-01
6.436785760098322207e-02
3.744857644417589615e-01
2.689390136527768926e-01
5.383564529524361708e-01
1.018293340889336318e-01
3.526261049078517340e-01
7.879390259829454068e-01
8.109382440189443209e-01
4.232700883844291995e-01
3.811506891568770816e-02
2.369925121254569667e-01
4.551119011432973038e-01
8.492694825757654553e-02
1.650399402985833763e-01
4.792713892183286806e-01
4.514938086042609156e-01
2.073964908465485424e-01
8.735488682554413131e-01
5.018316470165747889e-01
5.427584488351714365e-01
4.376250868872518796e-01
3.766905234235286004e-01
7.419379771304599469e-01
5.047294494418395061e-01
4.565724066582341756e-01
8.172713018325293566e-02
3.832658167295787122e-01
8.200673392168456033e-01
1.680662901330405856e-01
1.306085383196454730e-01
8.584505481367099566e-01
5.054604306504080213e-01
1.416175861073302733e-01
8.236032132894335334e-01
5.846929031957226464e-01
7.121793537743077440e-01
5.576471577081694164e-01
4.045523823061574209e-01
7.235396371744460264e-01
5.713042319472647623e-01
8.326817552303147352e-01
1.222227200134886060e-01
4.358359358200838418e-01
7.917760208668724875e-01
1.250312264472421275e-01
1.131713671274832411e-01
4.410730388699897198e-01
5.334194444662596624e-01
1.268251009342526159e-01
3.530951223794271954e-01
6.639251351072450458e-01
7.277662809433329549e-01
5.133608304427121904e-01
5.694115963230779176e-01
6.940503954072817505e-01
6.405148817049254317e-01
3.975832709339617299e-01
1.565822025539409523e-01
5.802696209645001879e-01
3.019228341360995493e-01
1.057342260870132999e-01
1.436572295812512112e-01
7.698031480905518364e-01
3.990478259846121922e-01
1.478344308337175839e-01
5.711871654112474772e-01
7.204533143963258723e-01
7.062774686296854343e-01
4.124840631783395217e-01
8.677900841865420212e-01
6.775845992682563157e-01
6.964753071687533881e-01
7.258865736821262793e-01
1.309152173846115930e-01
8.827224210470656640e-01
5.068920474837947943e-01
1.376647068104322746e-01
1.281204788235421055e-01
8.291612818727824852e-01
6.488611760755800262e-01
1.502695127539194209e-01
7.522395285685208322e-01
7.149248481105162645e-01
7.200295803920720994e-01
6.659458449438999672e-01
5.578985734694672516e-01
6.421913792137163846e-01
6.895003608584822086e-01
7.597302805769343692e-01
1.517893529354049642e-01
5.512392252589339847e-01
6.940357720644509953e-01
1.252215503704224575e-01
1.309720364233891710e-01
5.463702083685746391e-01
5.152746655029836198e-01
1.326582537061416212e-01
5.975844024713585778e-01
6.934863931630812495e-01
7.022780666076041678e-01
5.048507311302330436e-01
4.716368477891275113e-01
7.157410640728765205e-01
6.777765845581787962e-01
5.175948209854490667e-01
1.327051666369551131e-01
4.833311589264452923e-01
5.093541416164422131e-01
1.258453542366900213e-01
8.162103925125803461e-02
4.289026178116905896e-01
3.277385552563494286e-01
9.300171325038747439e-02
4.527175882659331130e-01
7.475110745294313297e-01
4.601646251852197778e-01
3.132210802535136951e-01
1.057677932359818995e-01
9.466599844708091238e-01
3.850639495111045640e-01
3.008269673284285073e-01
6.796352100827496301e-02
4.565891084133943956e-01
4.396852306391731968e-01
9.021320459614756704e-02
4.448285696529818423e-01
7.016167585009096541e-01
9.030145195375836042e-01
4.702756805266522511e-01
8.634815326650253642e-01
2.841363420902410786e-01
4.891999376807110722e-01
3.945481111926996132e-01
5.405076580147283316e-01
4.638306404511381986e-01
4.816618452017894514e-01
4.483804974422019307e-01
9.714678074532173691e-02
3.151693641738668727e-01
9.089387452407042822e-01
3.391421992059753809e-01
2.367588166133881011e-01
4.438528020337560998e-01
3.134410129456508542e-01
4.501073893913055679e-01
7.927794569193304941e-01
7.591695249411051227e-01
4.599304505130839549e-01
9.286947300477250700e-01
2.654436289686025185e-01
7.520578464980459676e-01
2.896032729915715698e-01
7.222231814003675643e-01
3.334516029810746796e-01
4.495940673513711960e-01
6.567738784890502224e-01
4.204260494989059960e-01
3.949947137825204208e-02
3.287346426083546103e-01
1.084515661301974077e-01
6.436785760098323594e-02
3.744857644417588505e-01
2.689390136527770037e-01
5.383564529524362818e-01
1.018293340889336873e-01
3.526261049078516230e-01
7.879390259829451848e-01
8.109382440189443209e-01
4.232700883844291440e-01
3.811506891568770122e-02
2.369925121254569667e-01
4.551119011432974149e-01
8.492694825757655941e-02
