2.341176355860917213e-01
5.512933894678002655e-01
3.137007841493232307e-01
1.972733527014204902e-01
4.187489102616178682e-01
5.024372163558111781e-01
5.725430162077195240e-01
2.737072549818075906e-01
2.528172549255197632e-01
9.074541062756074083e-01
1.839354436694308204e-01
2.593248668622825659e-01
2.123102493257650603e-01
5.601635377145208761e-01
4.212082097457195418e-01
1.949225195327910498e-01
3.292430981641379928e-01
5.360394238746655216e-01
7.404274995661586090e-01
4.537604195303686638e-01
5.063466917833516767e-01
1.813075549485379523e-01
4.629102300556718341e-01
1.936281564737625804e-01
4.230257482576571526e-01
5.697068114155248164e-01
4.554652319770303159e-01
5.688288316829201996e-01
1.229208351059122989e-01
2.736211315589877069e-01
7.749054948646827423e-01
3.143137604488303594e-01
2.938921885437597026e-01
3.346278066973806253e-01
2.773106032414498490e-01
5.467857982405093242e-01
6.044992396796587952e-01
5.506800892271030978e-01
5.668867797381206275e-01
9.198114145959197518e-01
2.645038903622991544e-01
5.543020209429389000e-01
1.886160287645084199e-01
5.051453181973417639e-01
4.099699428425413461e-01
3.381437481790234845e-01
5.386500525143020912e-01
5.536222239254890987e-01
2.118264676534246937e-01
4.200700867312151532e-01
1.181408020327673752e-01
2.121490573362740384e-01
4.640757402413023813e-01
2.592597422299967591e-01
4.245180940353895926e-01
2.589739761703601095e-01
4.520569749286814654e-01
6.033375479956698539e-01
5.118064561016617553e-01
3.958149042370855963e-01
2.094847770391281838e-01
2.943122786748031960e-01
3.318890301147934818e-01
2.457053517863488912e-01
2.398008389483075320e-01
5.524615211912339285e-01
3.140054586669548953e-01
1.960864793692085606e-01
4.072828081634072839e-01
5.038101941684087759e-01
5.706767324210816339e-01
2.664611268807826616e-01
2.558924514227840508e-01
9.136392285763050847e-01
1.886335023684589940e-01
2.122290706688171325e-01
5.535578894045771747e-01
4.472133592595349816e-01
3.305398124781954161e-01
5.373514976223151551e-01
7.565402262351078599e-01
5.087170490267112211e-01
1.849090221427431846e-01
4.591642593461658373e-01
4.237714258750686636e-01
5.682945588288059735e-01
1.205451711453384839e-01
2.733419428827717490e-01
2.941009766027853911e-01
3.363773883215106508e-01
6.039168530266454393e-01
5.526385906891249089e-01
2.618468532069314625e-01
4.156597920520900269e-01
2.106403941974484273e-01
4.580000162867132740e-01
3.298617705402143718e-01
6.742717394230260952e-01
6.618439033890134437e-01
3.295015396186126155e-01
2.900888663787086763e-01
4.026480793287650073e-01
3.276836780163313589e-01
3.369277949025456520e-01
6.096326025971350315e-01
3.526042841869867495e-01
5.692162364865066548e-01
3.430947499705708781e-01
3.681297439674992011e-01
6.913825448043695587e-01
3.637014040915999002e-01
4.045005381335264882e-01
2.295158392176680495e-01
3.730903911268405038e-01
6.026666774822218020e-01
2.985161969563310258e-01
2.341176355860917213e-01
5.512933894678002655e-01
3.137007841493232307e-01
1.972733527014204902e-01
4.187489102616178682e-01
5.024372163558111781e-01
5.725430162077195240e-01
2.737072549818075906e-01
2.528172549255197632e-01
9.074541062756074083e-01
1.839354436694308204e-01
2.593248668622825659e-01
2.123102493257650603e-01
5.601635377145208761e-01
4.212082097457195418e-01
1.949225195327910498e-01
3.292430981641379928e-01
5.360394238746655216e-01
7.404274995661586090e-01
4.537604195303686638e-01
5.063466917833516767e-01
1.813075549485379523e-01
4.629102300556718341e-01
1.936281564737625804e-01
4.230257482576571526e-01
5.697068114155248164e-01
4.554652319770303159e-01
5.688288316829201996e-01
1.229208351059122989e-01
2.736211315589877069e-01
7.749054948646827423e-01
3.143137604488303594e-01
2.938921885437597026e-01
3.346278066973806253e-01
2.773106032414498490e-01
5.467857982405093242e-01
6.044992396796587952e-01
5.506800892271030978e-01
5.668867797381206275e-01
9.198114145959197518e-01
2.645038903622991544e-01
5.543020209429389000e-01
1.886160287645084199e-01
5.051453181973417639e-01
4.099699428425413461e-01
3.381437481790234845e-01
5.386500525143020912e-01
5.536222239254890987e-01
2.118264676534246937e-01
4.200700867312151532e-01
1.181408020327673752e-01
2.121490573362740384e-01
4.640757402413023813e-01
2.592597422299967591e-01
4.245180940353895926e-01
2.589739761703601095e-01
4.520569749286814654e-01
6.033375479956698539e-01
5.118064561016617553e-01
3.958149042370855963e-01
2.094847770391281838e-01
2.943122786748031960e-01
3.318890301147934818e-01
2.457053517863488912e-01
2.900888663787086763e-01
4.026480793287650073e-01
3.276836780163313589e-01
3.369274481173342717e-01
6.096326025971350315e-01
3.526027587195501578e-01
5.692162364865066548e-01
3.430947499705708781e-01
3.681297439674992011e-01
6.913825448043695587e-01
3.637013379951052339e-01
4.045005381335264882e-01
2.295158392176680495e-01
3.730903911268405038e-01
6.026666774822218020e-01
2.985161969563310258e-01
2.948168486049838055e-01
8.087344509854685892e-01
3.854872929113064561e-01
2.216474078663270841e-01
2.786916407129860218e-01
5.678455662976735763e-01
6.379886197838986472e-01
4.410597640092350780e-01
3.555908348716234624e-01
5.321396045580032430e-01
5.666628485193268006e-01
8.203193274126023837e-01
2.906424904900190009e-01
3.885528632712942354e-01
2.811254149032638150e-01
2.943382907970964468e-01
2.026704698410312366e-01
6.199580924882812649e-01
7.135716674390706338e-01
1.777403741054733033e-01
4.604351784857869667e-01
5.531758412510815459e-01
5.374396389554034759e-01
6.926182285722417564e-01
8.076191925326037246e-01
4.720385437266132467e-01
5.402235617862887196e-01
6.030895859574618711e-01
2.130876361626467541e-01
8.158454412378581821e-01
4.524815958388552772e-01
2.010431808768634865e-01
2.357540266547137886e-01
7.649407342458385273e-01
5.414307123838382196e-01
2.511881700305664822e-01
8.589719645392803749e-01
5.840589964635880538e-01
5.234879988870924095e-01
5.568154131116247463e-01
7.564650164645208008e-01
5.678932650725623255e-01
5.747315243720917399e-01
7.605370025057243133e-01
2.226480794992356516e-01
7.808447848057433749e-01
8.523047506804157791e-01
2.361052242683438773e-01
2.263727619232745458e-01
8.678411940499208832e-01
7.714583760139976931e-01
2.391288781135290087e-01
6.677834507079052351e-01
5.718415551326246904e-01
5.897368261046218585e-01
7.944311691519603258e-01
7.450680601186099317e-01
5.064498812801039307e-01
5.610728039279255785e-01
8.489533763752135087e-01
2.582208661786600801e-01
7.488362715386145396e-01
6.425658785995134181e-01
2.284836848417179100e-01
2.133591735601045314e-01
7.368323026124741215e-01
7.440178159123522761e-01
2.018345540583970366e-01
7.140299196051567154e-01
5.100629539143843871e-01
5.901351448310345749e-01
7.244534043777175469e-01
7.720431198302701858e-01
5.740003172386246577e-01
5.030066170198222997e-01
7.672667418363061653e-01
2.028998574202552641e-01
7.892536456710781412e-01
6.727935598662844185e-01
2.129984277898646639e-01
2.341176355860917491e-01
5.512933894678001545e-01
3.137007841493233418e-01
1.972733527014204902e-01
4.187489102616178682e-01
5.024372163558112891e-01
5.725430162077196350e-01
2.737072549818077016e-01
2.528172549255197632e-01
9.074541062756072973e-01
1.839354436694307926e-01
2.593248668622826214e-01
2.123102493257650880e-01
5.601635377145207650e-01
4.212082097457195973e-01
1.949225195327910776e-01
3.292430981641379928e-01
5.360394238746655216e-01
7.404274995661586090e-01
4.537604195303687193e-01
5.063466917833515657e-01
1.813075549485379523e-01
4.629102300556718896e-01
1.936281564737626082e-01
4.230257482576572081e-01
5.697068114155248164e-01
4.554652319770303159e-01
5.688288316829199776e-01
1.229208351059122850e-01
2.736211315589877069e-01
7.749054948646829644e-01
3.143137604488303594e-01
2.938921885437595916e-01
3.346278066973805698e-01
2.773106032414499045e-01
5.467857982405092132e-01
6.044992396796589063e-01
5.506800892271030978e-01
5.668867797381207385e-01
9.198114145959199739e-01
2.645038903622991544e-01
5.543020209429387890e-01
1.886160287645083922e-01
5.051453181973418749e-01
4.099699428425413461e-01
3.381437481790235955e-01
5.386500525143023133e-01
5.536222239254890987e-01
2.118264676534246937e-01
4.200700867312150422e-01
1.181408020327673891e-01
2.121490573362740384e-01
4.640757402413023813e-01
2.592597422299968146e-01
4.245180940353896482e-01
2.589739761703601650e-01
4.520569749286813543e-01
6.033375479956698539e-01
5.118064561016617553e-01
3.958149042370855408e-01
2.094847770391281561e-01
2.943122786748030850e-01
3.318890301147934818e-01
2.457053517863489467e-01
