9.319305633058622834e-03
1.254498839518554121e-01
6.696684230764909929e-02
7.481143613411133514e-03
2.718738734905723486e-01
8.750283345287253045e-01
6.741869930580615122e-01
1.730911618891402826e-01
5.702439038882367583e-02
6.624454063907709855e-01
3.621369619814442942e-01
1.651927295668952356e-01
1.097501817087550083e-02
2.281629009540896980e-01
7.909365708381232984e-02
7.298227060442287473e-03
7.665894679200677131e-02
7.997165272695334615e-01
5.766899646912635458e-01
8.446746007322863958e-02
5.444406332881188693e-01
5.107143989865799982e-01
9.227530239734789141e-01
3.690113489161827576e-01
6.187681424272746256e-01
6.443222845210032634e-01
9.040159669559597599e-01
6.606341748982624829e-01
1.290759702386945484e-02
5.636012531024565675e-01
5.785859986868641114e-01
6.045825557289186136e-02
6.750621006356710696e-02
7.249551416564643525e-01
5.938228612390825667e-01
2.191640567924221794e-01
4.641582107868554852e-01
9.098045548395667925e-01
6.392632240297454471e-01
6.393822404758087163e-01
5.689187127751600404e-01
9.046973127662703007e-01
5.223808848565080210e-01
8.486338765952896601e-01
2.738766973223697443e-01
7.219175164947658763e-01
7.804650420019982882e-01
1.282792441783743298e-01
2.981178196114597778e-03
2.777437802677802936e-01
1.114192372563585498e-02
9.857354608191357115e-03
6.741671297073981162e-02
5.507377380372031617e-01
6.104929427363944283e-01
4.761451220383877692e-02
6.257953751263500841e-02
4.523822419251549709e-01
5.264238891777757168e-01
2.477115090411660114e-01
2.332326191640329491e-03
6.127751019650062858e-02
7.288355234177429365e-02
9.212348839921008156e-03
9.266848600467676722e-03
1.268690768990855533e-01
6.373180609911865968e-02
7.388793896027565783e-03
2.597936404333947014e-01
8.616466350067959468e-01
6.673770447030454855e-01
1.691117773857721551e-01
5.232428731717653214e-02
6.509017515649990759e-01
3.654564534959244271e-01
1.041214636052794490e-02
2.237194596803646074e-01
8.146412469463537587e-02
7.480870721059312833e-02
7.900409387774395276e-01
5.761933019539338119e-01
5.354964245701180348e-01
5.164634058504193881e-01
9.133254235861355541e-01
6.146332889092944729e-01
6.417887416099807840e-01
1.203006200338446741e-02
5.770546828194025313e-01
6.441049783564917197e-02
7.234435769186404741e-01
4.582546072869942977e-01
9.075034631092485649e-01
5.597070116216412705e-01
2.762387249608856399e-01
2.652532671951229881e-03
6.497142495330132661e-02
3.185107406269516162e-02
9.799173001295992114e-01
9.654968484611076152e-01
2.233130411467076915e-02
2.969847180624582417e-02
5.911063225532695586e-01
2.365956665326843789e-01
4.899130963582837284e-02
3.057172555592853058e-01
7.173111869469727120e-01
8.016489752595096219e-01
2.401146844176532680e-01
4.896226491475138554e-01
7.985620639226513884e-01
7.275167112979940010e-01
5.723917745221009934e-01
2.150576800993374282e-02
4.785672586657049310e-01
2.888258529462588431e-01
2.777627939848260896e-02
9.319305633058622834e-03
1.254498839518554121e-01
6.696684230764909929e-02
7.481143613411133514e-03
2.718738734905723486e-01
8.750283345287253045e-01
6.741869930580615122e-01
1.730911618891402826e-01
5.702439038882367583e-02
6.624454063907709855e-01
3.621369619814442942e-01
1.651927295668952356e-01
1.097501817087550083e-02
2.281629009540896980e-01
7.909365708381232984e-02
7.298227060442287473e-03
7.665894679200677131e-02
7.997165272695334615e-01
5.766899646912635458e-01
8.446746007322863958e-02
5.444406332881188693e-01
5.107143989865799982e-01
9.227530239734789141e-01
3.690113489161827576e-01
6.187681424272746256e-01
6.443222845210032634e-01
9.040159669559597599e-01
6.606341748982624829e-01
1.290759702386945484e-02
5.636012531024565675e-01
5.785859986868641114e-01
6.045825557289186136e-02
6.750621006356710696e-02
7.249551416564643525e-01
5.938228612390825667e-01
2.191640567924221794e-01
4.641582107868554852e-01
9.098045548395667925e-01
6.392632240297454471e-01
6.393822404758087163e-01
5.689187127751600404e-01
9.046973127662703007e-01
5.223808848565080210e-01
8.486338765952896601e-01
2.738766973223697443e-01
7.219175164947658763e-01
7.804650420019982882e-01
1.282792441783743298e-01
2.981178196114597778e-03
2.777437802677802936e-01
1.114192372563585498e-02
9.857354608191357115e-03
6.741671297073981162e-02
5.507377380372031617e-01
6.104929427363944283e-01
4.761451220383877692e-02
6.257953751263500841e-02
4.523822419251549709e-01
5.264238891777757168e-01
2.477115090411660114e-01
2.332326191640329491e-03
6.127751019650062858e-02
7.288355234177429365e-02
9.212348839921008156e-03
2.969847180624582417e-02
5.911063225532695586e-01
2.365956665326843789e-01
4.899081226050899796e-02
3.057172555592853058e-01
7.173080836526944948e-01
8.016489752595096219e-01
2.401146844176532680e-01
4.896226491475138554e-01
7.985620639226513884e-01
7.275165790843047819e-01
5.723917745221009934e-01
2.150576800993374282e-02
4.785672586657049310e-01
2.888258529462588431e-01
2.777627939848260896e-02
3.561227473755321227e-02
3.896040564230804915e-01
3.076129403853948840e-01
3.674855683812271179e-02
3.069072636872185456e-01
8.812007694535396451e-01
9.465851983333024577e-01
3.489018307388387363e-01
2.220149659101149364e-01
9.470673846671162632e-01
8.784537104204805935e-01
3.761309253322866475e-01
1.350052899161810482e-02
2.365400155073356103e-01
2.823817548371814201e-01
3.049713770801215640e-02
1.611855556166061354e-02
5.750435937360864891e-02
2.116586586537474446e-01
1.561065147617074489e-02
2.033501405637532233e-01
9.309402926636247688e-01
9.179815192541851410e-01
1.734093658041226949e-01
1.105955101350604153e-01
9.761671757333232335e-01
9.077079869470415785e-01
3.398788136601371690e-02
1.754557598533579288e-02
8.562484757905908239e-02
1.680306058504608124e-01
8.127038453494439540e-03
1.936364411440204270e-02
5.101116297894172646e-01
1.292871822292682715e-01
1.162907781737659851e-02
1.629628499649107276e-01
9.725731866266007497e-01
9.504302313479577879e-01
1.018751706453095984e-01
6.045352041794060938e-01
9.565391860261619472e-01
9.523649823571275208e-01
4.487235305792651729e-01
2.589140316743018810e-02
6.081024008691608973e-01
6.731738358331762484e-02
1.659050669419476209e-02
1.799287077879464791e-02
2.263281264466820986e-01
5.054102585947992665e-01
3.241925645296631076e-02
5.554922310190533175e-01
9.672782171763671943e-01
9.475880071983528996e-01
4.990537807116148805e-01
1.309301689562660798e-01
9.242604987468416855e-01
9.459911494085695427e-01
1.153104779742686326e-01
1.592120590538037561e-02
9.905844373846894868e-02
4.926191431304736135e-01
1.501263862922591619e-02
1.728527330767115622e-02
1.782345214466942718e-01
1.177460592777190840e-01
1.337016672868424072e-02
1.781904803118132818e-01
9.464486179054965032e-01
9.542829307709363995e-01
1.015089273828095884e-01
1.128032987043239288e-01
9.584514355274084130e-01
9.332044024728893827e-01
1.526881985330039715e-01
1.395650012473628743e-02
8.255298022556734061e-02
1.359246565974978616e-01
9.857704308020243111e-03
9.319305633058626304e-03
1.254498839518554121e-01
6.696684230764912704e-02
7.481143613411133514e-03
2.718738734905722931e-01
8.750283345287250825e-01
6.741869930580616233e-01
1.730911618891403381e-01
5.702439038882367583e-02
6.624454063907710966e-01
3.621369619814442942e-01
1.651927295668952633e-01
1.097501817087550430e-02
2.281629009540896424e-01
7.909365708381232984e-02
7.298227060442289207e-03
7.665894679200677131e-02
7.997165272695334615e-01
5.766899646912635458e-01
8.446746007322869509e-02
5.444406332881186472e-01
5.107143989865801093e-01
9.227530239734789141e-01
3.690113489161828131e-01
6.187681424272746256e-01
6.443222845210032634e-01
9.040159669559597599e-01
6.606341748982623718e-01
1.290759702386945484e-02
5.636012531024566785e-01
5.785859986868642224e-01
6.045825557289180585e-02
6.750621006356710696e-02
7.249551416564642414e-01
5.938228612390826777e-01
2.191640567924221239e-01
4.641582107868555407e-01
9.098045548395669035e-01
6.392632240297455581e-01
6.393822404758087163e-01
5.689187127751600404e-01
9.046973127662701897e-01
5.223808848565080210e-01
8.486338765952897711e-01
2.738766973223697998e-01
7.219175164947658763e-01
7.804650420019985102e-01
1.282792441783743298e-01
2.981178196114598646e-03
2.777437802677802381e-01
1.114192372563586886e-02
9.857354608191357115e-03
6.741671297073981162e-02
5.507377380372033837e-01
6.104929427363945393e-01
4.761451220383883243e-02
6.257953751263500841e-02
4.523822419251549709e-01
5.264238891777757168e-01
2.477115090411659837e-01
2.332326191640330358e-03
6.127751019650062858e-02
7.288355234177429365e-02
9.212348839921006421e-03
