1.366127906715182971e-01
5.151798747156506320e-01
2.543987232739337578e-01
1.677124169763070660e-01
4.833509064109532405e-01
5.743926698723379465e-01
5.170909303120125866e-01
3.687650536353987984e-01
2.916151409864657928e-01
6.685945817563372362e-01
2.807652072903063512e-01
3.634724374928662294e-01
2.185724539779284326e-01
8.093479737124167350e-01
5.636430022072582702e-01
1.645944684819315440e-01
4.136425391011672725e-01
5.462139258720861701e-01
6.281409711094125825e-01
6.076763639545168516e-01
6.622360819260266762e-01
2.624858599162833150e-01
4.252602300186698048e-01
2.935408337871588946e-01
4.548078587884870627e-01
4.432542270418470820e-01
4.280739948327746403e-01
5.096209434945420114e-01
2.823789044062043341e-01
3.754201424400167575e-01
6.469630523361710184e-01
2.679548083222145771e-01
1.510551822746791228e-01
3.726083237235254253e-01
3.758483652650673745e-01
7.948390706346741830e-01
5.090398535378639622e-01
5.710782782855331474e-01
4.444974347204277421e-01
6.840234698962064375e-01
3.230812076653264420e-01
5.764307404758478581e-01
2.767775010287725213e-01
5.837374321805932631e-01
5.250100769410595003e-01
3.733377673594733270e-01
5.471637184497286643e-01
5.434370407261934766e-01
1.821767066986802464e-01
5.253638684217405430e-01
2.899385889260476801e-01
2.183127179127991868e-01
4.859890079302751076e-01
3.263628327830142561e-01
4.598324170586656212e-01
3.012920519476653958e-01
4.654060039385916614e-01
5.180668575991456137e-01
6.458320947337434781e-01
4.768787719963274996e-01
1.813138688791097741e-01
1.611812795092187889e-01
4.318506108462322746e-01
1.433999302613424565e-01
1.399415479408636365e-01
5.293535279447461050e-01
2.611366569858582509e-01
1.661382474569352841e-01
4.801150934477901866e-01
5.791303614600298300e-01
5.133374508629546806e-01
3.660985302291587251e-01
2.964486232100046470e-01
6.763171017125655382e-01
2.870331016102338761e-01
2.184416470749631634e-01
8.021837804433809005e-01
5.995711604549999185e-01
4.225659232635461393e-01
5.466912813595410370e-01
6.361591266909538689e-01
6.555874988596169795e-01
2.695284898707768773e-01
4.266759833158148552e-01
4.573184704009947144e-01
4.438768169488939153e-01
2.861360478803778307e-01
3.738453566135504502e-01
1.560879312751241033e-01
3.729713050723209022e-01
5.135653285450852978e-01
5.739062464339876879e-01
3.247438990401133596e-01
5.260110311000483208e-01
1.817396767048984063e-01
4.755838916677627148e-01
3.222391733117860868e-01
6.794790230648123375e-01
6.673221843766744543e-01
3.265175854996305027e-01
2.182080432022489025e-01
4.747916581187912044e-01
3.711520094580179618e-01
3.863990185768957364e-01
6.635055359540809050e-01
4.149445036255074992e-01
5.075401803172671089e-01
3.831986684556171197e-01
4.488372247714415009e-01
5.857499584771630463e-01
4.287173067193347231e-01
4.904581467490400914e-01
2.606864823241217266e-01
4.679867137873802152e-01
6.531262892307552193e-01
2.282675925559165542e-01
1.366127906715182971e-01
5.151798747156506320e-01
2.543987232739337578e-01
1.677124169763070660e-01
4.833509064109532405e-01
5.743926698723379465e-01
5.170909303120125866e-01
3.687650536353987984e-01
2.916151409864657928e-01
6.685945817563372362e-01
2.807652072903063512e-01
3.634724374928662294e-01
2.185724539779284326e-01
8.093479737124167350e-01
5.636430022072582702e-01
1.645944684819315440e-01
4.136425391011672725e-01
5.462139258720861701e-01
6.281409711094125825e-01
6.076763639545168516e-01
6.622360819260266762e-01
2.624858599162833150e-01
4.252602300186698048e-01
2.935408337871588946e-01
4.548078587884870627e-01
4.432542270418470820e-01
4.280739948327746403e-01
5.096209434945420114e-01
2.823789044062043341e-01
3.754201424400167575e-01
6.469630523361710184e-01
2.679548083222145771e-01
1.510551822746791228e-01
3.726083237235254253e-01
3.758483652650673745e-01
7.948390706346741830e-01
5.090398535378639622e-01
5.710782782855331474e-01
4.444974347204277421e-01
6.840234698962064375e-01
3.230812076653264420e-01
5.764307404758478581e-01
2.767775010287725213e-01
5.837374321805932631e-01
5.250100769410595003e-01
3.733377673594733270e-01
5.471637184497286643e-01
5.434370407261934766e-01
1.821767066986802464e-01
5.253638684217405430e-01
2.899385889260476801e-01
2.183127179127991868e-01
4.859890079302751076e-01
3.263628327830142561e-01
4.598324170586656212e-01
3.012920519476653958e-01
4.654060039385916614e-01
5.180668575991456137e-01
6.458320947337434781e-01
4.768787719963274996e-01
1.813138688791097741e-01
1.611812795092187889e-01
4.318506108462322746e-01
1.433999302613424565e-01
2.182080432022489025e-01
4.747916581187912044e-01
3.711520094580179618e-01
3.863986976650186089e-01
6.635055359540809050e-01
4.149427084563712675e-01
5.075401803172671089e-01
3.831986684556171197e-01
4.488372247714415009e-01
5.857499584771630463e-01
4.287172288073143878e-01
4.904581467490400914e-01
2.606864823241217266e-01
4.679867137873802152e-01
6.531262892307552193e-01
2.282675925559165542e-01
2.515910318247265298e-01
8.706783547277219260e-01
4.661064170047870547e-01
2.195544911269099453e-01
6.479882805441814497e-01
5.511838517696049378e-01
5.688143465057489134e-01
5.310531352437839470e-01
2.566162848168733746e-01
5.625654645109350316e-01
5.518828598446331446e-01
9.014153405753004833e-01
2.711284868015862437e-01
3.116662119205639847e-01
6.596070462588328187e-01
2.532472844350006080e-01
1.934418006576259230e-01
5.735886021454883466e-01
7.672105400600623959e-01
1.713368466270035750e-01
5.241510821861614655e-01
5.710798619368636642e-01
4.997463968113085575e-01
7.565585186397416617e-01
8.056238742652850338e-01
4.696079361643773487e-01
5.597904062075595988e-01
5.717572057961159970e-01
1.931382295973672614e-01
8.372438311270293809e-01
5.219660642121730643e-01
1.946881485232846154e-01
2.376085222728287483e-01
6.679442745566688266e-01
5.087032105828237505e-01
2.593366844794203763e-01
7.228752758796224143e-01
5.822967587615945906e-01
5.598181035729167254e-01
5.473986185155794715e-01
8.478259742561125023e-01
5.835097266189832599e-01
5.746623302118415433e-01
6.548241494444155819e-01
2.129036653037195692e-01
8.692819498778743270e-01
7.252211146106293249e-01
2.432661131963536894e-01
2.306551560092127140e-01
6.983955055418018532e-01
8.182075389676879418e-01
2.398430174045592667e-01
6.327130284218194234e-01
5.848296802910869507e-01
5.832314518812380388e-01
8.525531629328764183e-01
7.845969267544048442e-01
5.229502556375704714e-01
5.741696032073031475e-01
6.790491398868407913e-01
2.390169989675900997e-01
8.005868548814576435e-01
6.191369563056614567e-01
2.370292592692984368e-01
2.063744928253974931e-01
7.205338368306619667e-01
7.097803745202329040e-01
2.029351023006141508e-01
7.385363577305554816e-01
5.311139829677720137e-01
5.766866083542504517e-01
7.069023742423694578e-01
7.450142610489720596e-01
5.672319205662019748e-01
5.254996602867300082e-01
7.596383950093865689e-01
1.948409954479442263e-01
7.771232208307885525e-01
7.054426618659981330e-01
2.106876710145540454e-01
1.366127906715183249e-01
5.151798747156506320e-01
2.543987232739337578e-01
1.677124169763070383e-01
4.833509064109531295e-01
5.743926698723378355e-01
5.170909303120126976e-01
3.687650536353987984e-01
2.916151409864657928e-01
6.685945817563371252e-01
2.807652072903062956e-01
3.634724374928662849e-01
2.185724539779284326e-01
8.093479737124165130e-01
5.636430022072583812e-01
1.645944684819315718e-01
4.136425391011671615e-01
5.462139258720863921e-01
6.281409711094126935e-01
6.076763639545168516e-01
6.622360819260264542e-01
2.624858599162833150e-01
4.252602300186698603e-01
2.935408337871588946e-01
4.548078587884871182e-01
4.432542270418470265e-01
4.280739948327746403e-01
5.096209434945419003e-01
2.823789044062042786e-01
3.754201424400167575e-01
6.469630523361711294e-01
2.679548083222145771e-01
1.510551822746791228e-01
3.726083237235252588e-01
3.758483652650674856e-01
7.948390706346741830e-01
5.090398535378639622e-01
5.710782782855332584e-01
4.444974347204277421e-01
6.840234698962066595e-01
3.230812076653264420e-01
5.764307404758477471e-01
2.767775010287725213e-01
5.837374321805933741e-01
5.250100769410595003e-01
3.733377673594733270e-01
5.471637184497286643e-01
5.434370407261934766e-01
1.821767066986802741e-01
5.253638684217404320e-01
2.899385889260477356e-01
2.183127179127991591e-01
4.859890079302751076e-01
3.263628327830143672e-01
4.598324170586657322e-01
3.012920519476654513e-01
4.654060039385915504e-01
5.180668575991457248e-01
6.458320947337434781e-01
4.768787719963275551e-01
1.813138688791097741e-01
1.611812795092187334e-01
4.318506108462322746e-01
1.433999302613424565e-01
