5.365646584303969124e-01
8.051735921663025763e-01
8.675823904306187995e-01
6.285608915545735087e-01
6.326889216491746737e-01
2.357616227606800230e-01
1.711066756724863303e-01
9.385087538446725830e-01
5.202653525963173431e-01
5.133389961476615415e-01
1.012427776104405375e-01
9.224161763569709294e-01
4.922801752610880266e-01
5.588334331559063894e-01
6.144663897845779044e-01
6.218479287036744463e-01
8.876041174970230596e-01
1.720255091547036042e-01
2.373285890047127089e-01
6.409030332604288560e-01
3.336751564047196195e-01
4.835829165832590537e-02
5.493481890324639766e-02
1.139221007023661913e-01
1.169124315666345837e-01
5.300727155781612132e-02
5.404380630761188020e-02
1.748046746958614173e-01
6.704822375539252199e-01
1.113775268409674113e-01
2.536513322166865647e-01
8.712306099459321551e-01
4.575269856990757389e-01
1.306564953506054727e-01
1.048546989581584377e-01
5.704232863786367069e-01
2.999930455001805774e-01
1.019658255902079480e-01
5.420199836472509858e-02
5.231912282351800503e-01
1.800978843859289136e-01
1.005771136579852038e-01
5.285997090625447342e-02
2.483919109836450478e-01
7.289636640258796429e-01
1.366096212717775316e-01
1.822905992253955332e-01
8.259316305659321067e-01
6.611126872895602968e-01
7.352618604802672042e-01
6.832671527641106524e-01
4.889963614262127223e-01
7.598744245034192435e-01
1.832692885112576775e-01
1.183248225494504535e-01
5.186649411228745343e-01
7.666220551658262661e-01
3.120225413084182220e-01
3.208084506273770065e-01
6.289333251896043198e-01
6.504926099565428999e-01
4.575407662601253533e-01
9.292025166133404124e-01
5.787060451459432597e-01
5.572329304635793568e-01
8.155857204697151142e-01
8.693957060872541387e-01
6.251716946118970331e-01
6.308112709500754978e-01
2.421650398075964605e-01
1.729648266540131096e-01
9.304009989306432082e-01
5.194659693594300132e-01
5.182702691091036762e-01
1.074242201327740287e-01
4.906263983108565263e-01
5.645562605814180568e-01
6.430711699187731112e-01
9.079905977928003358e-01
1.771846325146962386e-01
2.427939702651062404e-01
3.246607260907328207e-01
5.057662759801573316e-02
5.448650353099356025e-02
1.176181583215424736e-01
5.360558257573795615e-02
6.768363070423705219e-01
1.056680738060566394e-01
4.575338347449856014e-01
1.336188540167538297e-01
3.060237487390493616e-01
1.013004178258633814e-01
1.817047304137480446e-01
7.332547521028133231e-01
6.557335856489742154e-01
7.632854854723239990e-01
7.920967866461672280e-01
2.025852754565569125e-01
1.921037929383316856e-01
8.023246927305769383e-01
7.021630327823116247e-01
3.146061706975344929e-01
5.020409456669966408e-01
7.041297607238857781e-01
5.604658704183391738e-01
9.129384705172702286e-02
9.601792521141583325e-02
4.910319688075609479e-01
2.720972960597617396e-01
1.496726289289830314e-01
9.610328308780213824e-02
3.366891901353741279e-01
6.670724322831461661e-01
2.671779806285680126e-01
5.736898789937645571e-01
7.349307047317762409e-01
5.365646584303969124e-01
8.051735921663025763e-01
8.675823904306187995e-01
6.285608915545735087e-01
6.326889216491746737e-01
2.357616227606800230e-01
1.711066756724863303e-01
9.385087538446725830e-01
5.202653525963173431e-01
5.133389961476615415e-01
1.012427776104405375e-01
9.224161763569709294e-01
4.922801752610880266e-01
5.588334331559063894e-01
6.144663897845779044e-01
6.218479287036744463e-01
8.876041174970230596e-01
1.720255091547036042e-01
2.373285890047127089e-01
6.409030332604288560e-01
3.336751564047196195e-01
4.835829165832590537e-02
5.493481890324639766e-02
1.139221007023661913e-01
1.169124315666345837e-01
5.300727155781612132e-02
5.404380630761188020e-02
1.748046746958614173e-01
6.704822375539252199e-01
1.113775268409674113e-01
2.536513322166865647e-01
8.712306099459321551e-01
4.575269856990757389e-01
1.306564953506054727e-01
1.048546989581584377e-01
5.704232863786367069e-01
2.999930455001805774e-01
1.019658255902079480e-01
5.420199836472509858e-02
5.231912282351800503e-01
1.800978843859289136e-01
1.005771136579852038e-01
5.285997090625447342e-02
2.483919109836450478e-01
7.289636640258796429e-01
1.366096212717775316e-01
1.822905992253955332e-01
8.259316305659321067e-01
6.611126872895602968e-01
7.352618604802672042e-01
6.832671527641106524e-01
4.889963614262127223e-01
7.598744245034192435e-01
1.832692885112576775e-01
1.183248225494504535e-01
5.186649411228745343e-01
7.666220551658262661e-01
3.120225413084182220e-01
3.208084506273770065e-01
6.289333251896043198e-01
6.504926099565428999e-01
4.575407662601253533e-01
9.292025166133404124e-01
5.787060451459432597e-01
7.021630327823116247e-01
3.146061706975344929e-01
5.020409456669966408e-01
7.041296059844432964e-01
5.604658704183391738e-01
9.129345208831596281e-02
9.601792521141583325e-02
4.910319688075609479e-01
2.720972960597617396e-01
1.496726289289830314e-01
9.610326562267809680e-02
3.366891901353741279e-01
6.670724322831461661e-01
2.671779806285680126e-01
5.736898789937645571e-01
7.349307047317762409e-01
6.495376256566721684e-01
5.156498879322681805e-01
4.210914509095333713e-01
7.468945081469298142e-01
6.008823710949040553e-01
7.907071830800935230e-02
1.246822709548505437e-01
4.706547257983615395e-01
3.746733187183142189e-01
1.245460815112865161e-01
7.535532162687677560e-02
5.621822997235925712e-01
7.427504156182431760e-01
4.166672877231121230e-01
6.174226144764227708e-01
6.601759802257944898e-01
6.557484406704245927e-01
4.088381013356061633e-01
4.892113426201869508e-01
7.557260913636496547e-01
4.673846117912767717e-01
1.051882610141508245e-01
1.232596260993386039e-01
4.710889623034846263e-01
6.118731409760267415e-01
9.518306178643012871e-02
9.925953321564395804e-02
4.288780000705403328e-01
7.159843561644523291e-01
6.379003963132272581e-01
4.736651471124617707e-01
6.630479444448308390e-01
7.199868535070748088e-01
3.912163341144880846e-01
5.537239399847502241e-01
7.280336355149299443e-01
5.556394493667582424e-01
1.159916435840639692e-01
9.730432823640880469e-02
5.742157217111607537e-01
4.198756243897889817e-01
1.423269825300862712e-01
1.188651071891802108e-01
3.981591915217128630e-01
7.212379898070917505e-01
4.792387850574362229e-01
5.511841407641719925e-01
7.311311658623653731e-01
6.966309329193758337e-01
5.630628331612728132e-01
4.755999917234974284e-01
7.441625598208023717e-01
4.390881925867002877e-01
1.112139580300026132e-01
1.289023401674672664e-01
5.138270033746503707e-01
6.687230551688010394e-01
1.076022212542836476e-01
1.058965127454783162e-01
5.553309336118070760e-01
7.422034189753161648e-01
6.760531746766260675e-01
4.342809423681108782e-01
7.114733727061348656e-01
6.803758919078743972e-01
5.604197190935555906e-01
7.019225765426444497e-01
7.200360760317479070e-01
5.775460983334783638e-01
1.123185031498942776e-01
9.582413258090205499e-02
6.891080924388841566e-01
6.397973246566630579e-01
1.060274560759833784e-01
1.112996836714738869e-01
6.045695720285528818e-01
7.303151330908389527e-01
6.732689438812904381e-01
5.502752434051809693e-01
6.936893541803038632e-01
5.365646584303970235e-01
8.051735921663024653e-01
8.675823904306190215e-01
6.285608915545735087e-01
6.326889216491745627e-01
2.357616227606800785e-01
1.711066756724863303e-01
9.385087538446726940e-01
5.202653525963173431e-01
5.133389961476615415e-01
1.012427776104405097e-01
9.224161763569708183e-01
4.922801752610880266e-01
5.588334331559063894e-01
6.144663897845781264e-01
6.218479287036745573e-01
8.876041174970230596e-01
1.720255091547036597e-01
2.373285890047127367e-01
6.409030332604288560e-01
3.336751564047195640e-01
4.835829165832590537e-02
5.493481890324639766e-02
1.139221007023662191e-01
1.169124315666345837e-01
5.300727155781611438e-02
5.404380630761188020e-02
1.748046746958613895e-01
6.704822375539251089e-01
1.113775268409673835e-01
2.536513322166866202e-01
8.712306099459321551e-01
4.575269856990757389e-01
1.306564953506054449e-01
1.048546989581584654e-01
5.704232863786368180e-01
2.999930455001805218e-01
1.019658255902079619e-01
5.420199836472511246e-02
5.231912282351800503e-01
1.800978843859289136e-01
1.005771136579852176e-01
5.285997090625447342e-02
2.483919109836449923e-01
7.289636640258796429e-01
1.366096212717775316e-01
1.822905992253955887e-01
8.259316305659323287e-01
6.611126872895602968e-01
7.352618604802669822e-01
6.832671527641106524e-01
4.889963614262127223e-01
7.598744245034191325e-01
1.832692885112577330e-01
1.183248225494504535e-01
5.186649411228745343e-01
7.666220551658263771e-01
3.120225413084182220e-01
3.208084506273770620e-01
6.289333251896043198e-01
6.504926099565427888e-01
4.575407662601253533e-01
9.292025166133404124e-01
5.787060451459432597e-01
