1.105885684712897138e-01
1.996549424743324086e-01
3.230156975870326352e-01
9.254843856845461347e-02
2.665521129138862522e-01
5.712715784734861968e-01
4.164504286838677793e-01
0.000000000000000000e+00
2.143638909408438487e-01
7.181029537294549847e-01
2.944906634251004962e-01
0.000000000000000000e+00
6.119792744719205341e-02
8.058000234208195778e-01
3.972528132398503442e-01
8.907484204208197809e-02
3.005107607903847455e-01
4.381577931422201977e-01
6.188809891677562458e-01
4.349103833744795700e-01
4.767963846762529045e-01
4.307299671908583760e-01
7.429735370152804608e-01
3.014250603819257357e-01
6.637117694745779950e-01
6.967280802395794392e-01
7.243778991852606319e-01
4.209643810798759933e-01
8.999979590355158821e-03
3.030589249580883382e-01
5.987959458768181698e-01
2.939138281017368848e-01
2.540460274087356640e-01
4.798463187086205450e-01
2.922241975545596393e-01
7.945674936511617492e-01
6.261706335876185969e-01
8.754705089888246139e-01
6.846380198928009309e-01
6.834252590417186912e-01
3.280536872986613561e-01
8.578362433855497571e-01
4.227179941951253461e-01
5.455934019309105487e-01
0.000000000000000000e+00
4.914283120435848362e-01
4.048730900263621812e-01
1.984112990987944580e-01
2.208767989428358711e-02
0.000000000000000000e+00
8.762014900323772393e-03
5.884555600240282125e-02
2.721789828652485532e-01
3.274628670741622227e-01
6.751867120367799346e-01
1.938927425703483864e-01
2.448989404638873824e-01
6.092014790948911962e-01
4.056383683054432532e-01
2.250957157176263213e-01
2.026993449590216989e-02
2.438027391221997964e-01
2.839948181623230261e-01
1.089541502222814984e-01
1.097869669194822539e-01
1.990311371734413415e-01
3.085508674545400232e-01
9.079471178808114218e-02
2.458255428428827161e-01
5.582530257291800080e-01
4.187185755985072255e-01
0.000000000000000000e+00
2.041388374975547926e-01
7.007459551671271214e-01
2.978259732930564896e-01
6.001323858558280794e-02
8.002536348524462717e-01
4.251128605890807099e-01
2.924166526971456737e-01
4.214292609819690894e-01
6.076950258620188450e-01
4.403003135545086044e-01
4.267818299146547423e-01
7.336170920706300835e-01
6.694454325152694452e-01
6.906734606638015306e-01
8.881711760541838308e-03
2.957994547839283284e-01
2.489550335449308149e-01
4.856096804754331808e-01
6.176635492848767672e-01
8.669064433734956499e-01
3.277543381481354823e-01
0.000000000000000000e+00
2.116698629215678362e-02
2.583883810198072117e-01
1.418320961471076780e-01
8.786359521999419497e-01
8.514781243017562895e-01
1.261637132047680465e-01
1.551557042688128663e-01
7.784147089435111688e-02
2.164174918284637039e-01
2.553118047662077950e-01
4.591918375944445962e-01
5.868778535811686181e-01
7.368804115549059119e-01
2.106773664151843084e-01
5.280587179658421393e-01
8.451626871695265830e-01
5.802643233936630729e-01
7.073432585949279705e-02
1.289506722890235157e-02
5.429670325549577070e-01
3.961276687998553925e-01
1.494216241450035954e-01
1.105885684712897138e-01
1.996549424743324086e-01
3.230156975870326352e-01
9.254843856845461347e-02
2.665521129138862522e-01
5.712715784734861968e-01
4.164504286838677793e-01
0.000000000000000000e+00
2.143638909408438487e-01
7.181029537294549847e-01
2.944906634251004962e-01
0.000000000000000000e+00
6.119792744719205341e-02
8.058000234208195778e-01
3.972528132398503442e-01
8.907484204208197809e-02
3.005107607903847455e-01
4.381577931422201977e-01
6.188809891677562458e-01
4.349103833744795700e-01
4.767963846762529045e-01
4.307299671908583760e-01
7.429735370152804608e-01
3.014250603819257357e-01
6.637117694745779950e-01
6.967280802395794392e-01
7.243778991852606319e-01
4.209643810798759933e-01
8.999979590355158821e-03
3.030589249580883382e-01
5.987959458768181698e-01
2.939138281017368848e-01
2.540460274087356640e-01
4.798463187086205450e-01
2.922241975545596393e-01
7.945674936511617492e-01
6.261706335876185969e-01
8.754705089888246139e-01
6.846380198928009309e-01
6.834252590417186912e-01
3.280536872986613561e-01
8.578362433855497571e-01
4.227179941951253461e-01
5.455934019309105487e-01
0.000000000000000000e+00
4.914283120435848362e-01
4.048730900263621812e-01
1.984112990987944580e-01
2.208767989428358711e-02
0.000000000000000000e+00
8.762014900323772393e-03
5.884555600240282125e-02
2.721789828652485532e-01
3.274628670741622227e-01
6.751867120367799346e-01
1.938927425703483864e-01
2.448989404638873824e-01
6.092014790948911962e-01
4.056383683054432532e-01
2.250957157176263213e-01
2.026993449590216989e-02
2.438027391221997964e-01
2.839948181623230261e-01
1.089541502222814984e-01
1.551557042688128663e-01
7.784147089435111688e-02
2.164174918284637039e-01
2.553114152960245797e-01
4.591918375944445962e-01
5.868753145789640246e-01
7.368804115549059119e-01
2.106773664151843084e-01
5.280587179658421393e-01
8.451626871695265830e-01
5.802642179405708145e-01
7.073432585949279705e-02
1.289506722890235157e-02
5.429670325549577070e-01
3.961276687998553925e-01
1.494216241450035954e-01
1.391941546467283242e-01
6.877900947887034544e-01
3.483005367709206546e-01
6.824106081234616872e-02
5.476144668591449438e-01
7.573690619307664740e-01
8.103900137697090944e-01
3.920812373924156269e-01
1.764015951295569984e-01
8.192885527362488984e-01
7.323297045745411626e-01
6.426492913951800112e-01
7.985616424960381710e-02
1.905214497863889633e-01
5.012124448133217225e-01
1.264266381135546735e-01
5.370172597576169937e-02
3.373502042466425266e-01
4.767686044921544131e-01
7.478274390837311159e-02
4.256489794179851849e-01
7.741725686291208719e-01
7.788664070327540045e-01
4.194317362816051276e-01
5.030114715309064177e-01
7.918048080097286334e-01
7.305946064562465203e-01
2.847195485968088136e-01
6.469404783280896520e-02
4.605575335022247252e-01
3.752495244086484494e-01
4.237199673443409198e-02
7.443151547919875377e-02
6.975054091742256546e-01
3.115826304201227970e-01
1.027770003511363495e-01
6.193752334469020404e-01
8.089850133384312025e-01
7.946153383883954868e-01
2.899185655704923370e-01
6.685095872295847563e-01
8.396842180266638200e-01
7.754210157414394011e-01
6.021683541507050208e-01
8.794513214046474625e-02
6.718443200371113644e-01
5.004464664218621905e-01
6.762228718903290359e-02
7.947661616985939037e-02
7.058655895504721833e-01
6.244799912421421517e-01
8.121691079548720715e-02
5.462258459805338084e-01
8.612403133379286091e-01
8.037294809981710975e-01
6.371059541247690028e-01
5.915658148640643432e-01
6.828119016791467377e-01
8.267175315203647568e-01
5.611770101580066950e-01
9.146008743895736592e-02
5.531957082687557481e-01
4.498005233774011735e-01
7.212303721927340594e-02
6.500015115582569170e-02
4.600390177564450678e-01
5.128888995761440306e-01
6.349714794822916564e-02
4.077638617166436941e-01
8.147090820433753322e-01
7.819641325815440691e-01
4.570002110216995206e-01
5.668605861584343764e-01
7.608628195470890088e-01
7.816664384745160010e-01
4.047191866193557974e-01
6.319793305129603467e-02
5.229834863289080094e-01
3.167597124853460677e-01
5.686844058081913511e-02
1.105885684712897415e-01
1.996549424743324641e-01
3.230156975870326352e-01
9.254843856845461347e-02
2.665521129138861967e-01
5.712715784734863078e-01
4.164504286838678349e-01
0.000000000000000000e+00
2.143638909408438487e-01
7.181029537294550957e-01
2.944906634251005517e-01
0.000000000000000000e+00
6.119792744719206729e-02
8.058000234208193557e-01
3.972528132398503997e-01
8.907484204208200584e-02
3.005107607903846900e-01
4.381577931422204197e-01
6.188809891677563568e-01
4.349103833744795145e-01
4.767963846762528490e-01
4.307299671908583760e-01
7.429735370152803497e-01
3.014250603819257357e-01
6.637117694745779950e-01
6.967280802395793282e-01
7.243778991852606319e-01
4.209643810798759378e-01
8.999979590355158821e-03
3.030589249580883937e-01
5.987959458768181698e-01
2.939138281017367738e-01
2.540460274087356640e-01
4.798463187086206005e-01
2.922241975545596948e-01
7.945674936511617492e-01
6.261706335876187079e-01
8.754705089888247249e-01
6.846380198928010419e-01
6.834252590417186912e-01
3.280536872986613561e-01
8.578362433855497571e-01
4.227179941951254016e-01
5.455934019309105487e-01
0.000000000000000000e+00
4.914283120435847252e-01
4.048730900263622368e-01
1.984112990987944580e-01
2.208767989428358711e-02
0.000000000000000000e+00
8.762014900323772393e-03
5.884555600240282125e-02
2.721789828652485532e-01
3.274628670741623337e-01
6.751867120367800457e-01
1.938927425703483864e-01
2.448989404638872713e-01
6.092014790948911962e-01
4.056383683054431977e-01
2.250957157176262935e-01
2.026993449590216642e-02
2.438027391221997964e-01
2.839948181623230816e-01
1.089541502222814984e-01
