4.437061682253096717e-01
8.779956343688328779e-01
5.350609717874071913e-01
5.300439556405890373e-01
7.357951871894031770e-01
4.398672243312958807e-01
3.237834684890879000e-01
6.539262938406641412e-01
3.376125363767559229e-01
5.055453871895212448e-01
1.366676024188763217e-01
6.515458066620378741e-01
4.666902658505874824e-01
5.278958604044678982e-01
7.122963726674174101e-01
5.188827810380024497e-01
8.100011958570612070e-01
4.119246170280781993e-01
3.126476194495496075e-01
7.442662417056526980e-01
4.279665486303068644e-01
1.263348656522936819e-01
1.414262991398060054e-01
1.485939268435244043e-01
2.149259113993891301e-01
1.488498427096658916e-01
1.401091444222389015e-01
3.169888811740904089e-01
5.055105504282683127e-01
1.797723758466045485e-01
3.185459437994654364e-01
5.274800262584899979e-01
3.608573019726469266e-01
1.672176535133428343e-01
1.834277973234066661e-01
5.245609048192214630e-01
4.162013522884104866e-01
1.994254907430612900e-01
1.463960848963019590e-01
5.018557413819828561e-01
1.652874604179254414e-01
1.962069822846357336e-01
1.311666961244449536e-01
4.291754750159851306e-01
6.654885899208402567e-01
1.716420558128428364e-01
4.063650801957063852e-01
8.733494757985504897e-01
5.200179805094375940e-01
6.768406668396603765e-01
5.114199822999698775e-01
4.614336280160737380e-01
7.423723166726108325e-01
1.535761757273188532e-01
2.165695230055147968e-01
3.289684581897190929e-01
7.174676708243268308e-01
4.122241822949032075e-01
4.119511619771085154e-01
7.119830189057301251e-01
5.106486688428157894e-01
3.573763435729610527e-01
8.162012237903786271e-01
4.557472183706881563e-01
4.496117095320000812e-01
8.756651444535309414e-01
5.312929290032530893e-01
5.244089745331487196e-01
7.238900384583744074e-01
4.344466251637698062e-01
3.203693602081968406e-01
6.527269578961867325e-01
3.332949397363149657e-01
5.036986330279884516e-01
1.424781367977852042e-01
4.640429457150464509e-01
5.262491289990449683e-01
7.465385440488677693e-01
8.130396961354590113e-01
4.091304538843449912e-01
3.132306277393042127e-01
4.185591561467807420e-01
1.287158933978385655e-01
1.407635692183505927e-01
2.157471717297315128e-01
1.476210175702636906e-01
5.084475226437830120e-01
1.792087039801311676e-01
3.591272386026394536e-01
1.694192979381377584e-01
4.142074921679429478e-01
1.978732513113918012e-01
1.593537381478855874e-01
6.722050608185012877e-01
5.152723955031590641e-01
7.297825248408259524e-01
6.798157356764742421e-01
3.264743743678014676e-01
3.125540985615741230e-01
6.718945885976927990e-01
5.804817815960503502e-01
4.892411641391904986e-01
3.259004508119597299e-01
6.497522739674643777e-01
7.150425637650639210e-01
1.783756290296615032e-01
2.090956126939154391e-01
3.236340554271858183e-01
2.573057136293034342e-01
2.523190482879767438e-01
1.837280870357186069e-01
4.840360268551180400e-01
5.601771577879350872e-01
2.520474350121663099e-01
6.900196664866542484e-01
5.904271230989607266e-01
4.437061682253096717e-01
8.779956343688328779e-01
5.350609717874071913e-01
5.300439556405890373e-01
7.357951871894031770e-01
4.398672243312958807e-01
3.237834684890879000e-01
6.539262938406641412e-01
3.376125363767559229e-01
5.055453871895212448e-01
1.366676024188763217e-01
6.515458066620378741e-01
4.666902658505874824e-01
5.278958604044678982e-01
7.122963726674174101e-01
5.188827810380024497e-01
8.100011958570612070e-01
4.119246170280781993e-01
3.126476194495496075e-01
7.442662417056526980e-01
4.279665486303068644e-01
1.263348656522936819e-01
1.414262991398060054e-01
1.485939268435244043e-01
2.149259113993891301e-01
1.488498427096658916e-01
1.401091444222389015e-01
3.169888811740904089e-01
5.055105504282683127e-01
1.797723758466045485e-01
3.185459437994654364e-01
5.274800262584899979e-01
3.608573019726469266e-01
1.672176535133428343e-01
1.834277973234066661e-01
5.245609048192214630e-01
4.162013522884104866e-01
1.994254907430612900e-01
1.463960848963019590e-01
5.018557413819828561e-01
1.652874604179254414e-01
1.962069822846357336e-01
1.311666961244449536e-01
4.291754750159851306e-01
6.654885899208402567e-01
1.716420558128428364e-01
4.063650801957063852e-01
8.733494757985504897e-01
5.200179805094375940e-01
6.768406668396603765e-01
5.114199822999698775e-01
4.614336280160737380e-01
7.423723166726108325e-01
1.535761757273188532e-01
2.165695230055147968e-01
3.289684581897190929e-01
7.174676708243268308e-01
4.122241822949032075e-01
4.119511619771085154e-01
7.119830189057301251e-01
5.106486688428157894e-01
3.573763435729610527e-01
8.162012237903786271e-01
4.557472183706881563e-01
5.804817815960503502e-01
4.892411641391904986e-01
3.259004508119597299e-01
6.497520907887235353e-01
7.150425637650639210e-01
1.783748573254430037e-01
2.090956126939154391e-01
3.236340554271858183e-01
2.573057136293034342e-01
2.523190482879767438e-01
1.837280536462887470e-01
4.840360268551180400e-01
5.601771577879350872e-01
2.520474350121663099e-01
6.900196664866542484e-01
5.904271230989607266e-01
5.684382432616470471e-01
6.891075121647711743e-01
4.166655404953660824e-01
5.947175634379627818e-01
6.313250078544041521e-01
2.312550120455928726e-01
2.203040395181944389e-01
4.529432131216768465e-01
3.250292199581390484e-01
2.086121411424678440e-01
2.252760092385202861e-01
6.842106448839060384e-01
6.166091057482654403e-01
3.431123580132711126e-01
6.111005924684509427e-01
5.595082920052816267e-01
5.215251596231682552e-01
6.125820147810328020e-01
8.206016290200630614e-01
5.382960685015605318e-01
6.267949251269262501e-01
1.856985640132402804e-01
1.798793586390356469e-01
7.780179783822112061e-01
8.462553281868239186e-01
1.665175172332374609e-01
1.726621181385352699e-01
5.874115031196232017e-01
5.405991420891042010e-01
8.316066410715223789e-01
6.148978198582601973e-01
5.094161569995818706e-01
6.087847959845353873e-01
6.902715545538664621e-01
5.769797739755850863e-01
5.581335601281862679e-01
7.369487269245893479e-01
2.163198708725272701e-01
2.093631253133080017e-01
5.833706983997761775e-01
6.053736005125989195e-01
2.143150965046109191e-01
2.170559158816470213e-01
6.499089480036164268e-01
5.553760489324556238e-01
6.293956545273180492e-01
6.875504263719287579e-01
6.007437831996974564e-01
5.907242956725026195e-01
7.410302979702998449e-01
6.483777108948682866e-01
5.789299283833666543e-01
6.439639218899380069e-01
2.107729169583324180e-01
2.212411112205904251e-01
6.664947442397766153e-01
7.499165102027438579e-01
2.082008594667477119e-01
2.031822097471510102e-01
6.934140312326713129e-01
5.738300357261312268e-01
7.426539815427823932e-01
6.055141993206847317e-01
5.823252268308367618e-01
5.507511971367773373e-01
7.986384237990507007e-01
8.326244488490672779e-01
5.493326803241872502e-01
8.380501785667264780e-01
1.853237321156023243e-01
2.020060019893936132e-01
7.841230348754932855e-01
8.370610641784579364e-01
2.027646495028529172e-01
1.766070587896473587e-01
8.112135642775382127e-01
5.439406757378969504e-01
8.276190383743469159e-01
7.737867528644906123e-01
5.423055391684861171e-01
4.437061682253097272e-01
8.779956343688327669e-01
5.350609717874073024e-01
5.300439556405890373e-01
7.357951871894030660e-01
4.398672243312959362e-01
3.237834684890879000e-01
6.539262938406643633e-01
3.376125363767559229e-01
5.055453871895213558e-01
1.366676024188763494e-01
6.515458066620379851e-01
4.666902658505874268e-01
5.278958604044677871e-01
7.122963726674176321e-01
5.188827810380025607e-01
8.100011958570609849e-01
4.119246170280783104e-01
3.126476194495496630e-01
7.442662417056526980e-01
4.279665486303068089e-01
1.263348656522936819e-01
1.414262991398060054e-01
1.485939268435244875e-01
2.149259113993891579e-01
1.488498427096658916e-01
1.401091444222389015e-01
3.169888811740904089e-01
5.055105504282683127e-01
1.797723758466045207e-01
3.185459437994654919e-01
5.274800262584899979e-01
3.608573019726468156e-01
1.672176535133428066e-01
1.834277973234066939e-01
5.245609048192214630e-01
4.162013522884105421e-01
1.994254907430613177e-01
1.463960848963019590e-01
5.018557413819828561e-01
1.652874604179254414e-01
1.962069822846356781e-01
1.311666961244449536e-01
4.291754750159851861e-01
6.654885899208400346e-01
1.716420558128428364e-01
4.063650801957064407e-01
8.733494757985507118e-01
5.200179805094375940e-01
6.768406668396602655e-01
5.114199822999699885e-01
4.614336280160737380e-01
7.423723166726109435e-01
1.535761757273188532e-01
2.165695230055148246e-01
3.289684581897190374e-01
7.174676708243267198e-01
4.122241822949033185e-01
4.119511619771084598e-01
7.119830189057300140e-01
5.106486688428157894e-01
3.573763435729609417e-01
8.162012237903786271e-01
4.557472183706881563e-01
