4.316182087886635266e-01
8.158580214581687695e-01
5.480792182038540794e-01
5.093411822145245127e-01
7.605979646119815918e-01
4.370664336050359422e-01
2.160120052462684292e-01
8.203116701029042890e-01
5.148280748384744809e-01
5.019438955650590284e-01
1.781588029745313495e-01
8.088081947338130462e-01
3.741121503921864266e-01
5.657269659315156130e-01
4.445769125505046326e-01
5.008597121981345213e-01
8.387501843886546737e-01
3.426676308532124460e-01
4.326222642142109609e-01
4.765107831261595206e-01
4.943670764738560819e-01
1.875368716238413058e-01
1.344320109667439811e-01
1.894127994071504451e-01
1.837903533230545450e-01
1.309722848439872356e-01
1.331624065884414176e-01
2.125939964142763705e-01
6.383897019898754355e-01
2.521788337503594324e-01
4.330021531778921462e-01
5.465472598684240069e-01
3.965713334321631645e-01
2.106904688068981235e-01
2.501282632920610594e-01
5.548478617767662602e-01
3.320151339205494878e-01
1.600477271653201194e-01
1.301184585799564086e-01
4.930695845381048437e-01
3.118974220840148304e-01
1.566367306787320723e-01
1.944810292317581402e-01
4.373696799287863368e-01
7.223620508623322944e-01
2.094832314171021503e-01
3.380039663323531896e-01
8.135473136403745809e-01
4.486516725560673602e-01
7.324220187325738429e-01
6.451995335464876247e-01
3.712462273041864935e-01
6.432118486954858660e-01
3.054866526421878281e-01
1.843943911692250970e-01
5.144314502522360222e-01
6.200078836425990669e-01
3.296301526387871439e-01
4.768691446486688634e-01
7.201788945877458659e-01
4.413813471639227437e-01
3.976562435610546120e-01
8.531106547369264881e-01
4.489597959112394676e-01
4.401234020931902857e-01
8.146989819667010968e-01
5.473177716891122202e-01
5.050591128976801292e-01
7.403900173777802074e-01
4.372201761518915153e-01
2.142945422545566581e-01
8.145159944864008850e-01
5.146299663827194060e-01
4.975020950035307088e-01
1.836402559749299446e-01
3.726688293690107456e-01
5.603550915492161444e-01
4.709570818121308067e-01
8.457879418988539788e-01
3.403237234537606071e-01
4.308914487592256926e-01
4.850521180204352412e-01
1.909588112032994944e-01
1.337932061257560701e-01
1.840921717814035241e-01
1.305446944875923720e-01
6.417741704985793216e-01
2.490465730567612557e-01
3.971105421954492232e-01
2.100897306079895777e-01
3.308194799571708700e-01
1.583886411744211131e-01
3.086492963309477311e-01
7.285222390283805360e-01
4.449692305155659722e-01
6.314817846958812320e-01
6.589549481347116711e-01
3.468062593368388402e-01
3.308911058273295014e-01
6.543503008128113141e-01
5.623610910786390749e-01
4.830938451232262842e-01
5.117894761735372056e-01
5.674878166010705050e-01
6.630997986776774322e-01
2.185778368945473782e-01
1.745048494708972830e-01
4.918859245763745891e-01
3.497488847343438456e-01
2.134670102267076652e-01
2.244766146380867966e-01
4.747902713717864209e-01
5.214494809378321660e-01
3.535252164077883341e-01
6.319036224803353807e-01
5.765799415675566530e-01
4.316182087886635266e-01
8.158580214581687695e-01
5.480792182038540794e-01
5.093411822145245127e-01
7.605979646119815918e-01
4.370664336050359422e-01
2.160120052462684292e-01
8.203116701029042890e-01
5.148280748384744809e-01
5.019438955650590284e-01
1.781588029745313495e-01
8.088081947338130462e-01
3.741121503921864266e-01
5.657269659315156130e-01
4.445769125505046326e-01
5.008597121981345213e-01
8.387501843886546737e-01
3.426676308532124460e-01
4.326222642142109609e-01
4.765107831261595206e-01
4.943670764738560819e-01
1.875368716238413058e-01
1.344320109667439811e-01
1.894127994071504451e-01
1.837903533230545450e-01
1.309722848439872356e-01
1.331624065884414176e-01
2.125939964142763705e-01
6.383897019898754355e-01
2.521788337503594324e-01
4.330021531778921462e-01
5.465472598684240069e-01
3.965713334321631645e-01
2.106904688068981235e-01
2.501282632920610594e-01
5.548478617767662602e-01
3.320151339205494878e-01
1.600477271653201194e-01
1.301184585799564086e-01
4.930695845381048437e-01
3.118974220840148304e-01
1.566367306787320723e-01
1.944810292317581402e-01
4.373696799287863368e-01
7.223620508623322944e-01
2.094832314171021503e-01
3.380039663323531896e-01
8.135473136403745809e-01
4.486516725560673602e-01
7.324220187325738429e-01
6.451995335464876247e-01
3.712462273041864935e-01
6.432118486954858660e-01
3.054866526421878281e-01
1.843943911692250970e-01
5.144314502522360222e-01
6.200078836425990669e-01
3.296301526387871439e-01
4.768691446486688634e-01
7.201788945877458659e-01
4.413813471639227437e-01
3.976562435610546120e-01
8.531106547369264881e-01
4.489597959112394676e-01
5.623584188548810259e-01
4.831086995551325813e-01
5.117721139430039257e-01
5.674850744101078703e-01
6.630896052112773553e-01
2.185783401522575775e-01
1.745064218506385545e-01
4.918868008542708337e-01
3.497370384155334966e-01
2.134728609085685958e-01
2.244766008188282536e-01
4.748104229435223811e-01
5.214470292339192792e-01
3.535094470546732426e-01
6.319028612266335276e-01
5.765866424013031954e-01
5.572822627786618854e-01
6.720059784366549938e-01
2.285428043975044066e-01
6.164358931117074336e-01
7.564071558955074437e-01
2.548892142619033629e-01
2.561719592073637974e-01
2.818078900001612652e-01
4.490978292263487770e-01
1.971824911904156430e-01
2.480093146213084576e-01
6.672868153591053897e-01
5.320082340947793753e-01
4.781884802642419885e-01
7.391275181140997130e-01
5.513106363078990046e-01
4.785122714557060730e-01
6.799612736750482167e-01
5.893029790425989844e-01
5.817077885089024791e-01
7.740182628620269067e-01
2.197297692554675830e-01
1.989077743288563127e-01
5.684712103526881055e-01
8.608625303990906641e-01
1.456386900656186645e-01
2.063395316400876700e-01
6.586306151669267805e-01
5.082918346688538591e-01
8.702758172945879167e-01
7.606811304962850517e-01
4.685209652315972528e-01
5.563219823514633511e-01
6.915243124427306043e-01
5.238301630334585290e-01
5.825819886558833982e-01
7.928840312165825743e-01
2.418497446124001915e-01
2.234147094788166699e-01
5.345193693427945369e-01
6.757537764534236047e-01
2.179663500190947290e-01
2.367337866944819180e-01
6.548579656008479688e-01
5.470386896171101077e-01
6.941459268240677272e-01
7.590302912477455699e-01
5.529372967466108513e-01
5.319355678014037192e-01
8.432455191073437994e-01
5.309136989260276884e-01
6.020443024561215051e-01
6.985465707366231847e-01
2.325606228362316064e-01
2.555153862366006945e-01
5.519976725772206549e-01
8.281174748133461883e-01
1.968956122299012068e-01
2.216682772527969747e-01
8.018144518056820047e-01
5.692931298545436114e-01
8.243203559311349515e-01
6.567050742018736287e-01
5.303467570622319993e-01
5.200784867204002460e-01
8.164982661447990342e-01
8.874096153568595824e-01
5.244292564888548558e-01
8.184292830779511529e-01
2.197607954057611002e-01
1.961241338181807237e-01
8.555061412360216444e-01
8.595551381420372117e-01
1.956287969115649006e-01
2.102115035547824362e-01
8.305565028773982394e-01
5.322152592741551391e-01
8.694118710289024943e-01
7.566115018856875984e-01
5.146585402699510592e-01
4.316182087886636376e-01
8.158580214581688805e-01
5.480792182038543014e-01
5.093411822145245127e-01
7.605979646119815918e-01
4.370664336050358867e-01
2.160120052462684570e-01
8.203116701029046220e-01
5.148280748384745920e-01
5.019438955650590284e-01
1.781588029745313218e-01
8.088081947338129352e-01
3.741121503921864266e-01
5.657269659315155019e-01
4.445769125505047992e-01
5.008597121981346323e-01
8.387501843886548958e-01
3.426676308532124460e-01
4.326222642142110164e-01
4.765107831261594651e-01
4.943670764738559154e-01
1.875368716238413613e-01
1.344320109667439811e-01
1.894127994071504728e-01
1.837903533230545727e-01
1.309722848439872078e-01
1.331624065884414176e-01
2.125939964142763150e-01
6.383897019898753245e-01
2.521788337503594324e-01
4.330021531778920907e-01
5.465472598684240069e-01
3.965713334321631645e-01
2.106904688068980958e-01
2.501282632920610594e-01
5.548478617767662602e-01
3.320151339205495433e-01
1.600477271653201194e-01
1.301184585799564364e-01
4.930695845381048992e-01
3.118974220840148304e-01
1.566367306787320723e-01
1.944810292317581402e-01
4.373696799287862813e-01
7.223620508623322944e-01
2.094832314171022059e-01
3.380039663323532451e-01
8.135473136403748029e-01
4.486516725560674157e-01
7.324220187325736209e-01
6.451995335464877357e-01
3.712462273041864935e-01
6.432118486954859771e-01
3.054866526421879391e-01
1.843943911692251247e-01
5.144314502522360222e-01
6.200078836425989559e-01
3.296301526387871439e-01
4.768691446486690300e-01
7.201788945877458659e-01
4.413813471639227437e-01
3.976562435610546120e-01
8.531106547369264881e-01
4.489597959112394676e-01
