3.157104949620111456e-01
9.134126649746046045e-01
6.967620433611488862e-01
3.245289898785190807e-01
7.653447318763044738e-01
5.319337397158346858e-01
4.518386578116793117e-01
7.498083271190628674e-01
5.309554745328080028e-01
6.834877652177078211e-01
1.237736177198607290e-01
7.363340629424932615e-01
2.620038086527139987e-01
6.010679444282263084e-01
5.926088169746792644e-01
3.196137882234765804e-01
8.520351673048747188e-01
5.376878483579472512e-01
3.877998798666454916e-01
6.262589674785945526e-01
4.756917743798416143e-01
8.547465587983198165e-02
1.535947928231511106e-01
1.406965380250296271e-01
3.251209207214814101e-01
2.003742004726227766e-01
1.525188938363814806e-01
4.427440890044562760e-01
4.872342275578829818e-01
2.925609422011593574e-01
3.966612881535086510e-01
7.207344546308644961e-01
4.124903693256515846e-01
2.972860864403317760e-01
2.909832619643564211e-01
6.065167778900717455e-01
4.737444425522050473e-01
1.848777162228035786e-01
1.968498754915815330e-01
6.866936626440189873e-01
1.648041650132419933e-01
1.800813430060224651e-01
8.638332898064673970e-02
5.216921329709964805e-01
7.310022039171566455e-01
3.003512877403480275e-01
5.260162523422088343e-01
9.294655594357705830e-01
3.229068435593994146e-01
7.537665331632912302e-01
4.912761443455102572e-01
2.570862739279218823e-01
7.710054481217885058e-01
1.620252024205857677e-01
3.282033218113480921e-01
5.508909101866942271e-01
7.562739265839648617e-01
4.748498961508924587e-01
4.541264902722462193e-01
7.504568876646429132e-01
3.188960892280967019e-01
4.294866466639896685e-01
8.834964435675793926e-01
3.355943248663298406e-01
3.254625329833983338e-01
9.214647165968706810e-01
7.086773210740766604e-01
3.220474348942430343e-01
7.579013946080330744e-01
5.267413578746611424e-01
4.472688670007881617e-01
7.430197296011077368e-01
5.409129469367512932e-01
6.850923919819871255e-01
1.320924444665386721e-01
2.595272658312379743e-01
6.037584645731524091e-01
6.241857227410844144e-01
8.674536618199205629e-01
5.318218303066185593e-01
3.900971010417898510e-01
4.640978347765127854e-01
8.592243149554122661e-02
1.530534513683576570e-01
3.266610982962059317e-01
1.986092426138887923e-01
4.892430496511760984e-01
2.897739710421348147e-01
4.209376512156614569e-01
2.988113734500182916e-01
4.742986355711226176e-01
1.825338199987514010e-01
1.633961561859202660e-01
7.435233341384450689e-01
3.208753842275144375e-01
7.635583721562638759e-01
5.770519533312725713e-01
4.255576552078003116e-01
4.075282079206509200e-01
5.819282689915301621e-01
4.684498607080693211e-01
7.285383745739413275e-01
5.202948170570699249e-01
4.545302098813913672e-01
7.987723128002779394e-01
1.718817926114517836e-01
2.816011687661103546e-01
5.178570658669746640e-01
4.491312340473568865e-01
3.078774180993496534e-01
1.741426909028711834e-01
7.201953000815100037e-01
3.990421013039175402e-01
4.608623960774155259e-01
7.800039725305676352e-01
4.889242502967383608e-01
3.157104949620111456e-01
9.134126649746046045e-01
6.967620433611488862e-01
3.245289898785190807e-01
7.653447318763044738e-01
5.319337397158346858e-01
4.518386578116793117e-01
7.498083271190628674e-01
5.309554745328080028e-01
6.834877652177078211e-01
1.237736177198607290e-01
7.363340629424932615e-01
2.620038086527139987e-01
6.010679444282263084e-01
5.926088169746792644e-01
3.196137882234765804e-01
8.520351673048747188e-01
5.376878483579472512e-01
3.877998798666454916e-01
6.262589674785945526e-01
4.756917743798416143e-01
8.547465587983198165e-02
1.535947928231511106e-01
1.406965380250296271e-01
3.251209207214814101e-01
2.003742004726227766e-01
1.525188938363814806e-01
4.427440890044562760e-01
4.872342275578829818e-01
2.925609422011593574e-01
3.966612881535086510e-01
7.207344546308644961e-01
4.124903693256515846e-01
2.972860864403317760e-01
2.909832619643564211e-01
6.065167778900717455e-01
4.737444425522050473e-01
1.848777162228035786e-01
1.968498754915815330e-01
6.866936626440189873e-01
1.648041650132419933e-01
1.800813430060224651e-01
8.638332898064673970e-02
5.216921329709964805e-01
7.310022039171566455e-01
3.003512877403480275e-01
5.260162523422088343e-01
9.294655594357705830e-01
3.229068435593994146e-01
7.537665331632912302e-01
4.912761443455102572e-01
2.570862739279218823e-01
7.710054481217885058e-01
1.620252024205857677e-01
3.282033218113480921e-01
5.508909101866942271e-01
7.562739265839648617e-01
4.748498961508924587e-01
4.541264902722462193e-01
7.504568876646429132e-01
3.188960892280967019e-01
4.294866466639896685e-01
8.834964435675793926e-01
3.355943248663298406e-01
4.684498607080693211e-01
7.285383745739413275e-01
5.202948170570699249e-01
4.545299246019677830e-01
7.987723128002779394e-01
1.718810490014353043e-01
2.816011687661103546e-01
5.178570658669746640e-01
4.491312340473568865e-01
3.078774180993496534e-01
1.741426592554227715e-01
7.201953000815100037e-01
3.990421013039175402e-01
4.608623960774155259e-01
7.800039725305676352e-01
4.889242502967383608e-01
4.485070495267416968e-01
9.555893700933288937e-01
5.705710357157571799e-01
4.425322107071346101e-01
8.776326416456985413e-01
2.919664954610212693e-01
2.575423225822452422e-01
6.315235676617534377e-01
4.509536187013696296e-01
2.513071126842268410e-01
2.812231467051594658e-01
9.735565899313272098e-01
4.631175660879748857e-01
5.041729371297991591e-01
8.766179225003905007e-01
4.519527397292922299e-01
3.964434366048731340e-01
7.344291476704338795e-01
8.503066538909869188e-01
4.241273259842102128e-01
7.638537040573185610e-01
2.620063882977914371e-01
2.526471102673590874e-01
8.367761834836013879e-01
8.008836081175101373e-01
2.560005630096539031e-01
2.463149073433285041e-01
7.160709506077358455e-01
4.455040806753503002e-01
8.247153508057669669e-01
7.532543374629645516e-01
4.006532390614081507e-01
4.921296673356849727e-01
7.884302768409687800e-01
6.158443546782574884e-01
4.515145169018660587e-01
7.986557868942019134e-01
3.064138676277547990e-01
2.909649283128931119e-01
6.755554846629832078e-01
6.573889507204038196e-01
3.039883134822727317e-01
3.021999372661702821e-01
7.579390544953157338e-01
4.591253328837954228e-01
7.094692826349831005e-01
7.730021331463419187e-01
4.991471818540123007e-01
4.706096794872346445e-01
7.884072154456922554e-01
7.776098227085168624e-01
4.747698305607320202e-01
6.850148419621366891e-01
3.043275769422909560e-01
2.986015332622978802e-01
8.391907317237286001e-01
7.835666864064325665e-01
2.882473880469298977e-01
2.932269605362179954e-01
7.487590424480674578e-01
4.817663144311527534e-01
8.149461394814383475e-01
6.625371100540644598e-01
4.774578086229257501e-01
4.371577314093188504e-01
8.395360704782535155e-01
9.310183691197284617e-01
4.277279429467476524e-01
8.851683882926002500e-01
2.683111403948442164e-01
2.775788834167589036e-01
9.265553232470287170e-01
8.939097105017936862e-01
2.867370476939701263e-01
2.559460399593503910e-01
8.703172130575820287e-01
4.286743261469171395e-01
9.302191342221559633e-01
8.403057882797986267e-01
4.425235701242038466e-01
3.157104949620112011e-01
9.134126649746047155e-01
6.967620433611488862e-01
3.245289898785190807e-01
7.653447318763043627e-01
5.319337397158347969e-01
4.518386578116793117e-01
7.498083271190630894e-01
5.309554745328080028e-01
6.834877652177077101e-01
1.237736177198607568e-01
7.363340629424932615e-01
2.620038086527139987e-01
6.010679444282261974e-01
5.926088169746794865e-01
3.196137882234766359e-01
8.520351673048747188e-01
5.376878483579472512e-01
3.877998798666455471e-01
6.262589674785945526e-01
4.756917743798415588e-01
8.547465587983199553e-02
1.535947928231511106e-01
1.406965380250296549e-01
3.251209207214814656e-01
2.003742004726227766e-01
1.525188938363814806e-01
4.427440890044561650e-01
4.872342275578831483e-01
2.925609422011593574e-01
3.966612881535085955e-01
7.207344546308644961e-01
4.124903693256515846e-01
2.972860864403317205e-01
2.909832619643564211e-01
6.065167778900716344e-01
4.737444425522051028e-01
1.848777162228035786e-01
1.968498754915815330e-01
6.866936626440189873e-01
1.648041650132419933e-01
1.800813430060224374e-01
8.638332898064673970e-02
5.216921329709964805e-01
7.310022039171566455e-01
3.003512877403480275e-01
5.260162523422087233e-01
9.294655594357708051e-01
3.229068435593994146e-01
7.537665331632911192e-01
4.912761443455102572e-01
2.570862739279218823e-01
7.710054481217883948e-01
1.620252024205858232e-01
3.282033218113481476e-01
5.508909101866941160e-01
7.562739265839647507e-01
4.748498961508924587e-01
4.541264902722462748e-01
7.504568876646428022e-01
3.188960892280967019e-01
4.294866466639895575e-01
8.834964435675793926e-01
3.355943248663298406e-01
