2.735625750326736161e-01
7.385273203474451709e-01
3.288512798133520487e-01
3.032194689578972535e-01
6.290515160728726851e-01
5.022939663533355636e-01
5.329880473252635031e-01
4.410636511161051265e-01
3.224347648970241620e-01
6.923187586487002942e-01
1.719810240355547637e-01
4.353412334504205838e-01
2.906719411989247548e-01
6.997774285659488225e-01
5.717378523779184096e-01
2.954664141308955827e-01
5.511809437324846073e-01
5.532532893032631183e-01
6.779074186390892098e-01
6.244696728608651881e-01
5.599407596150645094e-01
1.730757894835486255e-01
3.164265421900489539e-01
1.840372692984298952e-01
3.453038742407322781e-01
3.259705779274976734e-01
3.085893679789340482e-01
5.258317775694674179e-01
2.791262707720520431e-01
2.135618746821223435e-01
6.734276780066843493e-01
3.402769252701160485e-01
3.439662820474599925e-01
3.074684639476482073e-01
2.092209608484651706e-01
6.868119595960824331e-01
5.738417541750652218e-01
3.747146960722799736e-01
3.193725055742487329e-01
6.836122007825087277e-01
2.882725653972750823e-01
3.641484790853689590e-01
1.719293392582427193e-01
4.831003523764312857e-01
5.629753140199471595e-01
3.083338577262511038e-01
5.300748642337489436e-01
7.363366730264617743e-01
2.633151357381112723e-01
5.654915922752508095e-01
2.847521883251441510e-01
2.826458511431794163e-01
6.646349801805935265e-01
2.930271236446391203e-01
3.487159629987247600e-01
3.182750509422119789e-01
6.259806203727138474e-01
5.707816978788725626e-01
5.024481197197236959e-01
6.005828092746907654e-01
2.540043436701067137e-01
3.598009606049272224e-01
5.566444303260427162e-01
2.880852917106396238e-01
2.806852513932573401e-01
7.374285026010624078e-01
3.345302971276754023e-01
2.993051571555374046e-01
6.148182810068838489e-01
4.925630154231603330e-01
5.293922027653408247e-01
4.381805853061353506e-01
3.203570457223611223e-01
6.879609224739744455e-01
1.778643354410798239e-01
2.866298841877428782e-01
6.933753508191959902e-01
6.122593853421275378e-01
5.538584809491061689e-01
5.416040632954577383e-01
6.746110403126216459e-01
5.313587768688764479e-01
1.725108421388367730e-01
3.124832470098453108e-01
3.470087862346015739e-01
3.226663083964507184e-01
2.819223371112432597e-01
2.092053856145986712e-01
3.518362403183163400e-01
3.078990959876252154e-01
5.723076673179974261e-01
3.695422933367656371e-01
2.906815434813971866e-01
5.651162942055313332e-01
2.585991910874588795e-01
6.450944355634670169e-01
4.656390247862234322e-01
5.453563740935895021e-01
5.212237795731197165e-01
4.614097811446420394e-01
3.695730329033952155e-01
5.599829399455305001e-01
3.361917630929359690e-01
4.674691552916506732e-01
7.952961489542749174e-01
2.946073339496819710e-01
3.995927640461177655e-01
3.357744345169256794e-01
4.013554432263005678e-01
4.593138382432574440e-01
2.913355990888790714e-01
5.455134413499065360e-01
3.261847227662781346e-01
4.179094469509997412e-01
7.403412550469341546e-01
3.808826604927264547e-01
2.735625750326736161e-01
7.385273203474451709e-01
3.288512798133520487e-01
3.032194689578972535e-01
6.290515160728726851e-01
5.022939663533355636e-01
5.329880473252635031e-01
4.410636511161051265e-01
3.224347648970241620e-01
6.923187586487002942e-01
1.719810240355547637e-01
4.353412334504205838e-01
2.906719411989247548e-01
6.997774285659488225e-01
5.717378523779184096e-01
2.954664141308955827e-01
5.511809437324846073e-01
5.532532893032631183e-01
6.779074186390892098e-01
6.244696728608651881e-01
5.599407596150645094e-01
1.730757894835486255e-01
3.164265421900489539e-01
1.840372692984298952e-01
3.453038742407322781e-01
3.259705779274976734e-01
3.085893679789340482e-01
5.258317775694674179e-01
2.791262707720520431e-01
2.135618746821223435e-01
6.734276780066843493e-01
3.402769252701160485e-01
3.439662820474599925e-01
3.074684639476482073e-01
2.092209608484651706e-01
6.868119595960824331e-01
5.738417541750652218e-01
3.747146960722799736e-01
3.193725055742487329e-01
6.836122007825087277e-01
2.882725653972750823e-01
3.641484790853689590e-01
1.719293392582427193e-01
4.831003523764312857e-01
5.629753140199471595e-01
3.083338577262511038e-01
5.300748642337489436e-01
7.363366730264617743e-01
2.633151357381112723e-01
5.654915922752508095e-01
2.847521883251441510e-01
2.826458511431794163e-01
6.646349801805935265e-01
2.930271236446391203e-01
3.487159629987247600e-01
3.182750509422119789e-01
6.259806203727138474e-01
5.707816978788725626e-01
5.024481197197236959e-01
6.005828092746907654e-01
2.540043436701067137e-01
3.598009606049272224e-01
5.566444303260427162e-01
2.880852917106396238e-01
3.695730329033952155e-01
5.599829399455305001e-01
3.361917630929359690e-01
4.674688767792653521e-01
7.952961489542749174e-01
2.946060593937145922e-01
3.995927640461177655e-01
3.357744345169256794e-01
4.013554432263005678e-01
4.593138382432574440e-01
2.913355461436288318e-01
5.455134413499065360e-01
3.261847227662781346e-01
4.179094469509997412e-01
7.403412550469341546e-01
3.808826604927264547e-01
3.844592431231588225e-01
8.976588489426842177e-01
4.266960072324075259e-01
3.508411364058137138e-01
5.208019359341138355e-01
3.967473114935521350e-01
4.887857238434212825e-01
4.931061569872785544e-01
4.791828610207524708e-01
3.891023965779288885e-01
3.818981244187095170e-01
8.728444747567305484e-01
3.799292282694327061e-01
5.285541127314810073e-01
4.831597305755879201e-01
3.796888736256089358e-01
3.103588607845851888e-01
6.979804127746971343e-01
8.987786523356957602e-01
2.813365432172626468e-01
6.412611403878234473e-01
4.000879888196182677e-01
3.646954366425272931e-01
8.649684232395646877e-01
9.376985335203549266e-01
3.266673100898549453e-01
3.717704346060096698e-01
6.757645150157860492e-01
3.047112246362322363e-01
9.628163597045324984e-01
6.073304372391110650e-01
3.034892978125441898e-01
3.701124992524318369e-01
7.711827379736315713e-01
5.781842150502694011e-01
3.703731810575146000e-01
8.979881989611917525e-01
4.500148953007426789e-01
3.822792821549826359e-01
6.177189222491330511e-01
7.755129889941190235e-01
4.072511334163854135e-01
4.315299690031569879e-01
7.132292225100211880e-01
3.330117001639157914e-01
8.047034936886652279e-01
8.496632994554005336e-01
3.685669719276752909e-01
3.552315295743829759e-01
8.161100222200858845e-01
8.626989485791058954e-01
3.601548241203952339e-01
6.905181045883406199e-01
4.230811946999584183e-01
4.303427565092625695e-01
8.930307675355382280e-01
8.863007811579075579e-01
3.856544670166863198e-01
4.009229769654851228e-01
7.347836370199392064e-01
3.629388329219382370e-01
8.965031608844191702e-01
6.257981844052009635e-01
3.565570490803410264e-01
3.236950324174943661e-01
8.789471380547413393e-01
8.816556983588768048e-01
3.154902014427724000e-01
8.695507357062559617e-01
3.781819392870096608e-01
4.166036838696566269e-01
8.625675681505327042e-01
8.996016083269053887e-01
4.029523240732958422e-01
3.575554101877177482e-01
8.808330157878787592e-01
3.169173203341335565e-01
9.274940714120691876e-01
7.868321535219910956e-01
3.203648825708851344e-01
2.735625750326736716e-01
7.385273203474452819e-01
3.288512798133521597e-01
3.032194689578972535e-01
6.290515160728726851e-01
5.022939663533356747e-01
5.329880473252636142e-01
4.410636511161051265e-01
3.224347648970241620e-01
6.923187586487001832e-01
1.719810240355547915e-01
4.353412334504206394e-01
2.906719411989247548e-01
6.997774285659486004e-01
5.717378523779184096e-01
2.954664141308956382e-01
5.511809437324846073e-01
5.532532893032633403e-01
6.779074186390892098e-01
6.244696728608651881e-01
5.599407596150642874e-01
1.730757894835486255e-01
3.164265421900490094e-01
1.840372692984299785e-01
3.453038742407323336e-01
3.259705779274976178e-01
3.085893679789340482e-01
5.258317775694673069e-01
2.791262707720520986e-01
2.135618746821223157e-01
6.734276780066843493e-01
3.402769252701159375e-01
3.439662820474598814e-01
3.074684639476481518e-01
2.092209608484651984e-01
6.868119595960824331e-01
5.738417541750653328e-01
3.747146960722800291e-01
3.193725055742487884e-01
6.836122007825087277e-01
2.882725653972750823e-01
3.641484790853689590e-01
1.719293392582427471e-01
4.831003523764312302e-01
5.629753140199471595e-01
3.083338577262512148e-01
5.300748642337489436e-01
7.363366730264617743e-01
2.633151357381112723e-01
5.654915922752508095e-01
2.847521883251442065e-01
2.826458511431794718e-01
6.646349801805934154e-01
2.930271236446392313e-01
3.487159629987247600e-01
3.182750509422120344e-01
6.259806203727139584e-01
5.707816978788725626e-01
5.024481197197238069e-01
6.005828092746906544e-01
2.540043436701067137e-01
3.598009606049272224e-01
5.566444303260427162e-01
2.880852917106396238e-01
