2.188648550822760996e-01
5.951149451181412253e-01
3.136106843420994883e-01
1.968089332853248385e-01
4.741767424585368040e-01
6.261477026106956334e-01
4.990903497020388047e-01
3.490037506940816270e-01
2.982078124693364751e-01
7.991532966938745819e-01
2.468148840140240163e-01
3.342014573253568321e-01
2.014014530263951164e-01
6.284058405301646832e-01
4.922075812670690387e-01
1.956391679574293885e-01
3.873924393871289173e-01
5.641680088361900047e-01
8.123658602543688545e-01
4.992725385359093049e-01
6.309248537704326143e-01
2.451365783024122003e-01
4.220406522504436264e-01
2.582966840651877427e-01
3.636425479519646564e-01
3.940344309707364823e-01
4.137890714042806173e-01
4.980057633585377452e-01
1.536427982133942161e-01
2.712383340197650483e-01
8.664258230711141540e-01
3.054872280662877526e-01
2.830662529660790683e-01
3.384366519317928979e-01
2.826043849650803352e-01
6.417401234454327419e-01
6.202712889498306348e-01
5.109809186982905427e-01
3.918946702145770788e-01
8.135358854823453445e-01
3.379627020016449102e-01
5.075809932575895411e-01
2.611619887772598236e-01
6.357517815646003267e-01
4.767945110308905998e-01
3.472484891771695503e-01
5.805807752259306564e-01
5.957356109115446996e-01
2.038605353967796463e-01
4.778373419660417731e-01
1.471390859915045479e-01
2.030985640078606103e-01
5.165544971380926498e-01
3.237189989509344779e-01
3.644894548415462676e-01
3.017862415718028934e-01
5.344972609908564820e-01
6.343780321467529237e-01
6.506216432060698551e-01
4.664014883166834324e-01
1.997460092287778044e-01
2.740728067966562986e-01
4.018766596248277145e-01
2.265426432988877914e-01
2.226304315818162238e-01
5.954262679777505562e-01
3.095729913279884893e-01
1.962183497887363959e-01
4.702894208220699812e-01
6.310168648821903314e-01
4.985453724951796062e-01
3.415460661254722252e-01
2.999951879576835401e-01
8.063521193137741516e-01
2.524253726711937484e-01
2.022561430801748938e-01
6.349900308991474063e-01
5.075289014795817399e-01
3.944908440552959972e-01
5.724168878913452607e-01
8.383714581888715989e-01
6.420189673280182197e-01
2.530335745224326915e-01
4.178888472626728356e-01
3.640657203299856315e-01
3.929628534111442306e-01
1.504104702150188544e-01
2.746860993186439059e-01
2.785964403451481330e-01
3.428215453095211918e-01
6.273433710423580445e-01
5.094232067516669682e-01
3.307458867475826514e-01
4.780640327752420093e-01
2.017765153123190769e-01
5.256249197078132207e-01
3.551387187375176779e-01
6.449554453129894283e-01
6.395743286107854475e-01
3.554715748488046501e-01
2.867443980256653147e-01
4.735916954485530628e-01
3.882368891029671643e-01
3.545331986824277748e-01
7.262009830235929275e-01
3.938507416716239273e-01
4.593623942710453045e-01
3.976294904979195133e-01
4.027484604865522178e-01
5.716955842283338862e-01
4.088341844545239079e-01
4.904854656526038692e-01
2.346299255345342116e-01
3.916849214059819895e-01
7.503912633119516062e-01
2.924562526583368571e-01
2.188648550822760996e-01
5.951149451181412253e-01
3.136106843420994883e-01
1.968089332853248385e-01
4.741767424585368040e-01
6.261477026106956334e-01
4.990903497020388047e-01
3.490037506940816270e-01
2.982078124693364751e-01
7.991532966938745819e-01
2.468148840140240163e-01
3.342014573253568321e-01
2.014014530263951164e-01
6.284058405301646832e-01
4.922075812670690387e-01
1.956391679574293885e-01
3.873924393871289173e-01
5.641680088361900047e-01
8.123658602543688545e-01
4.992725385359093049e-01
6.309248537704326143e-01
2.451365783024122003e-01
4.220406522504436264e-01
2.582966840651877427e-01
3.636425479519646564e-01
3.940344309707364823e-01
4.137890714042806173e-01
4.980057633585377452e-01
1.536427982133942161e-01
2.712383340197650483e-01
8.664258230711141540e-01
3.054872280662877526e-01
2.830662529660790683e-01
3.384366519317928979e-01
2.826043849650803352e-01
6.417401234454327419e-01
6.202712889498306348e-01
5.109809186982905427e-01
3.918946702145770788e-01
8.135358854823453445e-01
3.379627020016449102e-01
5.075809932575895411e-01
2.611619887772598236e-01
6.357517815646003267e-01
4.767945110308905998e-01
3.472484891771695503e-01
5.805807752259306564e-01
5.957356109115446996e-01
2.038605353967796463e-01
4.778373419660417731e-01
1.471390859915045479e-01
2.030985640078606103e-01
5.165544971380926498e-01
3.237189989509344779e-01
3.644894548415462676e-01
3.017862415718028934e-01
5.344972609908564820e-01
6.343780321467529237e-01
6.506216432060698551e-01
4.664014883166834324e-01
1.997460092287778044e-01
2.740728067966562986e-01
4.018766596248277145e-01
2.265426432988877914e-01
2.867443980256653147e-01
4.735916954485530628e-01
3.882368891029671643e-01
3.545328611048014222e-01
7.262009830235929275e-01
3.938490377601621129e-01
4.593623942710453045e-01
3.976294904979195133e-01
4.027484604865522178e-01
5.716955842283338862e-01
4.088341101559202495e-01
4.904854656526038692e-01
2.346299255345342116e-01
3.916849214059819895e-01
7.503912633119516062e-01
2.924562526583368571e-01
2.953512078792517315e-01
9.114328619311560242e-01
4.190143144699882694e-01
2.395403841188081251e-01
3.474806339897034135e-01
4.895234593463404504e-01
6.330678247011858328e-01
4.578120853476013163e-01
4.538924105538304499e-01
5.038420248361952236e-01
4.948112391958396916e-01
9.482720284917816045e-01
3.010315926727574753e-01
4.782019548273694909e-01
3.650953091646560456e-01
2.950358043142508602e-01
2.188326030318944737e-01
5.919139213809165856e-01
7.777663377659846944e-01
2.056250399911210558e-01
4.891050976391870808e-01
5.173443093668840254e-01
5.008730127410827571e-01
7.368818700588326553e-01
8.531086801577705270e-01
4.503192430565154947e-01
5.128646307615717381e-01
5.896130349891748335e-01
2.308604196369660744e-01
8.535410114413153337e-01
4.870748013664032428e-01
2.189071150581777536e-01
2.557071514746862562e-01
7.477794334346623550e-01
5.550988686194382460e-01
2.814245039124122494e-01
8.364593229444867717e-01
5.496273958491704192e-01
5.020771811596648204e-01
5.594226525110714832e-01
8.667664544056017384e-01
5.207976911543983345e-01
5.503239298535617108e-01
7.500492770583031543e-01
2.338219385028242892e-01
8.664981235446049812e-01
8.474942789377020169e-01
2.576761605375312847e-01
2.477240213570244265e-01
8.489077322489957389e-01
8.261048410134055331e-01
2.593725539680645786e-01
6.677779249230617609e-01
5.381317666861819005e-01
5.523339053229479045e-01
8.273803850074581412e-01
8.046095631222356381e-01
4.778747999900295196e-01
5.341712331048948936e-01
8.640326192582428178e-01
2.755962297839300024e-01
7.956014253970509209e-01
6.633606988130642534e-01
2.493189423891127576e-01
2.349710322016776987e-01
7.369338113422714276e-01
7.939270169956116341e-01
2.226917978568769552e-01
7.365661104057574793e-01
4.868181313442762614e-01
5.442949739029123712e-01
7.635389175113522775e-01
8.402767819185563702e-01
5.300403323044650117e-01
4.876445068305090835e-01
7.833530772211136917e-01
2.155552756136461523e-01
8.433460925689224563e-01
7.167042200648343631e-01
2.345215356682862629e-01
2.188648550822761274e-01
5.951149451181412253e-01
3.136106843420995993e-01
1.968089332853248108e-01
4.741767424585368040e-01
6.261477026106956334e-01
4.990903497020388047e-01
3.490037506940817380e-01
2.982078124693364751e-01
7.991532966938746929e-01
2.468148840140240441e-01
3.342014573253568877e-01
2.014014530263951164e-01
6.284058405301646832e-01
4.922075812670692052e-01
1.956391679574294440e-01
3.873924393871288063e-01
5.641680088361900047e-01
8.123658602543686325e-01
4.992725385359093604e-01
6.309248537704323923e-01
2.451365783024122558e-01
4.220406522504436264e-01
2.582966840651877982e-01
3.636425479519647119e-01
3.940344309707364268e-01
4.137890714042805618e-01
4.980057633585376342e-01
1.536427982133942438e-01
2.712383340197650483e-01
8.664258230711141540e-01
3.054872280662876416e-01
2.830662529660790683e-01
3.384366519317928423e-01
2.826043849650803907e-01
6.417401234454325198e-01
6.202712889498307458e-01
5.109809186982905427e-01
3.918946702145771899e-01
8.135358854823455665e-01
3.379627020016449102e-01
5.075809932575894301e-01
2.611619887772598236e-01
6.357517815646003267e-01
4.767945110308905998e-01
3.472484891771695503e-01
5.805807752259306564e-01
5.957356109115448106e-01
2.038605353967796741e-01
4.778373419660416621e-01
1.471390859915045479e-01
2.030985640078606103e-01
5.165544971380925388e-01
3.237189989509345889e-01
3.644894548415463786e-01
3.017862415718029490e-01
5.344972609908563710e-01
6.343780321467529237e-01
6.506216432060700772e-01
4.664014883166833769e-01
1.997460092287778044e-01
2.740728067966562986e-01
4.018766596248277145e-01
2.265426432988877914e-01
