3.410009179384392297e-01
9.435588293086625278e-01
6.851107912010928613e-01
3.286022542379174460e-01
7.754366295588999147e-01
4.796637739335740669e-01
4.748326915896781131e-01
7.246658896913320547e-01
5.083021029579528616e-01
6.710601902833335242e-01
1.207518204234060422e-01
7.037316102223951653e-01
2.506506937083062825e-01
6.064472478950053702e-01
5.916679028492426440e-01
3.174158039051904190e-01
8.668994585953073706e-01
5.255007081867406615e-01
3.808379297591814594e-01
6.291499958730886188e-01
4.915234247808260570e-01
8.264984600729864683e-02
1.660337294137088082e-01
1.314303455633551998e-01
3.432983311212242650e-01
2.159556520689357995e-01
1.654824399396209456e-01
4.654917192370042756e-01
4.482377072355144265e-01
2.863211003713396208e-01
3.854259986713858277e-01
6.657965740674680610e-01
4.289841310058188362e-01
2.919431808530602579e-01
2.875818691008452666e-01
5.901138404223380540e-01
4.711048545754521477e-01
2.191503776357221212e-01
2.157435772485806202e-01
6.597460233753544845e-01
1.685289220768824980e-01
2.177480562142919962e-01
9.147510629485219869e-02
4.828929043560457601e-01
7.134224445093404476e-01
2.819101330479876211e-01
5.261829757662814799e-01
9.263407855657797008e-01
3.155947719335643886e-01
7.117422861373428056e-01
4.511786658201963895e-01
2.454287770208344877e-01
7.486280023060107869e-01
1.631373983432741204e-01
3.416532330210346191e-01
4.882270832336431665e-01
7.283445001414456943e-01
4.657288186949862796e-01
4.816620080614019694e-01
7.362305986457324813e-01
3.038310504976169391e-01
4.133929650209287598e-01
8.772564975456242919e-01
3.459884977497384440e-01
3.434470798795011826e-01
9.349223446306177410e-01
6.755108282117350260e-01
3.229545120845397355e-01
7.558351542285495217e-01
4.813009074992495306e-01
4.701390892290983059e-01
7.141187907343347074e-01
4.982749102552709308e-01
6.653971846964832348e-01
1.259319028874309465e-01
2.480208596531434384e-01
5.983821524671086856e-01
6.251362834076658048e-01
8.719752205228957775e-01
5.258436085006331639e-01
3.810057820329579847e-01
4.860092975820474726e-01
8.699875471331226795e-02
1.657563466393174312e-01
3.424763280371792562e-01
2.158494464486144238e-01
4.496993559756501946e-01
2.848968884344444397e-01
4.212352003755082674e-01
2.869505960317756954e-01
4.684097061242262772e-01
2.185101814808445286e-01
1.657972145577902567e-01
7.137029735903326344e-01
3.096364110580958062e-01
7.383742901501709754e-01
5.774773187718091894e-01
4.313603968143054912e-01
4.197235732664177377e-01
5.636111575626296943e-01
4.841292548641056848e-01
7.118834050697258053e-01
4.880616767154059010e-01
4.493276944287325492e-01
7.995104462984479188e-01
1.756871558164473657e-01
3.001432184087779453e-01
4.644303891656075267e-01
4.481056118957201795e-01
3.264947404041681489e-01
1.845340660055137250e-01
6.944936465149327276e-01
3.792019307240820369e-01
4.392989944419342097e-01
7.691534811275850814e-01
4.850660250575237198e-01
3.410009179384392297e-01
9.435588293086625278e-01
6.851107912010928613e-01
3.286022542379174460e-01
7.754366295588999147e-01
4.796637739335740669e-01
4.748326915896781131e-01
7.246658896913320547e-01
5.083021029579528616e-01
6.710601902833335242e-01
1.207518204234060422e-01
7.037316102223951653e-01
2.506506937083062825e-01
6.064472478950053702e-01
5.916679028492426440e-01
3.174158039051904190e-01
8.668994585953073706e-01
5.255007081867406615e-01
3.808379297591814594e-01
6.291499958730886188e-01
4.915234247808260570e-01
8.264984600729864683e-02
1.660337294137088082e-01
1.314303455633551998e-01
3.432983311212242650e-01
2.159556520689357995e-01
1.654824399396209456e-01
4.654917192370042756e-01
4.482377072355144265e-01
2.863211003713396208e-01
3.854259986713858277e-01
6.657965740674680610e-01
4.289841310058188362e-01
2.919431808530602579e-01
2.875818691008452666e-01
5.901138404223380540e-01
4.711048545754521477e-01
2.191503776357221212e-01
2.157435772485806202e-01
6.597460233753544845e-01
1.685289220768824980e-01
2.177480562142919962e-01
9.147510629485219869e-02
4.828929043560457601e-01
7.134224445093404476e-01
2.819101330479876211e-01
5.261829757662814799e-01
9.263407855657797008e-01
3.155947719335643886e-01
7.117422861373428056e-01
4.511786658201963895e-01
2.454287770208344877e-01
7.486280023060107869e-01
1.631373983432741204e-01
3.416532330210346191e-01
4.882270832336431665e-01
7.283445001414456943e-01
4.657288186949862796e-01
4.816620080614019694e-01
7.362305986457324813e-01
3.038310504976169391e-01
4.133929650209287598e-01
8.772564975456242919e-01
3.459884977497384440e-01
4.841292548641056848e-01
7.118834050697258053e-01
4.880616767154059010e-01
4.493274064284055735e-01
7.995104462984479188e-01
1.756863957433363876e-01
3.001432184087779453e-01
4.644303891656075267e-01
4.481056118957201795e-01
3.264947404041681489e-01
1.845340324696109757e-01
6.944936465149327276e-01
3.792019307240820369e-01
4.392989944419342097e-01
7.691534811275850814e-01
4.850660250575237198e-01
4.575744184130217107e-01
9.322518515686091245e-01
5.799661975474499354e-01
4.364665661175619049e-01
9.038953494621639884e-01
2.971596186875528067e-01
2.647436508791904397e-01
6.072789534148814727e-01
4.587491302866746334e-01
2.721691500541530973e-01
2.950446058611394529e-01
9.121008829508090443e-01
4.471034563047116550e-01
4.618003006385877907e-01
8.823254953432526637e-01
4.424313778543422226e-01
3.950660670960456367e-01
7.510931060795205116e-01
8.627375537686412521e-01
4.193885893520075125e-01
7.852199473209109382e-01
2.685181000864246270e-01
2.592131402027318954e-01
8.073659163480535472e-01
8.289823271813412386e-01
2.602215470447143408e-01
2.599311771427260109e-01
7.124651077768366925e-01
4.364529465327084967e-01
8.081573677373841136e-01
7.542379310567060013e-01
3.780482230898410956e-01
4.892527997643724147e-01
7.994168007908575291e-01
6.548857791519959726e-01
4.463590674284105830e-01
8.197775083033524979e-01
3.147591122639756822e-01
2.961928130085110800e-01
6.428182999757852123e-01
7.149127712693372771e-01
3.076430376174352777e-01
3.130951660664978986e-01
7.557300878961386026e-01
4.485607708059854426e-01
7.018098939613566234e-01
7.815823267686528020e-01
4.757007079672078698e-01
4.665883866083918585e-01
7.988231787192718869e-01
8.336907488742086869e-01
4.683282351335829596e-01
7.091941365805753961e-01
3.122629948559951796e-01
3.056273643529037187e-01
8.006786140765003168e-01
8.300852648584364779e-01
2.959115935065226299e-01
3.026080380820849736e-01
7.401841133549909024e-01
4.737171364970170218e-01
7.797960690397771621e-01
6.572162159028018813e-01
4.573467899462875241e-01
4.348870280092371199e-01
8.684504264380461525e-01
9.579961346743663952e-01
4.201566010414270469e-01
9.147762235820218191e-01
2.722244242617792853e-01
2.857041280468433642e-01
8.943880863350015531e-01
9.271761746273035065e-01
2.921090490182233212e-01
2.679800229255546729e-01
8.702738841237092071e-01
4.198825259145108069e-01
9.106964899466467589e-01
8.332819238871445044e-01
4.195042060193115985e-01
3.410009179384392852e-01
9.435588293086624168e-01
6.851107912010929724e-01
3.286022542379173905e-01
7.754366295588999147e-01
4.796637739335741224e-01
4.748326915896781131e-01
7.246658896913322767e-01
5.083021029579528616e-01
6.710601902833334131e-01
1.207518204234060144e-01
7.037316102223951653e-01
2.506506937083062825e-01
6.064472478950052592e-01
5.916679028492427550e-01
3.174158039051904745e-01
8.668994585953073706e-01
5.255007081867406615e-01
3.808379297591814039e-01
6.291499958730883968e-01
4.915234247808260015e-01
8.264984600729864683e-02
1.660337294137088082e-01
1.314303455633552276e-01
3.432983311212243205e-01
2.159556520689357717e-01
1.654824399396209178e-01
4.654917192370041645e-01
4.482377072355144820e-01
2.863211003713396208e-01
3.854259986713857722e-01
6.657965740674680610e-01
4.289841310058188362e-01
2.919431808530601469e-01
2.875818691008452110e-01
5.901138404223381650e-01
4.711048545754523142e-01
2.191503776357220934e-01
2.157435772485806480e-01
6.597460233753547065e-01
1.685289220768824980e-01
2.177480562142919684e-01
9.147510629485219869e-02
4.828929043560458156e-01
7.134224445093404476e-01
2.819101330479876211e-01
5.261829757662817020e-01
9.263407855657799228e-01
3.155947719335643886e-01
7.117422861373425835e-01
4.511786658201965006e-01
2.454287770208345432e-01
7.486280023060106759e-01
1.631373983432741759e-01
3.416532330210346746e-01
4.882270832336431110e-01
7.283445001414458053e-01
4.657288186949863906e-01
4.816620080614020249e-01
7.362305986457324813e-01
3.038310504976168835e-01
4.133929650209286488e-01
8.772564975456245140e-01
3.459884977497384440e-01
