1.307974332649689819e-01
2.937002409811310666e-01
2.913866918345440205e-01
1.223610764085309999e-01
3.376790751353686559e-01
6.915653778994053091e-01
4.895576216646465584e-01
3.054496411597176220e-01
2.998500580418427264e-01
6.726854330695508644e-01
3.819336046153454234e-01
2.671211843816100884e-01
1.121032289207731236e-01
5.650120885795255621e-01
4.498762285630054092e-01
1.202752362186682022e-01
4.137728107535985633e-01
6.469267292951557113e-01
7.012431385738850942e-01
4.916695179005194372e-01
9.223343679504820702e-01
3.940268536793135046e-01
5.092230353397881881e-01
4.043881944641331549e-01
4.381000805307068147e-01
4.382535795892255059e-01
4.859496336598146948e-01
4.810615417016596007e-01
1.534961378559510092e-01
4.742671352751751668e-01
7.127245408179782027e-01
3.061267700427272032e-01
1.963709787668364570e-01
4.429788383386140116e-01
4.608391430689318113e-01
5.572150334622993917e-01
6.686258466297200220e-01
6.679240379061240906e-01
4.229781368028253108e-01
6.717269336371711752e-01
5.450104504829602625e-01
6.596739095075303538e-01
3.897651941209049342e-01
6.217146748407733625e-01
3.787809449867370337e-01
4.430093493290930828e-01
5.663730976000853623e-01
2.696777246609430856e-01
5.073663460594852320e-02
3.942413224256329229e-01
1.482028404710959424e-01
1.074062377816702996e-01
2.191313283301038473e-01
5.596749013414008544e-01
4.374738681619766978e-01
3.029835637878014465e-01
2.097983480248302168e-01
6.426401966808863442e-01
8.631336444389743345e-01
2.967166369068588994e-01
4.829185960148682510e-02
1.991556915058378396e-01
4.159490730401252390e-01
1.296896496859508419e-01
1.302541200484489126e-01
2.816506668700683447e-01
2.987131190088790356e-01
1.213079910047516474e-01
3.171994651441039648e-01
6.561518406302027095e-01
4.852885563613394959e-01
2.861390158712979748e-01
3.014152005114981714e-01
6.722056816495207698e-01
3.930870809842363367e-01
1.097377550931178947e-01
5.611620656322482414e-01
4.813492761531216191e-01
4.148393500715819027e-01
6.064413443498416489e-01
7.058910453214550795e-01
8.974638631509329612e-01
3.919267945590440005e-01
4.975129609941871256e-01
4.377871821702358779e-01
4.306037422624949262e-01
1.508653828721729928e-01
4.662351150374983710e-01
1.977550026339915390e-01
4.429940210339331497e-01
6.555985555604443293e-01
6.639879279417006952e-01
5.524404447948930708e-01
3.870999223630459118e-01
4.949834859116797325e-02
2.144133219015306180e-01
2.386464563341945677e-01
7.841406272423766532e-01
7.460198252700888100e-01
2.279376904292299555e-01
1.813153665310408003e-01
4.098154927646282530e-01
4.210728997460012613e-01
2.610440593290309641e-01
7.077884789557340461e-01
5.633292861029216558e-01
5.146664787412674746e-01
4.384955358627168343e-01
4.693469339728352230e-01
6.352312103738264604e-01
5.515129059955753421e-01
3.448244884175313274e-01
1.191134398604355576e-01
4.887558732962172803e-01
6.417157981674594946e-01
1.809185961365025741e-01
1.307974332649689819e-01
2.937002409811310666e-01
2.913866918345440205e-01
1.223610764085309999e-01
3.376790751353686559e-01
6.915653778994053091e-01
4.895576216646465584e-01
3.054496411597176220e-01
2.998500580418427264e-01
6.726854330695508644e-01
3.819336046153454234e-01
2.671211843816100884e-01
1.121032289207731236e-01
5.650120885795255621e-01
4.498762285630054092e-01
1.202752362186682022e-01
4.137728107535985633e-01
6.469267292951557113e-01
7.012431385738850942e-01
4.916695179005194372e-01
9.223343679504820702e-01
3.940268536793135046e-01
5.092230353397881881e-01
4.043881944641331549e-01
4.381000805307068147e-01
4.382535795892255059e-01
4.859496336598146948e-01
4.810615417016596007e-01
1.534961378559510092e-01
4.742671352751751668e-01
7.127245408179782027e-01
3.061267700427272032e-01
1.963709787668364570e-01
4.429788383386140116e-01
4.608391430689318113e-01
5.572150334622993917e-01
6.686258466297200220e-01
6.679240379061240906e-01
4.229781368028253108e-01
6.717269336371711752e-01
5.450104504829602625e-01
6.596739095075303538e-01
3.897651941209049342e-01
6.217146748407733625e-01
3.787809449867370337e-01
4.430093493290930828e-01
5.663730976000853623e-01
2.696777246609430856e-01
5.073663460594852320e-02
3.942413224256329229e-01
1.482028404710959424e-01
1.074062377816702996e-01
2.191313283301038473e-01
5.596749013414008544e-01
4.374738681619766978e-01
3.029835637878014465e-01
2.097983480248302168e-01
6.426401966808863442e-01
8.631336444389743345e-01
2.967166369068588994e-01
4.829185960148682510e-02
1.991556915058378396e-01
4.159490730401252390e-01
1.296896496859508419e-01
1.813153665310408003e-01
4.098154927646282530e-01
4.210728997460012613e-01
2.610436728568034659e-01
7.077884789557340461e-01
5.633268489785855371e-01
5.146664787412674746e-01
4.384955358627168343e-01
4.693469339728352230e-01
6.352312103738264604e-01
5.515128057675602324e-01
3.448244884175313274e-01
1.191134398604355576e-01
4.887558732962172803e-01
6.417157981674594946e-01
1.809185961365025741e-01
1.921121864946064572e-01
6.274438734382641325e-01
5.092588636561956594e-01
1.621692276512425868e-01
7.064870501905278211e-01
6.493160300764284631e-01
6.515290949645324847e-01
5.852550239998641768e-01
5.327298433048954784e-01
6.561792439194271687e-01
6.124483300766498939e-01
5.660760838825602548e-01
9.195070842393038291e-02
5.757676497492536516e-01
6.521804711939986898e-01
1.820161074347695918e-01
1.159050829079603939e-01
5.438364498371781597e-01
6.686859194588681277e-01
1.124742294436881507e-01
5.334856138754184851e-01
6.387807751835095083e-01
6.642995933424238331e-01
6.274085282945234265e-01
7.058857528063267051e-01
6.461943596471271256e-01
5.838265995225117022e-01
4.844243118465714204e-01
1.261828362117406455e-01
6.963087685766504720e-01
4.717529374337088299e-01
1.098836465691815645e-01
1.578585802107834724e-01
7.814950746053228592e-01
3.364540111752445384e-01
1.853364074656330407e-01
8.040243324065090569e-01
6.799152589817668568e-01
6.881129633542427682e-01
3.541327441351933558e-01
7.780137628585732656e-01
7.039476645209876704e-01
6.356373842459549506e-01
6.990613189993259979e-01
1.342896898420053997e-01
8.256873541935936256e-01
6.842263420764331805e-01
1.522084257441718991e-01
1.513045482348133186e-01
8.634644248295635371e-01
6.081261784412372862e-01
1.700787909223118177e-01
7.095027160669356014e-01
6.965388312414330096e-01
7.227332975671328930e-01
6.653900551475442349e-01
5.645430828245046051e-01
6.263049649292649068e-01
6.512877299313426516e-01
7.312667770502030429e-01
1.787721195071743652e-01
5.772755888612262076e-01
6.166059658128015819e-01
1.456502750861863038e-01
1.331545911292071338e-01
6.285176892885060429e-01
6.936665874684155852e-01
1.268015791500854139e-01
6.476666267373711872e-01
6.894890363268828537e-01
6.393852145138880783e-01
6.802172048930841264e-01
6.568279520662532178e-01
6.489032886340597717e-01
6.445635385431859321e-01
5.702603857118264674e-01
1.312903198550151307e-01
6.504027816335249401e-01
5.517877494334206823e-01
1.271752292619834912e-01
1.307974332649689819e-01
2.937002409811310111e-01
2.913866918345441315e-01
1.223610764085309999e-01
3.376790751353685449e-01
6.915653778994053091e-01
4.895576216646465584e-01
3.054496411597177330e-01
2.998500580418428374e-01
6.726854330695507533e-01
3.819336046153455344e-01
2.671211843816101439e-01
1.121032289207731236e-01
5.650120885795253400e-01
4.498762285630054647e-01
1.202752362186682300e-01
4.137728107535985633e-01
6.469267292951559334e-01
7.012431385738850942e-01
4.916695179005194927e-01
9.223343679504820702e-01
3.940268536793135046e-01
5.092230353397881881e-01
4.043881944641332105e-01
4.381000805307068702e-01
4.382535795892254504e-01
4.859496336598146948e-01
4.810615417016594897e-01
1.534961378559510370e-01
4.742671352751752778e-01
7.127245408179783137e-01
3.061267700427272032e-01
1.963709787668365125e-01
4.429788383386139561e-01
4.608391430689319224e-01
5.572150334622993917e-01
6.686258466297201331e-01
6.679240379061240906e-01
4.229781368028253663e-01
6.717269336371711752e-01
5.450104504829602625e-01
6.596739095075301318e-01
3.897651941209049342e-01
6.217146748407734735e-01
3.787809449867370337e-01
4.430093493290930828e-01
5.663730976000855843e-01
2.696777246609430301e-01
5.073663460594852320e-02
3.942413224256328119e-01
1.482028404710959424e-01
1.074062377816702996e-01
2.191313283301038473e-01
5.596749013414010765e-01
4.374738681619767533e-01
3.029835637878015020e-01
2.097983480248301058e-01
6.426401966808863442e-01
8.631336444389745566e-01
2.967166369068588994e-01
4.829185960148681817e-02
1.991556915058378396e-01
4.159490730401253500e-01
1.296896496859508419e-01
