2.555878206606193026e-01
6.385617000438488233e-01
3.399225494254473068e-01
2.487809031612669697e-01
5.108192620356065694e-01
5.672836504877968311e-01
4.709817285166661427e-01
4.007656232462900592e-01
2.675984513384116470e-01
8.751193279630902211e-01
2.065948502844770496e-01
3.981312829216254179e-01
2.625523801326510309e-01
6.173448499201279471e-01
5.137834826334395366e-01
2.417922650659095618e-01
4.575577529407826582e-01
5.248839546142458623e-01
8.500813477076938351e-01
5.484567060765868085e-01
5.937138072000136546e-01
2.027122793107965504e-01
3.932635835361407151e-01
2.162585119037389036e-01
3.065419320092243605e-01
3.720228580352406000e-01
3.829007229382667687e-01
4.602021170577422771e-01
1.908031067353078702e-01
2.079652868112111808e-01
8.700729252626639987e-01
3.293842012529789032e-01
2.909920872794163338e-01
3.012506422144262119e-01
2.073968508689464085e-01
6.044415092141532941e-01
6.626616543035187545e-01
4.807204963182141744e-01
3.649113754643651952e-01
8.830415709362129384e-01
2.842202335253783962e-01
4.752028164004562516e-01
2.046257967585699833e-01
5.504046864801441785e-01
4.999447513260618092e-01
3.009249382077403556e-01
5.106070777445150810e-01
6.329562197534097656e-01
2.497088575323934412e-01
5.082267601796176537e-01
1.847185771655477926e-01
2.586618960515921772e-01
6.280231581095332416e-01
2.817551067932672626e-01
3.055125906716077422e-01
2.564447672328287187e-01
6.010795875974497271e-01
6.607110209813900070e-01
5.653159982217512702e-01
4.804292179955438891e-01
2.421512257138580537e-01
2.878560003544016754e-01
4.540562772467438557e-01
2.644274443182816348e-01
2.599232201495051409e-01
6.357500191488300034e-01
3.346845554790845445e-01
2.452525250974607607e-01
4.956254338243584745e-01
5.587262016035845491e-01
4.655652463904499383e-01
3.994383911277031851e-01
2.620273415010405671e-01
8.790845961602156144e-01
2.112831126828688122e-01
2.605930751226755993e-01
6.109734498123122748e-01
5.435632233403110414e-01
4.558417550476168145e-01
5.177085505545518940e-01
8.594260813559854162e-01
5.801753264583836556e-01
2.036552217755606686e-01
3.880494824905413309e-01
3.060276029525204611e-01
3.684614761768036928e-01
1.877791114208958723e-01
2.054276889869733891e-01
2.894334277118051912e-01
3.010885673482833202e-01
6.616837504178418872e-01
4.780973185899119460e-01
2.829712349931737814e-01
5.048674681285940657e-01
2.458808939084715095e-01
6.144026494695548068e-01
4.085152760261117066e-01
6.022550320934857426e-01
5.835521905665880249e-01
4.001173556894259686e-01
3.321597682265181595e-01
4.576420062615058626e-01
3.967559397774281793e-01
4.056392298233150173e-01
7.986547891818709388e-01
3.500658302757061469e-01
4.207075115375048524e-01
3.900676464570941304e-01
3.332414025732103324e-01
5.624778205385608798e-01
3.523696069719376434e-01
4.434991714331546486e-01
2.870033366676917885e-01
3.340671043930941719e-01
7.615353521053849217e-01
3.361981563782616145e-01
2.555878206606193026e-01
6.385617000438488233e-01
3.399225494254473068e-01
2.487809031612669697e-01
5.108192620356065694e-01
5.672836504877968311e-01
4.709817285166661427e-01
4.007656232462900592e-01
2.675984513384116470e-01
8.751193279630902211e-01
2.065948502844770496e-01
3.981312829216254179e-01
2.625523801326510309e-01
6.173448499201279471e-01
5.137834826334395366e-01
2.417922650659095618e-01
4.575577529407826582e-01
5.248839546142458623e-01
8.500813477076938351e-01
5.484567060765868085e-01
5.937138072000136546e-01
2.027122793107965504e-01
3.932635835361407151e-01
2.162585119037389036e-01
3.065419320092243605e-01
3.720228580352406000e-01
3.829007229382667687e-01
4.602021170577422771e-01
1.908031067353078702e-01
2.079652868112111808e-01
8.700729252626639987e-01
3.293842012529789032e-01
2.909920872794163338e-01
3.012506422144262119e-01
2.073968508689464085e-01
6.044415092141532941e-01
6.626616543035187545e-01
4.807204963182141744e-01
3.649113754643651952e-01
8.830415709362129384e-01
2.842202335253783962e-01
4.752028164004562516e-01
2.046257967585699833e-01
5.504046864801441785e-01
4.999447513260618092e-01
3.009249382077403556e-01
5.106070777445150810e-01
6.329562197534097656e-01
2.497088575323934412e-01
5.082267601796176537e-01
1.847185771655477926e-01
2.586618960515921772e-01
6.280231581095332416e-01
2.817551067932672626e-01
3.055125906716077422e-01
2.564447672328287187e-01
6.010795875974497271e-01
6.607110209813900070e-01
5.653159982217512702e-01
4.804292179955438891e-01
2.421512257138580537e-01
2.878560003544016754e-01
4.540562772467438557e-01
2.644274443182816348e-01
3.321597682265181595e-01
4.576420062615058626e-01
3.967559397774281793e-01
4.056389189740233214e-01
7.986547891818709388e-01
3.500643157903504665e-01
4.207075115375048524e-01
3.900676464570941304e-01
3.332414025732103324e-01
5.624778205385608798e-01
3.523695429348028263e-01
4.434991714331546486e-01
2.870033366676917885e-01
3.340671043930941719e-01
7.615353521053849217e-01
3.361981563782616145e-01
3.400703150077635240e-01
9.379786999008767889e-01
3.822329692357147035e-01
2.953059284499298665e-01
3.211117248795685164e-01
4.341939790388033016e-01
6.160453622320338773e-01
4.215887874960899673e-01
4.598127921056549550e-01
4.640753287154082418e-01
4.228452612970301505e-01
9.258558656680220267e-01
3.612302975332428168e-01
4.901352829239602471e-01
2.826467387064999226e-01
3.326505006507169959e-01
2.631912057043770403e-01
6.418829217140122889e-01
8.212085211726671830e-01
2.459378193310622629e-01
5.271594980378928597e-01
4.736133578041484826e-01
4.417784841616448355e-01
7.902451612668561776e-01
9.168880249446431652e-01
3.862003000430284105e-01
4.523811240919304311e-01
6.030239233804031151e-01
2.692918009433747928e-01
9.133731265159603652e-01
5.022212315674698946e-01
2.526557979878700788e-01
3.060852411465050937e-01
7.297795904789836641e-01
6.230179435303693225e-01
3.256337143449112848e-01
8.355947280765274598e-01
5.135051609460783428e-01
4.426945314022727729e-01
6.272683499792961470e-01
8.365474437304061262e-01
4.705648978884272582e-01
4.993289619435996585e-01
6.777183275393432460e-01
2.895786244233364837e-01
8.442894824493067940e-01
7.774317825398395776e-01
3.014417515726484087e-01
2.961785648044640840e-01
8.343975258031215425e-01
8.385950250171427811e-01
3.122302895146901736e-01
6.861909038692344254e-01
4.832566276325288568e-01
5.077202049158044961e-01
8.389143736192998801e-01
8.741254691655901965e-01
4.384538153754154455e-01
4.646633178133699471e-01
7.788759903392930006e-01
3.146705636394339645e-01
8.690480481906028842e-01
6.246585093119927379e-01
2.915578868906217869e-01
2.703119444315139064e-01
8.384696155521418337e-01
8.435413392649793174e-01
2.675472737649484678e-01
8.131622253216634899e-01
4.299073252800291178e-01
4.965535241777097042e-01
8.089681671207435976e-01
9.171766740503133342e-01
4.700773328132058504e-01
4.152227878320919885e-01
8.423678417479509850e-01
2.608778102367288465e-01
9.270934603321070444e-01
7.374394704368389952e-01
2.614536700961002103e-01
2.555878206606193581e-01
6.385617000438486013e-01
3.399225494254474178e-01
2.487809031612669697e-01
5.108192620356065694e-01
5.672836504877969421e-01
4.709817285166661982e-01
4.007656232462900592e-01
2.675984513384115360e-01
8.751193279630903321e-01
2.065948502844770773e-01
3.981312829216254734e-01
2.625523801326509754e-01
6.173448499201278361e-01
5.137834826334396476e-01
2.417922650659095618e-01
4.575577529407826582e-01
5.248839546142460843e-01
8.500813477076938351e-01
5.484567060765866975e-01
5.937138072000134326e-01
2.027122793107966059e-01
3.932635835361407151e-01
2.162585119037389314e-01
3.065419320092244160e-01
3.720228580352405445e-01
3.829007229382667687e-01
4.602021170577422216e-01
1.908031067353078425e-01
2.079652868112111530e-01
8.700729252626642207e-01
3.293842012529789032e-01
2.909920872794163338e-01
3.012506422144262119e-01
2.073968508689464363e-01
6.044415092141532941e-01
6.626616543035188656e-01
4.807204963182141744e-01
3.649113754643651952e-01
8.830415709362129384e-01
2.842202335253783962e-01
4.752028164004561406e-01
2.046257967585699833e-01
5.504046864801441785e-01
4.999447513260618092e-01
3.009249382077403556e-01
5.106070777445150810e-01
6.329562197534097656e-01
2.497088575323934412e-01
5.082267601796174317e-01
1.847185771655478481e-01
2.586618960515921217e-01
6.280231581095331306e-01
2.817551067932673181e-01
3.055125906716077422e-01
2.564447672328287742e-01
6.010795875974498381e-01
6.607110209813900070e-01
5.653159982217512702e-01
4.804292179955438336e-01
2.421512257138580537e-01
2.878560003544015644e-01
4.540562772467438557e-01
2.644274443182816348e-01
