5.141684848159207011e-01
9.548236699265764127e-01
7.808947988527086270e-01
3.906180219359136618e-01
3.730776695363977602e-01
2.509070022101022035e-01
5.750216785284845145e-01
4.310848735830825618e-01
7.239310076010350148e-01
3.230395872249341993e-02
1.627703154755150705e-01
4.239620182694263106e-01
2.410055993581255440e-01
1.000000000000000000e+00
1.708181142861160962e-01
3.830507798752664228e-01
5.783866912898183443e-01
8.608390959945433352e-02
5.058515234145222195e-02
1.758956035635744208e-01
1.108580349523795028e-01
1.264152379685824501e-01
3.878093964513615322e-01
1.666041005119315854e-01
6.329126849874604499e-01
2.144194193391897596e-01
3.901377605951512617e-01
5.564723284622057342e-01
1.360091225975828544e-01
3.731242100518573634e-01
4.090220935146698933e-02
7.789336885753939121e-01
1.000000000000000000e+00
2.843475791275918985e-01
3.886092073193571084e-01
1.000000000000000000e+00
0.000000000000000000e+00
1.165301556260835980e-01
2.157586451257766380e-01
3.098857240697039384e-02
7.787654084100072982e-01
1.187284639461074071e-01
1.424272876327006554e-01
2.729771013821495340e-01
3.955827377337609030e-01
2.797536475002493361e-01
9.095214128918988061e-02
9.598576024004692453e-01
2.432850649798685982e-01
4.058042179351639689e-01
1.392826726401379389e-01
2.422781747086869553e-01
4.018288332217228032e-01
7.381502204505178133e-01
6.305821438797500900e-01
7.156873497386413430e-01
3.657479665363290167e-01
0.000000000000000000e+00
1.182754756584656897e-01
3.433516023339397427e-01
2.447885993203011423e-01
1.000000000000000000e+00
5.839430325651027154e-01
5.331450261544380398e-01
5.234755425376049764e-01
9.573486652936636920e-01
7.799200461122779426e-01
3.867975220722798535e-01
3.582158036610222918e-01
2.620962994589537964e-01
5.657010992599477150e-01
4.274962399278865455e-01
7.198134153348066944e-01
3.164557705690040912e-02
1.645194994943040556e-01
2.416464870235102425e-01
1.000000000000000000e+00
1.757276434898250583e-01
5.811097345879141507e-01
8.853063024773000222e-02
4.260405716291809641e-02
1.092249973630189386e-01
1.343056502529219598e-01
3.889809191020822121e-01
6.317481878806857631e-01
2.150900944583603036e-01
1.376360684241556553e-01
3.788662264968898352e-01
1.000000000000000222e+00
2.820615745397243579e-01
0.000000000000000000e+00
1.176593966608137920e-01
7.581870302334117184e-01
4.013106233391398048e-01
2.440466097204283535e-01
3.835892403583376353e-01
5.844574077427937553e-01
4.173464107658114708e-01
4.118241355018895655e-01
5.784149826900013558e-01
6.084138215933013738e-01
3.120490202765189292e-01
2.564391356669527555e-01
4.812668279631874269e-01
0.000000000000000000e+00
2.402526067846321445e-01
4.548173185373550753e-01
2.596669279852460432e-01
1.000000000000000000e+00
1.278530247845104939e-01
2.596793919538455953e-01
3.102175451757276381e-01
2.568274401493323977e-01
9.999999999999998890e-01
0.000000000000000000e+00
6.230684727071097440e-01
5.141684848159207011e-01
9.548236699265764127e-01
7.808947988527086270e-01
3.906180219359136618e-01
3.730776695363977602e-01
2.509070022101022035e-01
5.750216785284845145e-01
4.310848735830825618e-01
7.239310076010350148e-01
3.230395872249341993e-02
1.627703154755150705e-01
4.239620182694263106e-01
2.410055993581255440e-01
1.000000000000000000e+00
1.708181142861160962e-01
3.830507798752664228e-01
5.783866912898183443e-01
8.608390959945433352e-02
5.058515234145222195e-02
1.758956035635744208e-01
1.108580349523795028e-01
1.264152379685824501e-01
3.878093964513615322e-01
1.666041005119315854e-01
6.329126849874604499e-01
2.144194193391897596e-01
3.901377605951512617e-01
5.564723284622057342e-01
1.360091225975828544e-01
3.731242100518573634e-01
4.090220935146698933e-02
7.789336885753939121e-01
1.000000000000000000e+00
2.843475791275918985e-01
3.886092073193571084e-01
1.000000000000000000e+00
0.000000000000000000e+00
1.165301556260835980e-01
2.157586451257766380e-01
3.098857240697039384e-02
7.787654084100072982e-01
1.187284639461074071e-01
1.424272876327006554e-01
2.729771013821495340e-01
3.955827377337609030e-01
2.797536475002493361e-01
9.095214128918988061e-02
9.598576024004692453e-01
2.432850649798685982e-01
4.058042179351639689e-01
1.392826726401379389e-01
2.422781747086869553e-01
4.018288332217228032e-01
7.381502204505178133e-01
6.305821438797500900e-01
7.156873497386413430e-01
3.657479665363290167e-01
0.000000000000000000e+00
1.182754756584656897e-01
3.433516023339397427e-01
2.447885993203011423e-01
1.000000000000000000e+00
5.839430325651027154e-01
5.331450261544380398e-01
6.084138215933013738e-01
3.120490202765189292e-01
2.564391356669527555e-01
4.812665566669525608e-01
0.000000000000000000e+00
2.402515673828306553e-01
4.548173185373550753e-01
2.596669279852460432e-01
1.000000000000000000e+00
1.278530247845104939e-01
2.596793447615682870e-01
3.102175451757276381e-01
2.568274401493323977e-01
9.999999999999998890e-01
0.000000000000000000e+00
6.230684727071097440e-01
5.425065082060883670e-01
6.449236874169359535e-01
5.600384392744308659e-01
4.233537068339366383e-01
6.006581609721433068e-01
2.677630138515320057e-01
3.281624557898625283e-01
5.803632056202958633e-01
1.000000000000000000e+00
1.978631948080424863e-01
2.710188169259922786e-01
6.629867745783357691e-01
2.989679699480035091e-01
1.000000000000000222e+00
6.022270286815480933e-01
5.365576998155121569e-01
4.106330038849770325e-01
8.533534926873127535e-01
7.862663371028366655e-01
4.077577298239829506e-01
9.959348538961185771e-01
2.103331693967137872e-01
2.665438171968633196e-01
7.232659587741696594e-01
7.401109430982841797e-01
2.905398448038334358e-01
2.048575971858594968e-01
8.534039059884159784e-01
4.047365809568621575e-01
7.171517696541478415e-01
1.000000000000000222e+00
4.011891643602549795e-01
4.717436103968287719e-01
6.945654845870157246e-01
6.879804875085864246e-01
4.950536607366683439e-01
5.831624209171657469e-01
3.099381757807164739e-01
3.108446277915433154e-01
6.678039779338966753e-01
6.127819686680937572e-01
3.285686708760248154e-01
3.127182223258156979e-01
6.852328748631801858e-01
5.404378458610146208e-01
6.037117332265558023e-01
5.674237708589888740e-01
4.668700955049810419e-01
4.953075821304128157e-01
6.985078524304455527e-01
7.655525429441865093e-01
4.806294988700980375e-01
6.676232695972768028e-01
3.093184734888563270e-01
3.001444538390852790e-01
7.386109794834627706e-01
6.508220458681948095e-01
3.137617838394224923e-01
3.065175637060898461e-01
6.933365626653125169e-01
4.971893087735935191e-01
6.242304580678785797e-01
6.449730399543684989e-01
4.909556406746355961e-01
4.373483489955133918e-01
8.384232423276218871e-01
9.437893328799749071e-01
4.410207837309944034e-01
8.369217333822349669e-01
2.681319942838838455e-01
2.761912150649741826e-01
8.939462753258720085e-01
9.298173390115800352e-01
2.726887066653964631e-01
2.693707750482915442e-01
8.785103343701330392e-01
4.464354213141434879e-01
9.185837360252071537e-01
8.052275507320647563e-01
4.277172560794501033e-01
5.141684848159208121e-01
9.548236699265763017e-01
7.808947988527088491e-01
3.906180219359136063e-01
3.730776695363977602e-01
2.509070022101021480e-01
5.750216785284846255e-01
4.310848735830826728e-01
7.239310076010350148e-01
3.230395872249347544e-02
1.627703154755150428e-01
4.239620182694262551e-01
2.410055993581255440e-01
1.000000000000000000e+00
1.708181142861161517e-01
3.830507798752664228e-01
5.783866912898183443e-01
8.608390959945438903e-02
5.058515234145224970e-02
1.758956035635744763e-01
1.108580349523794473e-01
1.264152379685824501e-01
3.878093964513615877e-01
1.666041005119316687e-01
6.329126849874604499e-01
2.144194193391897596e-01
3.901377605951512062e-01
5.564723284622055122e-01
1.360091225975828266e-01
3.731242100518573634e-01
4.090220935146693382e-02
7.789336885753936901e-01
1.000000000000000000e+00
2.843475791275917874e-01
3.886092073193572194e-01
1.000000000000000000e+00
0.000000000000000000e+00
1.165301556260836119e-01
2.157586451257766380e-01
3.098857240697039384e-02
7.787654084100072982e-01
1.187284639461073932e-01
1.424272876327006554e-01
2.729771013821495895e-01
3.955827377337609030e-01
2.797536475002493361e-01
9.095214128918988061e-02
9.598576024004692453e-01
2.432850649798685982e-01
4.058042179351638579e-01
1.392826726401379944e-01
2.422781747086869553e-01
4.018288332217229142e-01
7.381502204505179243e-01
6.305821438797502010e-01
7.156873497386413430e-01
3.657479665363289056e-01
0.000000000000000000e+00
1.182754756584657452e-01
3.433516023339396872e-01
2.447885993203010868e-01
1.000000000000000000e+00
5.839430325651027154e-01
5.331450261544380398e-01
