3.997699488304592430e-01
6.785601850823914649e-01
6.643633846595475845e-01
4.029978105039137004e-01
6.813729061347459925e-01
3.526454855679532763e-01
3.098138264311992573e-01
5.051723993723100659e-01
4.941913578059504708e-01
4.916700986482873126e-01
2.522728558685946032e-01
5.026322167025829568e-01
4.080630246693975893e-01
6.439783036731896448e-01
6.771344837634118985e-01
3.940026678972417540e-01
6.540895994763293864e-01
2.045708753333041474e-01
4.189458484865662968e-01
7.207671776851396483e-01
4.014441960054672687e-01
1.964692615382644392e-01
2.870709672513514499e-01
2.703362710816402115e-01
2.150109655363831584e-01
1.185147143163370331e-01
2.805280908224878633e-01
3.105107898605856676e-01
3.287696710740803385e-01
2.816015255885560009e-01
4.223599594396784118e-01
6.824964013929666340e-01
5.398419635369906544e-01
2.276952319356470578e-01
2.708527537652478667e-01
6.448886956531545422e-01
3.450041930361182896e-01
2.396511989749870730e-01
1.155378746839098997e-01
4.941168907828633050e-01
5.660584745133649953e-01
2.329958803862365868e-01
1.952223183387479244e-01
3.526125717599078446e-01
6.765074890537952079e-01
2.404234552435069727e-01
1.990322544661221049e-01
6.901795835529292988e-01
3.428613589206237489e-01
6.771119119110921014e-01
3.374820593045462780e-01
3.983500821940418324e-01
6.030504788033812513e-01
5.730182909834575788e-01
2.184812064025860034e-01
5.075266931013726612e-01
5.775610320034447742e-01
3.509661960474258491e-01
3.646748389449077643e-01
6.726738944864332215e-01
3.316841044090769186e-01
5.611512852218611958e-01
6.732775890826687704e-01
4.194929343168792846e-01
4.094431005967122950e-01
6.843884172763289309e-01
6.733762423033176070e-01
3.984564015167644802e-01
6.770237420329148215e-01
3.526287986297144683e-01
3.101640329272574159e-01
5.038926057196927433e-01
5.008521720217466999e-01
4.928947754310023521e-01
2.611920742114648974e-01
4.031714439670836536e-01
6.444278362160771323e-01
7.161871999521495225e-01
6.634932202967221970e-01
2.017872243276880306e-01
4.186640165517722112e-01
3.812752912210557454e-01
1.958547933005480024e-01
2.837789014644234720e-01
2.167449342851580085e-01
1.170239333776590118e-01
3.330997052836612848e-01
2.743226056181802264e-01
5.504328619774960796e-01
2.340289737580083518e-01
3.479931022509016314e-01
2.363942612321458248e-01
5.695847843141250699e-01
6.778714938389800437e-01
3.372000453355157856e-01
5.901650585057595100e-01
5.939633646479589579e-01
4.109545895004269589e-01
3.890821916582535289e-01
5.978349564614771072e-01
5.102638782350520374e-01
3.206997434317837570e-01
4.339952990328345139e-01
5.745237636184351571e-01
5.743705845905433538e-01
2.917600801527925336e-01
2.395551728077860154e-01
4.373404657934060191e-01
4.915538476633550813e-01
2.363143366955127167e-01
2.899544523969762588e-01
3.364943335846739547e-01
4.306811863450594746e-01
5.180486392050823730e-01
5.548325611710513972e-01
5.278413778608843643e-01
3.997699488304592430e-01
6.785601850823914649e-01
6.643633846595475845e-01
4.029978105039137004e-01
6.813729061347459925e-01
3.526454855679532763e-01
3.098138264311992573e-01
5.051723993723100659e-01
4.941913578059504708e-01
4.916700986482873126e-01
2.522728558685946032e-01
5.026322167025829568e-01
4.080630246693975893e-01
6.439783036731896448e-01
6.771344837634118985e-01
3.940026678972417540e-01
6.540895994763293864e-01
2.045708753333041474e-01
4.189458484865662968e-01
7.207671776851396483e-01
4.014441960054672687e-01
1.964692615382644392e-01
2.870709672513514499e-01
2.703362710816402115e-01
2.150109655363831584e-01
1.185147143163370331e-01
2.805280908224878633e-01
3.105107898605856676e-01
3.287696710740803385e-01
2.816015255885560009e-01
4.223599594396784118e-01
6.824964013929666340e-01
5.398419635369906544e-01
2.276952319356470578e-01
2.708527537652478667e-01
6.448886956531545422e-01
3.450041930361182896e-01
2.396511989749870730e-01
1.155378746839098997e-01
4.941168907828633050e-01
5.660584745133649953e-01
2.329958803862365868e-01
1.952223183387479244e-01
3.526125717599078446e-01
6.765074890537952079e-01
2.404234552435069727e-01
1.990322544661221049e-01
6.901795835529292988e-01
3.428613589206237489e-01
6.771119119110921014e-01
3.374820593045462780e-01
3.983500821940418324e-01
6.030504788033812513e-01
5.730182909834575788e-01
2.184812064025860034e-01
5.075266931013726612e-01
5.775610320034447742e-01
3.509661960474258491e-01
3.646748389449077643e-01
6.726738944864332215e-01
3.316841044090769186e-01
5.611512852218611958e-01
6.732775890826687704e-01
4.194929343168792846e-01
5.102638782350520374e-01
3.206997434317837570e-01
4.339952990328345139e-01
5.745235410953595245e-01
5.743705845905433538e-01
2.917588179148631333e-01
2.395551728077860154e-01
4.373404657934060191e-01
4.915538476633550813e-01
2.363143366955127167e-01
2.899543997027256848e-01
3.364943335846739547e-01
4.306811863450594746e-01
5.180486392050823730e-01
5.548325611710513972e-01
5.278413778608843643e-01
5.372704280888451756e-01
5.696757234529756797e-01
5.922979859668451308e-01
4.514439913274855276e-01
3.257215032054752157e-01
2.362600550468219318e-01
3.748076201538247942e-01
6.616908389783346944e-01
7.869346341138991896e-01
2.630275897147976161e-01
2.211266202773575495e-01
5.874390117530703392e-01
4.311312870943077580e-01
8.500205621933678568e-01
3.150150658419492711e-01
5.371557752477562619e-01
4.322665819298767698e-01
7.236842714517870423e-01
7.905004932132708717e-01
4.354694459274838225e-01
6.620553214533988484e-01
2.461075575151480399e-01
2.744791563183199279e-01
7.870003340099682720e-01
7.810562871352566550e-01
2.498958547489663340e-01
2.246451051749998040e-01
7.045350831420233995e-01
4.683336996839194688e-01
8.086555493718177168e-01
6.542786987355240225e-01
4.329377533198723871e-01
5.010975756826371308e-01
5.741229801210443462e-01
8.084334751650765760e-01
4.853054090335914283e-01
7.095360962823602513e-01
3.127696219599102045e-01
2.399553577398777227e-01
8.816602444443981668e-01
7.302462191776823985e-01
2.970062781919260431e-01
3.000731834398455145e-01
5.345171845523339904e-01
4.842676379076835680e-01
7.792983811204050593e-01
6.881089865137064443e-01
5.043691799897307426e-01
4.965301609237067204e-01
7.172494001327458513e-01
8.142740972982704939e-01
4.860736213646093540e-01
6.256835405585738918e-01
2.976115197320444716e-01
2.803724805571823353e-01
8.688211654312540944e-01
7.971161513327760240e-01
2.753898290914876257e-01
2.803837299095077729e-01
6.682194488629953355e-01
4.980902644619817354e-01
8.348670679654173199e-01
5.868071271065722350e-01
5.029336974246155778e-01
4.534484496274649445e-01
8.274996407556087785e-01
9.280021576973287445e-01
4.489514451310115950e-01
8.343636114556642891e-01
2.565407403919710561e-01
2.682581624642252915e-01
9.362938759613057549e-01
8.729394198959909978e-01
2.733751092814226125e-01
2.401717354485250200e-01
8.550724376366363177e-01
4.607522575716900270e-01
9.243063843197665275e-01
7.866888107644953720e-01
4.549442949864430652e-01
3.997699488304592985e-01
6.785601850823912429e-01
6.643633846595476955e-01
4.029978105039136449e-01
6.813729061347458815e-01
3.526454855679534428e-01
3.098138264311992573e-01
5.051723993723101769e-01
4.941913578059504708e-01
4.916700986482872571e-01
2.522728558685946032e-01
5.026322167025829568e-01
4.080630246693976448e-01
6.439783036731894228e-01
6.771344837634118985e-01
3.940026678972418650e-01
6.540895994763293864e-01
2.045708753333042584e-01
4.189458484865663523e-01
7.207671776851396483e-01
4.014441960054672132e-01
1.964692615382644947e-01
2.870709672513514499e-01
2.703362710816402670e-01
2.150109655363831862e-01
1.185147143163370054e-01
2.805280908224878633e-01
3.105107898605856120e-01
3.287696710740802830e-01
2.816015255885560009e-01
4.223599594396784673e-01
6.824964013929666340e-01
5.398419635369904324e-01
2.276952319356469745e-01
2.708527537652478667e-01
6.448886956531545422e-01
3.450041930361183451e-01
2.396511989749870453e-01
1.155378746839099136e-01
4.941168907828633605e-01
5.660584745133651063e-01
2.329958803862365591e-01
1.952223183387478966e-01
3.526125717599079001e-01
6.765074890537952079e-01
2.404234552435069727e-01
1.990322544661221604e-01
6.901795835529294099e-01
3.428613589206237489e-01
6.771119119110918794e-01
3.374820593045463335e-01
3.983500821940418324e-01
6.030504788033813623e-01
5.730182909834578009e-01
2.184812064025860590e-01
5.075266931013726612e-01
5.775610320034448852e-01
3.509661960474258491e-01
3.646748389449077088e-01
6.726738944864333325e-01
3.316841044090768631e-01
5.611512852218611958e-01
6.732775890826687704e-01
4.194929343168792846e-01
