4.970039945661575143e-01
7.523809125970113421e-01
6.178102700784630086e-01
4.524291122566300172e-01
7.040283575150289019e-01
1.495769509066812164e-01
4.143619035666000205e-01
3.502795268864101752e-01
3.227944068716407378e-01
5.274446968414774339e-01
9.798041098959503481e-02
3.426318315885845123e-01
3.846214411131883004e-01
6.423050780341390542e-01
7.656734866843930565e-01
4.432669034632982785e-01
7.686504248146723839e-01
2.215545968894297446e-01
2.101142676991068492e-01
8.159961535345068295e-01
2.998926767588636078e-01
1.264846961917421297e-01
2.942839567716887261e-01
1.196560627721297565e-01
3.522307895471757377e-01
2.550190628646236690e-01
2.892104831090631656e-01
4.143209593810532887e-01
2.278717034526438479e-01
1.888196230478539350e-01
2.125437756497185471e-01
6.326553089458468726e-01
5.528340261626696339e-01
2.281895631253172407e-01
1.769526533626138154e-01
6.325796021520562196e-01
4.461826171190309553e-01
2.542542167180169010e-01
2.533344957593173241e-01
5.224562408528909963e-01
4.446922766887672074e-01
2.515049795848632308e-01
1.324242741810022217e-01
1.568765035824810639e-01
4.029499843284206073e-01
2.282207226535964140e-01
2.151657856908705257e-01
7.842305230591541942e-01
3.396608498757998085e-01
4.043812079454468522e-01
2.282931166635956965e-01
3.795614428178937794e-01
5.248952297704818637e-01
4.481452574215705198e-01
3.552224315175260827e-01
3.378486850183138879e-01
4.923274709658311821e-01
4.440214852225560227e-01
2.826521145234812127e-01
6.975999195713706857e-01
3.306334162812292754e-01
5.826660948461994671e-01
7.915757555317191052e-01
5.296618935595027722e-01
5.130210835381644463e-01
7.683565180064059197e-01
6.251888670320178143e-01
4.478033559817587439e-01
7.008143910708259927e-01
1.532777437321444780e-01
4.143413301489002332e-01
3.464264685942048949e-01
3.303138090963702034e-01
5.249478577579743677e-01
1.086822423647798019e-01
3.820731515420510704e-01
6.375028411951961793e-01
8.106706764651104846e-01
7.798856360936063936e-01
2.183436494091756108e-01
2.086412844486761897e-01
2.882547778205852840e-01
1.294115993748662929e-01
2.917312249193906859e-01
3.537256176827762721e-01
2.541754431737412445e-01
2.280811447185197571e-01
1.807319547470685461e-01
5.676607960791315577e-01
2.282050685421104785e-01
4.450991847511698296e-01
2.529512164029786292e-01
4.464417883105525897e-01
4.042976300488385633e-01
3.350884271583243201e-01
5.084315825346957807e-01
5.972368044289788624e-01
4.036183985133385832e-01
3.852087513789987927e-01
6.057061670076182569e-01
5.781153043165063732e-01
2.327299855557316555e-01
1.704464030381972472e-01
6.028597783833110624e-01
5.640812680067479601e-01
2.161374583792615434e-01
3.478039549220507953e-01
2.066566603628420262e-01
4.461318364629455191e-01
3.377975416098281114e-01
2.195442192339014664e-01
2.485704402645543265e-01
3.683347562309161605e-01
4.715908964231622091e-01
5.471800028783266878e-01
6.043240786570157619e-01
4.970039945661575143e-01
7.523809125970113421e-01
6.178102700784630086e-01
4.524291122566300172e-01
7.040283575150289019e-01
1.495769509066812164e-01
4.143619035666000205e-01
3.502795268864101752e-01
3.227944068716407378e-01
5.274446968414774339e-01
9.798041098959503481e-02
3.426318315885845123e-01
3.846214411131883004e-01
6.423050780341390542e-01
7.656734866843930565e-01
4.432669034632982785e-01
7.686504248146723839e-01
2.215545968894297446e-01
2.101142676991068492e-01
8.159961535345068295e-01
2.998926767588636078e-01
1.264846961917421297e-01
2.942839567716887261e-01
1.196560627721297565e-01
3.522307895471757377e-01
2.550190628646236690e-01
2.892104831090631656e-01
4.143209593810532887e-01
2.278717034526438479e-01
1.888196230478539350e-01
2.125437756497185471e-01
6.326553089458468726e-01
5.528340261626696339e-01
2.281895631253172407e-01
1.769526533626138154e-01
6.325796021520562196e-01
4.461826171190309553e-01
2.542542167180169010e-01
2.533344957593173241e-01
5.224562408528909963e-01
4.446922766887672074e-01
2.515049795848632308e-01
1.324242741810022217e-01
1.568765035824810639e-01
4.029499843284206073e-01
2.282207226535964140e-01
2.151657856908705257e-01
7.842305230591541942e-01
3.396608498757998085e-01
4.043812079454468522e-01
2.282931166635956965e-01
3.795614428178937794e-01
5.248952297704818637e-01
4.481452574215705198e-01
3.552224315175260827e-01
3.378486850183138879e-01
4.923274709658311821e-01
4.440214852225560227e-01
2.826521145234812127e-01
6.975999195713706857e-01
3.306334162812292754e-01
5.826660948461994671e-01
7.915757555317191052e-01
5.296618935595027722e-01
5.781153043165063732e-01
2.327299855557316555e-01
1.704464030381972472e-01
6.028595706799046994e-01
5.640812680067479601e-01
2.161365233065202784e-01
3.478039549220507953e-01
2.066566603628420262e-01
4.461318364629455191e-01
3.377975416098281114e-01
2.195441793355036308e-01
2.485704402645543265e-01
3.683347562309161605e-01
4.715908964231622091e-01
5.471800028783266878e-01
6.043240786570157619e-01
5.646503725033800158e-01
4.885326053952800951e-01
5.460396148624973023e-01
4.564816214496011937e-01
5.173698731346103585e-01
2.710550416504572402e-01
3.071097322342524194e-01
6.178147763760828415e-01
6.316812476032178658e-01
2.724770659696277297e-01
2.626010822344952977e-01
5.097184525381130982e-01
4.078622727688797078e-01
6.931856922978114621e-01
5.148028528406782822e-01
5.719831329799220931e-01
4.601665488970896334e-01
5.502351052174987434e-01
9.370383653090290643e-01
4.195067424852680915e-01
5.612259381377298073e-01
2.733005732152259393e-01
2.216716825668284541e-01
9.226081064259956666e-01
8.847446610185534244e-01
2.199193059130276351e-01
2.558735195492563563e-01
5.590332284356740455e-01
4.421889718644188561e-01
9.343228872166409182e-01
5.557197845847474671e-01
4.646991601700279917e-01
5.216589455333588976e-01
5.250901945486696754e-01
8.441990482310806065e-01
4.730755234460368719e-01
5.976569278724359613e-01
3.111080651694214660e-01
2.429646637610657633e-01
9.060587133739792520e-01
7.543268951174537662e-01
2.876404675042115722e-01
3.031204285507146379e-01
4.968731388123028836e-01
4.842394011323533087e-01
8.031558949759418642e-01
5.709265841209729686e-01
5.328356340528036528e-01
4.957348615994063845e-01
6.770608068886074804e-01
7.886179764613125975e-01
5.040251369931010306e-01
6.084615417174195073e-01
2.937321323010562146e-01
2.791344435992919037e-01
8.356798568262160387e-01
8.455946428758305267e-01
2.628028146451404368e-01
2.812245483400319657e-01
6.466093789989586504e-01
5.005869566084815148e-01
8.899192601780105960e-01
5.727619981994012122e-01
5.089729921898428211e-01
4.498757123978538996e-01
7.748940850412082693e-01
9.868596948615677711e-01
4.594913719813957798e-01
7.715513465211902844e-01
2.586999746666952538e-01
2.506327854749185180e-01
1.000000000000000000e+00
8.855739703265168572e-01
2.647534013331470648e-01
2.471163367898057406e-01
8.066294769987412128e-01
4.811295104787357557e-01
9.342333568455505333e-01
7.436136868049105786e-01
4.577329781004869647e-01
4.970039945661576253e-01
7.523809125970114531e-01
6.178102700784630086e-01
4.524291122566299617e-01
7.040283575150287909e-01
1.495769509066812164e-01
4.143619035666000761e-01
3.502795268864101752e-01
3.227944068716406267e-01
5.274446968414775450e-01
9.798041098959506257e-02
3.426318315885845678e-01
3.846214411131883559e-01
6.423050780341389432e-01
7.656734866843930565e-01
4.432669034632983895e-01
7.686504248146726059e-01
2.215545968894298556e-01
2.101142676991068770e-01
8.159961535345068295e-01
2.998926767588635522e-01
1.264846961917421853e-01
2.942839567716887261e-01
1.196560627721298398e-01
3.522307895471757933e-01
2.550190628646236135e-01
2.892104831090632211e-01
4.143209593810532332e-01
2.278717034526438201e-01
1.888196230478539073e-01
2.125437756497185471e-01
6.326553089458468726e-01
5.528340261626696339e-01
2.281895631253171575e-01
1.769526533626137876e-01
6.325796021520559975e-01
4.461826171190310109e-01
2.542542167180169010e-01
2.533344957593173796e-01
5.224562408528909963e-01
4.446922766887672074e-01
2.515049795848631753e-01
1.324242741810022217e-01
1.568765035824810083e-01
4.029499843284207183e-01
2.282207226535964140e-01
2.151657856908704702e-01
7.842305230591544163e-01
3.396608498757998085e-01
4.043812079454467412e-01
2.282931166635956965e-01
3.795614428178937794e-01
5.248952297704819747e-01
4.481452574215706863e-01
3.552224315175260827e-01
3.378486850183138324e-01
4.923274709658311821e-01
4.440214852225561337e-01
2.826521145234812682e-01
6.975999195713707968e-01
3.306334162812292754e-01
5.826660948461994671e-01
7.915757555317191052e-01
5.296618935595027722e-01
