5.062288641441726744e-01
8.123819674974783744e-01
6.592548374648554699e-01
4.988976588254551703e-01
8.257163188488180205e-01
1.767235738056863181e-01
3.968912931870736682e-01
4.685740696364245617e-01
4.347364155362112292e-01
4.778805899576498706e-01
1.198500200000243709e-01
4.599710617324283546e-01
4.158575351596230929e-01
6.325276343899022269e-01
7.849877333759336384e-01
4.820747336160213226e-01
7.883376504205861224e-01
2.283809134716965894e-01
1.785729687820818978e-01
8.182466431276373964e-01
2.334499314132242875e-01
1.025475364241533321e-01
1.994047339138992347e-01
1.287813270813591982e-01
3.375562769051950185e-01
1.698067263411138506e-01
1.977708417702666310e-01
3.957499149100318636e-01
3.443225871947148131e-01
2.377533542588332605e-01
1.836720296302717936e-01
6.469554307326339515e-01
5.830441748381309797e-01
2.313835581547477038e-01
2.418381388122927411e-01
6.233379915825159046e-01
3.236572920492781780e-01
1.544426825357464172e-01
1.692235138544727624e-01
4.741519848534520576e-01
3.873629577246684441e-01
1.523972521770112221e-01
1.095429946009893185e-01
1.956577218955722341e-01
5.858116621245539335e-01
2.289288359952003360e-01
2.274915919622887417e-01
8.247551487636999301e-01
4.026277170629081747e-01
5.742345503984932487e-01
3.458230550135386605e-01
4.079247827988346509e-01
6.427800639635359303e-01
3.769871644000503119e-01
3.411493759623182020e-01
4.283876114619353803e-01
6.298391085728654026e-01
3.233430058682914554e-01
2.240518828570559617e-01
8.023390241983832105e-01
3.854675149461430639e-01
5.861584013107938862e-01
8.033115579213077062e-01
5.235176042025407872e-01
5.147081385697934719e-01
8.185882933739917489e-01
6.531415247375782496e-01
4.904042099634444707e-01
8.140285898513148766e-01
1.863229783883280644e-01
3.963177794699599965e-01
4.642397061907699296e-01
4.315652763414016269e-01
4.760143357554657007e-01
1.241518516409450545e-01
4.118624843845646311e-01
6.279899807304389903e-01
8.220052592728473995e-01
7.956760402793080500e-01
2.279339500897745729e-01
1.783088737077279107e-01
2.249144003969282268e-01
1.059947558801847683e-01
1.985826367087839550e-01
3.393516339759337641e-01
1.695146575145594636e-01
3.450683157841690774e-01
2.375640427607528249e-01
5.845919695910781755e-01
2.301620540981208496e-01
3.234997321049694063e-01
1.534637678964045626e-01
3.821058849486134168e-01
5.809471247185856724e-01
3.939360222225984365e-01
6.362381546561129975e-01
6.683066001061663819e-01
3.353067509849559924e-01
3.246423453130400372e-01
6.626326306576486580e-01
6.115349269816806599e-01
3.558454575453049440e-01
2.722152448992177787e-01
6.373602763270000970e-01
5.608674962564392796e-01
1.614080616941829527e-01
2.784354849896865658e-01
2.779588014058730350e-01
4.965284191024234017e-01
2.288594862728481893e-01
1.698437407067373284e-01
3.677042866615822803e-01
4.480230482184910379e-01
4.976539318312601656e-01
5.511574288641118979e-01
6.222952854973367032e-01
5.062288641441726744e-01
8.123819674974783744e-01
6.592548374648554699e-01
4.988976588254551703e-01
8.257163188488180205e-01
1.767235738056863181e-01
3.968912931870736682e-01
4.685740696364245617e-01
4.347364155362112292e-01
4.778805899576498706e-01
1.198500200000243709e-01
4.599710617324283546e-01
4.158575351596230929e-01
6.325276343899022269e-01
7.849877333759336384e-01
4.820747336160213226e-01
7.883376504205861224e-01
2.283809134716965894e-01
1.785729687820818978e-01
8.182466431276373964e-01
2.334499314132242875e-01
1.025475364241533321e-01
1.994047339138992347e-01
1.287813270813591982e-01
3.375562769051950185e-01
1.698067263411138506e-01
1.977708417702666310e-01
3.957499149100318636e-01
3.443225871947148131e-01
2.377533542588332605e-01
1.836720296302717936e-01
6.469554307326339515e-01
5.830441748381309797e-01
2.313835581547477038e-01
2.418381388122927411e-01
6.233379915825159046e-01
3.236572920492781780e-01
1.544426825357464172e-01
1.692235138544727624e-01
4.741519848534520576e-01
3.873629577246684441e-01
1.523972521770112221e-01
1.095429946009893185e-01
1.956577218955722341e-01
5.858116621245539335e-01
2.289288359952003360e-01
2.274915919622887417e-01
8.247551487636999301e-01
4.026277170629081747e-01
5.742345503984932487e-01
3.458230550135386605e-01
4.079247827988346509e-01
6.427800639635359303e-01
3.769871644000503119e-01
3.411493759623182020e-01
4.283876114619353803e-01
6.298391085728654026e-01
3.233430058682914554e-01
2.240518828570559617e-01
8.023390241983832105e-01
3.854675149461430639e-01
5.861584013107938862e-01
8.033115579213077062e-01
5.235176042025407872e-01
6.115349269816806599e-01
3.558454575453049440e-01
2.722152448992177787e-01
6.373600866672735066e-01
5.608674962564392796e-01
1.614073633965354970e-01
2.784354849896865658e-01
2.779588014058730350e-01
4.965284191024234017e-01
2.288594862728481893e-01
1.698437098405493617e-01
3.677042866615822803e-01
4.480230482184910379e-01
4.976539318312601656e-01
5.511574288641118979e-01
6.222952854973367032e-01
6.139968234868821151e-01
5.087517250362230126e-01
5.911282764648384536e-01
5.209183556075476229e-01
5.539049758858922701e-01
2.182468191026794846e-01
2.200265395046234196e-01
6.208482843116953642e-01
6.137622876677051309e-01
2.019887806059112445e-01
2.144307779241111100e-01
5.278242580500287495e-01
4.906449023710662272e-01
6.306665178293233698e-01
5.503607240561383396e-01
6.056520985250981592e-01
5.298695473769667874e-01
5.528395397145720036e-01
9.493001433274517176e-01
4.880334518529736432e-01
5.489376795220703986e-01
2.025075397464815297e-01
1.714590574042310078e-01
8.888025905423388995e-01
8.159548028563061717e-01
1.844744759741785145e-01
1.950358269015414758e-01
5.407438134975885990e-01
5.316339191411891818e-01
8.139430830826999141e-01
5.223398580832816496e-01
5.220899143000811149e-01
6.018597973343003948e-01
5.088173721332012178e-01
8.517906143277729214e-01
5.307120163846267280e-01
5.459595355575204145e-01
2.431770719861468255e-01
1.912465636805491254e-01
8.557984386991517312e-01
6.814126331068326436e-01
2.367319012837827141e-01
2.451203384588538925e-01
4.584490407740475781e-01
5.597426051566374294e-01
6.781428503949589182e-01
5.016134470449387095e-01
5.995625615871593705e-01
5.717387627756176371e-01
6.432278353300433515e-01
7.276735716482649607e-01
5.784773886209750859e-01
5.564861201607640417e-01
2.320149932420836614e-01
2.269932311351646192e-01
7.235082131525460980e-01
8.366012476214601534e-01
2.110564088716694875e-01
2.260939573085291032e-01
5.880034144955024189e-01
5.741374398317682370e-01
8.046611055422485670e-01
5.179191734202817088e-01
5.708123896912554729e-01
5.300847770205781018e-01
7.436348554097700347e-01
9.427167424090727721e-01
5.379725847727210297e-01
7.655719561218121694e-01
2.022426970314833983e-01
1.941850325543830746e-01
8.945390979211604865e-01
8.580432018572548003e-01
2.089968024039951799e-01
1.970897490092261284e-01
7.687460771675207472e-01
5.516779648618403975e-01
8.505252402252663213e-01
7.234309129764029400e-01
5.223087110586079884e-01
5.062288641441727854e-01
8.123819674974782634e-01
6.592548374648556919e-01
4.988976588254550593e-01
8.257163188488180205e-01
1.767235738056863181e-01
3.968912931870737237e-01
4.685740696364246727e-01
4.347364155362113403e-01
4.778805899576499261e-01
1.198500200000243432e-01
4.599710617324284101e-01
4.158575351596231484e-01
6.325276343899021159e-01
7.849877333759338605e-01
4.820747336160213781e-01
7.883376504205861224e-01
2.283809134716967004e-01
1.785729687820819256e-01
8.182466431276373964e-01
2.334499314132242320e-01
1.025475364241533599e-01
1.994047339138992070e-01
1.287813270813592814e-01
3.375562769051950185e-01
1.698067263411138228e-01
1.977708417702666033e-01
3.957499149100318081e-01
3.443225871947147576e-01
2.377533542588332327e-01
1.836720296302717936e-01
6.469554307326337295e-01
5.830441748381309797e-01
2.313835581547476761e-01
2.418381388122927134e-01
6.233379915825159046e-01
3.236572920492782335e-01
1.544426825357464450e-01
1.692235138544727902e-01
4.741519848534521131e-01
3.873629577246684441e-01
1.523972521770112498e-01
1.095429946009893185e-01
1.956577218955722341e-01
5.858116621245539335e-01
2.289288359952003360e-01
2.274915919622887972e-01
8.247551487636999301e-01
4.026277170629082303e-01
5.742345503984931376e-01
3.458230550135387160e-01
4.079247827988345954e-01
6.427800639635360413e-01
3.769871644000503674e-01
3.411493759623182020e-01
4.283876114619354358e-01
6.298391085728652916e-01
3.233430058682914554e-01
2.240518828570560173e-01
8.023390241983830995e-01
3.854675149461430639e-01
5.861584013107938862e-01
8.033115579213077062e-01
5.235176042025407872e-01
