2.144185151762720287e-01
6.709555187866131920e-01
2.120466608196917568e-01
2.218629029195827440e-01
5.529687942699503811e-01
6.380581134212215400e-01
5.266854095920587842e-01
3.289590178412532540e-01
1.968101547961065845e-01
7.286275644749542479e-01
1.754409221085500015e-01
3.225365858754420390e-01
2.148627670825469516e-01
6.345054129550835587e-01
4.952218436130136348e-01
2.160935123211484010e-01
4.578138771244240623e-01
5.466242045931637428e-01
7.866472616648709781e-01
5.457406120072838540e-01
6.354015393066356765e-01
2.115743581160498543e-01
4.949468723637071577e-01
1.910466330780015709e-01
3.844622092463184648e-01
4.466047296913178144e-01
4.834452502256582629e-01
5.231351928403639162e-01
1.418149452749836725e-01
1.787264028691012419e-01
7.914077643801920026e-01
2.139757028867693700e-01
2.921017234643439875e-01
3.876891775301967713e-01
1.728649629252485276e-01
6.204166284787588914e-01
5.852524039238879983e-01
5.428324435714874108e-01
4.413436364707560844e-01
7.112244751429277478e-01
3.237521607657517508e-01
5.313594444106805037e-01
2.137103036194570316e-01
6.231905938313537785e-01
4.548051356355779506e-01
3.947529054221422529e-01
5.294465991872876476e-01
6.712879923877551613e-01
1.730847741372096016e-01
4.616232160955422437e-01
1.434138046630997199e-01
2.075608944509123310e-01
5.766575602154189184e-01
3.276050300122137493e-01
3.857040672505046564e-01
1.902023409026602496e-01
5.335805097696739718e-01
5.843719422150869258e-01
5.947973703577222881e-01
5.237818404897605085e-01
1.663238993628309292e-01
3.020309533716735717e-01
4.602893165636642858e-01
2.234519178486104596e-01
2.188489537158820608e-01
6.711222858830959703e-01
2.130054743362188030e-01
2.189500905874391945e-01
5.383764639277752728e-01
6.305204447072154661e-01
5.249015154644248726e-01
3.257232711517861201e-01
1.935096438046872147e-01
7.199169105737630581e-01
1.831087412284302940e-01
2.111854366189636345e-01
6.275486654757362892e-01
5.323932164662240618e-01
4.590270367272815122e-01
5.379909257122295063e-01
7.882719238138967688e-01
6.162560840980634280e-01
2.126269086009843767e-01
4.891598004013194001e-01
3.850827261074523111e-01
4.439700101705262303e-01
1.426095742175557124e-01
1.735309068210559857e-01
2.970366278736015775e-01
3.912041872600595660e-01
5.848110052681496640e-01
5.372532839900716617e-01
3.257042827280519637e-01
4.589255787675006193e-01
1.696603703922772155e-01
5.548812578683367525e-01
3.483321953176217178e-01
6.629364283100459554e-01
6.409509826118217068e-01
3.430205256277107928e-01
2.870158000079587324e-01
5.377490285832786654e-01
2.447232894324050667e-01
3.722332470058234977e-01
7.672587762739464523e-01
3.943240254046516124e-01
5.114439835625642639e-01
2.542348156384809377e-01
3.706461185137225334e-01
5.908757084881356425e-01
3.942823669535976405e-01
5.301991526893026219e-01
2.205532523087151975e-01
3.860947561549973317e-01
7.186902872559617350e-01
2.935815701650368315e-01
2.144185151762720287e-01
6.709555187866131920e-01
2.120466608196917568e-01
2.218629029195827440e-01
5.529687942699503811e-01
6.380581134212215400e-01
5.266854095920587842e-01
3.289590178412532540e-01
1.968101547961065845e-01
7.286275644749542479e-01
1.754409221085500015e-01
3.225365858754420390e-01
2.148627670825469516e-01
6.345054129550835587e-01
4.952218436130136348e-01
2.160935123211484010e-01
4.578138771244240623e-01
5.466242045931637428e-01
7.866472616648709781e-01
5.457406120072838540e-01
6.354015393066356765e-01
2.115743581160498543e-01
4.949468723637071577e-01
1.910466330780015709e-01
3.844622092463184648e-01
4.466047296913178144e-01
4.834452502256582629e-01
5.231351928403639162e-01
1.418149452749836725e-01
1.787264028691012419e-01
7.914077643801920026e-01
2.139757028867693700e-01
2.921017234643439875e-01
3.876891775301967713e-01
1.728649629252485276e-01
6.204166284787588914e-01
5.852524039238879983e-01
5.428324435714874108e-01
4.413436364707560844e-01
7.112244751429277478e-01
3.237521607657517508e-01
5.313594444106805037e-01
2.137103036194570316e-01
6.231905938313537785e-01
4.548051356355779506e-01
3.947529054221422529e-01
5.294465991872876476e-01
6.712879923877551613e-01
1.730847741372096016e-01
4.616232160955422437e-01
1.434138046630997199e-01
2.075608944509123310e-01
5.766575602154189184e-01
3.276050300122137493e-01
3.857040672505046564e-01
1.902023409026602496e-01
5.335805097696739718e-01
5.843719422150869258e-01
5.947973703577222881e-01
5.237818404897605085e-01
1.663238993628309292e-01
3.020309533716735717e-01
4.602893165636642858e-01
2.234519178486104596e-01
2.870158000079587324e-01
5.377490285832786654e-01
2.447232894324050667e-01
3.722329186852809113e-01
7.672587762739464523e-01
3.943223194456284553e-01
5.114439835625642639e-01
2.542348156384809377e-01
3.706461185137225334e-01
5.908757084881356425e-01
3.942822952995372332e-01
5.301991526893026219e-01
2.205532523087151975e-01
3.860947561549973317e-01
7.186902872559617350e-01
2.935815701650368315e-01
2.919025422784005119e-01
9.289902813949024729e-01
3.030189994130336739e-01
2.552907122593123801e-01
4.446971841192555175e-01
4.824008829357057104e-01
6.737926146675130568e-01
3.743461045646092611e-01
4.126966755155385691e-01
5.438624871304337249e-01
4.716666987828411761e-01
9.060963756219622134e-01
2.819029500775854791e-01
4.617452845023317654e-01
4.130874493890799304e-01
2.850562812727095996e-01
2.237285286999123046e-01
6.159407432665324755e-01
7.532537339500242624e-01
1.845498955826207765e-01
5.035758387471878095e-01
5.624938596220820930e-01
4.883874091055636080e-01
7.212378108600068227e-01
8.329042223062865791e-01
4.316474777506831284e-01
5.349240551583779313e-01
5.960118855648033342e-01
2.119881618281753699e-01
8.529251566533515572e-01
4.711520223154492815e-01
2.156682074198847110e-01
2.602935808693816466e-01
7.707231204766245014e-01
5.389988763225326274e-01
2.608698933444845158e-01
8.817849918207243398e-01
5.817089370892298827e-01
4.970318667914322974e-01
5.770150861669209874e-01
7.657167881857640523e-01
5.399219887079709235e-01
5.637692001809050391e-01
7.143488738776215818e-01
2.268605485897507434e-01
7.929632007411677730e-01
8.368100470046897499e-01
2.570824422739608206e-01
2.457237365574408972e-01
8.187237344325986044e-01
8.338928524941549014e-01
2.520239544322172565e-01
6.937457112445373220e-01
5.465141014736346614e-01
5.710506945679428847e-01
8.604927850496313368e-01
8.073932887979582418e-01
5.055544065732633374e-01
5.252190346085741091e-01
7.424752651530397429e-01
2.582836559093507067e-01
8.124746770181676681e-01
6.328891356023276238e-01
2.452712423140624709e-01
2.272559330219052209e-01
7.446693838862274983e-01
7.632816972266613931e-01
2.207386343923734284e-01
7.429342966894740830e-01
5.130851083194285511e-01
5.530533463178861631e-01
7.534636109802579362e-01
7.917572407329065420e-01
5.431432184346931535e-01
4.953114575341230896e-01
7.320027427924504781e-01
2.176670826535899439e-01
8.068478853304112963e-01
6.712486517922577889e-01
2.230044045879671089e-01
2.144185151762720565e-01
6.709555187866130810e-01
2.120466608196917846e-01
2.218629029195827163e-01
5.529687942699502701e-01
6.380581134212215400e-01
5.266854095920588952e-01
3.289590178412532540e-01
1.968101547961066400e-01
7.286275644749543590e-01
1.754409221085499737e-01
3.225365858754420945e-01
2.148627670825469516e-01
6.345054129550834476e-01
4.952218436130138013e-01
2.160935123211484288e-01
4.578138771244240623e-01
5.466242045931637428e-01
7.866472616648709781e-01
5.457406120072838540e-01
6.354015393066356765e-01
2.115743581160498543e-01
4.949468723637071577e-01
1.910466330780015987e-01
3.844622092463185203e-01
4.466047296913178144e-01
4.834452502256582074e-01
5.231351928403638052e-01
1.418149452749836448e-01
1.787264028691012696e-01
7.914077643801922246e-01
2.139757028867693700e-01
2.921017234643439875e-01
3.876891775301966048e-01
1.728649629252484998e-01
6.204166284787588914e-01
5.852524039238879983e-01
5.428324435714874108e-01
4.413436364707561954e-01
7.112244751429279699e-01
3.237521607657517508e-01
5.313594444106803927e-01
2.137103036194570593e-01
6.231905938313536675e-01
4.548051356355779506e-01
3.947529054221422529e-01
5.294465991872876476e-01
6.712879923877550503e-01
1.730847741372096016e-01
4.616232160955421326e-01
1.434138046630997199e-01
2.075608944509123588e-01
5.766575602154190294e-01
3.276050300122138048e-01
3.857040672505046564e-01
1.902023409026602496e-01
5.335805097696738608e-01
5.843719422150869258e-01
5.947973703577222881e-01
5.237818404897603974e-01
1.663238993628309015e-01
3.020309533716734607e-01
4.602893165636643968e-01
2.234519178486104596e-01
