6.468119378554352261e-01
6.356495532855945818e-01
7.337875798679571737e-01
7.009838257006305584e-01
8.193541904540911913e-01
1.306677434554343598e-01
4.689280265446908735e-02
9.054009528175908095e-01
7.676575505559535273e-01
1.806250006408195996e-01
1.113658140000700625e-01
8.818648433905311723e-01
9.415952020725844029e-01
5.324634147502782522e-01
6.869464683275974259e-01
6.899675702083993833e-01
6.631997854418669736e-01
8.808992244141128358e-02
1.441777077248415084e-01
7.328694821897352440e-01
1.556398319672643304e-01
2.918794498446065921e-02
1.046510487645506936e-02
1.247210869832679481e-01
2.773160671604837924e-02
1.059147774254861826e-02
9.762273900036722366e-03
4.438494062298020681e-02
8.373355610887133205e-01
1.749301662553596759e-01
1.320795086085469472e-01
7.566033670485847740e-01
4.248764936958183136e-01
6.265787910672118710e-02
1.676313942327481155e-01
5.159194446979422644e-01
1.220027654329974842e-01
1.510067642085825140e-02
9.227054755624276849e-03
1.782872283557958570e-01
2.125709822879077449e-01
1.273490030634398529e-02
3.405270173811630191e-02
1.314933077888649215e-01
9.113100350367686620e-01
6.401593902047739149e-02
8.062278836941044746e-02
6.265663894539912349e-01
7.542492261814242038e-01
9.266143535276425425e-01
8.345428153997117571e-01
9.335943085793210194e-01
5.471341323899132636e-01
2.106597153032756520e-01
2.781111626124915456e-02
7.861964437787771764e-01
5.098036013923719079e-01
1.189778476096995941e-01
1.314251298061843154e-01
7.885296007265056861e-01
7.388614963933541890e-01
4.425693822894553597e-01
6.693886906304569173e-01
6.758904905738097879e-01
6.610735339906399499e-01
6.310934837093257199e-01
7.451279676761568549e-01
6.954220104093373767e-01
8.039431064692923457e-01
1.310862954815396053e-01
4.563266541108720875e-02
8.935430010997749140e-01
7.769174694697361661e-01
1.794548908467404891e-01
1.178890991531589272e-01
9.375658344208951389e-01
5.242943479188997280e-01
7.274336639433330864e-01
6.662328347024123465e-01
8.433702153574396121e-02
1.353228018823946499e-01
1.386790584929296077e-01
3.158519813159434142e-02
1.011147358957137365e-02
2.777133510146109069e-02
9.908184037693418267e-03
8.359475737708675913e-01
1.690247389544513035e-01
4.336699967920444876e-01
6.333366870162232543e-02
1.204862944183284212e-01
1.392378520788491864e-02
2.116026062497264049e-01
9.203870378852937462e-01
7.464552939950205301e-01
5.282628094611662162e-01
9.153520735198850122e-01
8.801537364650879880e-02
6.774375296979950889e-02
9.163525690964786641e-01
7.474314486596599361e-01
2.161261224465453878e-01
4.826058685841730922e-01
9.363945770364193733e-01
3.550620296671436193e-01
4.424788896321057985e-02
2.152461870913644632e-02
4.813313571304994598e-01
2.258776887882641971e-01
1.962693508163426692e-02
4.706222594427250661e-02
2.059633414835848608e-01
9.381983188487090786e-01
2.422249788095846013e-01
3.284774489930097907e-01
7.714124280102488962e-01
6.468119378554352261e-01
6.356495532855945818e-01
7.337875798679571737e-01
7.009838257006305584e-01
8.193541904540911913e-01
1.306677434554343598e-01
4.689280265446908735e-02
9.054009528175908095e-01
7.676575505559535273e-01
1.806250006408195996e-01
1.113658140000700625e-01
8.818648433905311723e-01
9.415952020725844029e-01
5.324634147502782522e-01
6.869464683275974259e-01
6.899675702083993833e-01
6.631997854418669736e-01
8.808992244141128358e-02
1.441777077248415084e-01
7.328694821897352440e-01
1.556398319672643304e-01
2.918794498446065921e-02
1.046510487645506936e-02
1.247210869832679481e-01
2.773160671604837924e-02
1.059147774254861826e-02
9.762273900036722366e-03
4.438494062298020681e-02
8.373355610887133205e-01
1.749301662553596759e-01
1.320795086085469472e-01
7.566033670485847740e-01
4.248764936958183136e-01
6.265787910672118710e-02
1.676313942327481155e-01
5.159194446979422644e-01
1.220027654329974842e-01
1.510067642085825140e-02
9.227054755624276849e-03
1.782872283557958570e-01
2.125709822879077449e-01
1.273490030634398529e-02
3.405270173811630191e-02
1.314933077888649215e-01
9.113100350367686620e-01
6.401593902047739149e-02
8.062278836941044746e-02
6.265663894539912349e-01
7.542492261814242038e-01
9.266143535276425425e-01
8.345428153997117571e-01
9.335943085793210194e-01
5.471341323899132636e-01
2.106597153032756520e-01
2.781111626124915456e-02
7.861964437787771764e-01
5.098036013923719079e-01
1.189778476096995941e-01
1.314251298061843154e-01
7.885296007265056861e-01
7.388614963933541890e-01
4.425693822894553597e-01
6.693886906304569173e-01
6.758904905738097879e-01
7.474314486596599361e-01
2.161261224465453878e-01
4.826058685841730922e-01
9.363945437709324526e-01
3.550620296671436193e-01
4.424769753413052009e-02
2.152461870913644632e-02
4.813313571304994598e-01
2.258776887882641971e-01
1.962693508163426692e-02
4.706221739151980610e-02
2.059633414835848608e-01
9.381983188487090786e-01
2.422249788095846013e-01
3.284774489930097907e-01
7.714124280102488962e-01
9.425985632563674832e-01
8.310197857267831445e-02
2.625503096957064741e-01
7.984206605741976936e-01
2.351163232018480542e-01
4.491515044553726077e-02
5.032516403274181482e-02
3.310030625490818501e-01
3.309172857841466975e-01
3.276204059403445279e-02
3.543492760358932236e-02
7.438827669001213394e-02
7.566919279348927052e-01
3.785431096201348211e-01
2.044378664544537205e-01
9.422523172269103853e-01
7.922166757715735086e-01
2.277240053674645104e-01
3.726019722414484203e-01
9.372490363306839045e-01
2.284602188081388263e-01
5.680800766084470599e-02
2.226781806068553471e-02
3.655698089427803499e-01
3.431418386254243558e-01
1.994262361852061627e-02
4.193593874325957094e-02
2.127705733057820847e-01
9.387715500656285128e-01
3.625724505145655474e-01
2.019707990336556680e-01
7.880660797489091873e-01
8.697474542337635395e-01
2.162904329328578790e-01
3.559008788144639723e-01
8.836049547487556666e-01
2.123655347317559006e-01
5.346663815383725926e-02
2.635808083830717963e-02
3.864551009035972484e-01
1.119516738643868692e-01
5.425657198683558891e-02
5.216564045590992016e-02
1.463989319027647618e-01
9.190838775250854686e-01
1.935341709651867692e-01
1.205762209013041542e-01
8.726160406455695240e-01
8.765066933468524946e-01
2.902223978034279561e-01
1.386644967079737611e-01
8.992819629387824865e-01
2.171618372346468817e-01
4.896811472470052884e-02
5.444717430462789332e-02
2.056444095318599175e-01
4.399558674930146296e-01
3.267564665209099495e-02
3.968040171096859359e-02
1.634206698235227684e-01
8.837033996407648306e-01
4.447296377857545835e-01
1.448440936832309234e-01
8.848001740433532047e-01
8.726662392046353744e-01
2.593001331634234852e-01
4.107343242082159840e-01
8.891878926548060225e-01
2.811583690656627166e-01
5.631588281787477945e-02
2.708483821224508259e-02
4.333205828711976793e-01
4.287638228158185960e-01
3.505357326279812114e-02
4.480747940291684994e-02
2.379186966201272124e-01
8.818792502878736173e-01
4.475347929017476911e-01
2.478981674054263618e-01
8.723930501092872491e-01
6.468119378554353371e-01
6.356495532855945818e-01
7.337875798679572847e-01
7.009838257006305584e-01
8.193541904540910803e-01
1.306677434554344153e-01
4.689280265446908735e-02
9.054009528175911425e-01
7.676575505559537493e-01
1.806250006408196551e-01
1.113658140000700902e-01
8.818648433905312833e-01
9.415952020725844029e-01
5.324634147502781412e-01
6.869464683275976480e-01
6.899675702083994944e-01
6.631997854418669736e-01
8.808992244141133909e-02
1.441777077248415362e-01
7.328694821897350220e-01
1.556398319672642749e-01
2.918794498446065921e-02
1.046510487645506936e-02
1.247210869832679758e-01
2.773160671604837924e-02
1.059147774254861479e-02
9.762273900036722366e-03
4.438494062298019294e-02
8.373355610887132094e-01
1.749301662553597037e-01
1.320795086085468917e-01
7.566033670485845519e-01
4.248764936958183136e-01
6.265787910672118710e-02
1.676313942327481432e-01
5.159194446979423754e-01
1.220027654329974842e-01
1.510067642085824446e-02
9.227054755624280319e-03
1.782872283557959125e-01
2.125709822879078004e-01
1.273490030634397835e-02
3.405270173811630191e-02
1.314933077888648660e-01
9.113100350367686620e-01
6.401593902047736373e-02
8.062278836941044746e-02
6.265663894539912349e-01
7.542492261814243149e-01
9.266143535276423204e-01
8.345428153997119791e-01
9.335943085793210194e-01
5.471341323899133746e-01
2.106597153032757075e-01
2.781111626124915803e-02
7.861964437787769544e-01
5.098036013923720189e-01
1.189778476096995941e-01
1.314251298061843709e-01
7.885296007265056861e-01
7.388614963933541890e-01
4.425693822894552487e-01
6.693886906304569173e-01
6.758904905738097879e-01
