6.746363173166769478e-01
5.519506097612689732e-01
7.367124326951828284e-01
7.189449779678355190e-01
6.697546344886469161e-01
1.092413084301060433e-01
3.872439473902850038e-02
7.675137438079940866e-01
7.257545969259520113e-01
2.523362750054360393e-01
1.731738988959095060e-01
7.465369052705961295e-01
9.966360690461499861e-01
5.118056309893492806e-01
6.039751770661379027e-01
7.193625373251730792e-01
4.830522538662230247e-01
3.102831670405103992e-02
1.126341183742266550e-01
6.889086991558486250e-01
1.058796247832256010e-01
4.767913442973453764e-02
2.076168473185535657e-02
1.982743475341797179e-01
1.965745185239868575e-02
1.399401368659996744e-02
2.084733286785975942e-02
3.824615723143935664e-02
9.196467346709926716e-01
1.589156084819478010e-01
1.218906902690281568e-01
7.908361255856455330e-01
4.260698607581169806e-01
6.243817207696761296e-03
1.475419032412807196e-01
4.773465418514457048e-01
9.869795902446804048e-02
3.475719121227110325e-02
1.383388648103166252e-02
2.443408518615744485e-01
2.629539509810029374e-01
3.171112277690418813e-02
5.308078378195087849e-02
1.073129572465160164e-01
8.260767710718399659e-01
1.185772910087690146e-02
2.782242529197920256e-02
5.539867300999004041e-01
8.336909095841794626e-01
8.385168409483894081e-01
9.053095293547422928e-01
9.941127313583996150e-01
3.640221871603323001e-01
2.697801834679612321e-01
2.025553823067042722e-02
8.051279419788619496e-01
3.395836615351491838e-01
9.712903514568099750e-02
8.037232584704129268e-02
6.636070421550646081e-01
8.167900972651480629e-01
4.730456116290046586e-01
5.114173301663367255e-01
7.377837935266126079e-01
7.056070403573211358e-01
5.529719175456978553e-01
7.636141416798682968e-01
7.191557926153625546e-01
6.666810798170546004e-01
1.082636556146311380e-01
3.848409248678003047e-02
7.569452027608956080e-01
7.654004770910513011e-01
2.483343784185130243e-01
1.856127919296050588e-01
9.953652790697717911e-01
4.947904525753739624e-01
6.615679017202976686e-01
4.969533674033941306e-01
2.941707031851353848e-02
1.141958728966742109e-01
8.764197635012827003e-02
5.034095732552117120e-02
2.080477882071975551e-02
1.995629655193848634e-02
1.391382307665758183e-02
9.125211810516004052e-01
1.509824848218095927e-01
4.494171739198160043e-01
9.037378232268772349e-03
9.791141614119436287e-02
3.324606090577205547e-02
2.664125781767727741e-01
8.335889280814779978e-01
8.251305964695190287e-01
3.516680283350622771e-01
9.129476540383216765e-01
8.058608830778657417e-02
5.475108785672355705e-02
9.390657776674669055e-01
7.596983415286074903e-01
4.767362797057672630e-02
4.867706868414239940e-01
9.590975442874932755e-01
1.721098032763574981e-01
6.720601062206041365e-02
2.334991620382250582e-02
5.190904562465480376e-01
1.696782771553339009e-01
3.327798680295718237e-02
6.761591654098114690e-02
5.287796422681068087e-02
9.967489372866578101e-01
2.141416912462460465e-01
1.658787009186721839e-01
8.105598442946756466e-01
6.746363173166769478e-01
5.519506097612689732e-01
7.367124326951828284e-01
7.189449779678355190e-01
6.697546344886469161e-01
1.092413084301060433e-01
3.872439473902850038e-02
7.675137438079940866e-01
7.257545969259520113e-01
2.523362750054360393e-01
1.731738988959095060e-01
7.465369052705961295e-01
9.966360690461499861e-01
5.118056309893492806e-01
6.039751770661379027e-01
7.193625373251730792e-01
4.830522538662230247e-01
3.102831670405103992e-02
1.126341183742266550e-01
6.889086991558486250e-01
1.058796247832256010e-01
4.767913442973453764e-02
2.076168473185535657e-02
1.982743475341797179e-01
1.965745185239868575e-02
1.399401368659996744e-02
2.084733286785975942e-02
3.824615723143935664e-02
9.196467346709926716e-01
1.589156084819478010e-01
1.218906902690281568e-01
7.908361255856455330e-01
4.260698607581169806e-01
6.243817207696761296e-03
1.475419032412807196e-01
4.773465418514457048e-01
9.869795902446804048e-02
3.475719121227110325e-02
1.383388648103166252e-02
2.443408518615744485e-01
2.629539509810029374e-01
3.171112277690418813e-02
5.308078378195087849e-02
1.073129572465160164e-01
8.260767710718399659e-01
1.185772910087690146e-02
2.782242529197920256e-02
5.539867300999004041e-01
8.336909095841794626e-01
8.385168409483894081e-01
9.053095293547422928e-01
9.941127313583996150e-01
3.640221871603323001e-01
2.697801834679612321e-01
2.025553823067042722e-02
8.051279419788619496e-01
3.395836615351491838e-01
9.712903514568099750e-02
8.037232584704129268e-02
6.636070421550646081e-01
8.167900972651480629e-01
4.730456116290046586e-01
5.114173301663367255e-01
7.377837935266126079e-01
7.596983415286074903e-01
4.767362797057672630e-02
4.867706868414239940e-01
9.590975228956051257e-01
1.721098032763574981e-01
6.720571986955017896e-02
2.334991620382250582e-02
5.190904562465480376e-01
1.696782771553339009e-01
3.327798680295718237e-02
6.761590425294755624e-02
5.287796422681068087e-02
9.967489372866578101e-01
2.141416912462460465e-01
1.658787009186721839e-01
8.105598442946756466e-01
9.547128378004964278e-01
4.282318884925762070e-02
2.760840842098397641e-01
7.864313144654778709e-01
7.529012973889326332e-02
4.286413599744950953e-02
5.162589121276711657e-02
4.006263513532615228e-01
3.132030045929632411e-01
2.408081301448353195e-02
3.403824068034108641e-02
2.266675020243158478e-02
7.759443418384912583e-01
3.967318791557179480e-01
6.251614242175418390e-02
9.882652952981447747e-01
8.016156782259565849e-01
1.734119977774974952e-01
3.889693233181925613e-01
9.310278458767912158e-01
1.750390304001712138e-01
5.672087949244650207e-02
7.529536974475697919e-03
4.171034171408625202e-01
3.003624510541171855e-01
2.075267479483353106e-02
3.525957270566873469e-02
1.713765430836331483e-01
9.451977908460730271e-01
3.508596664054908221e-01
1.672596942233137707e-01
8.331988681178958966e-01
8.649344756055182826e-01
1.853178989054202752e-01
2.331044125711736470e-01
9.120899513584206364e-01
1.848632680167048292e-01
4.399803289180392873e-02
3.225841042913785151e-02
3.443647611338520598e-01
7.387046426257226628e-02
5.289202562420802778e-02
4.124931804951519065e-02
1.104395869065468716e-01
9.313525357030235652e-01
2.006286815772615473e-01
1.202027518673736139e-01
9.013272587052129081e-01
8.845859134075058083e-01
1.647738214190046513e-01
4.517516031356016981e-02
9.229661969636060448e-01
1.798653637855704979e-01
4.563545544198252535e-02
5.800974857191301681e-02
1.692515040371955770e-01
3.725286812847801166e-01
3.765994368382258317e-02
3.342727819321908433e-02
7.859081394663203213e-02
8.899246249177972246e-01
4.704721535916300823e-01
1.152937915668186264e-01
9.230980949827513049e-01
8.694914404961910925e-01
2.185093445095180886e-01
3.731076319623265469e-01
9.028346035222805099e-01
2.519866078153281119e-01
5.241985867534515453e-02
1.949941877834709958e-02
4.446045382014225389e-01
3.913763218432593227e-01
2.898226240527618236e-02
3.307120105372504670e-02
2.355125285347379194e-01
8.930698127918377249e-01
4.655681317358275617e-01
2.519927172692097983e-01
9.026129914632062823e-01
6.746363173166770588e-01
5.519506097612688622e-01
7.367124326951830504e-01
7.189449779678356300e-01
6.697546344886469161e-01
1.092413084301060988e-01
3.872439473902850038e-02
7.675137438079941976e-01
7.257545969259520113e-01
2.523362750054360948e-01
1.731738988959094783e-01
7.465369052705961295e-01
9.966360690461499861e-01
5.118056309893491695e-01
6.039751770661381247e-01
7.193625373251730792e-01
4.830522538662230247e-01
3.102831670405109543e-02
1.126341183742266827e-01
6.889086991558486250e-01
1.058796247832256565e-01
4.767913442973453764e-02
2.076168473185535657e-02
1.982743475341797457e-01
1.965745185239869269e-02
1.399401368659996744e-02
2.084733286785975942e-02
3.824615723143935664e-02
9.196467346709924495e-01
1.589156084819477732e-01
1.218906902690281568e-01
7.908361255856453109e-01
4.260698607581168695e-01
6.243817207696761296e-03
1.475419032412807474e-01
4.773465418514457603e-01
9.869795902446798497e-02
3.475719121227109631e-02
1.383388648103166599e-02
2.443408518615745040e-01
2.629539509810029374e-01
3.171112277690419506e-02
5.308078378195089236e-02
1.073129572465160164e-01
8.260767710718399659e-01
1.185772910087690146e-02
2.782242529197925807e-02
5.539867300999006261e-01
8.336909095841794626e-01
8.385168409483891860e-01
9.053095293547425149e-01
9.941127313583996150e-01
3.640221871603323001e-01
2.697801834679612876e-01
2.025553823067042375e-02
8.051279419788619496e-01
3.395836615351490728e-01
9.712903514568105301e-02
8.037232584704123717e-02
6.636070421550644971e-01
8.167900972651479519e-01
4.730456116290045476e-01
5.114173301663367255e-01
7.377837935266126079e-01
