1.354491831488895473e-02
2.833089514441307633e-01
3.707530599937824967e-02
3.177480868003437764e-02
3.409137452108107480e-01
8.395377132451085078e-01
8.237901975811563471e-01
2.709478801380064139e-01
8.392318176140878272e-02
5.445536124542618150e-01
2.384298658554191985e-01
2.678945135192237204e-01
1.244875401328630546e-02
5.003768077829671146e-01
1.059534918221902156e-01
3.042710377164590738e-02
1.095928034064290735e-01
8.587560682283539304e-01
4.557884884993106955e-01
1.065548483188545892e-01
3.607781960874911209e-01
3.469312202132931455e-01
8.240559253642097959e-01
2.532010012999001969e-01
8.826588651629270199e-01
6.199820908658875140e-01
8.144847872782955411e-01
8.229285970158317642e-01
1.724280707398408163e-02
5.591326765326485315e-01
4.636616935659627625e-01
4.374381626172019200e-02
1.511595550616555705e-01
8.514215757354677283e-01
5.781315151970836119e-01
5.007314867828873695e-01
5.074970526951947392e-01
6.874543679270170848e-01
6.201358222717582303e-01
5.404713280956296995e-01
5.029191343297190198e-01
6.850568219548627269e-01
3.660293437029157881e-01
8.456995392393473754e-01
2.459663424669291110e-01
8.634255690873989808e-01
8.730891818593187192e-01
2.936681647457511923e-01
4.544610019015972099e-03
2.404888301868307598e-01
2.106240887746967105e-02
1.159881990486368031e-02
9.644374421226886707e-02
4.949937915184184911e-01
8.863829035238256493e-01
8.862537776962831071e-02
9.766216246580727844e-02
5.173168428803796015e-01
3.582916049613710796e-01
3.249250118676408339e-01
3.389698385295656508e-03
1.562102616600201110e-01
1.127182545113732393e-01
1.385099032311966176e-02
1.369503154136047368e-02
2.885050810563013490e-01
4.038983080096519851e-02
3.109438820749614585e-02
3.329200066228926169e-01
8.426616911714317482e-01
8.233572650881993971e-01
2.694095343865761105e-01
8.627186316484980466e-02
5.425103334998261362e-01
2.456916235885145405e-01
1.202071469424913219e-02
5.005519408643779311e-01
1.067208831855658291e-01
1.111245197397474349e-01
8.659597362766321416e-01
4.578285740452664454e-01
3.573206347078281553e-01
3.563423868878533018e-01
8.192401816195163944e-01
8.845196484301420803e-01
6.200590785030620777e-01
1.914113920044220596e-02
5.671147867268340192e-01
1.536697954825906320e-01
8.573949306090831168e-01
5.124199722770987897e-01
6.864452509587343210e-01
4.989036241291316953e-01
2.436157895646296756e-01
3.959643745337092929e-03
9.705967877602628135e-02
8.709026323667601321e-02
9.161475662443708812e-01
9.079188296826768978e-01
8.763903124435246106e-02
5.264508626770218747e-02
7.969768168788868845e-01
1.418483821117445531e-01
1.105082553959373382e-01
2.869334061326018759e-01
5.594598693236095821e-01
8.552644579813740711e-01
1.720172340615621076e-01
7.110169514582479477e-01
7.043010788067610717e-01
5.757193478850001211e-01
8.147230334618145164e-01
1.958748540154099660e-02
7.218544153118330309e-01
2.984971832294140981e-01
5.409644112104737557e-02
1.354491831488895473e-02
2.833089514441307633e-01
3.707530599937824967e-02
3.177480868003437764e-02
3.409137452108107480e-01
8.395377132451085078e-01
8.237901975811563471e-01
2.709478801380064139e-01
8.392318176140878272e-02
5.445536124542618150e-01
2.384298658554191985e-01
2.678945135192237204e-01
1.244875401328630546e-02
5.003768077829671146e-01
1.059534918221902156e-01
3.042710377164590738e-02
1.095928034064290735e-01
8.587560682283539304e-01
4.557884884993106955e-01
1.065548483188545892e-01
3.607781960874911209e-01
3.469312202132931455e-01
8.240559253642097959e-01
2.532010012999001969e-01
8.826588651629270199e-01
6.199820908658875140e-01
8.144847872782955411e-01
8.229285970158317642e-01
1.724280707398408163e-02
5.591326765326485315e-01
4.636616935659627625e-01
4.374381626172019200e-02
1.511595550616555705e-01
8.514215757354677283e-01
5.781315151970836119e-01
5.007314867828873695e-01
5.074970526951947392e-01
6.874543679270170848e-01
6.201358222717582303e-01
5.404713280956296995e-01
5.029191343297190198e-01
6.850568219548627269e-01
3.660293437029157881e-01
8.456995392393473754e-01
2.459663424669291110e-01
8.634255690873989808e-01
8.730891818593187192e-01
2.936681647457511923e-01
4.544610019015972099e-03
2.404888301868307598e-01
2.106240887746967105e-02
1.159881990486368031e-02
9.644374421226886707e-02
4.949937915184184911e-01
8.863829035238256493e-01
8.862537776962831071e-02
9.766216246580727844e-02
5.173168428803796015e-01
3.582916049613710796e-01
3.249250118676408339e-01
3.389698385295656508e-03
1.562102616600201110e-01
1.127182545113732393e-01
1.385099032311966176e-02
5.264508626770218747e-02
7.969768168788868845e-01
1.418483821117445531e-01
1.105077901938366358e-01
2.869334061326018759e-01
5.594574489394821271e-01
8.552644579813740711e-01
1.720172340615621076e-01
7.110169514582479477e-01
7.043010788067610717e-01
5.757192432578792651e-01
8.147230334618145164e-01
1.958748540154099660e-02
7.218544153118330309e-01
2.984971832294140981e-01
5.409644112104737557e-02
5.144397356919366837e-02
5.977800127368471106e-01
3.127665346470545060e-01
8.083113403675769304e-02
6.555188811287218087e-01
7.971847059737733332e-01
8.276254863303398324e-01
3.795247411845354968e-01
2.640019452491848551e-01
8.442203598817814569e-01
8.055469640336015980e-01
6.257498669520176193e-01
2.303520771058062411e-02
3.069438090337381908e-01
6.741310914195655091e-01
4.967078318236589629e-02
3.299773059869565150e-02
1.860264512358387190e-01
3.265913837986988977e-01
5.518989562649975755e-02
3.179323808439682431e-01
8.497119152595811187e-01
8.239423972420711895e-01
2.980761036695420696e-01
2.554477573714648564e-01
8.691088803666628948e-01
8.343671401082425332e-01
1.935785582930724669e-01
5.507846462933180254e-02
2.461796664916378052e-01
3.195149026375820878e-01
3.345879604747112324e-02
4.954108066421826495e-02
6.092025148150335134e-01
1.708595942288053671e-01
6.250470787435563613e-02
3.845272824603593875e-01
8.582951897897632687e-01
8.799269764808972383e-01
1.810592074458092782e-01
6.479844356876403033e-01
8.952475845760753392e-01
8.496086876915821540e-01
5.915250235009517077e-01
5.367980876165696913e-02
6.664791431235419505e-01
3.615706221194243675e-01
5.260188106031959965e-02
5.077787678892782541e-02
3.304188243206072073e-01
6.071506214378734612e-01
7.003944013884055853e-02
6.843236656296913800e-01
8.613709689111697099e-01
8.568327432921578612e-01
6.362417155491697507e-01
1.871634733708771314e-01
8.721393043387801747e-01
8.489387962642798158e-01
2.834897423381907977e-01
5.446784797866269234e-02
1.753164884372373500e-01
6.900615999325347971e-01
5.175721246976311418e-02
4.349746196778730978e-02
2.776134924485942346e-01
3.105649262263523447e-01
4.577408411190650450e-02
2.807293631456639904e-01
8.633116829460729669e-01
8.557639637149127010e-01
3.146862494227966600e-01
3.147330975325663971e-01
8.582052972393884316e-01
8.595641667537505803e-01
2.931623063129931150e-01
4.379184111853581807e-02
3.120763259593040129e-01
2.768838677394671599e-01
4.375270424446464634e-02
1.354491831488895820e-02
2.833089514441307077e-01
3.707530599937827742e-02
3.177480868003437764e-02
3.409137452108106370e-01
8.395377132451085078e-01
8.237901975811564581e-01
2.709478801380064139e-01
8.392318176140878272e-02
5.445536124542618150e-01
2.384298658554192263e-01
2.678945135192237759e-01
1.244875401328630546e-02
5.003768077829671146e-01
1.059534918221902711e-01
3.042710377164590391e-02
1.095928034064290735e-01
8.587560682283539304e-01
4.557884884993107510e-01
1.065548483188546447e-01
3.607781960874910654e-01
3.469312202132932010e-01
8.240559253642099069e-01
2.532010012999003079e-01
8.826588651629270199e-01
6.199820908658875140e-01
8.144847872782955411e-01
8.229285970158315422e-01
1.724280707398409551e-02
5.591326765326485315e-01
4.636616935659627070e-01
4.374381626172019200e-02
1.511595550616556261e-01
8.514215757354675063e-01
5.781315151970837229e-01
5.007314867828873695e-01
5.074970526951947392e-01
6.874543679270171959e-01
6.201358222717583413e-01
5.404713280956296995e-01
5.029191343297190198e-01
6.850568219548627269e-01
3.660293437029158437e-01
8.456995392393474864e-01
2.459663424669291110e-01
8.634255690873989808e-01
8.730891818593189413e-01
2.936681647457512478e-01
4.544610019015974701e-03
2.404888301868307321e-01
2.106240887746965718e-02
1.159881990486368031e-02
9.644374421226875604e-02
4.949937915184186576e-01
8.863829035238257603e-01
8.862537776962831071e-02
9.766216246580727844e-02
5.173168428803796015e-01
3.582916049613712461e-01
3.249250118676407784e-01
3.389698385295655640e-03
1.562102616600200555e-01
1.127182545113732948e-01
1.385099032311966002e-02
