5.558143131192302411e-01
7.948084646863049496e-01
7.343858266368346044e-01
6.005305262360063345e-01
8.893194774477660713e-01
1.714394169635934939e-01
3.040478525478895744e-01
6.837436575774261671e-01
6.118334554755633370e-01
3.012588941194427883e-01
1.177744452384266172e-01
7.055552489190588528e-01
5.915903927085758296e-01
5.383824070556373353e-01
7.580360278421678366e-01
5.861600141777227879e-01
7.255577016414775926e-01
2.166990878886963512e-01
1.815410445575116882e-01
7.609279760724583230e-01
1.833714841725691547e-01
6.511770305659772551e-02
9.136396340350851075e-02
1.162878930870443472e-01
2.003411024149582553e-01
8.414743652459114043e-02
9.262890457622091622e-02
2.933474649164834469e-01
5.308129138418021808e-01
1.817806112987153111e-01
1.715060681001513432e-01
6.893067006082804760e-01
5.988278350002116390e-01
9.801606196891557432e-02
1.984860836005770401e-01
5.633433780685819237e-01
2.555666881104381449e-01
6.284556692140894074e-02
8.429534358157646234e-02
2.977770717814455792e-01
2.999716108731246278e-01
6.320927994328313926e-02
7.934266584793756016e-02
1.866154268945678374e-01
9.343553704658533743e-01
9.844138566569021753e-02
2.300670008499532404e-01
7.993528518294799046e-01
5.646288385966309331e-01
9.372667196232848941e-01
5.488711898261732225e-01
5.822202541264739351e-01
5.714133295661414369e-01
2.716120835438390335e-01
1.975951719628492032e-01
5.616496245764232009e-01
5.822273030893512225e-01
2.514473722954773116e-01
1.824297728879644143e-01
8.581982595530412983e-01
5.533799390451500377e-01
5.640516010055678375e-01
7.356255660863868506e-01
5.612085952656900023e-01
5.584599424996615769e-01
7.970879065624677517e-01
7.119796406406488920e-01
5.932752357458903614e-01
8.737600910318095160e-01
1.791334868835086636e-01
2.986711783913162943e-01
6.947327633945691305e-01
5.867673310136716225e-01
2.995161604729564830e-01
1.168403702111533993e-01
5.868714530893500703e-01
5.507076131419510467e-01
7.790560673457994634e-01
7.304917453664003801e-01
2.234176565089247557e-01
1.738291688538780022e-01
1.784530617896601390e-01
7.212747529110333233e-02
9.200042194012286734e-02
1.989690484931000425e-01
8.422150736765830759e-02
5.397878298705610645e-01
1.875699934111256795e-01
5.815437765103523837e-01
9.822770898524649241e-02
2.535015665439801502e-01
6.304430000553001845e-02
2.856027723274646712e-01
9.372767513401677464e-01
5.589312365797380888e-01
5.768800074045267179e-01
7.915224221917249725e-01
2.119796586025061158e-01
2.139052648176512639e-01
7.718929390932629531e-01
6.819074815607453210e-01
4.073103634373569371e-01
3.871269196349070851e-01
7.459593114822423709e-01
4.918615543573465754e-01
9.289168002852712935e-02
1.608056527986561623e-01
3.401214886742779386e-01
3.856236766998385468e-01
1.159894893347976907e-01
1.078712602186996938e-01
4.192673553298749134e-01
6.688785013497934306e-01
3.417685871867078840e-01
4.921676772804761679e-01
6.837780757315169433e-01
5.558143131192302411e-01
7.948084646863049496e-01
7.343858266368346044e-01
6.005305262360063345e-01
8.893194774477660713e-01
1.714394169635934939e-01
3.040478525478895744e-01
6.837436575774261671e-01
6.118334554755633370e-01
3.012588941194427883e-01
1.177744452384266172e-01
7.055552489190588528e-01
5.915903927085758296e-01
5.383824070556373353e-01
7.580360278421678366e-01
5.861600141777227879e-01
7.255577016414775926e-01
2.166990878886963512e-01
1.815410445575116882e-01
7.609279760724583230e-01
1.833714841725691547e-01
6.511770305659772551e-02
9.136396340350851075e-02
1.162878930870443472e-01
2.003411024149582553e-01
8.414743652459114043e-02
9.262890457622091622e-02
2.933474649164834469e-01
5.308129138418021808e-01
1.817806112987153111e-01
1.715060681001513432e-01
6.893067006082804760e-01
5.988278350002116390e-01
9.801606196891557432e-02
1.984860836005770401e-01
5.633433780685819237e-01
2.555666881104381449e-01
6.284556692140894074e-02
8.429534358157646234e-02
2.977770717814455792e-01
2.999716108731246278e-01
6.320927994328313926e-02
7.934266584793756016e-02
1.866154268945678374e-01
9.343553704658533743e-01
9.844138566569021753e-02
2.300670008499532404e-01
7.993528518294799046e-01
5.646288385966309331e-01
9.372667196232848941e-01
5.488711898261732225e-01
5.822202541264739351e-01
5.714133295661414369e-01
2.716120835438390335e-01
1.975951719628492032e-01
5.616496245764232009e-01
5.822273030893512225e-01
2.514473722954773116e-01
1.824297728879644143e-01
8.581982595530412983e-01
5.533799390451500377e-01
5.640516010055678375e-01
7.356255660863868506e-01
5.612085952656900023e-01
6.819089785392628000e-01
4.073305884342317551e-01
3.871375882294770809e-01
7.459640555939959228e-01
4.918496699075891598e-01
9.288541858849463928e-02
1.608081788198642004e-01
3.401371712019648497e-01
3.856058285366633642e-01
1.159863332594043284e-01
1.078737292628868527e-01
4.192820108670629597e-01
6.688630170039296940e-01
3.417638505812911065e-01
4.921747431397052175e-01
6.837813142864260785e-01
7.436639473584609750e-01
3.043566245574715889e-01
5.421593695710518190e-01
6.637390088449983683e-01
3.698545588760930869e-01
1.307558972167625344e-01
1.310716870689972446e-01
5.163237954139110464e-01
6.831519415444420318e-01
8.243053126357821614e-02
1.361142847671829859e-01
3.444016078611524811e-01
6.128507747280969031e-01
6.498895238605328917e-01
3.706286813920163237e-01
7.194714925651102266e-01
6.584876119939747641e-01
4.134971298460252687e-01
7.588086879956925657e-01
6.855931557912150476e-01
4.183268507642114997e-01
1.203868268202873681e-01
9.662528146375035099e-02
6.463624247540062928e-01
6.600826770052925507e-01
1.068625789850214947e-01
1.214324412887165527e-01
4.171659000032663656e-01
7.117685757952785242e-01
5.903366224679045260e-01
4.114212576344422612e-01
6.328557834885124578e-01
7.305949880163852272e-01
3.904782175514314169e-01
8.087101139348322754e-01
6.702271073841894466e-01
3.773572802721574249e-01
1.431107366447254281e-01
9.340260951601928041e-02
7.503012537106648061e-01
4.488973738302006744e-01
1.525570104020251005e-01
1.547112541577573275e-01
3.713952605004160468e-01
7.348516160034056499e-01
4.053713442703064107e-01
3.673937880478637119e-01
7.049916618993464779e-01
7.254811563920148254e-01
4.851348786041618233e-01
6.021712489629389431e-01
7.049639028939616026e-01
3.692695419402189927e-01
1.371065500479599353e-01
1.352304107562984914e-01
5.303512451519516446e-01
7.529252054444839359e-01
1.176579600677145343e-01
1.388892216985602723e-01
4.635397238778562468e-01
7.106233724551667130e-01
6.547030117217458312e-01
3.491158609942868196e-01
7.037357502024846889e-01
6.939305880231050327e-01
5.812719650625755019e-01
7.539411701353548878e-01
6.902881833592369176e-01
6.195089208587740703e-01
1.186644572949951404e-01
1.078782878488662722e-01
6.486993985975750832e-01
7.142825136343446957e-01
1.205252198726255164e-01
1.235798090477559230e-01
6.164567720750546709e-01
6.919771475125137128e-01
6.374098329737172275e-01
5.988469089354695463e-01
6.669112236123625470e-01
5.558143131192303521e-01
7.948084646863048386e-01
7.343858266368347154e-01
6.005305262360064456e-01
8.893194774477658493e-01
1.714394169635934939e-01
3.040478525478896299e-01
6.837436575774262781e-01
6.118334554755633370e-01
3.012588941194428438e-01
1.177744452384265894e-01
7.055552489190588528e-01
5.915903927085759406e-01
5.383824070556372243e-01
7.580360278421680587e-01
5.861600141777228989e-01
7.255577016414775926e-01
2.166990878886963512e-01
1.815410445575117160e-01
7.609279760724583230e-01
1.833714841725690992e-01
6.511770305659772551e-02
9.136396340350851075e-02
1.162878930870443750e-01
2.003411024149582831e-01
8.414743652459112655e-02
9.262890457622093010e-02
2.933474649164834469e-01
5.308129138418021808e-01
1.817806112987152833e-01
1.715060681001512877e-01
6.893067006082804760e-01
5.988278350002116390e-01
9.801606196891551881e-02
1.984860836005771234e-01
5.633433780685819237e-01
2.555666881104382004e-01
6.284556692140895462e-02
8.429534358157647622e-02
2.977770717814456347e-01
2.999716108731247388e-01
6.320927994328312538e-02
7.934266584793758792e-02
1.866154268945678374e-01
9.343553704658533743e-01
9.844138566569021753e-02
2.300670008499532959e-01
7.993528518294799046e-01
5.646288385966309331e-01
9.372667196232846720e-01
5.488711898261733335e-01
5.822202541264739351e-01
5.714133295661413259e-01
2.716120835438390890e-01
1.975951719628492587e-01
5.616496245764233120e-01
5.822273030893511114e-01
2.514473722954774226e-01
1.824297728879644698e-01
8.581982595530411873e-01
5.533799390451500377e-01
5.640516010055676155e-01
7.356255660863870727e-01
5.612085952656900023e-01
