2.921484049135206207e-01
8.612304098099679006e-01
5.209575208332257734e-01
4.133053610663374178e-01
6.146012342737029455e-01
4.970113473419494055e-01
5.319792957725408833e-01
7.396419046321867086e-01
2.605851756670155561e-01
4.755043388681599592e-01
9.161394765619779168e-02
7.308875581553386791e-01
2.764509832294000380e-01
6.557892459151553055e-01
5.930729756115988849e-01
4.028082708515590138e-01
8.523285258832615785e-01
4.753327827863163546e-01
3.757678685633116245e-01
6.236782676799939029e-01
5.676645023175670435e-01
1.371041576127801087e-01
2.659051701395678258e-01
1.005815978661823706e-01
3.464244220543933883e-01
2.008296775455382654e-01
2.648664340442030141e-01
5.270577017487430016e-01
3.996075389508197406e-01
1.220960386577706891e-01
3.833836840687770975e-01
5.127327365009466398e-01
3.558713168980585650e-01
4.562293941360376359e-01
1.248532627545801132e-01
6.624504667285044945e-01
3.801151094001871122e-01
2.925100475210757334e-01
2.001218866096783344e-01
4.721270478512757385e-01
2.488482121941741065e-01
2.917614175144429556e-01
1.467933158718869313e-01
4.983891932802027580e-01
5.480066459562609182e-01
4.532910392493372242e-01
4.822420086154335372e-01
8.665871779694052091e-01
3.604470804288572583e-01
5.474180114639576322e-01
4.089018279068983297e-01
2.677794584524619825e-01
8.675340445231312092e-01
2.391876448304245395e-01
3.501915680544047116e-01
2.441365022130904672e-01
8.692495882370712135e-01
3.781035663707054129e-01
5.556605139630743651e-01
5.913194138407413813e-01
3.477513258384956063e-01
3.529648825803982093e-01
8.787228747759423531e-01
3.010273011638314178e-01
2.965030656724208513e-01
8.639173379432490973e-01
5.168694635933663850e-01
4.080056585574575734e-01
6.029612386344331831e-01
4.977099000600888057e-01
5.295063192497808657e-01
7.352312938570625400e-01
2.523692924105589430e-01
4.738139255966757890e-01
9.592805801428178070e-02
2.720838757986568379e-01
6.590784176091728508e-01
6.231386109668398676e-01
8.652638283240096095e-01
4.788052850370502211e-01
3.774106071400517015e-01
5.620340274550738036e-01
1.418787776618228302e-01
2.653825272930496748e-01
3.483067448348403095e-01
2.004752206832151606e-01
4.042267763021605842e-01
1.209308431589790067e-01
3.544267964605921084e-01
4.547672276745690079e-01
3.791066698731778706e-01
2.922162157507801061e-01
2.439535208582630232e-01
5.485728447682642894e-01
3.540166419109403440e-01
8.684012858550661518e-01
5.526677616632613699e-01
4.510993845663231472e-01
4.426500729387451427e-01
5.460587872739262050e-01
4.583448589890115055e-01
6.995168553487030039e-01
2.697898377617516941e-01
5.125947669214514502e-01
7.609214524863658902e-01
2.402791247730532154e-01
3.362280545577803204e-01
2.699988111109764555e-01
4.389951616807000745e-01
3.045215851408064056e-01
2.503654066286800095e-01
7.006652274257008095e-01
3.792105628029247000e-01
4.268537703394864602e-01
7.492437334784509684e-01
4.665370890558401262e-01
2.921484049135206207e-01
8.612304098099679006e-01
5.209575208332257734e-01
4.133053610663374178e-01
6.146012342737029455e-01
4.970113473419494055e-01
5.319792957725408833e-01
7.396419046321867086e-01
2.605851756670155561e-01
4.755043388681599592e-01
9.161394765619779168e-02
7.308875581553386791e-01
2.764509832294000380e-01
6.557892459151553055e-01
5.930729756115988849e-01
4.028082708515590138e-01
8.523285258832615785e-01
4.753327827863163546e-01
3.757678685633116245e-01
6.236782676799939029e-01
5.676645023175670435e-01
1.371041576127801087e-01
2.659051701395678258e-01
1.005815978661823706e-01
3.464244220543933883e-01
2.008296775455382654e-01
2.648664340442030141e-01
5.270577017487430016e-01
3.996075389508197406e-01
1.220960386577706891e-01
3.833836840687770975e-01
5.127327365009466398e-01
3.558713168980585650e-01
4.562293941360376359e-01
1.248532627545801132e-01
6.624504667285044945e-01
3.801151094001871122e-01
2.925100475210757334e-01
2.001218866096783344e-01
4.721270478512757385e-01
2.488482121941741065e-01
2.917614175144429556e-01
1.467933158718869313e-01
4.983891932802027580e-01
5.480066459562609182e-01
4.532910392493372242e-01
4.822420086154335372e-01
8.665871779694052091e-01
3.604470804288572583e-01
5.474180114639576322e-01
4.089018279068983297e-01
2.677794584524619825e-01
8.675340445231312092e-01
2.391876448304245395e-01
3.501915680544047116e-01
2.441365022130904672e-01
8.692495882370712135e-01
3.781035663707054129e-01
5.556605139630743651e-01
5.913194138407413813e-01
3.477513258384956063e-01
3.529648825803982093e-01
8.787228747759423531e-01
3.010273011638314178e-01
4.583448589890115055e-01
6.995168553487030039e-01
2.697898377617516941e-01
5.125945120096553342e-01
7.609214524863658902e-01
2.402780852565272740e-01
3.362280545577803204e-01
2.699988111109764555e-01
4.389951616807000745e-01
3.045215851408064056e-01
2.503653611290597714e-01
7.006652274257008095e-01
3.792105628029247000e-01
4.268537703394864602e-01
7.492437334784509684e-01
4.665370890558401262e-01
3.793377696568577262e-01
7.985482256485412211e-01
4.893473109105113128e-01
5.144146834103066057e-01
9.120149835763968760e-01
2.657278101514367608e-01
3.451480118121233454e-01
5.264771002915005216e-01
3.032716652000955193e-01
3.946243125804112517e-01
2.661746407495754196e-01
8.144922107157461788e-01
5.183858243249308551e-01
3.212929267849591319e-01
9.180451975893346717e-01
3.693425123859937487e-01
3.871239650405815524e-01
6.980667380241312170e-01
7.889304233029439395e-01
4.061226440342063926e-01
7.147904548640180433e-01
2.941363958120628563e-01
3.038981868270591580e-01
7.322743411649736966e-01
7.893854142767715576e-01
2.907993645310317232e-01
2.875168231185932233e-01
6.888048655106091545e-01
4.184996652296211206e-01
7.824902944718825637e-01
6.973450414034305656e-01
3.777782095020908448e-01
4.438298959228822449e-01
6.380660771832480371e-01
7.608664612553561746e-01
4.600368773507549358e-01
6.848717901926191232e-01
3.441419795325731945e-01
3.097015012878371332e-01
7.730183615192878221e-01
7.027830783391784131e-01
3.581564371495091770e-01
3.465918512215204195e-01
6.129992239798993658e-01
4.740094145399290637e-01
7.075144190457274274e-01
6.694448346153216711e-01
4.354965776285901757e-01
4.220965129713091235e-01
7.850018093272428388e-01
7.957114226908768018e-01
4.747476755712796703e-01
7.728187539587900723e-01
3.206348721699081583e-01
3.269565035616993631e-01
7.981998804324623720e-01
6.930254880951967067e-01
3.458975038737072127e-01
3.156412092503635969e-01
7.580937612447202767e-01
4.818414244770662935e-01
6.626804674327808620e-01
7.643983584518161400e-01
4.155742301558049689e-01
4.044782424663981302e-01
8.863850323037996137e-01
9.806717978920587164e-01
3.925674969705025275e-01
9.681894146072103080e-01
2.864098873275758295e-01
2.928611197625118900e-01
9.349743169096345063e-01
8.726845949494772547e-01
3.203864070431953204e-01
2.843910260391930844e-01
9.257138685738997008e-01
4.004704190356256355e-01
8.708105025533685595e-01
9.231520255564729105e-01
3.933988472648973778e-01
2.921484049135207317e-01
8.612304098099680116e-01
5.209575208332258844e-01
4.133053610663374178e-01
6.146012342737028344e-01
4.970113473419494610e-01
5.319792957725409943e-01
7.396419046321869306e-01
2.605851756670155561e-01
4.755043388681600147e-01
9.161394765619776392e-02
7.308875581553389011e-01
2.764509832294000380e-01
6.557892459151550835e-01
5.930729756115989959e-01
4.028082708515590138e-01
8.523285258832615785e-01
4.753327827863164656e-01
3.757678685633115689e-01
6.236782676799941250e-01
5.676645023175670435e-01
1.371041576127801642e-01
2.659051701395678258e-01
1.005815978661823984e-01
3.464244220543933883e-01
2.008296775455382377e-01
2.648664340442029586e-01
5.270577017487428906e-01
3.996075389508197961e-01
1.220960386577706613e-01
3.833836840687771530e-01
5.127327365009466398e-01
3.558713168980585650e-01
4.562293941360375804e-01
1.248532627545800855e-01
6.624504667285044945e-01
3.801151094001871678e-01
2.925100475210757334e-01
2.001218866096783344e-01
4.721270478512756830e-01
2.488482121941741620e-01
2.917614175144429001e-01
1.467933158718869313e-01
4.983891932802027025e-01
5.480066459562609182e-01
4.532910392493373353e-01
4.822420086154337038e-01
8.665871779694054311e-01
3.604470804288572583e-01
5.474180114639574102e-01
4.089018279068983297e-01
2.677794584524619825e-01
8.675340445231310982e-01
2.391876448304245950e-01
3.501915680544047671e-01
2.441365022130904117e-01
8.692495882370711024e-01
3.781035663707054129e-01
5.556605139630745871e-01
5.913194138407411593e-01
3.477513258384956063e-01
3.529648825803982093e-01
8.787228747759425751e-01
3.010273011638314178e-01
