7.175764079535948414e-02
3.855120585828530344e-01
2.330364991272539377e-01
1.102724579435121199e-01
4.300948562089198512e-01
6.214447126206498195e-01
5.882478710184564363e-01
2.231648626967781268e-01
9.604503718779966448e-02
8.828788181602180707e-01
2.199618138138161316e-01
2.210082258718746862e-01
6.566429511743510083e-02
5.732312874387357482e-01
4.693251948900160619e-01
1.077498538969282604e-01
4.558727418404484033e-01
7.983825286194066173e-01
7.834627199735464398e-01
4.919891233075879833e-01
7.564331882889057113e-01
2.075220946080067463e-01
5.623632626035418580e-01
2.274621157349316913e-01
5.448124220652670324e-01
6.507415633363020646e-01
5.539681047887126120e-01
5.841273381688424360e-01
7.915756350061041446e-02
2.191609856782165133e-01
8.132674743249566074e-01
2.153249872426157285e-01
1.725225681166854819e-01
4.377951619182813281e-01
2.269234082877207015e-01
5.690747056711797924e-01
9.955191660661751873e-01
7.271446074122276393e-01
6.481500322575333151e-01
8.842975016145049327e-01
2.893916494651362914e-01
7.302934484977731122e-01
2.189615795154419564e-01
6.176067690665623111e-01
2.448235642225848885e-01
4.374017049280777281e-01
8.042912979147136543e-01
3.980395295125216393e-01
3.460499392773862953e-02
2.542898801040450185e-01
6.846379769498521506e-02
6.618701607860660863e-02
1.934255505207016501e-01
2.816534498679926224e-01
5.458610268203836213e-01
9.253596533693958515e-02
1.941110089178034182e-01
9.882803676207977395e-01
7.577226781154795532e-01
4.077672673976026618e-01
3.356802566736404730e-02
1.751372911451886671e-01
4.517901484319044036e-01
7.490237480679909354e-02
7.329997774927034249e-02
3.917957753833434253e-01
2.242331467883136309e-01
1.089988620496929878e-01
4.189319388954956813e-01
6.194989175013696503e-01
5.861774074757334363e-01
2.220783069335233173e-01
9.429230468046750913e-02
8.835889024636351952e-01
2.235657192075726774e-01
6.592754508240186717e-02
5.711788541871136715e-01
4.917880681296393774e-01
4.538719506598496434e-01
8.013522122257162872e-01
7.974180278560690782e-01
7.598618364948604986e-01
2.131592400162185541e-01
5.581392164797086552e-01
5.453363764376845113e-01
6.494437422873831078e-01
7.384278980794097003e-02
2.207073362777469683e-01
1.738221057769850364e-01
4.375993722205459013e-01
9.918901656553547053e-01
7.289151342097647257e-01
2.854709585680553774e-01
2.499374823830047554e-01
3.407976633327707006e-02
1.937720633192144826e-01
1.864267432619042264e-01
8.194863961249209128e-01
8.099989393382139857e-01
1.815548773013105910e-01
1.484458970656096222e-01
4.681832792176783276e-01
2.524570483130775811e-01
2.391421786260646276e-01
8.589216708427336311e-01
4.456591742844944193e-01
6.643993092971282044e-01
2.629266709928209655e-01
3.346952222772520136e-01
8.630597325027906663e-01
4.592030402955872281e-01
4.729529159977976516e-01
6.419836238413224871e-02
3.312793502694911796e-01
8.415560291432506723e-01
1.495322540180977211e-01
7.175764079535948414e-02
3.855120585828530344e-01
2.330364991272539377e-01
1.102724579435121199e-01
4.300948562089198512e-01
6.214447126206498195e-01
5.882478710184564363e-01
2.231648626967781268e-01
9.604503718779966448e-02
8.828788181602180707e-01
2.199618138138161316e-01
2.210082258718746862e-01
6.566429511743510083e-02
5.732312874387357482e-01
4.693251948900160619e-01
1.077498538969282604e-01
4.558727418404484033e-01
7.983825286194066173e-01
7.834627199735464398e-01
4.919891233075879833e-01
7.564331882889057113e-01
2.075220946080067463e-01
5.623632626035418580e-01
2.274621157349316913e-01
5.448124220652670324e-01
6.507415633363020646e-01
5.539681047887126120e-01
5.841273381688424360e-01
7.915756350061041446e-02
2.191609856782165133e-01
8.132674743249566074e-01
2.153249872426157285e-01
1.725225681166854819e-01
4.377951619182813281e-01
2.269234082877207015e-01
5.690747056711797924e-01
9.955191660661751873e-01
7.271446074122276393e-01
6.481500322575333151e-01
8.842975016145049327e-01
2.893916494651362914e-01
7.302934484977731122e-01
2.189615795154419564e-01
6.176067690665623111e-01
2.448235642225848885e-01
4.374017049280777281e-01
8.042912979147136543e-01
3.980395295125216393e-01
3.460499392773862953e-02
2.542898801040450185e-01
6.846379769498521506e-02
6.618701607860660863e-02
1.934255505207016501e-01
2.816534498679926224e-01
5.458610268203836213e-01
9.253596533693958515e-02
1.941110089178034182e-01
9.882803676207977395e-01
7.577226781154795532e-01
4.077672673976026618e-01
3.356802566736404730e-02
1.751372911451886671e-01
4.517901484319044036e-01
7.490237480679909354e-02
1.484453826026539414e-01
4.681862124418822990e-01
2.524584713070424646e-01
2.391397515051257860e-01
8.589419367519730564e-01
4.456582681299721127e-01
6.644038041965476538e-01
2.629279162118546287e-01
3.346837033817028351e-01
8.630565688821307813e-01
4.591953731878701261e-01
4.729487424415843577e-01
6.419783346630779375e-02
3.312867221076930546e-01
8.415640234004349018e-01
1.495317134342543097e-01
1.194444392657693366e-01
7.813388330876562815e-01
4.054092754047207148e-01
1.364443648601382786e-01
7.512100466405295940e-01
6.604428985194272794e-01
7.335818307623940271e-01
4.406981325018866080e-01
4.708998196083651333e-01
7.004774227383382401e-01
6.647571786976473884e-01
7.961637089595585692e-01
7.363932230552144853e-02
5.019509230196059768e-01
7.332929232220910531e-01
1.165021517499228998e-01
7.484214075434900137e-02
4.658861788827219907e-01
5.824584206458935931e-01
8.826573866954426362e-02
4.585833775914787136e-01
7.073318328176372294e-01
6.953900645975878980e-01
5.496295226185343719e-01
5.476758345498480285e-01
6.972849963576549515e-01
6.934824012671431115e-01
4.541939005256387940e-01
1.170655694147990089e-01
5.347771188454815139e-01
4.544774608138755223e-01
6.818596678854613180e-02
1.323784771167834662e-01
7.409459306081171981e-01
3.831307588111592111e-01
1.078522609595558290e-01
5.678432370591233180e-01
7.626553100599012813e-01
7.180159472903554496e-01
3.824595614911041608e-01
6.642976252989902797e-01
7.430137870420689961e-01
7.558851625065887703e-01
7.072387893649834112e-01
1.230146820688654136e-01
6.702555664827107851e-01
5.276202859627061592e-01
1.318313309487349205e-01
1.169522857683910483e-01
6.416234827009770214e-01
6.689441247898937348e-01
1.310558261006050662e-01
6.548096429313265965e-01
7.467244677190593150e-01
7.600059468867292889e-01
6.742564400489174936e-01
5.216554949520944007e-01
6.950798307456254044e-01
7.354047291577521239e-01
5.941301385693571468e-01
1.300979213654579469e-01
4.956049951487395688e-01
6.286912128634751795e-01
1.156632888125444236e-01
9.764708069758232245e-02
5.528091799501944070e-01
5.745191926277395389e-01
9.224811775046956597e-02
5.496587003974917618e-01
7.199671157611733374e-01
7.204387674010828135e-01
5.517842017688914247e-01
5.643196610219676224e-01
7.176866643304018467e-01
7.153717331516403766e-01
5.747724980992028332e-01
9.573657830258566759e-02
5.652653015945416914e-01
5.156071644100106433e-01
9.089405691463614545e-02
7.175764079535949802e-02
3.855120585828530899e-01
2.330364991272539654e-01
1.102724579435121199e-01
4.300948562089198512e-01
6.214447126206499306e-01
5.882478710184564363e-01
2.231648626967781823e-01
9.604503718779966448e-02
8.828788181602181817e-01
2.199618138138161594e-01
2.210082258718747694e-01
6.566429511743507308e-02
5.732312874387357482e-01
4.693251948900162285e-01
1.077498538969282882e-01
4.558727418404484033e-01
7.983825286194068394e-01
7.834627199735464398e-01
4.919891233075880388e-01
7.564331882889054892e-01
2.075220946080067463e-01
5.623632626035418580e-01
2.274621157349317191e-01
5.448124220652670324e-01
6.507415633363020646e-01
5.539681047887126120e-01
5.841273381688423250e-01
7.915756350061042834e-02
2.191609856782165411e-01
8.132674743249566074e-01
2.153249872426156730e-01
1.725225681166854264e-01
4.377951619182813836e-01
2.269234082877206737e-01
5.690747056711797924e-01
9.955191660661752984e-01
7.271446074122277503e-01
6.481500322575334261e-01
8.842975016145049327e-01
2.893916494651364024e-01
7.302934484977730012e-01
2.189615795154419564e-01
6.176067690665624221e-01
2.448235642225848330e-01
4.374017049280777281e-01
8.042912979147136543e-01
3.980395295125215838e-01
3.460499392773862953e-02
2.542898801040449630e-01
6.846379769498522894e-02
6.618701607860660863e-02
1.934255505207016501e-01
2.816534498679927334e-01
5.458610268203836213e-01
9.253596533693964066e-02
1.941110089178034182e-01
9.882803676207977395e-01
7.577226781154795532e-01
4.077672673976026063e-01
3.356802566736404730e-02
1.751372911451886116e-01
4.517901484319044036e-01
7.490237480679909354e-02
