4.805205084639249669e-01
8.721529499784030914e-01
5.136932314682823852e-01
4.957158119558209841e-01
6.787430782445230681e-01
4.940099775567320384e-01
4.505572551066305276e-01
4.049800685723220495e-01
2.138871967970199517e-01
3.263319574280408308e-01
1.119814680906903726e-01
3.976936834957940925e-01
3.437613544168472424e-01
5.554989859644379191e-01
5.485209739424063979e-01
4.818597914472418919e-01
8.083861853215432713e-01
5.056497305985652169e-01
2.052771320036049230e-01
5.873737393529692152e-01
4.019001553258220727e-01
1.233205714764674249e-01
3.378831872368064926e-01
1.232883319073365125e-01
2.993421733582423139e-01
2.560336630478259878e-01
3.307114846836592958e-01
4.416723850402356488e-01
2.685407614439104806e-01
8.436486028677783744e-02
2.056196081426456823e-01
5.165292402777394987e-01
4.541486727260226064e-01
1.854924414175264658e-01
7.708130821009714917e-02
5.405599375458496336e-01
4.764539557105982315e-01
3.000586270169262049e-01
2.553045435286288578e-01
3.283522251808622117e-01
2.903844194749412022e-01
3.002672871844344060e-01
1.250207850091313022e-01
4.758883115566835964e-01
5.258197703987848026e-01
1.826532247284004262e-01
4.958476600217702757e-01
8.580682482520558541e-01
4.180696343523465086e-01
5.384301187949891432e-01
2.713577146426256470e-01
3.356424743979443126e-01
5.276441296573606277e-01
2.904168199962544050e-01
2.926731621750404133e-01
2.114567384245166215e-01
5.063914517870349297e-01
4.761307484180148375e-01
3.733567466104871779e-01
6.448491926700665733e-01
4.074970023604839731e-01
4.530992242128809022e-01
8.165593915252598034e-01
4.959009355855197865e-01
4.880638495001702326e-01
8.650881339940256209e-01
5.151028448851719954e-01
4.887202746069065906e-01
6.617974669071027272e-01
4.848224924467529617e-01
4.460928326094223961e-01
4.013090454279639729e-01
2.126732166967948423e-01
3.273431487657868511e-01
1.174754613191333896e-01
3.396725670153329379e-01
5.481223959112291322e-01
5.814116175985247770e-01
8.123916978115667265e-01
5.007233158334942758e-01
2.027593405655477299e-01
3.858698278470782395e-01
1.241584021118666142e-01
3.342747259024174133e-01
2.960098810411516124e-01
2.556685249767667312e-01
2.699407798308979256e-01
7.820828762573556192e-02
4.536270886612837061e-01
1.840796075088410588e-01
4.762919233779651096e-01
3.002447443080882850e-01
2.904008357520582173e-01
5.329456409374999648e-01
4.127145639221219686e-01
5.169004799831041774e-01
5.953644322110900333e-01
4.140845882780328502e-01
3.955683200508665065e-01
5.868713867792554328e-01
5.830583682032125514e-01
4.850143181191524100e-01
6.679781766742076687e-02
5.586436705212248777e-01
6.218848238229677250e-01
2.473891964474840000e-01
3.530157592523980314e-01
1.017151278416975613e-01
2.750027199344710072e-01
3.362081624110838662e-01
2.499368028670838349e-01
4.659471817467377708e-01
4.084318627811311386e-01
2.740071124575363948e-01
5.917403904182414465e-01
5.932794091116667667e-01
4.805205084639249669e-01
8.721529499784030914e-01
5.136932314682823852e-01
4.957158119558209841e-01
6.787430782445230681e-01
4.940099775567320384e-01
4.505572551066305276e-01
4.049800685723220495e-01
2.138871967970199517e-01
3.263319574280408308e-01
1.119814680906903726e-01
3.976936834957940925e-01
3.437613544168472424e-01
5.554989859644379191e-01
5.485209739424063979e-01
4.818597914472418919e-01
8.083861853215432713e-01
5.056497305985652169e-01
2.052771320036049230e-01
5.873737393529692152e-01
4.019001553258220727e-01
1.233205714764674249e-01
3.378831872368064926e-01
1.232883319073365125e-01
2.993421733582423139e-01
2.560336630478259878e-01
3.307114846836592958e-01
4.416723850402356488e-01
2.685407614439104806e-01
8.436486028677783744e-02
2.056196081426456823e-01
5.165292402777394987e-01
4.541486727260226064e-01
1.854924414175264658e-01
7.708130821009714917e-02
5.405599375458496336e-01
4.764539557105982315e-01
3.000586270169262049e-01
2.553045435286288578e-01
3.283522251808622117e-01
2.903844194749412022e-01
3.002672871844344060e-01
1.250207850091313022e-01
4.758883115566835964e-01
5.258197703987848026e-01
1.826532247284004262e-01
4.958476600217702757e-01
8.580682482520558541e-01
4.180696343523465086e-01
5.384301187949891432e-01
2.713577146426256470e-01
3.356424743979443126e-01
5.276441296573606277e-01
2.904168199962544050e-01
2.926731621750404133e-01
2.114567384245166215e-01
5.063914517870349297e-01
4.761307484180148375e-01
3.733567466104871779e-01
6.448491926700665733e-01
4.074970023604839731e-01
4.530992242128809022e-01
8.165593915252598034e-01
4.959009355855197865e-01
5.830583682032125514e-01
4.850143181191524100e-01
6.679781766742076687e-02
5.586434396928976476e-01
6.218848238229677250e-01
2.473881261707452928e-01
3.530157592523980314e-01
1.017151278416975613e-01
2.750027199344710072e-01
3.362081624110838662e-01
2.499367574453549845e-01
4.659471817467377708e-01
4.084318627811311386e-01
2.740071124575363948e-01
5.917403904182414465e-01
5.932794091116667667e-01
5.198234081169270659e-01
6.283867902187660892e-01
4.069769257933588680e-01
5.045722601622940617e-01
5.708475029741295614e-01
2.902761696239352096e-01
3.399088909562257843e-01
4.567778553845658340e-01
4.932192485013979777e-01
2.880623315691286379e-01
2.831767438844275953e-01
6.078413663490223051e-01
4.749311097663184156e-01
5.283606678309469284e-01
5.293801393419770296e-01
5.102065257984742530e-01
4.201347612781348717e-01
6.992288281688019413e-01
8.267708345855440122e-01
4.506628621457511308e-01
7.301606274291436716e-01
2.814004894188578687e-01
2.252079170274719488e-01
7.962739088868515669e-01
8.704147269364812534e-01
2.091344348703826073e-01
2.649569523764405132e-01
6.607002289428591801e-01
4.486153094080774784e-01
8.743682928158644785e-01
6.997525542937250709e-01
4.079133732494580888e-01
4.910661788150693097e-01
8.205004996998410682e-01
5.950028531799675946e-01
4.867726622275816428e-01
8.010540182294230149e-01
2.994839781728120265e-01
2.836128527280662448e-01
6.227428031528985386e-01
7.682471609924976796e-01
2.582378756820369325e-01
2.938513594902073534e-01
7.682939756448039503e-01
4.743269749216443287e-01
7.894010533600439583e-01
7.474442978624682432e-01
4.824878098653646585e-01
4.974393640202906530e-01
8.086312592423006151e-01
7.888338523316531514e-01
4.773323731180518226e-01
6.867597530088089819e-01
2.931780018297064361e-01
2.887190618088523175e-01
8.177903494781979532e-01
8.723777582753569071e-01
2.672208276105890734e-01
2.808343144435660466e-01
7.197771210082271054e-01
4.740815477592557614e-01
8.559263484113266429e-01
6.362058758384923074e-01
4.923140057729961105e-01
4.431041121148118767e-01
9.258519238608766688e-01
8.989142629146265051e-01
4.484042515581297961e-01
9.150414898793937102e-01
2.553180819535511570e-01
2.702091973210635767e-01
8.875694227225667809e-01
9.175347283278334487e-01
2.600761163840036305e-01
2.439380669469504992e-01
9.301778078798703664e-01
4.507299075484301198e-01
9.334661767777816532e-01
8.504962422163035995e-01
4.292846211633115638e-01
4.805205084639250224e-01
8.721529499784029804e-01
5.136932314682824963e-01
4.957158119558209841e-01
6.787430782445229571e-01
4.940099775567319829e-01
4.505572551066305831e-01
4.049800685723220495e-01
2.138871967970199517e-01
3.263319574280407753e-01
1.119814680906904003e-01
3.976936834957941480e-01
3.437613544168472979e-01
5.554989859644379191e-01
5.485209739424066200e-01
4.818597914472419474e-01
8.083861853215432713e-01
5.056497305985652169e-01
2.052771320036050062e-01
5.873737393529692152e-01
4.019001553258220172e-01
1.233205714764674527e-01
3.378831872368064926e-01
1.232883319073365957e-01
2.993421733582423139e-01
2.560336630478259323e-01
3.307114846836592958e-01
4.416723850402355378e-01
2.685407614439104806e-01
8.436486028677780968e-02
2.056196081426456268e-01
5.165292402777392766e-01
4.541486727260224954e-01
1.854924414175264380e-01
7.708130821009717693e-02
5.405599375458497446e-01
4.764539557105982870e-01
3.000586270169262604e-01
2.553045435286289133e-01
3.283522251808622672e-01
2.903844194749412022e-01
3.002672871844344060e-01
1.250207850091313022e-01
4.758883115566835409e-01
5.258197703987850247e-01
1.826532247284004262e-01
4.958476600217703312e-01
8.580682482520560761e-01
4.180696343523465086e-01
5.384301187949890322e-01
2.713577146426257025e-01
3.356424743979443126e-01
5.276441296573605166e-01
2.904168199962544605e-01
2.926731621750404688e-01
2.114567384245166770e-01
5.063914517870348186e-01
4.761307484180148375e-01
3.733567466104871224e-01
6.448491926700666843e-01
4.074970023604839175e-01
4.530992242128807912e-01
8.165593915252600254e-01
4.959009355855198975e-01
