5.675057302176312879e-01
7.839913862075085227e-01
6.624394047253476803e-01
7.114078734161624062e-01
8.860214778675618019e-01
1.803223506197996207e-01
2.608746879495634774e-01
7.410685342362796080e-01
5.608279074915223372e-01
1.934776674586355383e-01
8.092592024816019913e-02
7.773847527178350258e-01
6.793773956954447524e-01
6.419665831094534258e-01
8.452172182625001806e-01
7.008350855588647565e-01
7.539556985272277689e-01
2.227597527998717575e-01
1.411149163963822395e-01
8.819906241871418029e-01
1.381176367159506202e-01
2.057411874259096329e-02
3.755138742638595983e-02
8.057459966354510450e-02
1.399373257572843476e-01
4.994150288178782204e-02
3.872209356999237184e-02
2.544744178694734460e-01
6.205121443793915059e-01
9.910466109692350756e-02
1.292302554820594640e-01
6.264405348299886267e-01
4.570922305309416678e-01
1.279122071462571175e-01
1.130438540473520381e-01
6.618172913671191981e-01
1.839555514416412740e-01
3.657554812250073811e-02
5.189789403443523241e-02
1.726819455315436458e-01
1.503727786152118939e-01
3.365171446307219094e-02
3.012871638199376284e-02
2.073391680237683388e-01
8.840784954898526227e-01
1.277895073092725486e-01
2.472812208634594944e-01
7.963482309764982059e-01
7.207910238197641206e-01
8.741603587601085579e-01
6.473829248381425261e-01
6.691857203155601175e-01
8.370200675440808702e-01
1.270646528433173050e-01
1.360095774699416060e-01
5.361453608772837054e-01
8.131823809541725012e-01
1.794123038634690692e-01
1.433002758004356392e-01
8.493240990782702227e-01
7.050016990897598479e-01
4.523580772572077247e-01
7.570910887517348087e-01
5.800472330897548101e-01
5.736567189075778561e-01
7.901895177786671942e-01
6.445464807583438649e-01
7.060699531747712809e-01
8.676742300520416951e-01
1.940195795399952128e-01
2.576587141063628184e-01
7.593653545609181377e-01
5.484993192912230864e-01
1.830689214666836317e-01
8.055454167060874249e-02
6.742447180605278811e-01
6.517684481934735707e-01
8.857594869095478662e-01
7.554922858091744908e-01
2.350839777055421242e-01
1.323548850453484804e-01
1.357055374937673475e-01
2.528243005608932226e-02
3.814043135588937594e-02
1.379747551329696398e-01
5.092125019742910208e-02
6.338668521296345615e-01
1.033125470422271430e-01
4.547393195718142933e-01
1.278511499923786765e-01
1.816779017112258310e-01
3.512593508598062936e-02
1.385633188830518725e-01
8.805110555409844109e-01
7.127936825673741872e-01
8.249696447536295496e-01
8.610655002772376054e-01
1.396062166482311406e-01
1.388653446061155483e-01
8.487693025619524878e-01
7.164516590510279226e-01
3.991141610443500465e-01
3.160055105828921684e-01
8.723714376872196974e-01
5.392681114215762683e-01
3.856464292771452640e-02
1.091108592743797179e-01
2.773144955261294120e-01
3.094903848635940369e-01
6.070266584282205113e-02
5.168913802678209990e-02
4.269803504707747610e-01
7.788267320477426647e-01
2.851927332832692175e-01
5.260757943611269472e-01
7.271498377737052321e-01
5.675057302176312879e-01
7.839913862075085227e-01
6.624394047253476803e-01
7.114078734161624062e-01
8.860214778675618019e-01
1.803223506197996207e-01
2.608746879495634774e-01
7.410685342362796080e-01
5.608279074915223372e-01
1.934776674586355383e-01
8.092592024816019913e-02
7.773847527178350258e-01
6.793773956954447524e-01
6.419665831094534258e-01
8.452172182625001806e-01
7.008350855588647565e-01
7.539556985272277689e-01
2.227597527998717575e-01
1.411149163963822395e-01
8.819906241871418029e-01
1.381176367159506202e-01
2.057411874259096329e-02
3.755138742638595983e-02
8.057459966354510450e-02
1.399373257572843476e-01
4.994150288178782204e-02
3.872209356999237184e-02
2.544744178694734460e-01
6.205121443793915059e-01
9.910466109692350756e-02
1.292302554820594640e-01
6.264405348299886267e-01
4.570922305309416678e-01
1.279122071462571175e-01
1.130438540473520381e-01
6.618172913671191981e-01
1.839555514416412740e-01
3.657554812250073811e-02
5.189789403443523241e-02
1.726819455315436458e-01
1.503727786152118939e-01
3.365171446307219094e-02
3.012871638199376284e-02
2.073391680237683388e-01
8.840784954898526227e-01
1.277895073092725486e-01
2.472812208634594944e-01
7.963482309764982059e-01
7.207910238197641206e-01
8.741603587601085579e-01
6.473829248381425261e-01
6.691857203155601175e-01
8.370200675440808702e-01
1.270646528433173050e-01
1.360095774699416060e-01
5.361453608772837054e-01
8.131823809541725012e-01
1.794123038634690692e-01
1.433002758004356392e-01
8.493240990782702227e-01
7.050016990897598479e-01
4.523580772572077247e-01
7.570910887517348087e-01
5.800472330897548101e-01
7.164516590510279226e-01
3.991141610443500465e-01
3.160055105828921684e-01
8.723713709377807213e-01
5.392681114215762683e-01
3.856447608598959076e-02
1.091108592743797179e-01
2.773144955261294120e-01
3.094903848635940369e-01
6.070266584282205113e-02
5.168912863316746376e-02
4.269803504707747610e-01
7.788267320477426647e-01
2.851927332832692175e-01
5.260757943611269472e-01
7.271498377737052321e-01
7.747802034957341766e-01
3.114769426300638688e-01
4.610564963920871229e-01
7.757806161402517331e-01
3.323442949960759840e-01
6.919970755185811395e-02
7.225486646459183815e-02
4.619928802106132437e-01
3.415593418164104556e-01
7.472721912342841777e-02
7.579977382050953616e-02
3.486141874330579427e-01
8.066422501431260716e-01
3.341975625422977103e-01
3.342718186603754749e-01
7.577502658849200046e-01
7.332513992298628214e-01
3.387466242257406446e-01
5.658099617406731063e-01
8.139244114603151337e-01
2.919510467888450922e-01
8.049132098783876033e-02
6.218772152756352201e-02
4.714143288091368067e-01
4.328126362937527727e-01
7.224034551638261470e-02
7.500909467847294287e-02
3.557747765598686662e-01
8.557789050988721113e-01
3.602974476571243478e-01
3.095126305675579559e-01
7.149845477105017943e-01
8.078832793145882540e-01
3.006448282939162553e-01
5.170317815774496673e-01
7.959985147789003790e-01
3.698353680246180275e-01
7.712190595146886651e-02
6.087537959500097240e-02
4.764798479491103578e-01
2.680764418235819235e-01
1.121095696964722055e-01
9.075264351854268885e-02
2.748491023936785460e-01
8.227745190898497762e-01
2.610580671541578024e-01
3.524606278218946898e-01
7.915660377595065134e-01
7.967969393607208239e-01
3.588713987664080562e-01
3.969944314812829944e-01
8.209818505202377548e-01
3.073599346475917038e-01
7.337602479721261339e-02
9.452984091566268843e-02
3.438377390429669944e-01
6.301545784554374308e-01
7.747650841741651750e-02
7.375343645686655014e-02
3.310991989958917969e-01
8.079055890532229611e-01
5.534178521273895868e-01
2.801747365940032708e-01
7.859072973816222385e-01
7.924297814850229660e-01
4.105327236839715344e-01
5.417943025673306323e-01
8.055746751998833499e-01
4.263046938832080190e-01
8.046208198155643809e-02
7.319627633452760462e-02
4.628400027558918772e-01
4.944651472248180468e-01
8.857378721101030750e-02
8.160712075339129901e-02
4.403318653474024291e-01
8.128046378445084041e-01
4.197367856195122204e-01
4.255085322525342661e-01
7.758572358238577937e-01
5.675057302176313989e-01
7.839913862075086337e-01
6.624394047253477913e-01
7.114078734161622952e-01
8.860214778675615799e-01
1.803223506197996762e-01
2.608746879495634774e-01
7.410685342362797190e-01
5.608279074915223372e-01
1.934776674586354828e-01
8.092592024816022689e-02
7.773847527178352479e-01
6.793773956954447524e-01
6.419665831094535369e-01
8.452172182625004027e-01
7.008350855588647565e-01
7.539556985272277689e-01
2.227597527998717575e-01
1.411149163963822672e-01
8.819906241871418029e-01
1.381176367159505647e-01
2.057411874259097023e-02
3.755138742638595983e-02
8.057459966354513226e-02
1.399373257572843754e-01
4.994150288178781510e-02
3.872209356999236490e-02
2.544744178694733350e-01
6.205121443793913949e-01
9.910466109692347980e-02
1.292302554820594640e-01
6.264405348299886267e-01
4.570922305309416678e-01
1.279122071462570898e-01
1.130438540473520659e-01
6.618172913671191981e-01
1.839555514416412740e-01
3.657554812250073117e-02
5.189789403443523935e-02
1.726819455315435903e-01
1.503727786152119494e-01
3.365171446307218400e-02
3.012871638199376284e-02
2.073391680237682833e-01
8.840784954898526227e-01
1.277895073092725486e-01
2.472812208634595499e-01
7.963482309764984279e-01
7.207910238197641206e-01
8.741603587601083358e-01
6.473829248381425261e-01
6.691857203155602285e-01
8.370200675440809812e-01
1.270646528433173605e-01
1.360095774699416338e-01
5.361453608772837054e-01
8.131823809541723902e-01
1.794123038634690692e-01
1.433002758004356947e-01
8.493240990782701116e-01
7.050016990897597369e-01
4.523580772572076136e-01
7.570910887517348087e-01
5.800472330897548101e-01
