3.699696205605474408e-01
8.448963018040216433e-01
7.108277391295790837e-01
3.476742810857418320e-01
7.292266389661302695e-01
4.691534275020466938e-01
4.510853486407581103e-01
6.888046372093638015e-01
3.933746021989814601e-01
7.694858567641058578e-01
1.801706743979608616e-01
6.753432128822023373e-01
3.573422665001114162e-01
3.525896639689228285e-01
5.445049143348503762e-01
3.406819407790480647e-01
7.112743908764658229e-01
4.675238171862590719e-01
3.555063361174736758e-01
5.566223159130914144e-01
3.498768585713560308e-01
1.326933417882867339e-01
1.825430814902431198e-01
1.881214622185454211e-01
2.836404769373409018e-01
2.427709739025230573e-01
1.796456959123418906e-01
4.484263968433219727e-01
6.086915282474298916e-01
1.947413746456818640e-01
3.555608846130826617e-01
7.038148593435051836e-01
3.594536549847980322e-01
2.353699081629812562e-01
2.007347809858018584e-01
3.446264159182075848e-01
4.797311454127665131e-01
2.736013831722276524e-01
2.434801435561775584e-01
7.656204738414633670e-01
8.914413083426611650e-02
2.759578120833564574e-01
1.435805133352630880e-01
4.720553803569894069e-01
8.372206342386054878e-01
2.323393699709867810e-01
4.714386102205645468e-01
8.471878710466602680e-01
4.300200290497954159e-01
8.352388889153572471e-01
6.063042658450944478e-01
3.579835134368034577e-01
5.340425219133626555e-01
8.357494572117962761e-02
2.820177036486676281e-01
3.790638868720662691e-01
5.279592072262688784e-01
4.756822771247263271e-01
3.524454559302165335e-01
7.072116847274532159e-01
4.192909612795420737e-01
3.512173026995308311e-01
7.324865631268515642e-01
3.820616893360191946e-01
3.759001839893774677e-01
8.460457414818541855e-01
7.073420484629910909e-01
3.441440338735995974e-01
7.182200266578364634e-01
4.706246856437968362e-01
4.497492926112654499e-01
6.820225086583727725e-01
3.862265992447209140e-01
7.675511420595879652e-01
1.839925354081213826e-01
3.576652078897982756e-01
3.486575784226271790e-01
5.638887782069386123e-01
7.216700200545005384e-01
4.694913498677780739e-01
3.533545078631936676e-01
3.488216307177602893e-01
1.380583184101416561e-01
1.810852541819863160e-01
2.828296288500192213e-01
2.431261212172929342e-01
6.075050650646700579e-01
1.953575923722432606e-01
3.553601239065458661e-01
2.338618700003378681e-01
4.777013410479220568e-01
2.748524588264237289e-01
8.632240814503791548e-02
8.375448296368861456e-01
4.245857234195057339e-01
5.309672858299300247e-01
5.852349954629931794e-01
4.175968997411916295e-01
4.097268895844351499e-01
5.794686350826476762e-01
4.990452584470203568e-01
6.409256209931724069e-01
5.076321340687032224e-01
4.576137428994598855e-01
6.237879905232459610e-01
1.968502166082410632e-01
2.980198168735571085e-01
4.831406663971727911e-01
2.350014464748971799e-01
3.757305238586203799e-01
2.079358161650584902e-01
6.426617703891528421e-01
5.153083933709481368e-01
2.213137177061798022e-01
6.176129492936159870e-01
5.088541237994691491e-01
3.699696205605474408e-01
8.448963018040216433e-01
7.108277391295790837e-01
3.476742810857418320e-01
7.292266389661302695e-01
4.691534275020466938e-01
4.510853486407581103e-01
6.888046372093638015e-01
3.933746021989814601e-01
7.694858567641058578e-01
1.801706743979608616e-01
6.753432128822023373e-01
3.573422665001114162e-01
3.525896639689228285e-01
5.445049143348503762e-01
3.406819407790480647e-01
7.112743908764658229e-01
4.675238171862590719e-01
3.555063361174736758e-01
5.566223159130914144e-01
3.498768585713560308e-01
1.326933417882867339e-01
1.825430814902431198e-01
1.881214622185454211e-01
2.836404769373409018e-01
2.427709739025230573e-01
1.796456959123418906e-01
4.484263968433219727e-01
6.086915282474298916e-01
1.947413746456818640e-01
3.555608846130826617e-01
7.038148593435051836e-01
3.594536549847980322e-01
2.353699081629812562e-01
2.007347809858018584e-01
3.446264159182075848e-01
4.797311454127665131e-01
2.736013831722276524e-01
2.434801435561775584e-01
7.656204738414633670e-01
8.914413083426611650e-02
2.759578120833564574e-01
1.435805133352630880e-01
4.720553803569894069e-01
8.372206342386054878e-01
2.323393699709867810e-01
4.714386102205645468e-01
8.471878710466602680e-01
4.300200290497954159e-01
8.352388889153572471e-01
6.063042658450944478e-01
3.579835134368034577e-01
5.340425219133626555e-01
8.357494572117962761e-02
2.820177036486676281e-01
3.790638868720662691e-01
5.279592072262688784e-01
4.756822771247263271e-01
3.524454559302165335e-01
7.072116847274532159e-01
4.192909612795420737e-01
3.512173026995308311e-01
7.324865631268515642e-01
3.820616893360191946e-01
4.990452584470203568e-01
6.409256209931724069e-01
5.076321340687032224e-01
4.576134592327169570e-01
6.237879905232459610e-01
1.968493649776489329e-01
2.980198168735571085e-01
4.831406663971727911e-01
2.350014464748971799e-01
3.757305238586203799e-01
2.079357783762889045e-01
6.426617703891528421e-01
5.153083933709481368e-01
2.213137177061798022e-01
6.176129492936159870e-01
5.088541237994691491e-01
4.910525440812417708e-01
7.300817854034249432e-01
6.114640719439889960e-01
4.470406171492462000e-01
6.754016724465237154e-01
3.065964319311900166e-01
2.675391473427306543e-01
6.388002742348222185e-01
3.956708807420281637e-01
2.905203311954450696e-01
3.083039410295828064e-01
7.402658326153854773e-01
4.885481729152802433e-01
4.054235332575619744e-01
6.740393893895617605e-01
4.850691424608472579e-01
3.923261761300199657e-01
7.248944737231270974e-01
9.812367981929313032e-01
4.180870033511071560e-01
6.901965678175601138e-01
2.526943649357101807e-01
2.444446224701550263e-01
9.186265522183505450e-01
9.020732459624258848e-01
2.355167439440736532e-01
2.462044155194544892e-01
7.257819086617489646e-01
4.613162330806008793e-01
9.015139343488645096e-01
6.792893482246460390e-01
3.822659631179181616e-01
4.845853333588326928e-01
7.822727690683537460e-01
6.952163962293140820e-01
4.634475954850428847e-01
7.757880040388291931e-01
2.927438429220813321e-01
2.904136377762568388e-01
6.850678417875535331e-01
7.593382394251428913e-01
2.902294166156391686e-01
2.941315880244190217e-01
7.790847804693754597e-01
4.677143554692656524e-01
7.577620511150702232e-01
7.648799696658774572e-01
4.784785511450948547e-01
4.690072109031204750e-01
8.006354144202303402e-01
8.415709370782660237e-01
4.789918607478915180e-01
6.886327905528162319e-01
2.920950738090656307e-01
2.969525337608451276e-01
8.207461398878996839e-01
8.257911002115747579e-01
2.849910143698852205e-01
2.871583102656889985e-01
7.894021173792649115e-01
4.916104628891073136e-01
7.996640119958349224e-01
6.630733084439799363e-01
4.658456463611548859e-01
4.375802452679474208e-01
8.615382433375502469e-01
9.705916295796894744e-01
4.327178706173857581e-01
8.859715846867655120e-01
2.621028947740028370e-01
2.687505272192137751e-01
9.225854143720635392e-01
9.368055361340865694e-01
2.733223112447955572e-01
2.609451241113234232e-01
8.942653026219591350e-01
4.370646626750478436e-01
9.286857313353602539e-01
8.441476016447251318e-01
4.294718478357291147e-01
3.699696205605474963e-01
8.448963018040217543e-01
7.108277391295791947e-01
3.476742810857418320e-01
7.292266389661301584e-01
4.691534275020467493e-01
4.510853486407581658e-01
6.888046372093640235e-01
3.933746021989813491e-01
7.694858567641059688e-01
1.801706743979608338e-01
6.753432128822024483e-01
3.573422665001114162e-01
3.525896639689227730e-01
5.445049143348503762e-01
3.406819407790481202e-01
7.112743908764658229e-01
4.675238171862592940e-01
3.555063361174737313e-01
5.566223159130913034e-01
3.498768585713559753e-01
1.326933417882867339e-01
1.825430814902431198e-01
1.881214622185455043e-01
2.836404769373409573e-01
2.427709739025230018e-01
1.796456959123418906e-01
4.484263968433219172e-01
6.086915282474297806e-01
1.947413746456818917e-01
3.555608846130826062e-01
7.038148593435049616e-01
3.594536549847980322e-01
2.353699081629812284e-01
2.007347809858018861e-01
3.446264159182075293e-01
4.797311454127665686e-01
2.736013831722276524e-01
2.434801435561776140e-01
7.656204738414635891e-01
8.914413083426611650e-02
2.759578120833564574e-01
1.435805133352630880e-01
4.720553803569894624e-01
8.372206342386054878e-01
2.323393699709868365e-01
4.714386102205646023e-01
8.471878710466602680e-01
4.300200290497954159e-01
8.352388889153570251e-01
6.063042658450945588e-01
3.579835134368034577e-01
5.340425219133627666e-01
8.357494572117968312e-02
2.820177036486676281e-01
3.790638868720662136e-01
5.279592072262687674e-01
4.756822771247263271e-01
3.524454559302164780e-01
7.072116847274532159e-01
4.192909612795420182e-01
3.512173026995308311e-01
7.324865631268517863e-01
3.820616893360191391e-01
