2.588158976746382511e-01
4.444429782224482151e-01
6.432228628697070905e-01
1.979002788055733431e-01
6.862410193372850964e-01
3.630731741229684673e-01
4.981447771764669907e-01
4.585814589251582252e-01
4.957614070027085429e-01
6.797562382323549812e-01
3.757591775768243103e-01
4.533107158560802374e-01
2.389258829933370576e-01
4.352913917510759512e-01
5.211789190816409345e-01
1.940652387619962449e-01
7.046917390535707426e-01
4.201688824336526351e-01
5.768709249101922065e-01
5.563777979995829792e-01
4.118704020783444109e-01
1.896519076756187916e-01
3.009440115223162016e-01
3.970004455048586345e-01
3.588258412601979530e-01
3.005339663691208862e-01
2.946102093347642836e-01
4.943077590362917606e-01
3.153198892474716741e-01
3.975018960353189357e-01
5.961862645785991344e-01
6.513679483752667920e-01
2.840513306263969251e-01
5.003285867499247530e-01
4.088011902512466156e-01
4.187255341142402387e-01
7.098603036195462179e-01
4.527981906716808669e-01
2.988003156011961314e-01
6.716651602752621297e-01
3.848770527444952405e-01
4.422399186426349549e-01
1.902902943241351619e-01
3.586950328319021275e-01
5.421159762575562535e-01
5.030464119458820660e-01
4.150099268107465544e-01
4.588039774420128447e-01
1.500909421199394522e-01
5.386411998422512282e-01
3.161081818451376702e-01
2.375849531475401621e-01
4.466550397239140713e-01
3.863309903038379955e-01
3.580525510162472780e-01
4.972719860548080462e-01
4.419993014297112222e-01
7.216649196318775106e-01
3.810468354351995157e-01
6.773693424093669702e-01
1.455364603782811350e-01
2.848175124169220473e-01
7.382929451667492593e-01
2.719858013894139726e-01
2.652750859890889990e-01
4.516463836483665117e-01
6.472713065036141966e-01
1.959640687773899492e-01
6.818055293784426318e-01
3.608535046995860474e-01
4.962167726047417293e-01
4.559259556006248770e-01
4.965159201965209101e-01
6.757064641705687880e-01
3.863015934876788404e-01
2.382505709986969533e-01
4.271115172876726596e-01
5.514385894718076830e-01
7.211589671414890823e-01
4.175760470777027944e-01
5.849588322128337348e-01
3.948202133101773592e-01
1.899664916270350501e-01
2.977571419994829438e-01
3.584394527735076386e-01
2.996657659155278486e-01
3.157116686109208148e-01
4.012776523534528073e-01
2.844321289291498744e-01
5.016810145549013278e-01
7.157782686909017755e-01
4.476510803820706319e-01
3.856137150239152822e-01
5.412309475929751867e-01
1.477840831922359044e-01
4.443014717870577002e-01
4.183584551088761483e-01
5.872628975246977356e-01
5.694743445389293113e-01
4.191604966415946043e-01
3.382381760538168969e-01
4.835668773228531947e-01
5.933421503142380926e-01
3.420651209279590432e-01
7.388446413177174321e-01
3.276539207048675406e-01
3.829371182899886095e-01
5.737938249955712999e-01
4.748256837845633571e-01
4.985078416839491267e-01
3.271288841285769911e-01
4.900856674626077325e-01
2.607684049745699340e-01
4.802207853742307408e-01
7.290998564813655491e-01
3.495329313810148775e-01
2.588158976746382511e-01
4.444429782224482151e-01
6.432228628697070905e-01
1.979002788055733431e-01
6.862410193372850964e-01
3.630731741229684673e-01
4.981447771764669907e-01
4.585814589251582252e-01
4.957614070027085429e-01
6.797562382323549812e-01
3.757591775768243103e-01
4.533107158560802374e-01
2.389258829933370576e-01
4.352913917510759512e-01
5.211789190816409345e-01
1.940652387619962449e-01
7.046917390535707426e-01
4.201688824336526351e-01
5.768709249101922065e-01
5.563777979995829792e-01
4.118704020783444109e-01
1.896519076756187916e-01
3.009440115223162016e-01
3.970004455048586345e-01
3.588258412601979530e-01
3.005339663691208862e-01
2.946102093347642836e-01
4.943077590362917606e-01
3.153198892474716741e-01
3.975018960353189357e-01
5.961862645785991344e-01
6.513679483752667920e-01
2.840513306263969251e-01
5.003285867499247530e-01
4.088011902512466156e-01
4.187255341142402387e-01
7.098603036195462179e-01
4.527981906716808669e-01
2.988003156011961314e-01
6.716651602752621297e-01
3.848770527444952405e-01
4.422399186426349549e-01
1.902902943241351619e-01
3.586950328319021275e-01
5.421159762575562535e-01
5.030464119458820660e-01
4.150099268107465544e-01
4.588039774420128447e-01
1.500909421199394522e-01
5.386411998422512282e-01
3.161081818451376702e-01
2.375849531475401621e-01
4.466550397239140713e-01
3.863309903038379955e-01
3.580525510162472780e-01
4.972719860548080462e-01
4.419993014297112222e-01
7.216649196318775106e-01
3.810468354351995157e-01
6.773693424093669702e-01
1.455364603782811350e-01
2.848175124169220473e-01
7.382929451667492593e-01
2.719858013894139726e-01
3.382381760538168969e-01
4.835668773228531947e-01
5.933421503142380926e-01
3.420647768295571600e-01
7.388446413177174321e-01
3.276525031798716570e-01
3.829371182899886095e-01
5.737938249955712999e-01
4.748256837845633571e-01
4.985078416839491267e-01
3.271288246785108433e-01
4.900856674626077325e-01
2.607684049745699340e-01
4.802207853742307408e-01
7.290998564813655491e-01
3.495329313810148775e-01
3.900937019018108076e-01
3.866320870771742246e-01
7.930665730029196059e-01
2.664070735156482961e-01
6.140302564733142177e-01
4.112285285076410224e-01
4.450320034093885879e-01
8.537286588739934068e-01
5.958443791392435962e-01
5.254866286499852990e-01
4.038949597224786858e-01
3.886765447414024521e-01
2.345347912009633218e-01
6.391094627864777333e-01
6.064200167459599111e-01
3.902876263624604491e-01
2.936233263504233193e-01
5.639654763879660138e-01
7.417056267562140981e-01
2.704538345563691770e-01
3.862559772246645373e-01
4.317410525717614300e-01
5.047752876083848594e-01
7.182825598522339927e-01
8.591439266758371662e-01
4.283946773708523503e-01
4.110633224610114045e-01
5.539422841860852653e-01
3.013247400376721785e-01
8.779025428522988506e-01
3.738881794460340302e-01
2.924226253883658311e-01
3.085262823875120630e-01
7.349373042743123641e-01
6.044196506223529219e-01
3.450667871017077948e-01
7.572141731089465644e-01
5.018857558588660783e-01
4.363445774775318586e-01
6.389315634707939395e-01
7.470187722477157344e-01
4.636900538609936007e-01
4.883424959839793855e-01
7.077838485052763140e-01
3.362388568714836379e-01
7.754536855961278174e-01
7.333820948067359957e-01
3.115751993323242486e-01
3.138427371073223004e-01
8.247884206703628429e-01
9.046850624728612900e-01
3.033845344362485208e-01
7.832526416744158837e-01
4.602938270562791923e-01
4.535536799978802103e-01
9.370259104907106007e-01
7.128243115636370142e-01
4.550333782302080077e-01
4.441409632430299292e-01
7.935542228486895944e-01
3.234327766065484555e-01
7.312962129486488827e-01
7.576968418070433309e-01
3.168420301052208288e-01
2.952664272875758500e-01
6.942089818447401139e-01
9.337052295475567476e-01
2.741343895798454833e-01
7.085212792388977388e-01
4.557764038160845854e-01
4.357280850873557210e-01
9.243634934387401358e-01
8.520426905676061757e-01
4.485463650025481863e-01
4.419073515249253292e-01
7.164699460608654480e-01
2.875443830093249442e-01
8.812568989771663031e-01
6.712613789585861745e-01
2.943780410719429863e-01
2.588158976746382511e-01
4.444429782224481595e-01
6.432228628697072015e-01
1.979002788055733708e-01
6.862410193372849854e-01
3.630731741229685228e-01
4.981447771764671018e-01
4.585814589251583362e-01
4.957614070027085429e-01
6.797562382323550922e-01
3.757591775768243103e-01
4.533107158560802930e-01
2.389258829933370021e-01
4.352913917510758957e-01
5.211789190816409345e-01
1.940652387619962727e-01
7.046917390535707426e-01
4.201688824336527461e-01
5.768709249101922065e-01
5.563777979995829792e-01
4.118704020783443553e-01
1.896519076756187916e-01
3.009440115223162571e-01
3.970004455048586900e-01
3.588258412601979530e-01
3.005339663691208307e-01
2.946102093347642836e-01
4.943077590362916496e-01
3.153198892474716741e-01
3.975018960353189357e-01
5.961862645785991344e-01
6.513679483752667920e-01
2.840513306263970361e-01
5.003285867499246420e-01
4.088011902512466156e-01
4.187255341142401832e-01
7.098603036195461069e-01
4.527981906716808669e-01
2.988003156011961869e-01
6.716651602752623518e-01
3.848770527444952405e-01
4.422399186426348994e-01
1.902902943241351619e-01
3.586950328319021830e-01
5.421159762575564756e-01
5.030464119458819550e-01
4.150099268107466099e-01
4.588039774420129002e-01
1.500909421199394522e-01
5.386411998422511171e-01
3.161081818451377812e-01
2.375849531475401344e-01
4.466550397239140713e-01
3.863309903038380511e-01
3.580525510162473335e-01
4.972719860548079907e-01
4.419993014297111111e-01
7.216649196318775106e-01
3.810468354351995712e-01
6.773693424093668591e-01
1.455364603782811073e-01
2.848175124169220473e-01
7.382929451667492593e-01
2.719858013894139726e-01
