2.294400224127239873e-01
6.329708670090388178e-01
3.124191936316843554e-01
2.131123471926218427e-01
5.046337042992781186e-01
6.213307530571179349e-01
5.570424471321886450e-01
3.313999365634254790e-01
3.138899001886379381e-01
8.115495463257107467e-01
2.217018518975088504e-01
3.293828483611994096e-01
2.114053580923291320e-01
5.995195981885257375e-01
4.828545016000084789e-01
2.066838109156930170e-01
4.149824855311485261e-01
5.985587717593092716e-01
8.100764671327569388e-01
5.266773943912510525e-01
6.361717168364788844e-01
2.215013120883393416e-01
4.042781731630003539e-01
2.272539610393151666e-01
3.464652137734285375e-01
4.008695722977000386e-01
4.024862583249959047e-01
5.526985484531190540e-01
1.321445635304279165e-01
2.702541400867518040e-01
8.046512535778169717e-01
3.138022658856667868e-01
3.019978330109669984e-01
3.501817053131950352e-01
2.723101726828394131e-01
5.900705425696923800e-01
6.139675699671784947e-01
4.684049838911226726e-01
4.016159605611628880e-01
7.889590137394040248e-01
3.316759878688895213e-01
4.653851156776870335e-01
2.258201582126637408e-01
6.137061435205932725e-01
4.980229391826777596e-01
3.536004056007316931e-01
5.775826208077550206e-01
6.515341039273517820e-01
2.098738968092060120e-01
4.971523939585270613e-01
1.449165946565835195e-01
2.030705348143166944e-01
5.915077892155440331e-01
3.302990803114566609e-01
3.485924472046335598e-01
3.027428258693812824e-01
5.490826631742804498e-01
6.098878733619372827e-01
5.888222561895684048e-01
4.809100207976111929e-01
2.029201679622922028e-01
3.134113301213388714e-01
4.213551028215145045e-01
2.438867332678457678e-01
2.365254216653365216e-01
6.422820938600096730e-01
3.131066376196015022e-01
2.098667496852955061e-01
4.927727944833144025e-01
6.174651599827263304e-01
5.548597479094076190e-01
3.303836881224205824e-01
3.083220918474610661e-01
8.002424555529954464e-01
2.243270671827412577e-01
2.072078184891277819e-01
5.948538519015416082e-01
5.163102158036533273e-01
4.181055681396717016e-01
5.880163849286401678e-01
8.067609717755995780e-01
6.136470473795961889e-01
2.236295515847422366e-01
4.033765664162705655e-01
3.475281245145767639e-01
4.012433584378408691e-01
1.384922296627402738e-01
2.691708624934938121e-01
3.076704297521750120e-01
3.518828983599824323e-01
6.119223105545618102e-01
4.670253713507711013e-01
3.309783541546413854e-01
4.983698217891955329e-01
2.063518118868736817e-01
5.700610475694042334e-01
3.728378961895908450e-01
6.350602114432307710e-01
6.181985689739485368e-01
3.688090945581184998e-01
3.016808976773845963e-01
5.324584718020779484e-01
3.786577389144162309e-01
3.582964288927421581e-01
7.705647154672925492e-01
3.703786907404265083e-01
4.637350339320136516e-01
3.601284232228728621e-01
3.957464830976019643e-01
5.576248989173104853e-01
3.757541949063673004e-01
5.336588224114844348e-01
2.393722097333256249e-01
4.071803846718423658e-01
7.197058234943440880e-01
3.124367775872489150e-01
2.294400224127239873e-01
6.329708670090388178e-01
3.124191936316843554e-01
2.131123471926218427e-01
5.046337042992781186e-01
6.213307530571179349e-01
5.570424471321886450e-01
3.313999365634254790e-01
3.138899001886379381e-01
8.115495463257107467e-01
2.217018518975088504e-01
3.293828483611994096e-01
2.114053580923291320e-01
5.995195981885257375e-01
4.828545016000084789e-01
2.066838109156930170e-01
4.149824855311485261e-01
5.985587717593092716e-01
8.100764671327569388e-01
5.266773943912510525e-01
6.361717168364788844e-01
2.215013120883393416e-01
4.042781731630003539e-01
2.272539610393151666e-01
3.464652137734285375e-01
4.008695722977000386e-01
4.024862583249959047e-01
5.526985484531190540e-01
1.321445635304279165e-01
2.702541400867518040e-01
8.046512535778169717e-01
3.138022658856667868e-01
3.019978330109669984e-01
3.501817053131950352e-01
2.723101726828394131e-01
5.900705425696923800e-01
6.139675699671784947e-01
4.684049838911226726e-01
4.016159605611628880e-01
7.889590137394040248e-01
3.316759878688895213e-01
4.653851156776870335e-01
2.258201582126637408e-01
6.137061435205932725e-01
4.980229391826777596e-01
3.536004056007316931e-01
5.775826208077550206e-01
6.515341039273517820e-01
2.098738968092060120e-01
4.971523939585270613e-01
1.449165946565835195e-01
2.030705348143166944e-01
5.915077892155440331e-01
3.302990803114566609e-01
3.485924472046335598e-01
3.027428258693812824e-01
5.490826631742804498e-01
6.098878733619372827e-01
5.888222561895684048e-01
4.809100207976111929e-01
2.029201679622922028e-01
3.134113301213388714e-01
4.213551028215145045e-01
2.438867332678457678e-01
3.016808976773845963e-01
5.324584718020779484e-01
3.786577389144162309e-01
3.582960932832763290e-01
7.705647154672925492e-01
3.703770883758006338e-01
4.637350339320136516e-01
3.601284232228728621e-01
3.957464830976019643e-01
5.576248989173104853e-01
3.757541266194845408e-01
5.336588224114844348e-01
2.393722097333256249e-01
4.071803846718423658e-01
7.197058234943440880e-01
3.124367775872489150e-01
3.116632502096078339e-01
9.192558872910676637e-01
4.409371736346077153e-01
2.486034621897214025e-01
3.323861901091760274e-01
4.880283095521384951e-01
6.100000375011283005e-01
4.952172958573426431e-01
4.727784836681756531e-01
4.772163103276283458e-01
4.820036027316324523e-01
9.143751269412163651e-01
3.165450577159097389e-01
5.120411621294242988e-01
3.111006859106788536e-01
3.071209175900223021e-01
2.322286375149305859e-01
6.304043617258401344e-01
7.958861075441188149e-01
2.139679069551821688e-01
5.240894211062270269e-01
5.009733404987439798e-01
4.846205457754321766e-01
7.646791078834007660e-01
8.610040518471777649e-01
4.350763148713391315e-01
4.804506186176046301e-01
6.142840333374006700e-01
2.430018985568846435e-01
8.704225759330608270e-01
5.091865321097661656e-01
2.251182387145904962e-01
2.688615984990040397e-01
7.754121712251391685e-01
5.668014851559339817e-01
2.950450549198518901e-01
8.825825899007515574e-01
5.386314853870732833e-01
4.790017734285324513e-01
5.976030489825490122e-01
8.723883433948902422e-01
4.986951887476694933e-01
5.270467318058269512e-01
7.371428236602457496e-01
2.449903687440153077e-01
8.856686550200050245e-01
8.590882112781601521e-01
2.660145346222972940e-01
2.623258489118932557e-01
8.766717332928477546e-01
8.372139628431680691e-01
2.718948302748343537e-01
6.888684243625071701e-01
5.240661430562858492e-01
5.359362063539916399e-01
8.459001507879215787e-01
8.241500736970803764e-01
4.626591961242302875e-01
5.082339614421562679e-01
8.369387478621774790e-01
2.875803638582228872e-01
8.272059656019381535e-01
6.373101121597288810e-01
2.627753375859522844e-01
2.487861121208612136e-01
7.892841872376374912e-01
8.018926275423527983e-01
2.330851417418424998e-01
7.788291479112052773e-01
4.719931139288278676e-01
5.291455581398764041e-01
7.810938411388730351e-01
8.510203989504803168e-01
5.114622134279733778e-01
4.595885513701761793e-01
8.038264897233575734e-01
2.279563624939971167e-01
8.671897414905813672e-01
7.212860321701755062e-01
2.441271598551752464e-01
2.294400224127240151e-01
6.329708670090387068e-01
3.124191936316844664e-01
2.131123471926218427e-01
5.046337042992780075e-01
6.213307530571179349e-01
5.570424471321886450e-01
3.313999365634254790e-01
3.138899001886379381e-01
8.115495463257108577e-01
2.217018518975088781e-01
3.293828483611994651e-01
2.114053580923291598e-01
5.995195981885255154e-01
4.828545016000086454e-01
2.066838109156930170e-01
4.149824855311485261e-01
5.985587717593092716e-01
8.100764671327571609e-01
5.266773943912509415e-01
6.361717168364788844e-01
2.215013120883393416e-01
4.042781731630004094e-01
2.272539610393152498e-01
3.464652137734285930e-01
4.008695722976999831e-01
4.024862583249958492e-01
5.526985484531189430e-01
1.321445635304279165e-01
2.702541400867517485e-01
8.046512535778169717e-01
3.138022658856667868e-01
3.019978330109669984e-01
3.501817053131949242e-01
2.723101726828394131e-01
5.900705425696923800e-01
6.139675699671784947e-01
4.684049838911227837e-01
4.016159605611629435e-01
7.889590137394042468e-01
3.316759878688895213e-01
4.653851156776870335e-01
2.258201582126637408e-01
6.137061435205931614e-01
4.980229391826777596e-01
3.536004056007316931e-01
5.775826208077550206e-01
6.515341039273516710e-01
2.098738968092060397e-01
4.971523939585269503e-01
1.449165946565835195e-01
2.030705348143166666e-01
5.915077892155441441e-01
3.302990803114567164e-01
3.485924472046335598e-01
3.027428258693813379e-01
5.490826631742803388e-01
6.098878733619372827e-01
5.888222561895686269e-01
4.809100207976111374e-01
2.029201679622921750e-01
3.134113301213388714e-01
4.213551028215146155e-01
2.438867332678457678e-01
