4.243925581621468268e-01
8.719206409961479665e-01
7.191037088141815081e-01
4.323923844811762840e-01
7.906417276366026758e-01
4.151837344550697306e-01
3.016872322776613102e-01
8.383057875178283602e-01
4.462636508817132697e-01
6.898503641210858017e-01
1.262508106456158297e-01
8.157450016894343126e-01
3.936928456083514383e-01
4.952015448543199416e-01
6.250493532854559664e-01
4.226730169529007153e-01
8.440519960081502848e-01
4.541442925625481242e-01
3.680196260542616948e-01
6.864388454670848905e-01
3.421622567344165255e-01
7.782259611700408086e-02
1.079325681099091438e-01
1.420332030326498796e-01
2.237648645131056491e-01
1.515126067485722816e-01
1.072758646292293061e-01
2.968316800126836741e-01
5.538734078233517044e-01
2.359282421991495404e-01
3.902010274148002278e-01
7.432930063109197683e-01
3.146592769611870621e-01
2.072235865176213498e-01
2.347424304261313821e-01
4.832181955543866647e-01
4.894853697562236983e-01
1.937777220922674570e-01
1.493445911819048511e-01
7.081768366731908682e-01
4.812077045486287674e-02
1.896685834686414052e-01
8.310329207431385590e-02
4.025143235962692079e-01
7.444791193190167800e-01
2.117910751000108560e-01
4.464639058030970276e-01
8.685371947259046266e-01
4.995731541247448448e-01
7.402500133406624272e-01
5.505437455488020326e-01
3.806479333353201544e-01
7.992868181124486160e-01
4.644863116680003623e-02
2.264533024787819260e-01
4.683874192757903065e-01
7.618176333790052102e-01
5.035316946815582284e-01
3.154890496594538463e-01
7.981722763928971176e-01
4.741578481162962988e-01
3.344186173618377000e-01
8.874613701365365870e-01
4.507117597180097524e-01
4.373008286261574340e-01
8.702235212589520819e-01
7.311267879325671348e-01
4.274853335346379124e-01
7.944067061930251139e-01
4.087604826625950705e-01
2.992474400684172475e-01
8.269392228824048452e-01
4.573141650054068919e-01
6.990231929554062695e-01
1.339969933134591562e-01
3.871232359045936877e-01
4.892844172854699525e-01
6.714686478027648286e-01
8.653259961889222529e-01
4.502842131602646791e-01
3.768138620377569081e-01
3.263182722449714523e-01
8.042481564076632561e-02
1.076021459959646681e-01
2.251081912720355738e-01
1.504268793730234033e-01
5.522185743639410616e-01
2.331701927015720210e-01
3.244798226608301417e-01
2.094964326767213558e-01
4.965271625771174868e-01
1.917793299933879536e-01
4.727355254544382546e-02
7.435348927635392347e-01
4.867002239229082927e-01
7.803454029735036324e-01
6.626295590446373840e-01
3.386592092762464867e-01
3.206893396911668637e-01
6.689115527439946085e-01
5.609348240077250969e-01
5.758355834796295980e-01
5.143084921154080780e-01
5.508263793106852324e-01
7.675876479496193117e-01
1.325262650113044061e-01
1.986505534751252522e-01
5.210700820899599739e-01
2.626474989730901433e-01
2.907236262946996108e-01
1.356714658513149818e-01
5.766659284042829903e-01
5.329614502496915485e-01
2.792263181797952631e-01
7.562352827617526696e-01
5.820245337204890124e-01
4.243925581621468268e-01
8.719206409961479665e-01
7.191037088141815081e-01
4.323923844811762840e-01
7.906417276366026758e-01
4.151837344550697306e-01
3.016872322776613102e-01
8.383057875178283602e-01
4.462636508817132697e-01
6.898503641210858017e-01
1.262508106456158297e-01
8.157450016894343126e-01
3.936928456083514383e-01
4.952015448543199416e-01
6.250493532854559664e-01
4.226730169529007153e-01
8.440519960081502848e-01
4.541442925625481242e-01
3.680196260542616948e-01
6.864388454670848905e-01
3.421622567344165255e-01
7.782259611700408086e-02
1.079325681099091438e-01
1.420332030326498796e-01
2.237648645131056491e-01
1.515126067485722816e-01
1.072758646292293061e-01
2.968316800126836741e-01
5.538734078233517044e-01
2.359282421991495404e-01
3.902010274148002278e-01
7.432930063109197683e-01
3.146592769611870621e-01
2.072235865176213498e-01
2.347424304261313821e-01
4.832181955543866647e-01
4.894853697562236983e-01
1.937777220922674570e-01
1.493445911819048511e-01
7.081768366731908682e-01
4.812077045486287674e-02
1.896685834686414052e-01
8.310329207431385590e-02
4.025143235962692079e-01
7.444791193190167800e-01
2.117910751000108560e-01
4.464639058030970276e-01
8.685371947259046266e-01
4.995731541247448448e-01
7.402500133406624272e-01
5.505437455488020326e-01
3.806479333353201544e-01
7.992868181124486160e-01
4.644863116680003623e-02
2.264533024787819260e-01
4.683874192757903065e-01
7.618176333790052102e-01
5.035316946815582284e-01
3.154890496594538463e-01
7.981722763928971176e-01
4.741578481162962988e-01
3.344186173618377000e-01
8.874613701365365870e-01
4.507117597180097524e-01
5.609348240077250969e-01
5.758355834796295980e-01
5.143084921154080780e-01
5.508261443939330704e-01
7.675876479496193117e-01
1.325256916646072036e-01
1.986505534751252522e-01
5.210700820899599739e-01
2.626474989730901433e-01
2.907236262946996108e-01
1.356714411953520716e-01
5.766659284042829903e-01
5.329614502496915485e-01
2.792263181797952631e-01
7.562352827617526696e-01
5.820245337204890124e-01
5.533225525526250799e-01
7.635310043304233130e-01
4.681766238125590895e-01
5.528386274417271817e-01
6.550808581294678135e-01
2.303659149519064198e-01
2.155867646304442387e-01
5.452580351683196103e-01
2.778010684962610721e-01
2.208738923977996982e-01
2.232598059853735106e-01
7.654588071784220737e-01
6.060467605503974120e-01
3.301752521240859384e-01
6.559728871931469474e-01
5.584982180586435252e-01
4.734302610872616057e-01
6.866934411895428969e-01
7.619677050346078673e-01
5.527696427929968959e-01
7.112640804460752531e-01
1.881995690164503243e-01
1.923878362667982289e-01
7.365175124857981093e-01
7.126325141808240726e-01
1.924507126865664108e-01
1.693086353149357293e-01
6.861423397959445225e-01
5.713850502411014221e-01
7.313166763355938294e-01
7.078995705867334731e-01
4.787261977727310658e-01
5.746285459109288229e-01
7.186458931734991396e-01
6.044927673728945905e-01
5.501474986191431382e-01
6.790823194652846340e-01
2.211006128416874439e-01
2.260874051063806733e-01
6.573672868971223160e-01
5.983349654265723849e-01
2.240730965370411332e-01
2.189960746630900679e-01
6.880264471714809815e-01
5.693364943097578568e-01
6.569817229826864224e-01
6.394028101573030476e-01
5.841802392292534396e-01
5.558915573171250291e-01
7.929804256983721267e-01
6.954737137614430686e-01
5.648388204704963833e-01
6.375227464654278364e-01
2.237841496209820591e-01
2.179215741545657004e-01
7.519569351480717145e-01
7.572162121479952823e-01
2.049461368885777679e-01
2.141873663667841488e-01
7.427274022068837134e-01
5.764444635775112236e-01
7.791664805850899711e-01
6.046257057446551286e-01
5.683294262150171416e-01
5.246848571722493304e-01
7.895163411878567405e-01
8.466440221065867355e-01
5.403030130438730705e-01
8.300516808295717031e-01
2.014416104383622286e-01
2.012767817376127644e-01
8.343688110983236150e-01
8.323203657849953530e-01
2.059635719334057813e-01
1.852919288097080452e-01
8.364413851598342386e-01
5.381089867889657929e-01
8.597293476153307079e-01
8.009622830962657147e-01
5.311880841957120625e-01
4.243925581621469378e-01
8.719206409961478554e-01
7.191037088141817302e-01
4.323923844811762285e-01
7.906417276366025648e-01
4.151837344550697861e-01
3.016872322776613102e-01
8.383057875178284712e-01
4.462636508817133807e-01
6.898503641210856907e-01
1.262508106456158574e-01
8.157450016894344236e-01
3.936928456083514938e-01
4.952015448543198861e-01
6.250493532854561884e-01
4.226730169529007708e-01
8.440519960081502848e-01
4.541442925625482352e-01
3.680196260542617503e-01
6.864388454670848905e-01
3.421622567344165811e-01
7.782259611700409474e-02
1.079325681099091438e-01
1.420332030326499073e-01
2.237648645131056491e-01
1.515126067485722539e-01
1.072758646292293061e-01
2.968316800126836186e-01
5.538734078233517044e-01
2.359282421991495682e-01
3.902010274148002833e-01
7.432930063109197683e-01
3.146592769611869511e-01
2.072235865176213221e-01
2.347424304261314099e-01
4.832181955543867202e-01
4.894853697562237538e-01
1.937777220922674570e-01
1.493445911819048788e-01
7.081768366731908682e-01
4.812077045486287674e-02
1.896685834686414052e-01
8.310329207431388365e-02
4.025143235962691524e-01
7.444791193190167800e-01
2.117910751000108560e-01
4.464639058030970831e-01
8.685371947259046266e-01
4.995731541247448448e-01
7.402500133406623162e-01
5.505437455488021437e-01
3.806479333353201544e-01
7.992868181124487270e-01
4.644863116680003623e-02
2.264533024787819537e-01
4.683874192757902510e-01
7.618176333790053212e-01
5.035316946815582284e-01
3.154890496594537908e-01
7.981722763928971176e-01
4.741578481162961878e-01
3.344186173618375890e-01
8.874613701365363649e-01
4.507117597180097524e-01
