7.425080919276020319e-01
8.843029040055918610e-01
5.631459057644683242e-01
7.061582026617397867e-01
8.317447884476575348e-01
2.283752447097864291e-01
2.011453263335449548e-01
6.342495999658604999e-01
5.006230370743646185e-01
2.122132883563398464e-01
8.036544800737549510e-02
5.914213111708219728e-01
5.687201451929355667e-01
4.624192423531948148e-01
4.873529466438793478e-01
6.972797210875993912e-01
8.436268877418289236e-01
1.059131712585918428e-01
1.233681730680852295e-01
5.448117512230570281e-01
2.292871209470889737e-01
4.878429208877829715e-02
8.071090558149075778e-02
1.185678137985246572e-01
2.060778365848155713e-01
6.141041654941395422e-02
7.786388543617003832e-02
2.099590065259828997e-01
6.546513062463525934e-01
9.393563109238697861e-02
1.599616847004279863e-01
6.256207927484060960e-01
4.856017388160280279e-01
7.306330228982477193e-02
7.262586135663426368e-02
4.355113721886582634e-01
2.570183517343626045e-01
9.143282063468685661e-02
5.962173336323484812e-02
2.351994307813998764e-01
1.650807352418340590e-01
8.888939060909280265e-02
4.737169284820060694e-02
2.276331906210082301e-01
7.616416267581094246e-01
7.957654146674325579e-02
1.165269454004779770e-01
9.128906826165859023e-01
6.447236067209198840e-01
7.733555055141425605e-01
6.341364278637371399e-01
5.645500626034656300e-01
3.332409589353486634e-01
1.943348614761793991e-01
2.142548288453625105e-01
5.679318015634402528e-01
3.425574130561774844e-01
2.712792965303955084e-01
2.109060470130715292e-01
8.695707098875431473e-01
6.242110141507819510e-01
5.355928433880305928e-01
9.091256914388954335e-01
8.085967033391950887e-01
7.749212967461844848e-01
8.986423908625259527e-01
5.941985028571026284e-01
7.016756927365349616e-01
8.506562632560570325e-01
2.279990314581224475e-01
2.055739777195841334e-01
6.126718714010724876e-01
5.342428273101919034e-01
2.237183911210380849e-01
9.936900036839751982e-02
5.666200302613931816e-01
4.491326981338334412e-01
5.277693479308058766e-01
8.757264420355769241e-01
1.112475394653970606e-01
1.384374255288431943e-01
2.161859049228608276e-01
4.808819192455758562e-02
7.927841977543786944e-02
2.101636189801673327e-01
6.051465623695279072e-02
6.444554652378574611e-01
8.098426968684249716e-02
5.104477061950212224e-01
7.630438114082324641e-02
2.641677391519027251e-01
9.018809100519928346e-02
1.799028375912477828e-01
7.686898085840452310e-01
6.343339158658768406e-01
3.379506110503051053e-01
8.229511948930350318e-01
1.672455665545585779e-01
1.412964058580158389e-01
8.570426120046195084e-01
7.991020202215173285e-01
2.886788140409930481e-01
2.174638796771025673e-01
7.405118577067656416e-01
3.867052097504446451e-01
8.896441834000062832e-02
1.342976624671022856e-01
3.043911838712002327e-01
1.884182115842844008e-01
1.051832844575619208e-01
8.382193002261811854e-02
3.136409552400323264e-01
6.880900145796823297e-01
2.343966129152793565e-01
4.193144658568792593e-01
8.521992944412878357e-01
7.425080919276020319e-01
8.843029040055918610e-01
5.631459057644683242e-01
7.061582026617397867e-01
8.317447884476575348e-01
2.283752447097864291e-01
2.011453263335449548e-01
6.342495999658604999e-01
5.006230370743646185e-01
2.122132883563398464e-01
8.036544800737549510e-02
5.914213111708219728e-01
5.687201451929355667e-01
4.624192423531948148e-01
4.873529466438793478e-01
6.972797210875993912e-01
8.436268877418289236e-01
1.059131712585918428e-01
1.233681730680852295e-01
5.448117512230570281e-01
2.292871209470889737e-01
4.878429208877829715e-02
8.071090558149075778e-02
1.185678137985246572e-01
2.060778365848155713e-01
6.141041654941395422e-02
7.786388543617003832e-02
2.099590065259828997e-01
6.546513062463525934e-01
9.393563109238697861e-02
1.599616847004279863e-01
6.256207927484060960e-01
4.856017388160280279e-01
7.306330228982477193e-02
7.262586135663426368e-02
4.355113721886582634e-01
2.570183517343626045e-01
9.143282063468685661e-02
5.962173336323484812e-02
2.351994307813998764e-01
1.650807352418340590e-01
8.888939060909280265e-02
4.737169284820060694e-02
2.276331906210082301e-01
7.616416267581094246e-01
7.957654146674325579e-02
1.165269454004779770e-01
9.128906826165859023e-01
6.447236067209198840e-01
7.733555055141425605e-01
6.341364278637371399e-01
5.645500626034656300e-01
3.332409589353486634e-01
1.943348614761793991e-01
2.142548288453625105e-01
5.679318015634402528e-01
3.425574130561774844e-01
2.712792965303955084e-01
2.109060470130715292e-01
8.695707098875431473e-01
6.242110141507819510e-01
5.355928433880305928e-01
9.091256914388954335e-01
8.085967033391950887e-01
7.991029935643875204e-01
2.886804715240962604e-01
2.174652091697174550e-01
7.405127011639294210e-01
3.867068587274591351e-01
8.896149891209048644e-02
1.342978292126478790e-01
3.043924392853000205e-01
1.884193352487401052e-01
1.051807404862053485e-01
8.382216573360518064e-02
3.136426083241643514e-01
6.880908551280052743e-01
2.343899646064607767e-01
4.193161068385449219e-01
8.522003316572928089e-01
8.250401516459899831e-01
2.901034904111885471e-01
1.489896342930905337e-01
7.372762910639506506e-01
6.218669676691983561e-01
6.996544632875770220e-02
1.081300603716089381e-01
2.950287249959129277e-01
3.731135637106366421e-01
9.279818040034951143e-02
5.833351034131573076e-02
3.161603405246249388e-01
6.129651312016126674e-01
4.878606168967727363e-01
6.455892026279206330e-01
8.600555213817540068e-01
7.231396161336809403e-01
4.749890417757600680e-01
4.002564809363491349e-01
7.468884592233439035e-01
5.778379056335516406e-01
7.658493696481680213e-02
6.423463701740320109e-02
4.464905043903346638e-01
5.013830448764273751e-01
5.246347265973325125e-02
5.410832730494452569e-02
4.881587871559172065e-01
7.033903408958440684e-01
5.746698567537666946e-01
5.928933212002329700e-01
7.623516925438409420e-01
7.549120118806290636e-01
4.767034519496595735e-01
3.158072861214811233e-01
7.768632667847531481e-01
5.904643683333734572e-01
9.139546581281016158e-02
7.020532882285362986e-02
4.273438560947204756e-01
1.440193791211541452e-01
1.108368280162789488e-01
8.763028789733694202e-02
4.471401965515853227e-01
7.892643291461215460e-01
2.961042007241567742e-01
5.473234186136757273e-01
8.016913854239446913e-01
7.593215930762872157e-01
4.905419902074550365e-01
2.339574984097043675e-01
7.928408024587960679e-01
4.046017014540721490e-01
9.099009557367182532e-02
1.079731049906947349e-01
3.763744352144269278e-01
4.336307455610022288e-01
9.484030947639407461e-02
8.015336675100193098e-02
4.224128381754792549e-01
7.855586304725923341e-01
5.348577756884482781e-01
3.629092657779340314e-01
8.103075905014727187e-01
7.461124512566470468e-01
5.114226695754660046e-01
4.972535673412892265e-01
7.625814379493943695e-01
5.200406010455231876e-01
8.869658128903801231e-02
8.277021043845297910e-02
5.701540064888765968e-01
5.121822209735937825e-01
8.074328641552777630e-02
7.053527893094771462e-02
5.550772514782893463e-01
7.606043578523042914e-01
6.125720364914963856e-01
5.050220855196778658e-01
7.919155957029230253e-01
7.425080919276022540e-01
8.843029040055919721e-01
5.631459057644684352e-01
7.061582026617398977e-01
8.317447884476575348e-01
2.283752447097864846e-01
2.011453263335450103e-01
6.342495999658606110e-01
5.006230370743646185e-01
2.122132883563399020e-01
8.036544800737552285e-02
5.914213111708219728e-01
5.687201451929355667e-01
4.624192423531947593e-01
4.873529466438795144e-01
6.972797210875993912e-01
8.436268877418289236e-01
1.059131712585918983e-01
1.233681730680853128e-01
5.448117512230570281e-01
2.292871209470889182e-01
4.878429208877829715e-02
8.071090558149075778e-02
1.185678137985247405e-01
2.060778365848155991e-01
6.141041654941394035e-02
7.786388543617003832e-02
2.099590065259828719e-01
6.546513062463525934e-01
9.393563109238695086e-02
1.599616847004280418e-01
6.256207927484060960e-01
4.856017388160280279e-01
7.306330228982474417e-02
7.262586135663429143e-02
4.355113721886583189e-01
2.570183517343626600e-01
9.143282063468687049e-02
5.962173336323486200e-02
2.351994307813999319e-01
1.650807352418340590e-01
8.888939060909278878e-02
4.737169284820060694e-02
2.276331906210082856e-01
7.616416267581094246e-01
7.957654146674322804e-02
1.165269454004779770e-01
9.128906826165859023e-01
6.447236067209198840e-01
7.733555055141424495e-01
6.341364278637372509e-01
5.645500626034655189e-01
3.332409589353486634e-01
1.943348614761794546e-01
2.142548288453625660e-01
5.679318015634402528e-01
3.425574130561773734e-01
2.712792965303956194e-01
2.109060470130715848e-01
8.695707098875430363e-01
6.242110141507819510e-01
5.355928433880305928e-01
9.091256914388954335e-01
8.085967033391951997e-01
