5.780640428394855784e-02
3.286805982567416184e-01
1.886763645230453146e-01
7.912031359663192209e-02
3.152906093430388745e-01
3.783170235606786447e-01
8.751992362608932430e-01
1.275081500797080880e-01
5.385061236786253813e-02
8.185568127641749125e-01
1.491936617499604045e-01
1.288632793927174669e-01
4.770772183022066459e-02
6.328200516277415755e-01
2.619636375772304571e-01
7.874103492631311096e-02
1.845328423447439858e-01
5.940870631773174093e-01
4.786041489656651104e-01
2.772789908707671835e-01
9.535539975323287232e-02
1.807983803144163626e-01
7.213059832965238449e-01
1.507634702891864631e-01
9.181047024941628720e-01
8.663834661287630468e-01
7.107761528348596203e-01
8.680894681202427909e-01
2.940977326969428096e-02
3.432578492608452381e-01
5.095620731003346338e-01
1.574493401289258077e-01
2.957042730576767142e-01
6.356054773188213325e-01
3.663539978275242026e-01
6.283353931353228283e-01
7.102370285514941761e-01
7.238461896847219190e-01
8.645505461428859562e-01
8.314715917341299889e-01
2.534656137291372291e-01
7.314086384342385339e-01
1.944971043089216700e-01
3.911580177932004188e-01
2.385006817808150714e-01
6.365790654535173898e-01
6.113489056473478955e-01
3.484183156291192907e-01
2.092222512316557412e-02
2.397453237226518374e-01
2.281842929981243995e-02
4.965781681469420838e-02
1.575039913945038839e-01
2.375955392629023888e-01
9.169410978308486504e-01
3.918086671128950815e-02
1.588668526275101023e-01
7.080874305502345978e-01
1.104399364673575579e-01
3.035124074856973553e-01
2.059362471559528923e-02
2.857178950957933172e-01
1.823542269338120914e-01
6.116400058462930639e-02
5.945313969368949680e-02
3.385809386328996196e-01
1.731552446983425364e-01
7.892882585293096998e-02
3.094019710961861125e-01
3.848272662341892247e-01
8.716267575864884432e-01
1.281908907006617526e-01
4.652327876531259232e-02
8.250209621845103758e-01
1.498022126157299017e-01
4.868981834916258356e-02
6.306056209424475423e-01
2.746707988592741456e-01
1.834651498111238566e-01
6.027626786965532002e-01
4.920971471957168442e-01
9.737893282532639194e-02
1.875488327769914143e-01
7.160078709170701883e-01
9.175232863331794775e-01
8.654655523294094710e-01
2.613389252130195184e-02
3.526165358842824338e-01
2.907409656212930904e-01
6.360899483826396583e-01
7.091593784292351543e-01
7.278191260423646503e-01
2.454247696394175338e-01
2.394969448631637243e-01
2.075578801201920232e-02
1.581929447457653959e-01
1.246463634896388673e-01
8.778537577871386999e-01
8.758913255758148386e-01
1.199292672773536461e-01
1.180743463276656829e-01
4.867562280760029392e-01
1.092978775973826311e-01
1.955013156246901973e-01
2.994586568958010897e-01
3.912828480348078397e-01
9.381094326950030204e-01
1.298615495343934390e-01
6.159944576394537075e-01
9.223135315840709225e-01
4.099168593176510944e-01
5.035475802858426775e-01
4.235500759935782733e-02
6.042264078600131372e-01
3.164857393798987673e-01
1.181162968774938232e-01
5.780640428394855784e-02
3.286805982567416184e-01
1.886763645230453146e-01
7.912031359663192209e-02
3.152906093430388745e-01
3.783170235606786447e-01
8.751992362608932430e-01
1.275081500797080880e-01
5.385061236786253813e-02
8.185568127641749125e-01
1.491936617499604045e-01
1.288632793927174669e-01
4.770772183022066459e-02
6.328200516277415755e-01
2.619636375772304571e-01
7.874103492631311096e-02
1.845328423447439858e-01
5.940870631773174093e-01
4.786041489656651104e-01
2.772789908707671835e-01
9.535539975323287232e-02
1.807983803144163626e-01
7.213059832965238449e-01
1.507634702891864631e-01
9.181047024941628720e-01
8.663834661287630468e-01
7.107761528348596203e-01
8.680894681202427909e-01
2.940977326969428096e-02
3.432578492608452381e-01
5.095620731003346338e-01
1.574493401289258077e-01
2.957042730576767142e-01
6.356054773188213325e-01
3.663539978275242026e-01
6.283353931353228283e-01
7.102370285514941761e-01
7.238461896847219190e-01
8.645505461428859562e-01
8.314715917341299889e-01
2.534656137291372291e-01
7.314086384342385339e-01
1.944971043089216700e-01
3.911580177932004188e-01
2.385006817808150714e-01
6.365790654535173898e-01
6.113489056473478955e-01
3.484183156291192907e-01
2.092222512316557412e-02
2.397453237226518374e-01
2.281842929981243995e-02
4.965781681469420838e-02
1.575039913945038839e-01
2.375955392629023888e-01
9.169410978308486504e-01
3.918086671128950815e-02
1.588668526275101023e-01
7.080874305502345978e-01
1.104399364673575579e-01
3.035124074856973553e-01
2.059362471559528923e-02
2.857178950957933172e-01
1.823542269338120914e-01
6.116400058462930639e-02
1.180743463276656829e-01
4.867562280760029392e-01
1.092978775973826311e-01
1.955008948737611552e-01
2.994586568958010897e-01
3.912811552327917219e-01
9.381094326950030204e-01
1.298615495343934390e-01
6.159944576394537075e-01
9.223135315840709225e-01
4.099167848222897148e-01
5.035475802858426775e-01
4.235500759935782733e-02
6.042264078600131372e-01
3.164857393798987673e-01
1.181162968774938232e-01
8.359298328113784482e-02
5.633030047262173046e-01
4.569076474539863764e-01
8.841882560543583292e-02
6.074260047845565502e-01
7.828764569134966100e-01
7.551040621830769073e-01
4.776132111570670080e-01
3.392728618904772286e-01
7.820464299720800705e-01
7.940742236918768571e-01
5.989892968410348573e-01
5.314990431419985839e-02
3.487353327570608119e-01
6.170285956188144016e-01
8.129302187877232577e-02
6.061084968944577267e-02
2.936773670872512287e-01
3.683926470478486870e-01
6.630115132547523271e-02
2.785715561464854328e-01
7.662829184655226555e-01
8.410796716554145291e-01
3.205311102658212619e-01
3.278230441443157339e-01
8.427315354034534689e-01
7.624955620874511730e-01
2.948438519402871716e-01
9.533784981808179904e-02
3.089972401167344618e-01
2.657136678469351754e-01
5.622850128708853368e-02
8.269363119227680914e-02
5.090134970099220446e-01
3.549494173579974543e-01
8.977572625464919076e-02
5.544904844092437557e-01
8.666856228936467010e-01
7.461614509656934180e-01
3.360501011803052052e-01
5.959182893811032500e-01
8.372786849696614020e-01
8.663380160211077152e-01
4.896956156607279453e-01
7.122296841711016346e-02
5.987829099158854529e-01
5.353432422599238016e-01
8.058424054544033321e-02
7.384321789723931329e-02
4.608495147214859422e-01
7.119683337227993292e-01
7.904150094008055571e-02
5.942697331659454463e-01
8.275377685591389643e-01
8.170492282082948421e-01
6.865542102433579430e-01
4.130538319849605955e-01
7.805599406600214341e-01
8.213334603752844298e-01
4.283198748452035076e-01
8.427631951318267922e-02
3.642810641604539157e-01
5.821343535620777665e-01
7.345152719224581905e-02
7.742922985363481780e-02
3.042017213114287522e-01
3.614775941165304651e-01
7.374724885356695459e-02
3.391534665724573738e-01
7.629616080813275136e-01
8.723059730517357391e-01
3.337898702755017766e-01
3.161632707496138117e-01
8.872973822272317568e-01
7.665529446321012186e-01
3.279837559230125432e-01
7.526967387922658959e-02
2.926911908710583266e-01
3.303785392013387501e-01
7.130096290922094404e-02
5.780640428394856478e-02
3.286805982567415629e-01
1.886763645230453423e-01
7.912031359663193597e-02
3.152906093430388745e-01
3.783170235606785892e-01
8.751992362608933540e-01
1.275081500797081435e-01
5.385061236786253813e-02
8.185568127641748015e-01
1.491936617499603768e-01
1.288632793927174947e-01
4.770772183022066459e-02
6.328200516277414645e-01
2.619636375772305126e-01
7.874103492631312484e-02
1.845328423447439858e-01
5.940870631773176314e-01
4.786041489656651660e-01
2.772789908707672391e-01
9.535539975323270578e-02
1.807983803144163626e-01
7.213059832965238449e-01
1.507634702891864908e-01
9.181047024941628720e-01
8.663834661287630468e-01
7.107761528348596203e-01
8.680894681202426799e-01
2.940977326969426708e-02
3.432578492608453491e-01
5.095620731003347448e-01
1.574493401289258077e-01
2.957042730576767142e-01
6.356054773188212215e-01
3.663539978275242026e-01
6.283353931353228283e-01
7.102370285514942871e-01
7.238461896847219190e-01
8.645505461428860672e-01
8.314715917341302109e-01
2.534656137291372291e-01
7.314086384342384228e-01
1.944971043089216700e-01
3.911580177932003632e-01
2.385006817808150714e-01
6.365790654535173898e-01
6.113489056473480066e-01
3.484183156291192351e-01
2.092222512316557759e-02
2.397453237226518097e-01
2.281842929981242607e-02
4.965781681469420838e-02
1.575039913945038839e-01
2.375955392629024443e-01
9.169410978308488724e-01
3.918086671128956366e-02
1.588668526275101023e-01
7.080874305502345978e-01
1.104399364673575024e-01
3.035124074856972998e-01
2.059362471559528923e-02
2.857178950957933172e-01
1.823542269338121469e-01
6.116400058462930639e-02
