6.031506315104871035e-02
2.121451527404515924e-01
2.076373465596425549e-01
1.011617943755934307e-01
2.706012576148575377e-01
5.965434606291589725e-01
5.271678276703016808e-01
7.547685119720096147e-02
9.892026898886918662e-02
7.042060397999299060e-01
2.717039797482263541e-01
7.231060905128389171e-02
1.153525246926359882e-01
8.061110941884650494e-01
5.100355406642620437e-01
9.706644432907732267e-02
2.809720563162854678e-01
4.278884233713458607e-01
5.450130906626060590e-01
5.448271646758051645e-01
5.793499302806941476e-01
3.440313297905658874e-01
6.774866785259046065e-01
2.920067880708516195e-01
7.435587032607098301e-01
6.792009716018392318e-01
6.750681592372270723e-01
5.165397731596294006e-01
8.125469248572718406e-02
3.261055555656748317e-01
5.768337913768011305e-01
2.099911369055692534e-01
1.849169555667144471e-01
6.165291136109045667e-01
3.316970876838508664e-01
7.949335085129347611e-01
5.302494502642074448e-01
7.899548855473019771e-01
6.733798795479750687e-01
7.195035122216904000e-01
3.911108807935652631e-01
7.917551834308855785e-01
3.537351412925452410e-01
5.931532002693282735e-01
7.878966861585315340e-02
6.227066591973929865e-01
4.248656889658608549e-01
2.233975029824446512e-01
3.366636479456536907e-02
8.280526613031999328e-02
7.406159381839198808e-02
1.146541525798054906e-01
2.500677182784747377e-01
3.836231610722353746e-01
7.546888025284933521e-01
1.023511936253232446e-01
2.424786356142734078e-01
5.285543329220808717e-01
5.709833083797339892e-01
2.608598217002598418e-01
3.205069441751193238e-02
1.933999891370660196e-01
2.774328559732617272e-01
6.105458661208488375e-02
6.067776293999460613e-02
2.177892753776202728e-01
2.088072774995957670e-01
9.909416072929913555e-02
2.657309223293225497e-01
5.948246359595721344e-01
5.218274990774883770e-01
7.388163655012625064e-02
1.006339680512139401e-01
7.118627831106567605e-01
2.817527179480315280e-01
1.150008142239676567e-01
8.005918358660666367e-01
5.397647647486114586e-01
2.792375703844082180e-01
4.263692297183923063e-01
5.591557467714597385e-01
5.756942662743206318e-01
3.488131706595530845e-01
6.762697940727370183e-01
7.491200590988754682e-01
6.762858084934001424e-01
7.767974122339275922e-02
3.269013302861000780e-01
1.891330891602477360e-01
6.196031466392630804e-01
5.293996432724278334e-01
7.910693629428032780e-01
3.873170998006133514e-01
8.091963813509284176e-02
3.284802280859558388e-02
2.462312866536867650e-01
1.499025480113452824e-01
8.568968982661903100e-01
8.422654341986538507e-01
1.488723982067944318e-01
1.179259326467520935e-01
2.376008553274691071e-01
1.629537742334751238e-01
2.992910269773417231e-01
4.415878957516157222e-01
5.379053224841996439e-01
7.500022593588195896e-01
2.026703350206741083e-01
5.836078037345303615e-01
7.961574942461370208e-01
5.496789365420303719e-01
2.439466622776593763e-01
6.201601387532339194e-02
5.994511093106730248e-01
4.377403461474198565e-01
1.191650937011802108e-01
6.031506315104871035e-02
2.121451527404515924e-01
2.076373465596425549e-01
1.011617943755934307e-01
2.706012576148575377e-01
5.965434606291589725e-01
5.271678276703016808e-01
7.547685119720096147e-02
9.892026898886918662e-02
7.042060397999299060e-01
2.717039797482263541e-01
7.231060905128389171e-02
1.153525246926359882e-01
8.061110941884650494e-01
5.100355406642620437e-01
9.706644432907732267e-02
2.809720563162854678e-01
4.278884233713458607e-01
5.450130906626060590e-01
5.448271646758051645e-01
5.793499302806941476e-01
3.440313297905658874e-01
6.774866785259046065e-01
2.920067880708516195e-01
7.435587032607098301e-01
6.792009716018392318e-01
6.750681592372270723e-01
5.165397731596294006e-01
8.125469248572718406e-02
3.261055555656748317e-01
5.768337913768011305e-01
2.099911369055692534e-01
1.849169555667144471e-01
6.165291136109045667e-01
3.316970876838508664e-01
7.949335085129347611e-01
5.302494502642074448e-01
7.899548855473019771e-01
6.733798795479750687e-01
7.195035122216904000e-01
3.911108807935652631e-01
7.917551834308855785e-01
3.537351412925452410e-01
5.931532002693282735e-01
7.878966861585315340e-02
6.227066591973929865e-01
4.248656889658608549e-01
2.233975029824446512e-01
3.366636479456536907e-02
8.280526613031999328e-02
7.406159381839198808e-02
1.146541525798054906e-01
2.500677182784747377e-01
3.836231610722353746e-01
7.546888025284933521e-01
1.023511936253232446e-01
2.424786356142734078e-01
5.285543329220808717e-01
5.709833083797339892e-01
2.608598217002598418e-01
3.205069441751193238e-02
1.933999891370660196e-01
2.774328559732617272e-01
6.105458661208488375e-02
1.179259326467520935e-01
2.376008553274691071e-01
1.629537742334751238e-01
2.992906605081888105e-01
4.415878957516157222e-01
5.379029953512344253e-01
7.500022593588195896e-01
2.026703350206741083e-01
5.836078037345303615e-01
7.961574942461370208e-01
5.496788366473077669e-01
2.439466622776593763e-01
6.201601387532339194e-02
5.994511093106730248e-01
4.377403461474198565e-01
1.191650937011802108e-01
1.112401060147392706e-01
7.061845453575827936e-01
4.055119605619876832e-01
9.285446714852187144e-02
7.921899535209608878e-01
7.094307528951115938e-01
7.462232785251714517e-01
4.661809861183499049e-01
1.323280162572602059e-01
8.205355401563285689e-01
7.055345602165266072e-01
7.195131947336443901e-01
8.641455240894160839e-02
1.734685993428002337e-01
7.958348859712531809e-01
1.096154812730609496e-01
5.855068156633877474e-02
2.955745714802051616e-01
6.380133068149493880e-01
5.897029693606406497e-02
3.861437264741205411e-01
7.465191571218582345e-01
7.288903401170991891e-01
6.169648739587738628e-01
5.384028846565425130e-01
7.693971658744144237e-01
7.272419241826220127e-01
2.827686130480275839e-01
7.723200411550706912e-02
5.459974250147565655e-01
3.724566450780437687e-01
5.685270809649159429e-02
8.430528868124924358e-02
5.469889957886899801e-01
3.646620673679765723e-01
1.294987079955672582e-01
5.424345960579541881e-01
8.327931409712340249e-01
7.304839217284067043e-01
3.863317027546360194e-01
7.519174663270633552e-01
7.717748184977861747e-01
8.169020119921565071e-01
5.216421087763229991e-01
9.110523625002568682e-02
7.855517488570511464e-01
5.059759489115287501e-01
8.395425139678244775e-02
8.357673348235929167e-02
6.374977352510788897e-01
6.897296180951490996e-01
9.235801754485259418e-02
5.650846540621814462e-01
8.416692232240067240e-01
7.518451252116308270e-01
7.234707184263964308e-01
5.263621422905591096e-01
6.764489701907121511e-01
8.221171992087092928e-01
5.898816318362603006e-01
1.105793722016066016e-01
5.195442054951349142e-01
5.448582028227195728e-01
8.441221137645854578e-02
7.677774276828741584e-02
4.269834748929912660e-01
5.410182195450574660e-01
6.939467942002855438e-02
4.488568527166447719e-01
7.572498388913131429e-01
7.765276476447137144e-01
5.414924700555721060e-01
5.167761938160437829e-01
7.854428528466199655e-01
7.462232719127990244e-01
4.285042306605728601e-01
6.944848873238465559e-02
5.224526011884471632e-01
4.211540075454451859e-01
7.627850535004659926e-02
6.031506315104871729e-02
2.121451527404515369e-01
2.076373465596425827e-01
1.011617943755934446e-01
2.706012576148574822e-01
5.965434606291588615e-01
5.271678276703016808e-01
7.547685119720096147e-02
9.892026898886918662e-02
7.042060397999297949e-01
2.717039797482263541e-01
7.231060905128386396e-02
1.153525246926359882e-01
8.061110941884648273e-01
5.100355406642620437e-01
9.706644432907733655e-02
2.809720563162854123e-01
4.278884233713459717e-01
5.450130906626061700e-01
5.448271646758051645e-01
5.793499302806941476e-01
3.440313297905658874e-01
6.774866785259046065e-01
2.920067880708516750e-01
7.435587032607098301e-01
6.792009716018392318e-01
6.750681592372270723e-01
5.165397731596291786e-01
8.125469248572719794e-02
3.261055555656747762e-01
5.768337913768011305e-01
2.099911369055691979e-01
1.849169555667143916e-01
6.165291136109043446e-01
3.316970876838509774e-01
7.949335085129345391e-01
5.302494502642076668e-01
7.899548855473019771e-01
6.733798795479751798e-01
7.195035122216906220e-01
3.911108807935652631e-01
7.917551834308854675e-01
3.537351412925452965e-01
5.931532002693282735e-01
7.878966861585318116e-02
6.227066591973929865e-01
4.248656889658609104e-01
2.233975029824445957e-01
3.366636479456536907e-02
8.280526613031996552e-02
7.406159381839202971e-02
1.146541525798054906e-01
2.500677182784747377e-01
3.836231610722354302e-01
7.546888025284934631e-01
1.023511936253233001e-01
2.424786356142732968e-01
5.285543329220808717e-01
5.709833083797339892e-01
2.608598217002598973e-01
3.205069441751193238e-02
1.933999891370659641e-01
2.774328559732617272e-01
6.105458661208488375e-02
