7.342818693855261980e-01
8.770686051156681984e-01
6.323963831527651402e-01
6.718268580857518213e-01
8.429468322312655415e-01
2.234774205863337970e-01
2.097184775050154326e-01
7.217058709038846054e-01
5.726902690658471906e-01
2.288916919384424431e-01
1.508267885227462246e-01
6.406182460192595407e-01
6.123391365743291459e-01
5.534749236981171272e-01
4.939056844209389063e-01
6.661560103401494848e-01
7.736883217113361688e-01
9.697300613361869992e-02
1.329739603122242486e-01
5.929246482608914182e-01
1.563617598727890523e-01
6.667181332385835324e-02
5.920769186382598276e-02
1.923253505757808179e-01
1.169465755051014855e-01
4.615636811076404694e-02
5.705551228973752137e-02
1.978237982448851628e-01
7.720069130302920080e-01
1.529173284613433714e-01
1.541609203667584360e-01
6.899805037623762960e-01
4.685214351056413151e-01
6.936120339626050679e-02
1.197099290959138529e-01
4.915811903842771113e-01
1.304194463271674542e-01
5.600058762028745779e-02
4.336782040774431191e-02
2.405113894871980240e-01
2.271669340860252018e-01
5.710866483218990375e-02
6.081103866310837852e-02
1.995582649484230475e-01
8.546825708726424331e-01
5.926892929193536275e-02
6.210347057687737315e-02
7.937236117069497165e-01
6.772769933910114393e-01
9.077379371739908720e-01
7.308657808326569638e-01
6.110136498691117746e-01
5.307118041036842371e-01
2.580173369441872699e-01
1.127653329671249871e-01
6.290552171975882789e-01
4.834823410835236146e-01
1.266246601241322600e-01
1.228929805953140053e-01
7.533400223280193320e-01
6.633404715684475539e-01
5.036911987928787138e-01
7.593773058046346947e-01
7.648602783483823275e-01
7.492790710450782932e-01
8.352631730169329805e-01
6.610180675214563095e-01
6.689637974270435938e-01
7.981469472941760124e-01
2.113506720707177267e-01
2.037417020103629572e-01
6.808523414038574195e-01
6.008437754810478371e-01
2.347076227684627980e-01
1.715017715546348631e-01
6.116716019724445230e-01
5.229130910615258365e-01
5.553274691166604216e-01
7.666748007587932401e-01
7.944795431195905699e-02
1.404835801844796506e-01
1.347607159755086492e-01
6.378374281764723208e-02
5.812481695090140899e-02
1.148573418837383758e-01
4.475988248319710122e-02
7.515598777141074827e-01
1.343475465462204421e-01
4.860010809102547902e-01
6.433914674065277506e-02
1.285170200068733171e-01
5.656904412072136928e-02
2.427978172312368066e-01
8.825319299265591555e-01
6.702181024762767780e-01
5.068363749418686171e-01
8.538743472361427500e-01
1.622613523010280057e-01
1.172245454707264711e-01
8.549073302861673884e-01
7.916210874068777548e-01
3.440132389435552884e-01
3.385336275663141103e-01
7.590333978094604417e-01
3.638336831568449448e-01
9.564576369390218047e-02
9.812520071641335495e-02
4.186013603935324623e-01
2.219074157213237752e-01
6.201111814219384399e-02
8.597681932338233080e-02
2.504817605283411464e-01
7.541734144311662558e-01
2.727466693315377944e-01
3.029233328080587206e-01
8.151185205769135855e-01
7.342818693855261980e-01
8.770686051156681984e-01
6.323963831527651402e-01
6.718268580857518213e-01
8.429468322312655415e-01
2.234774205863337970e-01
2.097184775050154326e-01
7.217058709038846054e-01
5.726902690658471906e-01
2.288916919384424431e-01
1.508267885227462246e-01
6.406182460192595407e-01
6.123391365743291459e-01
5.534749236981171272e-01
4.939056844209389063e-01
6.661560103401494848e-01
7.736883217113361688e-01
9.697300613361869992e-02
1.329739603122242486e-01
5.929246482608914182e-01
1.563617598727890523e-01
6.667181332385835324e-02
5.920769186382598276e-02
1.923253505757808179e-01
1.169465755051014855e-01
4.615636811076404694e-02
5.705551228973752137e-02
1.978237982448851628e-01
7.720069130302920080e-01
1.529173284613433714e-01
1.541609203667584360e-01
6.899805037623762960e-01
4.685214351056413151e-01
6.936120339626050679e-02
1.197099290959138529e-01
4.915811903842771113e-01
1.304194463271674542e-01
5.600058762028745779e-02
4.336782040774431191e-02
2.405113894871980240e-01
2.271669340860252018e-01
5.710866483218990375e-02
6.081103866310837852e-02
1.995582649484230475e-01
8.546825708726424331e-01
5.926892929193536275e-02
6.210347057687737315e-02
7.937236117069497165e-01
6.772769933910114393e-01
9.077379371739908720e-01
7.308657808326569638e-01
6.110136498691117746e-01
5.307118041036842371e-01
2.580173369441872699e-01
1.127653329671249871e-01
6.290552171975882789e-01
4.834823410835236146e-01
1.266246601241322600e-01
1.228929805953140053e-01
7.533400223280193320e-01
6.633404715684475539e-01
5.036911987928787138e-01
7.593773058046346947e-01
7.648602783483823275e-01
7.916216250846513924e-01
3.440141968076118051e-01
3.385344434954723480e-01
7.590311023333684570e-01
3.638345877255910743e-01
9.564549820253107071e-02
9.812527116440240837e-02
4.186021307890616105e-01
2.219080625917865257e-01
6.201125818203936935e-02
8.597694485635037909e-02
2.504826423719637152e-01
7.541739237931908146e-01
2.727473588440868513e-01
3.029241748582378602e-01
8.151170747797152893e-01
8.484167017965492663e-01
3.620494511532850179e-01
2.797097496582319209e-01
7.253610721636444270e-01
4.424022277284671567e-01
8.132471418336387203e-02
9.151093919285599454e-02
4.245161385688671629e-01
3.619648795611125625e-01
6.374218547441889982e-02
5.591713041499010717e-02
2.602781692634708044e-01
6.873744784515316564e-01
4.727077826569350272e-01
3.465033752290793689e-01
8.465354613191542477e-01
7.568487060601065686e-01
5.178557083414108142e-01
4.645266176670532765e-01
7.477409857364957224e-01
5.076477682335931441e-01
7.944893533461597213e-02
4.960541259734779773e-02
5.214375052417838940e-01
3.361722106276390232e-01
6.149134223799015975e-02
4.837129785862906428e-02
4.294134505077280561e-01
7.851462932313273413e-01
4.253529772213875404e-01
4.039599621144449593e-01
7.552127581910258458e-01
8.013732937426701897e-01
4.813811063741679774e-01
4.482982526716767779e-01
7.640055574197402999e-01
4.522577141474477536e-01
9.337128298907801383e-02
5.990951428658203293e-02
5.696684685089548061e-01
1.407161997890709060e-01
9.742853755129668447e-02
7.237221790055183013e-02
3.365615653259212969e-01
8.250175321987619492e-01
2.904078709164286121e-01
2.799237061452015674e-01
8.065760242454419471e-01
8.064956536336532755e-01
5.044871245527309256e-01
2.423266052671531057e-01
8.003919814703077673e-01
3.668354922358054715e-01
9.268400521249872681e-02
1.028934115575987907e-01
3.804807646354317896e-01
4.243884453662412071e-01
8.287501396683330523e-02
6.492904671268759365e-02
3.046865310695809903e-01
8.067949520157351451e-01
5.292412191208493155e-01
2.117832807022486108e-01
8.154661993606511228e-01
7.717726338867381131e-01
5.421206746223876660e-01
4.449391814397349876e-01
8.038061985227782369e-01
5.558351993634536026e-01
8.455085656428618091e-02
7.451047453149972633e-02
5.490480075157471163e-01
4.641819190194951261e-01
7.760083015507948656e-02
5.795182052349842627e-02
4.327005373154360068e-01
8.008985303245002019e-01
5.659220718821089680e-01
4.149237219283747891e-01
7.752637303535770963e-01
7.342818693855263090e-01
8.770686051156680874e-01
6.323963831527652513e-01
6.718268580857519323e-01
8.429468322312653195e-01
2.234774205863338525e-01
2.097184775050154604e-01
7.217058709038847164e-01
5.726902690658471906e-01
2.288916919384423876e-01
1.508267885227461969e-01
6.406182460192596517e-01
6.123391365743290349e-01
5.534749236981170162e-01
4.939056844209389618e-01
6.661560103401494848e-01
7.736883217113359468e-01
9.697300613361869992e-02
1.329739603122242764e-01
5.929246482608914182e-01
1.563617598727891078e-01
6.667181332385838100e-02
5.920769186382598276e-02
1.923253505757808457e-01
1.169465755051015132e-01
4.615636811076404000e-02
5.705551228973752137e-02
1.978237982448851073e-01
7.720069130302920080e-01
1.529173284613433437e-01
1.541609203667583805e-01
6.899805037623762960e-01
4.685214351056413151e-01
6.936120339626050679e-02
1.197099290959138806e-01
4.915811903842771668e-01
1.304194463271674542e-01
5.600058762028746473e-02
4.336782040774431884e-02
2.405113894871980795e-01
2.271669340860252018e-01
5.710866483218989681e-02
6.081103866310839240e-02
1.995582649484229920e-01
8.546825708726424331e-01
5.926892929193536275e-02
6.210347057687737315e-02
7.937236117069499386e-01
6.772769933910114393e-01
9.077379371739906500e-01
7.308657808326570748e-01
6.110136498691117746e-01
5.307118041036843481e-01
2.580173369441873255e-01
1.127653329671249871e-01
6.290552171975882789e-01
4.834823410835236146e-01
1.266246601241322600e-01
1.228929805953140608e-01
7.533400223280193320e-01
6.633404715684474429e-01
5.036911987928787138e-01
7.593773058046346947e-01
7.648602783483823275e-01
