4.459897940169245123e-01
5.917953362282981633e-01
6.359420981751141566e-01
3.585481329249251004e-01
6.924502722949494871e-01
2.119963513287315138e-01
4.445368167796507342e-01
3.192852456293511221e-01
4.896133367903322542e-01
6.495691679304196331e-01
1.595254751021288331e-01
3.054722805017077714e-01
3.324057245833350605e-01
6.925522376986013029e-01
6.898183885932303028e-01
3.543052721885996958e-01
5.489058047500061654e-01
2.426906268806395262e-01
4.553594024050519606e-01
7.361234522323669704e-01
8.943302918700563042e-02
1.410641144138194414e-01
3.916491113423255510e-01
1.755402307012091101e-01
3.071685733777372862e-01
2.292119963615336098e-01
3.879634205723118678e-01
4.380932684004598121e-01
1.256275836447592331e-01
2.797765576968481716e-01
4.644660236207678317e-01
6.352636646722991109e-01
5.812609733971618731e-01
3.352796147663921755e-01
2.784489868372799215e-01
6.893453180698647653e-01
3.681158993505477817e-01
3.066258425776044461e-01
2.287237944445189297e-01
6.526862499674999096e-01
4.490111239974592383e-01
3.061231278424829116e-01
1.494354093526465144e-01
2.106509267274793706e-01
4.372790016888655207e-01
3.355848037836005604e-01
2.454864419391035169e-01
5.960970242494860738e-01
2.792017146348870216e-01
4.522513570612263223e-01
1.210345735301212727e-01
3.297842583064067301e-01
8.582606788673747822e-01
4.381390012904742282e-01
3.073024233032360386e-01
4.787508082158091760e-01
8.390742024617412476e-01
3.715580159189354470e-01
7.069858506920140284e-02
6.790150457674204443e-01
2.759226917803448420e-01
5.722775995595206222e-01
5.742648873514999419e-01
4.625256468404053134e-01
4.540998143815436761e-01
5.939530414379897705e-01
6.356048887261001035e-01
3.564060250427356080e-01
6.857331868057223723e-01
2.113142358714346636e-01
4.412990966857224251e-01
3.123260039555698642e-01
4.841876550848625005e-01
6.511293405117704047e-01
1.673954847602169282e-01
3.310855156060323323e-01
6.909687277740104161e-01
7.305810603915804391e-01
5.613337454582231212e-01
2.440957733215386449e-01
4.580058453953722575e-01
7.439076955973233929e-02
1.451893182326141063e-01
3.897946461667902152e-01
3.072354539191143874e-01
2.289675081787697075e-01
1.233448696063985245e-01
2.770747382699020878e-01
5.767961668033836364e-01
3.354314810870296371e-01
3.698415230897675876e-01
3.064586291217220038e-01
4.435025774687605393e-01
4.454459862536790382e-01
2.775408795332864886e-01
8.485615349645102556e-01
5.489477805278759615e-01
4.552525294912175280e-01
4.423088224459494899e-01
5.459911442135845228e-01
5.045917215223334473e-01
2.763667785314927183e-01
3.403127166110234691e-01
5.318913879125514166e-01
5.537363918961335507e-01
2.468551814841231928e-01
3.613542957910847453e-01
3.469175230711697422e-01
5.981560852198085643e-01
3.455767873281604396e-01
2.541966080077273649e-01
2.746959299123923337e-01
3.111824467242657599e-01
5.968159250627861345e-01
5.469508901502042608e-01
5.174990443363772785e-01
4.459897940169245123e-01
5.917953362282981633e-01
6.359420981751141566e-01
3.585481329249251004e-01
6.924502722949494871e-01
2.119963513287315138e-01
4.445368167796507342e-01
3.192852456293511221e-01
4.896133367903322542e-01
6.495691679304196331e-01
1.595254751021288331e-01
3.054722805017077714e-01
3.324057245833350605e-01
6.925522376986013029e-01
6.898183885932303028e-01
3.543052721885996958e-01
5.489058047500061654e-01
2.426906268806395262e-01
4.553594024050519606e-01
7.361234522323669704e-01
8.943302918700563042e-02
1.410641144138194414e-01
3.916491113423255510e-01
1.755402307012091101e-01
3.071685733777372862e-01
2.292119963615336098e-01
3.879634205723118678e-01
4.380932684004598121e-01
1.256275836447592331e-01
2.797765576968481716e-01
4.644660236207678317e-01
6.352636646722991109e-01
5.812609733971618731e-01
3.352796147663921755e-01
2.784489868372799215e-01
6.893453180698647653e-01
3.681158993505477817e-01
3.066258425776044461e-01
2.287237944445189297e-01
6.526862499674999096e-01
4.490111239974592383e-01
3.061231278424829116e-01
1.494354093526465144e-01
2.106509267274793706e-01
4.372790016888655207e-01
3.355848037836005604e-01
2.454864419391035169e-01
5.960970242494860738e-01
2.792017146348870216e-01
4.522513570612263223e-01
1.210345735301212727e-01
3.297842583064067301e-01
8.582606788673747822e-01
4.381390012904742282e-01
3.073024233032360386e-01
4.787508082158091760e-01
8.390742024617412476e-01
3.715580159189354470e-01
7.069858506920140284e-02
6.790150457674204443e-01
2.759226917803448420e-01
5.722775995595206222e-01
5.742648873514999419e-01
4.625256468404053134e-01
5.045917215223334473e-01
2.763667785314927183e-01
3.403127166110234691e-01
5.318911430928430217e-01
5.537363918961335507e-01
2.468541135176866019e-01
3.613542957910847453e-01
3.469175230711697422e-01
5.981560852198085643e-01
3.455767873281604396e-01
2.541965618118520176e-01
2.746959299123923337e-01
3.111824467242657599e-01
5.968159250627861345e-01
5.469508901502042608e-01
5.174990443363772785e-01
5.384176164036904577e-01
5.474579990535690666e-01
6.087235134562332117e-01
3.700148464208861676e-01
0.000000000000000000e+00
2.865601310895231624e-01
4.756231975272017798e-01
6.580850803109112857e-01
6.212210700664306806e-01
3.553157854268733651e-01
2.825573197710642415e-01
5.530243502423344282e-01
4.492860598055374299e-01
6.446663590669963195e-01
0.000000000000000000e+00
5.333440610276529714e-01
4.062375761035966759e-01
7.199460336113674419e-01
8.936711314771907944e-01
3.445290668575512472e-01
6.667634658375261036e-01
3.148385708689824813e-01
2.711458256649756371e-01
8.608346107519764256e-01
7.185035723713901756e-01
2.824208667929734018e-01
3.034849997979216507e-01
7.128888009943525894e-01
4.161229830650577943e-01
7.313809115868021848e-01
6.579722394232174754e-01
3.975487085668311105e-01
4.586587434450629663e-01
6.454171186964057227e-01
9.054527283544024918e-01
4.091909699646604226e-01
6.806910448447496265e-01
3.634841927097069991e-01
2.762663613329682244e-01
9.273923092781299893e-01
7.156519898777333744e-01
3.381002185306324348e-01
3.589106423800737522e-01
6.255530838422385109e-01
4.498034373126511554e-01
7.368002619209661486e-01
6.552994151525926014e-01
4.553461271372861718e-01
4.501462660679125261e-01
7.365721678288670304e-01
9.193291810548696041e-01
4.261016166799639904e-01
6.088320548841164026e-01
3.340469158524156379e-01
3.354326062697210453e-01
9.191855140599467511e-01
8.077996104275833034e-01
3.266465654376378147e-01
3.225525470053431931e-01
7.155274372328306320e-01
4.591685967665968815e-01
8.028786949444612908e-01
5.791376504014582594e-01
4.488519182599491897e-01
4.033417338335140712e-01
8.547224946597966611e-01
9.754163422349284573e-01
3.933559506463688571e-01
8.348677923263634337e-01
2.911973973372906088e-01
3.196960096508357219e-01
9.405484348842936271e-01
8.853936002620903523e-01
3.238733348378690646e-01
2.849694735443375482e-01
8.872435689754853971e-01
4.169143760458060566e-01
9.035916950430402661e-01
7.822479255383196772e-01
3.984439789521765363e-01
4.459897940169245678e-01
5.917953362282981633e-01
6.359420981751142676e-01
3.585481329249251559e-01
6.924502722949494871e-01
2.119963513287314583e-01
4.445368167796507897e-01
3.192852456293511221e-01
4.896133367903322542e-01
6.495691679304195221e-01
1.595254751021288053e-01
3.054722805017078269e-01
3.324057245833350605e-01
6.925522376986013029e-01
6.898183885932305248e-01
3.543052721885997514e-01
5.489058047500061654e-01
2.426906268806396372e-01
4.553594024050519051e-01
7.361234522323671925e-01
8.943302918700557491e-02
1.410641144138194414e-01
3.916491113423255510e-01
1.755402307012091379e-01
3.071685733777373417e-01
2.292119963615335820e-01
3.879634205723118678e-01
4.380932684004597011e-01
1.256275836447592331e-01
2.797765576968481716e-01
4.644660236207678872e-01
6.352636646722991109e-01
5.812609733971618731e-01
3.352796147663921200e-01
2.784489868372799215e-01
6.893453180698647653e-01
3.681158993505478372e-01
3.066258425776044461e-01
2.287237944445189297e-01
6.526862499674999096e-01
4.490111239974592383e-01
3.061231278424828561e-01
1.494354093526465421e-01
2.106509267274793151e-01
4.372790016888655207e-01
3.355848037836006714e-01
2.454864419391035724e-01
5.960970242494862958e-01
2.792017146348870216e-01
4.522513570612262113e-01
1.210345735301212866e-01
3.297842583064066746e-01
8.582606788673746712e-01
4.381390012904742837e-01
3.073024233032360941e-01
4.787508082158091205e-01
8.390742024617411365e-01
3.715580159189354470e-01
7.069858506920145835e-02
6.790150457674203333e-01
2.759226917803447865e-01
5.722775995595206222e-01
5.742648873514999419e-01
4.625256468404053689e-01
