4.236754207539737693e-02
4.302918507136940796e-01
3.376778418345882660e-02
3.992998044059985208e-02
4.623881370885953856e-01
7.109550458486388891e-01
9.999999999999998890e-01
3.234670366519418749e-01
1.099771735835141095e-01
5.646542224509980556e-01
1.777963081631752651e-01
3.161636833065802343e-01
3.898642158186200329e-02
3.173859614792116646e-01
9.835869880554010125e-02
3.796329789070530814e-02
1.450120568856358982e-01
8.481180044985339173e-01
3.893315367894852330e-01
9.185775559103764865e-02
4.571939278850633559e-01
3.431253861244952241e-01
7.360690599190616856e-01
1.899831404458675599e-01
8.780038736732038718e-01
6.148565384042743442e-01
7.229580550029078845e-01
1.000000000000000000e+00
6.828469343342534470e-02
5.795807340609975267e-01
3.852658249159360837e-01
2.869477006327830759e-02
1.835243137406858960e-01
9.210302608157923121e-01
5.933714728950204575e-01
3.167147441902583016e-01
2.779611981372690499e-01
6.412121493080129575e-01
6.141685432094277086e-01
5.477153079993393181e-01
4.730958233741343610e-01
6.403469002305679503e-01
3.553356170063728392e-01
7.094232474995061377e-01
3.397375579708707405e-01
9.513038254159070783e-01
8.318816570123610532e-01
4.271972991862073021e-01
2.417687663291236480e-02
3.392223224707129892e-01
6.975809451709770459e-02
3.805558991803074942e-02
1.221815813935316353e-01
4.732537347125999050e-01
8.789892422724641108e-01
1.145464377225538510e-01
1.142124995517850294e-01
2.739713269119108396e-01
4.460023376481956903e-01
4.366661674876394783e-01
2.306861719754338402e-02
1.768492072303591289e-01
1.421062888811188141e-01
4.230232896362599165e-02
4.233555825997811772e-02
4.287396391354415526e-01
3.124628680868624109e-02
3.893705456965970008e-02
4.495281627214419706e-01
7.101784409534759313e-01
1.000000000000000222e+00
3.197874645622625911e-01
1.122594573700711473e-01
5.561758989513446716e-01
1.837464784303190490e-01
3.851764106396514398e-02
3.170545284027196931e-01
9.534672569630742167e-02
1.435880025127128923e-01
8.399577916781874043e-01
3.852636553868044045e-01
4.505786219113406821e-01
3.491423394668826119e-01
7.294722227044221352e-01
8.784962309541585190e-01
6.145119951137298919e-01
6.901696992615845294e-02
5.850880894758239137e-01
1.802067339427038117e-01
9.360948096991622558e-01
2.759609705545834624e-01
6.409553382335018146e-01
4.731758318489087678e-01
3.400134752865640042e-01
2.361553984033984421e-02
1.181530526567955430e-01
1.226538112748585263e-01
8.854850197612923468e-01
8.719783880158248346e-01
1.182125722159533820e-01
8.480727877098910572e-02
9.773906622239938446e-01
1.329930510595828119e-01
9.428301377395542637e-02
2.561449948210079430e-01
5.194876065640998686e-01
8.536759865696889049e-01
1.583527365513470730e-01
7.074043252586300623e-01
6.449007245938034316e-01
5.298937065596590612e-01
9.813041016650476678e-01
5.957823257166831865e-02
7.227887918315730742e-01
2.470758028230675141e-01
8.324672875920853532e-02
4.236754207539737693e-02
4.302918507136940796e-01
3.376778418345882660e-02
3.992998044059985208e-02
4.623881370885953856e-01
7.109550458486388891e-01
9.999999999999998890e-01
3.234670366519418749e-01
1.099771735835141095e-01
5.646542224509980556e-01
1.777963081631752651e-01
3.161636833065802343e-01
3.898642158186200329e-02
3.173859614792116646e-01
9.835869880554010125e-02
3.796329789070530814e-02
1.450120568856358982e-01
8.481180044985339173e-01
3.893315367894852330e-01
9.185775559103764865e-02
4.571939278850633559e-01
3.431253861244952241e-01
7.360690599190616856e-01
1.899831404458675599e-01
8.780038736732038718e-01
6.148565384042743442e-01
7.229580550029078845e-01
1.000000000000000000e+00
6.828469343342534470e-02
5.795807340609975267e-01
3.852658249159360837e-01
2.869477006327830759e-02
1.835243137406858960e-01
9.210302608157923121e-01
5.933714728950204575e-01
3.167147441902583016e-01
2.779611981372690499e-01
6.412121493080129575e-01
6.141685432094277086e-01
5.477153079993393181e-01
4.730958233741343610e-01
6.403469002305679503e-01
3.553356170063728392e-01
7.094232474995061377e-01
3.397375579708707405e-01
9.513038254159070783e-01
8.318816570123610532e-01
4.271972991862073021e-01
2.417687663291236480e-02
3.392223224707129892e-01
6.975809451709770459e-02
3.805558991803074942e-02
1.221815813935316353e-01
4.732537347125999050e-01
8.789892422724641108e-01
1.145464377225538510e-01
1.142124995517850294e-01
2.739713269119108396e-01
4.460023376481956903e-01
4.366661674876394783e-01
2.306861719754338402e-02
1.768492072303591289e-01
1.421062888811188141e-01
4.230232896362599165e-02
8.480727877098910572e-02
9.773906622239938446e-01
1.329930510595828119e-01
9.428254008609132653e-02
2.561449948210079430e-01
5.194853591114652058e-01
8.536759865696889049e-01
1.583527365513470730e-01
7.074043252586300623e-01
6.449007245938034316e-01
5.298936102605626974e-01
9.813041016650476678e-01
5.957823257166831865e-02
7.227887918315730742e-01
2.470758028230675141e-01
8.324672875920853532e-02
9.787967962452712167e-02
4.729073141986337436e-01
4.064825096723179154e-01
9.948715439230763902e-02
7.900931687262682246e-01
7.953394462194990355e-01
7.283897593540835658e-01
4.593198207963649082e-01
1.447760055888871467e-01
8.442735920171519082e-01
7.935615983278938579e-01
4.796968712314715333e-01
4.500359151119651124e-02
1.744992183197138225e-01
7.881023561254980603e-01
9.393225064323187934e-02
7.013457409637094409e-02
3.249584058173335954e-01
3.159545434395378827e-01
5.500533337959936930e-02
2.723442963784195037e-01
8.629344900068232072e-01
7.594781340264451508e-01
2.914692031290817553e-01
2.766869617791587466e-01
7.531601015338434957e-01
8.421297023994213093e-01
3.150585408508523866e-01
9.341990237966202315e-02
2.703758370644029352e-01
2.567133242314498798e-01
6.411038471560367991e-02
8.973701066958568451e-02
8.839021634341723832e-01
1.058896974964129711e-02
6.278098750286478791e-02
3.412240910069423983e-01
8.390022653187312329e-01
8.734400104679518329e-01
1.562429431314216188e-02
6.102337705206823948e-01
7.899676480602719764e-01
8.266725546859777785e-01
8.436221449352077073e-01
9.467668248889622717e-02
6.268711513594988904e-01
2.767718868443371782e-01
9.029243407574369384e-02
7.957794124894297660e-02
3.850647247037111143e-01
6.960865441607051451e-01
8.450866556858593892e-02
1.000000000000000000e+00
7.482757395594787919e-01
8.190403022360739360e-01
7.089889748632507427e-01
1.787587714172866882e-02
9.357511945471330694e-01
7.329440020420081581e-01
2.959046459628389414e-01
5.838427132647203144e-02
0.000000000000000000e+00
9.781106930150231804e-01
8.040526128580116616e-02
7.712891648644332188e-02
3.135581725132889908e-01
3.128345957098628283e-01
7.700255314178425237e-02
2.760774476111687026e-01
8.497926429970199536e-01
8.112613240310821983e-01
3.030388766294866976e-01
3.399982057618720077e-01
8.003434459658680389e-01
8.396452048932288026e-01
3.055301825241396596e-01
7.884535830268155077e-02
3.314031296786887903e-01
2.405306774899429456e-01
7.453426818631747608e-02
4.236754207539737693e-02
4.302918507136940240e-01
3.376778418345885435e-02
3.992998044059985208e-02
4.623881370885953856e-01
7.109550458486388891e-01
1.000000000000000000e+00
3.234670366519418749e-01
1.099771735835141095e-01
5.646542224509979446e-01
1.777963081631752928e-01
3.161636833065801788e-01
3.898642158186200329e-02
3.173859614792116091e-01
9.835869880554015676e-02
3.796329789070531507e-02
1.450120568856358982e-01
8.481180044985341393e-01
3.893315367894852885e-01
9.185775559103770416e-02
4.571939278850634114e-01
3.431253861244952796e-01
7.360690599190617966e-01
1.899831404458676432e-01
8.780038736732040938e-01
6.148565384042743442e-01
7.229580550029077735e-01
9.999999999999998890e-01
6.828469343342535858e-02
5.795807340609976377e-01
3.852658249159361392e-01
2.869477006327825208e-02
1.835243137406858960e-01
9.210302608157922011e-01
5.933714728950205686e-01
3.167147441902583571e-01
2.779611981372689944e-01
6.412121493080130685e-01
6.141685432094278196e-01
5.477153079993393181e-01
4.730958233741343610e-01
6.403469002305678393e-01
3.553356170063728392e-01
7.094232474995060267e-01
3.397375579708707960e-01
9.513038254159073004e-01
8.318816570123614973e-01
4.271972991862073576e-01
2.417687663291236480e-02
3.392223224707129337e-01
6.975809451709774622e-02
3.805558991803074942e-02
1.221815813935316353e-01
4.732537347126000715e-01
8.789892422724642218e-01
1.145464377225539065e-01
1.142124995517850294e-01
2.739713269119108396e-01
4.460023376481956348e-01
4.366661674876395338e-01
2.306861719754338055e-02
1.768492072303591289e-01
1.421062888811188696e-01
4.230232896362599859e-02
