2.204114641603616143e-02
2.186856776424735416e-01
9.169170742471310920e-03
6.401705682078440152e-02
3.233976698612461842e-01
9.830167069220248077e-01
5.967965259061196459e-01
2.139169709628562510e-01
4.077194879010326289e-02
5.876887150774563473e-01
2.279865191083854103e-01
1.964365921229917489e-01
4.581550593133470323e-02
4.878810853742166498e-01
2.241243434774687349e-01
6.177285799310955339e-02
1.068668560204007467e-01
9.337049118744680243e-01
5.230773050084849274e-01
2.377812774546679830e-01
6.059357913996614720e-01
3.851114746677517520e-01
8.684108983595467679e-01
2.461977670760489012e-01
7.040342980335079215e-01
6.582301481718126901e-01
8.561371254691314547e-01
5.793433590144074774e-01
4.639684744879225831e-02
4.456564345965023932e-01
5.576051538329602764e-01
6.106604692052264305e-03
1.555802302291291461e-01
6.405096084525045974e-01
4.594044481383159351e-01
4.798776365307256264e-01
5.434106376254427273e-01
7.868586138917572637e-01
6.521166499903332525e-01
6.003634142744085356e-01
4.899509569820346133e-01
7.840436344741672503e-01
3.973007206176505934e-01
9.515172039702555207e-01
2.426674539514733220e-01
6.357279538833924271e-01
9.111273048875865310e-01
2.109388465762070952e-01
6.446137426439209686e-03
2.520321535393586498e-01
3.779899441864785492e-02
4.502905429325680664e-02
9.745951441906053336e-02
4.688456175260246050e-01
7.017427570227854350e-01
4.139481257732768871e-02
9.074313136942224745e-02
5.477108582800602754e-01
6.020883050386323099e-01
2.999210155652615173e-01
5.529220301270435303e-03
1.515256731075322327e-01
9.778774849949789516e-02
2.162822121914705076e-02
2.183862696986162144e-02
2.147999059017166035e-01
7.646949027085181427e-03
6.288402033980712569e-02
3.116602649441023165e-01
9.670468057915024840e-01
5.880267509587518981e-01
2.051100146162848081e-01
4.108306057518701371e-02
5.940326989472157759e-01
2.369748822319087678e-01
4.541943731815328844e-02
4.839291495161869849e-01
2.348923035727331632e-01
1.024173807879385778e-01
9.223576505434331052e-01
5.384798470282317062e-01
6.048858396382942315e-01
3.911180870626311812e-01
8.622353166794753943e-01
7.028892880320907199e-01
6.551685500735096035e-01
4.212373693481293035e-02
4.507606787519895519e-01
1.535650838377473071e-01
6.381301903049795277e-01
5.455664515550584515e-01
7.856682600065582056e-01
4.792575765327211634e-01
2.477272175871550741e-01
5.981716099021686453e-03
9.406424973741867035e-02
8.356076705548443062e-02
9.267470889474668239e-01
9.112541467855118649e-01
7.730879505839582944e-02
5.792989966624213782e-02
6.295424464798029529e-01
1.001869938004783522e-01
1.563704375681465031e-01
4.196858333514759121e-01
6.239252277817807224e-01
7.990895900389671791e-01
1.474318813738613176e-01
5.253237970938618995e-01
7.709106249066116634e-01
6.357814302105415649e-01
6.004006447386585066e-01
3.827564814814855831e-02
5.219004512163970544e-01
4.151310347879020313e-01
5.557918345197117305e-02
2.204114641603616143e-02
2.186856776424735416e-01
9.169170742471310920e-03
6.401705682078440152e-02
3.233976698612461842e-01
9.830167069220248077e-01
5.967965259061196459e-01
2.139169709628562510e-01
4.077194879010326289e-02
5.876887150774563473e-01
2.279865191083854103e-01
1.964365921229917489e-01
4.581550593133470323e-02
4.878810853742166498e-01
2.241243434774687349e-01
6.177285799310955339e-02
1.068668560204007467e-01
9.337049118744680243e-01
5.230773050084849274e-01
2.377812774546679830e-01
6.059357913996614720e-01
3.851114746677517520e-01
8.684108983595467679e-01
2.461977670760489012e-01
7.040342980335079215e-01
6.582301481718126901e-01
8.561371254691314547e-01
5.793433590144074774e-01
4.639684744879225831e-02
4.456564345965023932e-01
5.576051538329602764e-01
6.106604692052264305e-03
1.555802302291291461e-01
6.405096084525045974e-01
4.594044481383159351e-01
4.798776365307256264e-01
5.434106376254427273e-01
7.868586138917572637e-01
6.521166499903332525e-01
6.003634142744085356e-01
4.899509569820346133e-01
7.840436344741672503e-01
3.973007206176505934e-01
9.515172039702555207e-01
2.426674539514733220e-01
6.357279538833924271e-01
9.111273048875865310e-01
2.109388465762070952e-01
6.446137426439209686e-03
2.520321535393586498e-01
3.779899441864785492e-02
4.502905429325680664e-02
9.745951441906053336e-02
4.688456175260246050e-01
7.017427570227854350e-01
4.139481257732768871e-02
9.074313136942224745e-02
5.477108582800602754e-01
6.020883050386323099e-01
2.999210155652615173e-01
5.529220301270435303e-03
1.515256731075322327e-01
9.778774849949789516e-02
2.162822121914705076e-02
5.792989966624213782e-02
6.295424464798029529e-01
1.001869938004783522e-01
1.563699963518597746e-01
4.196858333514759121e-01
6.239225285019917022e-01
7.990895900389671791e-01
1.474318813738613176e-01
5.253237970938618995e-01
7.709106249066116634e-01
6.357813146681670080e-01
6.004006447386585066e-01
3.827564814814855831e-02
5.219004512163970544e-01
4.151310347879020313e-01
5.557918345197117305e-02
6.008699534238406970e-02
6.816415092850081070e-01
1.369736302510573545e-01
9.287132426898382642e-02
5.494939109206899985e-01
8.242052708421134799e-01
8.913737907110041991e-01
1.905714244057563622e-01
2.826073113392877367e-01
8.243520845784121365e-01
8.197290975926188050e-01
6.756792774163384863e-01
2.393609189145798344e-02
3.087446276398781997e-01
5.333617017533789362e-01
5.633312434796741708e-02
2.463713047271953727e-02
2.253619837049207764e-01
3.639171648317494068e-01
3.829274159975934455e-02
3.866126617086731443e-01
8.678993442708442529e-01
8.025808784267929319e-01
3.318124547351186671e-01
2.818031028093948009e-01
8.567133372893638299e-01
8.439600791142279901e-01
2.042914974268679185e-01
3.505905588196209233e-02
2.662809899985818518e-01
3.614885910250755785e-01
1.948542355170057583e-02
4.264793510944743515e-02
6.174309191062552493e-01
2.096733462820221661e-01
5.436674005542657673e-02
3.729524860021982136e-01
8.890222359260930851e-01
8.700836189438860835e-01
2.105312523598468211e-01
6.522957423361797069e-01
8.837592609794692189e-01
8.700928271428526317e-01
5.719401308980902598e-01
5.529769331142132816e-02
6.699874371623903979e-01
3.078089781489175003e-01
3.983972148629674748e-02
5.198119233927923910e-02
3.537685731050999038e-01
5.653633617534463696e-01
6.548875314149540938e-02
6.317988067874522606e-01
8.980127076424162524e-01
8.643290633406002232e-01
5.855623850077802395e-01
1.922243289096856600e-01
8.551333471058846225e-01
8.782094937921094413e-01
2.564682548155579056e-01
5.626904998344300912e-02
1.771652353373207589e-01
5.866534851851734622e-01
4.973270176119806707e-02
3.674190207977431899e-02
2.991351659742460534e-01
3.197135645473783150e-01
3.949773473137432878e-02
3.072505094667576930e-01
8.819086923355587970e-01
8.529864611807062014e-01
3.106860490192016044e-01
3.301736603291516303e-01
8.538536688574983602e-01
8.690722660011578338e-01
2.820479208721102804e-01
3.551631057140394732e-02
3.203180881464822161e-01
2.643221170653271557e-01
3.206700116786956323e-02
2.204114641603616490e-02
2.186856776424735971e-01
9.169170742471283164e-03
6.401705682078440152e-02
3.233976698612461842e-01
9.830167069220248077e-01
5.967965259061197569e-01
2.139169709628563065e-01
4.077194879010326289e-02
5.876887150774564583e-01
2.279865191083854381e-01
1.964365921229918321e-01
4.581550593133470323e-02
4.878810853742165943e-01
2.241243434774687904e-01
6.177285799310956033e-02
1.068668560204007467e-01
9.337049118744682463e-01
5.230773050084849274e-01
2.377812774546680386e-01
6.059357913996612499e-01
3.851114746677518075e-01
8.684108983595467679e-01
2.461977670760489845e-01
7.040342980335079215e-01
6.582301481718126901e-01
8.561371254691313437e-01
5.793433590144072554e-01
4.639684744879227218e-02
4.456564345965023932e-01
5.576051538329602764e-01
6.106604692052208794e-03
1.555802302291291461e-01
6.405096084525043754e-01
4.594044481383160461e-01
4.798776365307255709e-01
5.434106376254428383e-01
7.868586138917573747e-01
6.521166499903333635e-01
6.003634142744085356e-01
4.899509569820346133e-01
7.840436344741672503e-01
3.973007206176505934e-01
9.515172039702556317e-01
2.426674539514732665e-01
6.357279538833924271e-01
9.111273048875867531e-01
2.109388465762071507e-01
6.446137426439210553e-03
2.520321535393585943e-01
3.779899441864786880e-02
4.502905429325679276e-02
9.745951441906042234e-02
4.688456175260246606e-01
7.017427570227855460e-01
4.139481257732774422e-02
9.074313136942213642e-02
5.477108582800603864e-01
6.020883050386323099e-01
2.999210155652615173e-01
5.529220301270432701e-03
1.515256731075321772e-01
9.778774849949789516e-02
2.162822121914705076e-02
