5.390122980743301123e-02
3.594794827156964634e-01
1.567393700828738634e-01
9.602980217408142727e-02
4.718032169082808647e-01
8.467892337740730024e-01
6.024034169564462804e-01
2.983563911652665768e-01
1.534473402136056208e-01
6.218013331677871847e-01
2.336854688409825687e-01
2.895478262556933635e-01
7.702838967644981549e-02
6.207039980860562522e-01
3.812590775573795887e-01
9.369751597897162110e-02
3.262944865582753096e-01
8.738919429990770205e-01
5.561765066133823598e-01
4.070947914430385617e-01
6.705617712169034128e-01
3.317979803129838534e-01
6.725912107246796445e-01
2.513251781927534068e-01
6.307529754982674763e-01
5.050693843395497318e-01
6.629480442264245044e-01
5.954852124130158852e-01
1.039532850772882794e-01
4.195173972843170285e-01
5.655583141704640937e-01
1.589903112631720905e-01
1.880539171146910493e-01
5.892965779507854940e-01
4.255443380665503428e-01
6.146704373187550363e-01
5.731528072667015916e-01
6.666505398977917718e-01
5.015037492703520172e-01
6.133421608853149021e-01
4.289690539720416584e-01
6.625013921240927584e-01
3.404690768713718452e-01
8.185598381405292390e-01
3.452232328239711046e-01
5.945302826711835742e-01
8.494563423485226306e-01
3.580151855261298754e-01
2.954863080834660427e-02
3.494382504917701859e-01
1.025999871970583593e-01
7.579741559575263465e-02
3.152122739790308437e-01
4.256503235565382015e-01
6.326170030021740498e-01
1.552141017214660468e-01
3.094329600868869212e-01
5.705268171231596686e-01
6.390673485389852804e-01
4.468913775826278134e-01
2.874883789079706736e-02
1.870757478690336928e-01
3.309905325230166895e-01
5.455524450699193034e-02
5.422199176563399781e-02
3.587449985646137263e-01
1.578581807430514128e-01
9.485229271700849896e-02
4.593482758545197053e-01
8.324772410441441117e-01
5.989271941447253944e-01
2.939184640845539098e-01
1.543298129753904457e-01
6.175673192730490868e-01
2.423878148460271165e-01
7.640845302249921200e-02
6.177247518118338387e-01
4.027301165312172637e-01
3.285959176364416923e-01
8.616108741274398630e-01
5.592993689971502702e-01
6.564365327228808278e-01
3.360709202699663223e-01
6.677392256915357649e-01
6.316843706270923731e-01
5.032837386710566907e-01
1.032806995631742469e-01
4.207916217500620171e-01
1.875677593996973314e-01
5.919009425719657935e-01
5.718363292100691053e-01
6.647613264690689361e-01
4.272875625648242526e-01
3.478711003488017539e-01
2.914353325020128949e-02
3.122907163196333435e-01
1.849951760255674760e-01
8.257042074328121428e-01
8.071150847765328207e-01
1.796614725861901407e-01
1.208653956811228530e-01
6.746741825044015872e-01
2.135170678267076516e-01
2.314407997139067419e-01
6.281879790002971031e-01
5.333825370481904971e-01
6.625256315555654307e-01
2.365017565364578855e-01
5.501529824995695650e-01
6.532164330398385621e-01
5.391906648024245019e-01
6.587763445650582916e-01
8.392241936325976759e-02
5.583897308841315743e-01
6.019849251211100150e-01
1.217145032083605666e-01
5.390122980743301123e-02
3.594794827156964634e-01
1.567393700828738634e-01
9.602980217408142727e-02
4.718032169082808647e-01
8.467892337740730024e-01
6.024034169564462804e-01
2.983563911652665768e-01
1.534473402136056208e-01
6.218013331677871847e-01
2.336854688409825687e-01
2.895478262556933635e-01
7.702838967644981549e-02
6.207039980860562522e-01
3.812590775573795887e-01
9.369751597897162110e-02
3.262944865582753096e-01
8.738919429990770205e-01
5.561765066133823598e-01
4.070947914430385617e-01
6.705617712169034128e-01
3.317979803129838534e-01
6.725912107246796445e-01
2.513251781927534068e-01
6.307529754982674763e-01
5.050693843395497318e-01
6.629480442264245044e-01
5.954852124130158852e-01
1.039532850772882794e-01
4.195173972843170285e-01
5.655583141704640937e-01
1.589903112631720905e-01
1.880539171146910493e-01
5.892965779507854940e-01
4.255443380665503428e-01
6.146704373187550363e-01
5.731528072667015916e-01
6.666505398977917718e-01
5.015037492703520172e-01
6.133421608853149021e-01
4.289690539720416584e-01
6.625013921240927584e-01
3.404690768713718452e-01
8.185598381405292390e-01
3.452232328239711046e-01
5.945302826711835742e-01
8.494563423485226306e-01
3.580151855261298754e-01
2.954863080834660427e-02
3.494382504917701859e-01
1.025999871970583593e-01
7.579741559575263465e-02
3.152122739790308437e-01
4.256503235565382015e-01
6.326170030021740498e-01
1.552141017214660468e-01
3.094329600868869212e-01
5.705268171231596686e-01
6.390673485389852804e-01
4.468913775826278134e-01
2.874883789079706736e-02
1.870757478690336928e-01
3.309905325230166895e-01
5.455524450699193034e-02
1.208653956811228530e-01
6.746741825044015872e-01
2.135170678267076516e-01
2.314403977592437434e-01
6.281879790002971031e-01
5.333802294820944034e-01
6.625256315555654307e-01
2.365017565364578855e-01
5.501529824995695650e-01
6.532164330398385621e-01
5.391905668137655372e-01
6.587763445650582916e-01
8.392241936325976759e-02
5.583897308841315743e-01
6.019849251211100150e-01
1.217145032083605666e-01
1.266789252738890204e-01
7.969452691603249317e-01
3.329737028942723054e-01
1.413202062225307754e-01
7.285532449425109469e-01
6.856939212685035923e-01
7.392805625207063969e-01
3.956113230319651120e-01
3.371735241839910469e-01
7.185191516398143907e-01
6.783960544480247545e-01
7.791886049935494718e-01
1.007013578817726740e-01
3.714734363148592955e-01
7.095037487739455084e-01
1.225348969219338391e-01
8.034671303694787547e-02
4.042468811122768013e-01
5.442528165796445272e-01
1.037480820939222503e-01
5.437628686237634401e-01
7.101565191216299144e-01
6.965292512585765650e-01
5.030119154472083576e-01
5.420693956181683593e-01
7.201313555079159601e-01
6.839952846282336685e-01
3.851722986797736503e-01
8.901251160807777119e-02
5.426057278786027283e-01
5.086842020155326605e-01
7.647483132163487851e-02
1.221018999264480293e-01
7.589840400716676427e-01
3.523558532966384327e-01
1.179812354199487878e-01
5.986107208130415636e-01
7.295014036664242418e-01
7.565445283045646452e-01
3.638828686560171555e-01
7.428918954191479074e-01
7.662684626946698607e-01
7.102585609379685749e-01
7.189898394011393634e-01
1.109794038914017483e-01
7.653725188662059420e-01
5.401372610995962553e-01
1.199349484329586546e-01
1.129473933925541212e-01
5.854766250770446767e-01
6.851760919212970258e-01
1.387011601520376780e-01
7.651878918292718268e-01
7.417173636491076749e-01
7.457770480723924234e-01
7.072975946072617148e-01
3.922840362107540280e-01
7.375922027224741662e-01
7.196069871545898167e-01
5.065272845094823673e-01
1.309372696467537289e-01
3.857454469759700189e-01
7.233640214665491008e-01
1.115939087064906909e-01
9.047791994539666760e-02
5.463655445310051650e-01
5.840263881955962688e-01
9.648293429860685388e-02
5.890889961413241505e-01
7.090961585922865851e-01
7.344960231337765988e-01
5.677903189202604395e-01
5.716256785377424876e-01
7.407577101291143995e-01
6.941407127107609432e-01
5.353738933715506132e-01
9.145963632400957999e-02
5.787100717603272937e-01
5.229636731866351695e-01
8.742456748738813843e-02
5.390122980743301123e-02
3.594794827156964079e-01
1.567393700828738912e-01
9.602980217408141339e-02
4.718032169082808647e-01
8.467892337740730024e-01
6.024034169564463914e-01
2.983563911652666878e-01
1.534473402136056763e-01
6.218013331677872957e-01
2.336854688409825409e-01
2.895478262556934190e-01
7.702838967644981549e-02
6.207039980860561412e-01
3.812590775573796442e-01
9.369751597897163498e-02
3.262944865582752541e-01
8.738919429990772425e-01
5.561765066133824709e-01
4.070947914430385062e-01
6.705617712169034128e-01
3.317979803129839089e-01
6.725912107246796445e-01
2.513251781927534623e-01
6.307529754982674763e-01
5.050693843395497318e-01
6.629480442264246154e-01
5.954852124130157742e-01
1.039532850772882933e-01
4.195173972843171395e-01
5.655583141704640937e-01
1.589903112631720905e-01
1.880539171146909938e-01
5.892965779507853830e-01
4.255443380665504538e-01
6.146704373187551473e-01
5.731528072667015916e-01
6.666505398977917718e-01
5.015037492703521282e-01
6.133421608853149021e-01
4.289690539720416584e-01
6.625013921240926473e-01
3.404690768713718452e-01
8.185598381405291279e-01
3.452232328239712156e-01
5.945302826711835742e-01
8.494563423485226306e-01
3.580151855261299310e-01
2.954863080834660427e-02
3.494382504917700194e-01
1.025999871970583732e-01
7.579741559575263465e-02
3.152122739790308437e-01
4.256503235565383680e-01
6.326170030021740498e-01
1.552141017214660468e-01
3.094329600868868102e-01
5.705268171231596686e-01
6.390673485389852804e-01
4.468913775826278689e-01
2.874883789079706389e-02
1.870757478690336928e-01
3.309905325230168005e-01
5.455524450699193034e-02
