1.945689379503125205e-01
5.292466390338299576e-01
2.302642930577397662e-01
1.768713877253713374e-01
3.999878249165325084e-01
5.613218220330549180e-01
5.278249723848171815e-01
2.428726100630956564e-01
1.698737076505429378e-01
9.729215943415385759e-01
2.131635757913742935e-01
2.387504665862543729e-01
2.057733608628509181e-01
5.798657671159983540e-01
3.847219131853065188e-01
1.712759446565075283e-01
3.597668425556397875e-01
4.922674620548532221e-01
8.956692492676316952e-01
4.069845864867751017e-01
5.924733709940803728e-01
1.981403634742533448e-01
5.541001810242895953e-01
2.226438626056622683e-01
3.862943289229724964e-01
5.559265741385142068e-01
5.428364014321660491e-01
5.208025745454990529e-01
1.283454081434684535e-01
2.005175448711263853e-01
9.252030850429528996e-01
2.033537566963225518e-01
2.280705927385969223e-01
3.588038570724926268e-01
2.019509123659702088e-01
5.701247040794126253e-01
7.015377953365736774e-01
6.696251804605715119e-01
5.510598879230118596e-01
9.639867801335355590e-01
3.020054688125409781e-01
6.693843849236934540e-01
2.055201798832295146e-01
5.433279671228217200e-01
3.802780017028633552e-01
3.563988321948653448e-01
4.888739845516424376e-01
5.171279953474162694e-01
1.681863102488229678e-01
3.850767395625943612e-01
1.213638110704029910e-01
2.028976637243795067e-01
4.307126696128488197e-01
2.902421961735583422e-01
3.851305656892237139e-01
1.586385331517269348e-01
4.240521385163106283e-01
6.871631543584514334e-01
5.842183308845025902e-01
3.696664362337190313e-01
1.619821415830588474e-01
2.137478401914670867e-01
3.473948299069246626e-01
1.931054835044333784e-01
1.938511857130696403e-01
5.231679879350569218e-01
2.168886459214332540e-01
1.740463968885199164e-01
3.848283216869280987e-01
5.521991357381828003e-01
5.242963950771111215e-01
2.407957936515397468e-01
1.642618944969317374e-01
9.684495105205277454e-01
2.177610761070955525e-01
2.043251174840872431e-01
5.750558336657558556e-01
4.045050262225581283e-01
3.537035853765142512e-01
4.905619369266899232e-01
9.098703665955395481e-01
5.890392486677366035e-01
2.017769868467154115e-01
5.484327801754601550e-01
3.857128335293972254e-01
5.534893709497477055e-01
1.248755726214273859e-01
1.989323278949584051e-01
2.209520734418122245e-01
3.576070830779757848e-01
6.943314090269351313e-01
6.696878620969329843e-01
2.960454059611556943e-01
3.832725397363599962e-01
1.650438798500603321e-01
4.273456391999139736e-01
2.903485120839666145e-01
7.211732197007286738e-01
7.080602933029395141e-01
2.765096476357086219e-01
2.487615357166123031e-01
3.698414997999326381e-01
3.282728753083653528e-01
3.197945552641389688e-01
6.882150116955128016e-01
4.152076827982129625e-01
5.738613743292547698e-01
3.247885908064848115e-01
3.114249840236164024e-01
7.478307680314455475e-01
4.240664513417028436e-01
3.584029659557925740e-01
2.029686816639276192e-01
3.012300592490940732e-01
6.631968226716409287e-01
2.435183673829993678e-01
1.945689379503125205e-01
5.292466390338299576e-01
2.302642930577397662e-01
1.768713877253713374e-01
3.999878249165325084e-01
5.613218220330549180e-01
5.278249723848171815e-01
2.428726100630956564e-01
1.698737076505429378e-01
9.729215943415385759e-01
2.131635757913742935e-01
2.387504665862543729e-01
2.057733608628509181e-01
5.798657671159983540e-01
3.847219131853065188e-01
1.712759446565075283e-01
3.597668425556397875e-01
4.922674620548532221e-01
8.956692492676316952e-01
4.069845864867751017e-01
5.924733709940803728e-01
1.981403634742533448e-01
5.541001810242895953e-01
2.226438626056622683e-01
3.862943289229724964e-01
5.559265741385142068e-01
5.428364014321660491e-01
5.208025745454990529e-01
1.283454081434684535e-01
2.005175448711263853e-01
9.252030850429528996e-01
2.033537566963225518e-01
2.280705927385969223e-01
3.588038570724926268e-01
2.019509123659702088e-01
5.701247040794126253e-01
7.015377953365736774e-01
6.696251804605715119e-01
5.510598879230118596e-01
9.639867801335355590e-01
3.020054688125409781e-01
6.693843849236934540e-01
2.055201798832295146e-01
5.433279671228217200e-01
3.802780017028633552e-01
3.563988321948653448e-01
4.888739845516424376e-01
5.171279953474162694e-01
1.681863102488229678e-01
3.850767395625943612e-01
1.213638110704029910e-01
2.028976637243795067e-01
4.307126696128488197e-01
2.902421961735583422e-01
3.851305656892237139e-01
1.586385331517269348e-01
4.240521385163106283e-01
6.871631543584514334e-01
5.842183308845025902e-01
3.696664362337190313e-01
1.619821415830588474e-01
2.137478401914670867e-01
3.473948299069246626e-01
1.931054835044333784e-01
2.487615357166123031e-01
3.698414997999326381e-01
3.282728753083653528e-01
3.197941995182833619e-01
6.882150116955128016e-01
4.152058864904880631e-01
5.738613743292547698e-01
3.247885908064848115e-01
3.114249840236164024e-01
7.478307680314455475e-01
4.240663742748957410e-01
3.584029659557925740e-01
2.029686816639276192e-01
3.012300592490940732e-01
6.631968226716409287e-01
2.435183673829993678e-01
2.532782425728790088e-01
8.966828496069843002e-01
2.969152440524198688e-01
1.966660637512724352e-01
3.119990658003337636e-01
5.424812546771446975e-01
7.653555117112245121e-01
3.291459362383164500e-01
3.825965922442042810e-01
6.248348314071239251e-01
5.389544130646808373e-01
8.713936448296148995e-01
2.444904639987090511e-01
3.853666505351260874e-01
2.826433800597596413e-01
2.416450096673122272e-01
1.868394871237258059e-01
4.737170497319489471e-01
6.395106878343717050e-01
1.660787998570830981e-01
4.477352279913666688e-01
6.826337054538698101e-01
5.192894752140044812e-01
5.820546331868732270e-01
6.448053159938573753e-01
5.063630936022958107e-01
6.636664818315213266e-01
4.364986684674738715e-01
1.882559636667411884e-01
6.093564964315234533e-01
4.159621432009517061e-01
1.734165655647388615e-01
2.038010602958584272e-01
6.956082709020328103e-01
5.065328072254366987e-01
2.267258097721432109e-01
7.834171528720190736e-01
6.383014398061316319e-01
5.900434586753527944e-01
4.764510046024659218e-01
8.512819467188181832e-01
6.234699422029391647e-01
6.293649980597185722e-01
6.235291343102802308e-01
1.756729779705142325e-01
8.253061736630129541e-01
7.101887558187174321e-01
1.977586993468662124e-01
1.919961990903447102e-01
8.305045751473696392e-01
8.037121342049697859e-01
1.991972034254879675e-01
5.911942847144158186e-01
6.066124655473218441e-01
6.793463912232171609e-01
7.894540623851837857e-01
8.108872579214869702e-01
5.664638352493924778e-01
5.939808539273350174e-01
7.424914330315743882e-01
2.204631782085144098e-01
7.568819671009965333e-01
5.272961810976166674e-01
1.848107520218516819e-01
1.930148457706343801e-01
6.524577201968118079e-01
6.417682932014319164e-01
1.764390146219665667e-01
5.976062336663601204e-01
5.886697187100218276e-01
6.474434603028142998e-01
5.879678568961770324e-01
6.843251688610143546e-01
6.264612668999034462e-01
5.780104792552330784e-01
6.384247290763414018e-01
1.805148270512977049e-01
6.462326950469428066e-01
5.342969449435641671e-01
1.807091200461344305e-01
1.945689379503125482e-01
5.292466390338299576e-01
2.302642930577398495e-01
1.768713877253713096e-01
3.999878249165323973e-01
5.613218220330551400e-01
5.278249723848172925e-01
2.428726100630956564e-01
1.698737076505429378e-01
9.729215943415386869e-01
2.131635757913742657e-01
2.387504665862544562e-01
2.057733608628508903e-01
5.798657671159983540e-01
3.847219131853065743e-01
1.712759446565075283e-01
3.597668425556397875e-01
4.922674620548532221e-01
8.956692492676316952e-01
4.069845864867751573e-01
5.924733709940803728e-01
1.981403634742533448e-01
5.541001810242897063e-01
2.226438626056622960e-01
3.862943289229725519e-01
5.559265741385142068e-01
5.428364014321660491e-01
5.208025745454989419e-01
1.283454081434684257e-01
2.005175448711263575e-01
9.252030850429531217e-01
2.033537566963225518e-01
2.280705927385969223e-01
3.588038570724925158e-01
2.019509123659702365e-01
5.701247040794126253e-01
7.015377953365737884e-01
6.696251804605715119e-01
5.510598879230119707e-01
9.639867801335355590e-01
3.020054688125409781e-01
6.693843849236933430e-01
2.055201798832295146e-01
5.433279671228217200e-01
3.802780017028633552e-01
3.563988321948653448e-01
4.888739845516423821e-01
5.171279953474163804e-01
1.681863102488229678e-01
3.850767395625942502e-01
1.213638110704030049e-01
2.028976637243795067e-01
4.307126696128489307e-01
2.902421961735583977e-01
3.851305656892237694e-01
1.586385331517269903e-01
4.240521385163106283e-01
6.871631543584513224e-01
5.842183308845025902e-01
3.696664362337189758e-01
1.619821415830588196e-01
2.137478401914670867e-01
3.473948299069247736e-01
1.931054835044333784e-01
