5.833230495770837937e-02
3.491837770643224093e-01
1.975188321840317673e-01
7.924133914435857462e-02
3.335017960305363127e-01
3.790144778834658723e-01
8.687898465476828758e-01
1.432877538591770528e-01
5.827295250240188684e-02
8.259254821896759857e-01
1.538124337282907317e-01
1.393462422332503725e-01
4.937926074313286201e-02
6.269641388802500437e-01
2.717102483257791135e-01
7.825655620441754334e-02
1.995156349184603606e-01
5.999411100823097698e-01
4.874454786631660652e-01
2.865595354472723622e-01
8.155014433077506508e-02
1.807712227920972303e-01
7.093367850292212617e-01
1.575786010611632260e-01
9.177938894773061129e-01
8.557619596951135943e-01
6.980131176383147507e-01
8.612522914493888626e-01
3.134453921548509270e-02
3.510611335187407978e-01
5.232535367436316198e-01
1.632051011521649664e-01
2.989005809192062935e-01
6.330996529901378178e-01
3.715409020107325322e-01
6.235582323004145167e-01
7.470305288143307409e-01
7.081356764300337225e-01
8.529179772695193451e-01
8.387744178933582706e-01
2.540286329852229352e-01
7.147453904336815711e-01
1.913231744726927031e-01
3.821023328012565501e-01
2.334429967826920915e-01
6.334279433624043776e-01
6.018044053424150830e-01
3.613849392545708250e-01
2.258431944684807791e-02
2.397531183565720925e-01
2.224266976968670984e-02
5.046122755316086173e-02
1.531195824251014859e-01
2.393037198445078784e-01
9.168100379477478468e-01
4.386314426946058553e-02
1.574827574275622366e-01
7.432561933704663337e-01
8.894717287782710757e-02
3.089642942871076436e-01
2.202322863141229631e-02
2.874666668986247120e-01
1.904182734040742453e-01
6.064173698656363104e-02
5.946496748105424557e-02
3.553038190321550216e-01
1.804634917757884649e-01
7.874414835046031347e-02
3.212340090628248990e-01
3.805799863239647807e-01
8.650024157464102359e-01
1.413019433028362415e-01
5.107545402196822515e-02
8.323566755127758121e-01
1.555257377821100406e-01
4.992415514376435243e-02
6.252823733557661967e-01
2.844695711244380476e-01
1.950572137965800590e-01
6.008775821479975798e-01
5.033584342727992489e-01
7.953729030810796630e-02
1.859710098843709303e-01
7.036392514741467430e-01
9.173022902277258028e-01
8.543377127374249813e-01
2.682093385850274625e-02
3.591695347730485821e-01
2.932178368149945258e-01
6.332630148679434523e-01
7.451383549985086674e-01
7.116287086377944826e-01
2.465680044260397941e-01
2.369621449893709875e-01
2.230012523326688201e-02
1.553252538223687251e-01
1.312504591982255331e-01
8.744299093377613241e-01
8.686780233828571562e-01
1.238812400508290112e-01
1.217463516409132834e-01
4.986358000960049441e-01
1.225945202386170552e-01
1.964479078642761278e-01
3.215872073596510727e-01
3.862204617023140552e-01
9.286357557323833278e-01
1.451761809938088010e-01
6.174015197724450621e-01
9.178305199127179126e-01
4.015712779662765630e-01
4.998231260777332707e-01
4.330415801891383809e-02
6.055581637372532411e-01
3.294734294467054347e-01
1.198835871308302076e-01
5.833230495770837937e-02
3.491837770643224093e-01
1.975188321840317673e-01
7.924133914435857462e-02
3.335017960305363127e-01
3.790144778834658723e-01
8.687898465476828758e-01
1.432877538591770528e-01
5.827295250240188684e-02
8.259254821896759857e-01
1.538124337282907317e-01
1.393462422332503725e-01
4.937926074313286201e-02
6.269641388802500437e-01
2.717102483257791135e-01
7.825655620441754334e-02
1.995156349184603606e-01
5.999411100823097698e-01
4.874454786631660652e-01
2.865595354472723622e-01
8.155014433077506508e-02
1.807712227920972303e-01
7.093367850292212617e-01
1.575786010611632260e-01
9.177938894773061129e-01
8.557619596951135943e-01
6.980131176383147507e-01
8.612522914493888626e-01
3.134453921548509270e-02
3.510611335187407978e-01
5.232535367436316198e-01
1.632051011521649664e-01
2.989005809192062935e-01
6.330996529901378178e-01
3.715409020107325322e-01
6.235582323004145167e-01
7.470305288143307409e-01
7.081356764300337225e-01
8.529179772695193451e-01
8.387744178933582706e-01
2.540286329852229352e-01
7.147453904336815711e-01
1.913231744726927031e-01
3.821023328012565501e-01
2.334429967826920915e-01
6.334279433624043776e-01
6.018044053424150830e-01
3.613849392545708250e-01
2.258431944684807791e-02
2.397531183565720925e-01
2.224266976968670984e-02
5.046122755316086173e-02
1.531195824251014859e-01
2.393037198445078784e-01
9.168100379477478468e-01
4.386314426946058553e-02
1.574827574275622366e-01
7.432561933704663337e-01
8.894717287782710757e-02
3.089642942871076436e-01
2.202322863141229631e-02
2.874666668986247120e-01
1.904182734040742453e-01
6.064173698656363104e-02
1.217463516409132834e-01
4.986358000960049441e-01
1.225945202386170552e-01
1.964474876084125743e-01
3.215872073596510727e-01
3.862187908016356808e-01
9.286357557323833278e-01
1.451761809938088010e-01
6.174015197724450621e-01
9.178305199127179126e-01
4.015712049875816425e-01
4.998231260777332707e-01
4.330415801891383809e-02
6.055581637372532411e-01
3.294734294467054347e-01
1.198835871308302076e-01
8.747176755433488937e-02
5.779251361564321510e-01
4.669758954319405131e-01
9.136508168273184405e-02
6.130088372784761042e-01
7.788820716121772625e-01
7.489435953292642445e-01
4.866283423687245424e-01
3.679344727009308258e-01
7.692701685721273774e-01
7.847218895196563793e-01
6.019465347601187233e-01
5.368534941570574093e-02
3.783377271361281213e-01
6.087137102632766972e-01
8.267308340347773177e-02
6.402788589943766984e-02
3.127581090224089699e-01
3.798570774505896086e-01
6.894511135156902726e-02
3.023299242825860933e-01
7.580688713279311042e-01
8.356711502257803126e-01
3.299867519170684993e-01
3.402920056497276136e-01
8.374734730262184401e-01
7.495609538993378562e-01
3.036780816061397381e-01
9.698111036592699241e-02
3.210784431839883712e-01
2.773827822644518992e-01
5.734230195764541960e-02
8.638067943990203335e-02
5.264750231839157024e-01
3.681697496111437928e-01
9.316619470372661249e-02
5.831507701171019242e-01
8.610052452964318537e-01
7.377278375912590391e-01
3.486923673238484511e-01
6.017817025671101661e-01
8.305881329978411776e-01
8.561030733861803022e-01
4.896296059435663039e-01
7.396167176447680791e-02
6.021033027542002092e-01
5.468933996795781738e-01
8.277645565471219991e-02
7.900050110328556141e-02
4.846796742496111143e-01
7.101934848519877441e-01
8.283373018543008226e-02
6.021403835963892170e-01
8.229413227237437622e-01
8.112921409596950406e-01
6.913142733250894345e-01
4.238870091352615610e-01
7.730477144470129236e-01
8.120667647592887395e-01
4.340130252368452624e-01
8.844282473283082702e-02
3.736645458537117825e-01
5.818057021325921951e-01
7.545646313095014102e-02
8.149250506669614147e-02
3.278385859560410953e-01
3.731122738190135735e-01
7.635204479737631167e-02
3.567745641663611078e-01
7.583314910624288085e-01
8.645335944636531877e-01
3.474800872778964766e-01
3.313340296264062346e-01
8.776568882217813394e-01
7.582715523722135531e-01
3.345366150065232080e-01
7.855439691128193735e-02
3.096843615438740205e-01
3.307124733675399497e-01
7.296270861213199899e-02
5.833230495770838631e-02
3.491837770643224648e-01
1.975188321840318506e-01
7.924133914435857462e-02
3.335017960305363127e-01
3.790144778834659278e-01
8.687898465476828758e-01
1.432877538591770528e-01
5.827295250240188684e-02
8.259254821896758747e-01
1.538124337282907039e-01
1.393462422332504003e-01
4.937926074313285507e-02
6.269641388802499327e-01
2.717102483257791690e-01
7.825655620441757110e-02
1.995156349184603606e-01
5.999411100823099918e-01
4.874454786631660097e-01
2.865595354472724177e-01
8.155014433077512059e-02
1.807712227920972303e-01
7.093367850292213728e-01
1.575786010611632537e-01
9.177938894773063350e-01
8.557619596951134833e-01
6.980131176383147507e-01
8.612522914493886406e-01
3.134453921548510658e-02
3.510611335187409088e-01
5.232535367436317308e-01
1.632051011521649664e-01
2.989005809192062935e-01
6.330996529901377068e-01
3.715409020107326432e-01
6.235582323004145167e-01
7.470305288143308520e-01
7.081356764300338336e-01
8.529179772695195672e-01
8.387744178933584926e-01
2.540286329852229352e-01
7.147453904336815711e-01
1.913231744726927308e-01
3.821023328012564946e-01
2.334429967826921470e-01
6.334279433624043776e-01
6.018044053424151940e-01
3.613849392545708805e-01
2.258431944684807791e-02
2.397531183565720092e-01
2.224266976968672371e-02
5.046122755316086173e-02
1.531195824251013748e-01
2.393037198445079339e-01
9.168100379477479578e-01
4.386314426946064104e-02
1.574827574275621256e-01
7.432561933704663337e-01
8.894717287782705206e-02
3.089642942871075881e-01
2.202322863141229631e-02
2.874666668986247120e-01
1.904182734040742453e-01
6.064173698656363104e-02
