3.573894489719522394e-01
8.293452885901237970e-01
6.216128107909564271e-01
3.756672776754669263e-01
6.859561270423971679e-01
4.539469323227796060e-01
3.855881075147267190e-01
6.816639534753065055e-01
4.069379153953581740e-01
6.839747073027158120e-01
1.313535760733628988e-01
6.808770057848703150e-01
3.098151990131262634e-01
6.566840533186677487e-01
6.448715677656535750e-01
3.666027020061735087e-01
8.512126601339207177e-01
5.186093935299775914e-01
3.536442469652802401e-01
6.833872926322404062e-01
5.016792759619326247e-01
1.064642331483253573e-01
1.741197188992065770e-01
1.424953610515166669e-01
3.031353098843957428e-01
2.082193842093763014e-01
1.759580805794478120e-01
3.811895160832807772e-01
4.323637509466072282e-01
2.946620879632190770e-01
3.626663794770389471e-01
6.265848263449869116e-01
3.439195424637247478e-01
2.274354042473953341e-01
3.029771752588104050e-01
6.541095429819199225e-01
4.684847946318041467e-01
2.497250950828157345e-01
2.091387614657332639e-01
6.865835025142412729e-01
1.679727978813806699e-01
2.534823390743098370e-01
1.161877965248730715e-01
4.650428322910407641e-01
6.254956521423531424e-01
2.257498013375850154e-01
5.200902345434866847e-01
8.537228665059375388e-01
3.595600521970058194e-01
6.142868848566428452e-01
4.431334313596247965e-01
3.033167985046876236e-01
8.143458216344525713e-01
1.647250510235004906e-01
3.056699933881089626e-01
4.082063828796502758e-01
7.948051767863271166e-01
4.662671801319250298e-01
5.029879318632162200e-01
6.772201924096754588e-01
3.464702307658103497e-01
3.545997855027289147e-01
8.880882344004037421e-01
3.828857398527893419e-01
3.698941223306931314e-01
8.415729598227975616e-01
6.240841077102661227e-01
3.710908137760853265e-01
6.815885028988031280e-01
4.595724314209280181e-01
3.833779265671349856e-01
6.812674738554883591e-01
4.075714972337202147e-01
6.852804704205814890e-01
1.367687158410114123e-01
3.065425089293912220e-01
6.554128138923125402e-01
6.804164191938090189e-01
8.692845855961733870e-01
5.193536482235669993e-01
3.559052074820111544e-01
5.019052058304179775e-01
1.112558073392171248e-01
1.750446954989209603e-01
3.044018104395237456e-01
2.086798020546310473e-01
4.377162540009995051e-01
2.966927876024315069e-01
3.492277062344334992e-01
2.265966246795377836e-01
4.673730460464790015e-01
2.516689484016040868e-01
1.663272715051401229e-01
6.208774460125621175e-01
3.529300176193276850e-01
8.044676385679104813e-01
5.823319445591454979e-01
4.157444180013731838e-01
4.072514277888200640e-01
5.866827998919528220e-01
4.885892654889125164e-01
5.438667824265326356e-01
4.415771562442684095e-01
5.159987643720154171e-01
7.919598793721704943e-01
1.924063795850207981e-01
2.762827319609718613e-01
4.314188596628599770e-01
3.926376224664832604e-01
3.366902207614241860e-01
2.040279601569928436e-01
5.627107854037769474e-01
4.076311032935845957e-01
3.964508778584782123e-01
7.826652983146098475e-01
5.086736076917898197e-01
3.573894489719522394e-01
8.293452885901237970e-01
6.216128107909564271e-01
3.756672776754669263e-01
6.859561270423971679e-01
4.539469323227796060e-01
3.855881075147267190e-01
6.816639534753065055e-01
4.069379153953581740e-01
6.839747073027158120e-01
1.313535760733628988e-01
6.808770057848703150e-01
3.098151990131262634e-01
6.566840533186677487e-01
6.448715677656535750e-01
3.666027020061735087e-01
8.512126601339207177e-01
5.186093935299775914e-01
3.536442469652802401e-01
6.833872926322404062e-01
5.016792759619326247e-01
1.064642331483253573e-01
1.741197188992065770e-01
1.424953610515166669e-01
3.031353098843957428e-01
2.082193842093763014e-01
1.759580805794478120e-01
3.811895160832807772e-01
4.323637509466072282e-01
2.946620879632190770e-01
3.626663794770389471e-01
6.265848263449869116e-01
3.439195424637247478e-01
2.274354042473953341e-01
3.029771752588104050e-01
6.541095429819199225e-01
4.684847946318041467e-01
2.497250950828157345e-01
2.091387614657332639e-01
6.865835025142412729e-01
1.679727978813806699e-01
2.534823390743098370e-01
1.161877965248730715e-01
4.650428322910407641e-01
6.254956521423531424e-01
2.257498013375850154e-01
5.200902345434866847e-01
8.537228665059375388e-01
3.595600521970058194e-01
6.142868848566428452e-01
4.431334313596247965e-01
3.033167985046876236e-01
8.143458216344525713e-01
1.647250510235004906e-01
3.056699933881089626e-01
4.082063828796502758e-01
7.948051767863271166e-01
4.662671801319250298e-01
5.029879318632162200e-01
6.772201924096754588e-01
3.464702307658103497e-01
3.545997855027289147e-01
8.880882344004037421e-01
3.828857398527893419e-01
4.885892654889125164e-01
5.438667824265326356e-01
4.415771562442684095e-01
5.159985112405021113e-01
7.919598793721704943e-01
1.924055471797443961e-01
2.762827319609718613e-01
4.314188596628599770e-01
3.926376224664832604e-01
3.366902207614241860e-01
2.040279230784090569e-01
5.627107854037769474e-01
4.076311032935845957e-01
3.964508778584782123e-01
7.826652983146098475e-01
5.086736076917898197e-01
4.626307343320421595e-01
8.835151644657075476e-01
4.927184378750675275e-01
4.699741997966322971e-01
8.160909214334899353e-01
3.042895832334926443e-01
2.634883800255712893e-01
5.420366721535958554e-01
3.299906177777589544e-01
2.708907067438878769e-01
3.046670662738288904e-01
9.148664488139677253e-01
5.006563582800804824e-01
3.589595912526650778e-01
8.405825908740107710e-01
4.659957640098795761e-01
4.008919916400223160e-01
6.962055490956167159e-01
9.433825762847414254e-01
4.180584786474749182e-01
7.200374880481359430e-01
2.537390719929347727e-01
2.372346677839767271e-01
8.998461163807311980e-01
8.199109303460792031e-01
2.520075725608494910e-01
2.447523948052227061e-01
7.197395085538640380e-01
4.573840743032933087e-01
8.358037743013961851e-01
7.347594933786443239e-01
4.006407855816258579e-01
4.894970954134446606e-01
7.381473179712085830e-01
6.445667362214502205e-01
4.701862987228444535e-01
7.860702617964521188e-01
2.987652343662727805e-01
2.841538024747732871e-01
6.585734762695882871e-01
7.507715427088132998e-01
2.880174841785045903e-01
3.010624814584819120e-01
7.377111046530773208e-01
4.568365766274696815e-01
7.652451059358476027e-01
7.886505593847608075e-01
4.970560190735107131e-01
4.698160297907406635e-01
7.856760085689127315e-01
7.993883641045571586e-01
4.823173399456968657e-01
6.613629448127418264e-01
3.008322639545844002e-01
2.921686239690901576e-01
8.088725689321583090e-01
8.513428495762487280e-01
2.710090172720814317e-01
2.954282360883802028e-01
7.748681585417300788e-01
4.862356603957451173e-01
8.318107320935497206e-01
6.570878530764825420e-01
4.804080744253944601e-01
4.336933524217551628e-01
8.587067069965244048e-01
9.454328354421011049e-01
4.360229963666168995e-01
8.961130181439809217e-01
2.579676145497967199e-01
2.696649884655820673e-01
9.116416758355412320e-01
9.125842723431545345e-01
2.767082542778417364e-01
2.537683473060990957e-01
9.151503180530993209e-01
4.378652105709228692e-01
9.170341998074775791e-01
8.772027311559580376e-01
4.387650319020530709e-01
3.573894489719522949e-01
8.293452885901236860e-01
6.216128107909564271e-01
3.756672776754669263e-01
6.859561270423969459e-01
4.539469323227797726e-01
3.855881075147267745e-01
6.816639534753066165e-01
4.069379153953581740e-01
6.839747073027157009e-01
1.313535760733628710e-01
6.808770057848703150e-01
3.098151990131262634e-01
6.566840533186675266e-01
6.448715677656535750e-01
3.666027020061736197e-01
8.512126601339207177e-01
5.186093935299778135e-01
3.536442469652802956e-01
6.833872926322404062e-01
5.016792759619327358e-01
1.064642331483253573e-01
1.741197188992066047e-01
1.424953610515166946e-01
3.031353098843957983e-01
2.082193842093762737e-01
1.759580805794477842e-01
3.811895160832806662e-01
4.323637509466072837e-01
2.946620879632190215e-01
3.626663794770388916e-01
6.265848263449869116e-01
3.439195424637246368e-01
2.274354042473953064e-01
3.029771752588104605e-01
6.541095429819199225e-01
4.684847946318042022e-01
2.497250950828157623e-01
2.091387614657332916e-01
6.865835025142412729e-01
1.679727978813806699e-01
2.534823390743097815e-01
1.161877965248730715e-01
4.650428322910408196e-01
6.254956521423531424e-01
2.257498013375850154e-01
5.200902345434867957e-01
8.537228665059377608e-01
3.595600521970058194e-01
6.142868848566427342e-01
4.431334313596247965e-01
3.033167985046876791e-01
8.143458216344524603e-01
1.647250510235005461e-01
3.056699933881089626e-01
4.082063828796503313e-01
7.948051767863272277e-01
4.662671801319250298e-01
5.029879318632162200e-01
6.772201924096754588e-01
3.464702307658102942e-01
3.545997855027289147e-01
8.880882344004039641e-01
3.828857398527893419e-01
