5.890287619123620866e-01
7.304711594929595986e-01
7.230284492543119779e-01
5.259596977614350299e-01
7.580750256319922498e-01
1.263679312844107061e-01
3.039149265962094448e-01
4.304365477707019494e-01
4.920398941164217943e-01
4.866338258929404081e-01
1.687308879253962557e-01
4.492574707544804702e-01
4.273628423420871569e-01
6.419258572037835897e-01
7.761598575529955468e-01
5.215942253222631830e-01
7.865512959396399051e-01
1.381833277653319314e-01
2.480293217938696615e-01
7.699532957093919716e-01
1.997730701457002822e-01
8.982134524843639334e-02
1.855082648745579876e-01
1.459296161717592022e-01
2.772079620809401179e-01
1.179373594399184128e-01
1.908989586330474830e-01
2.963896596320312327e-01
3.142048895194555214e-01
1.984184539431498862e-01
2.509594305102618161e-01
6.620573250803623022e-01
6.411306493751300906e-01
1.955485443983859262e-01
2.396001281209164391e-01
6.819247205944660717e-01
3.369075549371658429e-01
1.530298976374283026e-01
1.233618801911002538e-01
4.780407833096575465e-01
4.518785766824185979e-01
1.615236161211162091e-01
1.153811995946794622e-01
1.794200060661970686e-01
4.983363735894946189e-01
1.966313061878170732e-01
1.859384899389955326e-01
7.540940604650503420e-01
4.024770548533121994e-01
4.784626108248947185e-01
3.290303691317621460e-01
4.292498713273514288e-01
6.842683361872610170e-01
3.847909671114329022e-01
2.746603566252794337e-01
4.403633590851396828e-01
7.193610211194672033e-01
3.299262150439895569e-01
2.558422486876030244e-01
7.598633215702206289e-01
3.972510150750502289e-01
5.871461089063705341e-01
8.388262818504115259e-01
5.981779895366944322e-01
5.935160068791597299e-01
7.423202885428706876e-01
6.927232843366801784e-01
5.237556864816470537e-01
7.589691033516723362e-01
1.532647490002797541e-01
3.001336702715454163e-01
4.399188964451090644e-01
4.662281847342346630e-01
4.823328067765568772e-01
1.570959604399511100e-01
4.283131778961631331e-01
6.616764604256215598e-01
7.931543631314018628e-01
8.121701416854115729e-01
1.621845563014376324e-01
2.469311984087282363e-01
2.237045084082832647e-01
1.024167214151410349e-01
1.882206068671167798e-01
2.759350048383041876e-01
1.206539223508776432e-01
3.215731141895008527e-01
2.161601388297220705e-01
6.142999133283828517e-01
1.960873417987378797e-01
3.334076252828747089e-01
1.573118297410469324e-01
4.178874942801276138e-01
4.891893230073497412e-01
3.998300497267469611e-01
7.020083835987499521e-01
7.035371523877949063e-01
2.873706080405598051e-01
3.109629304812390194e-01
6.886364808599354514e-01
6.635576715935895820e-01
1.836262970104030057e-01
3.405822991447743364e-01
6.628212630692283946e-01
5.411301209464600692e-01
1.504768862089053971e-01
2.240295656046713269e-01
2.838394241522791406e-01
5.328963287861704368e-01
2.062823752548958445e-01
1.857807916159472106e-01
2.374254781019045080e-01
4.414231257009634257e-01
4.617114912204350885e-01
5.900159419338630862e-01
6.690999539458396539e-01
5.890287619123620866e-01
7.304711594929595986e-01
7.230284492543119779e-01
5.259596977614350299e-01
7.580750256319922498e-01
1.263679312844107061e-01
3.039149265962094448e-01
4.304365477707019494e-01
4.920398941164217943e-01
4.866338258929404081e-01
1.687308879253962557e-01
4.492574707544804702e-01
4.273628423420871569e-01
6.419258572037835897e-01
7.761598575529955468e-01
5.215942253222631830e-01
7.865512959396399051e-01
1.381833277653319314e-01
2.480293217938696615e-01
7.699532957093919716e-01
1.997730701457002822e-01
8.982134524843639334e-02
1.855082648745579876e-01
1.459296161717592022e-01
2.772079620809401179e-01
1.179373594399184128e-01
1.908989586330474830e-01
2.963896596320312327e-01
3.142048895194555214e-01
1.984184539431498862e-01
2.509594305102618161e-01
6.620573250803623022e-01
6.411306493751300906e-01
1.955485443983859262e-01
2.396001281209164391e-01
6.819247205944660717e-01
3.369075549371658429e-01
1.530298976374283026e-01
1.233618801911002538e-01
4.780407833096575465e-01
4.518785766824185979e-01
1.615236161211162091e-01
1.153811995946794622e-01
1.794200060661970686e-01
4.983363735894946189e-01
1.966313061878170732e-01
1.859384899389955326e-01
7.540940604650503420e-01
4.024770548533121994e-01
4.784626108248947185e-01
3.290303691317621460e-01
4.292498713273514288e-01
6.842683361872610170e-01
3.847909671114329022e-01
2.746603566252794337e-01
4.403633590851396828e-01
7.193610211194672033e-01
3.299262150439895569e-01
2.558422486876030244e-01
7.598633215702206289e-01
3.972510150750502289e-01
5.871461089063705341e-01
8.388262818504115259e-01
5.981779895366944322e-01
6.635576715935895820e-01
1.836262970104030057e-01
3.405822991447743364e-01
6.628210867255381888e-01
5.411301209464600692e-01
1.504762352026636774e-01
2.240295656046713269e-01
2.838394241522791406e-01
5.328963287861704368e-01
2.062823752548958445e-01
1.857807578534734771e-01
2.374254781019045080e-01
4.414231257009634257e-01
4.617114912204350885e-01
5.900159419338630862e-01
6.690999539458396539e-01
6.690654092705630163e-01
4.291434549365586992e-01
5.951792847092793881e-01
5.437649757264593209e-01
4.032373081349791555e-01
1.554357655790988557e-01
2.357811994577206915e-01
5.347177500700037722e-01
6.885851996264134023e-01
1.906080475072224889e-01
1.801967743155066526e-01
5.141077497081831815e-01
5.128731875187917399e-01
5.944530162371515214e-01
4.808245057069828743e-01
6.537896675307304228e-01
5.584353878538026450e-01
5.182985482836088842e-01
9.202337464691430213e-01
5.468485483344037723e-01
4.856356745524657015e-01
1.709439630741551863e-01
1.528680384941581427e-01
7.590271971991209288e-01
7.480332311697341918e-01
1.690291552643443940e-01
1.917032148781864231e-01
5.678432432247639827e-01
6.042181635783443472e-01
6.363497710553835951e-01
5.279345290894401632e-01
5.409897876340393763e-01
6.261304319107934280e-01
4.193146148776278892e-01
8.888974822346824567e-01
5.868819374542658673e-01
4.629819111558273192e-01
2.108108858158142251e-01
1.579970408044037156e-01
7.683330756468493838e-01
6.993614360839703892e-01
2.057672706375888450e-01
2.430399048816384577e-01
4.477364285460745386e-01
6.132286429503387426e-01
5.781082188075548078e-01
5.219274801153526155e-01
6.117064663942467506e-01
6.092842123246620112e-01
5.210404532895132057e-01
7.384727570602316327e-01
6.256188098618675753e-01
4.762095958731547007e-01
1.934548303654452794e-01
2.022606355277187240e-01
6.151709231090403129e-01
8.642529017890447918e-01
1.941430735616574976e-01
2.150302690161015051e-01
5.690324933548156494e-01
6.165170077437103213e-01
6.951006001475312779e-01
5.323562739142420064e-01
5.949083168501940744e-01
5.591043115099589844e-01
6.891557633645526426e-01
9.348892601437719385e-01
5.937733561242766189e-01
7.013015653154204276e-01
1.600038114546079582e-01
1.799154318206010461e-01
7.600637674873498284e-01
8.992175667787272175e-01
1.852915897275418111e-01
1.832159090207189645e-01
7.873507537067088169e-01
5.993364944009138551e-01
7.574490957536543778e-01
7.392178147493853047e-01
5.424578990396620171e-01
5.890287619123620866e-01
7.304711594929594876e-01
7.230284492543121999e-01
5.259596977614350299e-01
7.580750256319921387e-01
1.263679312844107061e-01
3.039149265962095003e-01
4.304365477707020604e-01
4.920398941164217943e-01
4.866338258929403526e-01
1.687308879253962834e-01
4.492574707544805257e-01
4.273628423420871014e-01
6.419258572037833677e-01
7.761598575529957689e-01
5.215942253222632941e-01
7.865512959396399051e-01
1.381833277653320424e-01
2.480293217938696892e-01
7.699532957093917496e-01
1.997730701457003377e-01
8.982134524843639334e-02
1.855082648745580154e-01
1.459296161717592855e-01
2.772079620809401179e-01
1.179373594399183989e-01
1.908989586330474830e-01
2.963896596320312327e-01
3.142048895194554659e-01
1.984184539431498584e-01
2.509594305102618716e-01
6.620573250803623022e-01
6.411306493751300906e-01
1.955485443983858984e-01
2.396001281209164668e-01
6.819247205944660717e-01
3.369075549371658984e-01
1.530298976374283026e-01
1.233618801911002538e-01
4.780407833096576020e-01
4.518785766824187089e-01
1.615236161211161814e-01
1.153811995946794622e-01
1.794200060661971241e-01
4.983363735894946189e-01
1.966313061878171287e-01
1.859384899389955881e-01
7.540940604650505641e-01
4.024770548533121994e-01
4.784626108248946075e-01
3.290303691317622015e-01
4.292498713273513733e-01
6.842683361872611281e-01
3.847909671114330687e-01
2.746603566252794337e-01
4.403633590851397384e-01
7.193610211194670923e-01
3.299262150439895569e-01
2.558422486876030799e-01
7.598633215702207400e-01
3.972510150750502289e-01
5.871461089063705341e-01
8.388262818504117480e-01
5.981779895366944322e-01
