8.740098081972423882e-01
9.458732839309518248e-01
5.427090371115822487e-01
9.869523098744301670e-01
8.501819266688205312e-01
8.441579423432027385e-02
1.141948939288349035e-01
6.107485815272606366e-01
3.804302017643950151e-01
2.699881557580796620e-02
1.173190306502394642e-02
6.480329072963217918e-01
7.618682971741609355e-01
4.430531041898848055e-01
6.346964540218236195e-01
9.731300181742209565e-01
8.832270361785532486e-01
4.336244879762995996e-02
4.383484457378933330e-02
6.027674095237223195e-01
5.433420100139946252e-02
2.061186703941553233e-02
3.630419101791405173e-02
0.000000000000000000e+00
8.576127968843065552e-02
2.791806426022491044e-02
3.596403964951604831e-02
1.138086345423174606e-01
4.361351283225480269e-01
0.000000000000000000e+00
2.696733828212527495e-02
4.507884642092638283e-01
4.511521166626492607e-01
1.616644396740599121e-02
1.675866291586738943e-02
4.773015645633869597e-01
1.276246974227076558e-01
1.004022616290372455e-02
2.987164238726250712e-02
6.800970301810871366e-03
1.175980429369349600e-01
9.182140511404028593e-03
3.186337866155502380e-02
1.052907670210051494e-01
5.416711566891252438e-01
9.050589177386075823e-03
6.075920762428543842e-02
9.438437929328993281e-01
9.707122387447150169e-01
5.382057848671703004e-01
4.771788533904710583e-01
7.644389907812192408e-01
6.253405420397906145e-01
8.105569711398605270e-02
8.313237267990282453e-02
2.853427452888513960e-01
6.806480888184567313e-01
1.190180803059462389e-01
5.785927903712845266e-02
7.758706620182154179e-01
9.698634198189596267e-01
3.692671718969456340e-01
8.823601283955269103e-01
8.655944739024784562e-01
8.698825017175487728e-01
9.448553013906205722e-01
4.970207189303315620e-01
9.799738013065096842e-01
8.130292135048167168e-01
9.499917556627812676e-02
1.140008083561658697e-01
6.295331532157548704e-01
3.329353418448522950e-01
1.688932085478572764e-02
5.626576256310078517e-03
7.631629362880807399e-01
4.599642785197398109e-01
6.346643309656417875e-01
8.828021833281466391e-01
5.210587181999681849e-02
3.229049084742863229e-02
5.003284416431130754e-02
2.615638303724344971e-02
3.613304294650315773e-02
8.444769865127046971e-02
2.889640283187022707e-02
4.565337525495167248e-01
5.296301318762353105e-03
4.104546629076713526e-01
1.262549516447536435e-02
1.233099734684240389e-01
9.614604716824209918e-03
9.908323974176994064e-02
5.407901284618151783e-01
9.702823093635137841e-01
6.532996025665674944e-01
1.000000000000000000e+00
7.279363170196950783e-03
1.737880357328569492e-02
9.619080034454461359e-01
9.699464804907776960e-01
1.192620429693416195e-01
4.735387609539054576e-02
9.832679128604043806e-01
3.571157125582935521e-01
6.681490872692458227e-03
6.243680132608975947e-02
0.000000000000000000e+00
1.223875426311475945e-01
8.547334817058216405e-03
2.225554223351985939e-02
1.305443712868907813e-01
8.534421472082560634e-01
3.304182475448469436e-02
3.625353542796507789e-01
9.630532268572126187e-01
8.740098081972423882e-01
9.458732839309518248e-01
5.427090371115822487e-01
9.869523098744301670e-01
8.501819266688205312e-01
8.441579423432027385e-02
1.141948939288349035e-01
6.107485815272606366e-01
3.804302017643950151e-01
2.699881557580796620e-02
1.173190306502394642e-02
6.480329072963217918e-01
7.618682971741609355e-01
4.430531041898848055e-01
6.346964540218236195e-01
9.731300181742209565e-01
8.832270361785532486e-01
4.336244879762995996e-02
4.383484457378933330e-02
6.027674095237223195e-01
5.433420100139946252e-02
2.061186703941553233e-02
3.630419101791405173e-02
0.000000000000000000e+00
8.576127968843065552e-02
2.791806426022491044e-02
3.596403964951604831e-02
1.138086345423174606e-01
4.361351283225480269e-01
0.000000000000000000e+00
2.696733828212527495e-02
4.507884642092638283e-01
4.511521166626492607e-01
1.616644396740599121e-02
1.675866291586738943e-02
4.773015645633869597e-01
1.276246974227076558e-01
1.004022616290372455e-02
2.987164238726250712e-02
6.800970301810871366e-03
1.175980429369349600e-01
9.182140511404028593e-03
3.186337866155502380e-02
1.052907670210051494e-01
5.416711566891252438e-01
9.050589177386075823e-03
6.075920762428543842e-02
9.438437929328993281e-01
9.707122387447150169e-01
5.382057848671703004e-01
4.771788533904710583e-01
7.644389907812192408e-01
6.253405420397906145e-01
8.105569711398605270e-02
8.313237267990282453e-02
2.853427452888513960e-01
6.806480888184567313e-01
1.190180803059462389e-01
5.785927903712845266e-02
7.758706620182154179e-01
9.698634198189596267e-01
3.692671718969456340e-01
8.823601283955269103e-01
8.655944739024784562e-01
9.699464804907776960e-01
1.192620429693416195e-01
4.735387609539054576e-02
9.832679041095622186e-01
3.571157125582935521e-01
6.681461966643376105e-03
6.243680132608975947e-02
0.000000000000000000e+00
1.223875426311475945e-01
8.547334817058216405e-03
2.225553818895664726e-02
1.305443712868907813e-01
8.534421472082560634e-01
3.304182475448469436e-02
3.625353542796507789e-01
9.630532268572126187e-01
9.600338284621462437e-01
8.551271237289559402e-02
6.305759816465394962e-02
9.799653147869648029e-01
1.641012493254923044e-01
2.950434750129182770e-03
3.524868016989798902e-02
0.000000000000000000e+00
8.903927020288482375e-02
8.633518915439494790e-03
1.017061741767638638e-02
1.241825915665017988e-01
9.765519152453672191e-01
0.000000000000000000e+00
1.714764677730058473e-01
9.129313945114692075e-01
9.999999999999998890e-01
5.410900368028159768e-02
2.455841969518690604e-01
9.501288456387749770e-01
1.300044637162571792e-01
0.000000000000000000e+00
2.485077183800282752e-03
1.058179997144765849e-01
2.951111295839219384e-01
3.194453980760264544e-03
8.709829113035638670e-03
5.890314692647558026e-02
9.118252831192029673e-01
1.677974121002741015e-01
1.262524372590005939e-01
9.475548266267803665e-01
1.000000000000000000e+00
5.359703932874881893e-02
1.561623997475090064e-01
9.804818588551225123e-01
5.706064166454538622e-02
2.694039548243321036e-03
8.429813064330493599e-03
0.000000000000000000e+00
8.402570310524026809e-02
6.871769278161687922e-03
2.044902991954160310e-02
2.215550114372533130e-02
9.783499596889472238e-01
0.000000000000000000e+00
2.851782817451375962e-02
9.506191540714140631e-01
1.000000000000000000e+00
6.489664704469699785e-02
1.033299259662339153e-01
9.784182983905438391e-01
3.303913683101855625e-02
3.780772571603335797e-03
7.739792986199117708e-03
0.000000000000000000e+00
3.329416496073163145e-01
6.370999043591146771e-03
1.033889023185852185e-02
8.471308966781609939e-03
9.788418184022751323e-01
1.573756116208775424e-01
1.967703632814088444e-02
9.512625666557291693e-01
1.000000000000000000e+00
1.520835281455221732e-01
2.925470849093718684e-01
9.749188589981563346e-01
1.354249098820554664e-01
0.000000000000000000e+00
3.417514609661193026e-03
1.565743956609371157e-01
3.085968989410750041e-01
6.550004488098143396e-03
1.150183004171953516e-02
1.598209801203773761e-01
9.751823984275458379e-01
1.564071204973276341e-01
1.398977253907491836e-01
9.462691823665135837e-01
8.740098081972424993e-01
9.458732839309514917e-01
5.427090371115823597e-01
9.869523098744300560e-01
8.501819266688205312e-01
8.441579423432027385e-02
1.141948939288349174e-01
6.107485815272607477e-01
3.804302017643951261e-01
2.699881557580796620e-02
1.173190306502391866e-02
6.480329072963217918e-01
7.618682971741609355e-01
4.430531041898847500e-01
6.346964540218236195e-01
9.731300181742211786e-01
8.832270361785532486e-01
4.336244879763001547e-02
4.383484457378936106e-02
6.027674095237223195e-01
5.433420100139940701e-02
2.061186703941553927e-02
3.630419101791405173e-02
0.000000000000000000e+00
8.576127968843065552e-02
2.791806426022490351e-02
3.596403964951604831e-02
1.138086345423174189e-01
4.361351283225479714e-01
0.000000000000000000e+00
2.696733828212527495e-02
4.507884642092638283e-01
4.511521166626492607e-01
1.616644396740596346e-02
1.675866291586741719e-02
4.773015645633871262e-01
1.276246974227076558e-01
1.004022616290372455e-02
2.987164238726250712e-02
6.800970301810815855e-03
1.175980429369349600e-01
9.182140511404028593e-03
3.186337866155502380e-02
1.052907670210052049e-01
5.416711566891252438e-01
9.050589177386048068e-03
6.075920762428543842e-02
9.438437929328995502e-01
9.707122387447150169e-01
5.382057848671700784e-01
4.771788533904711693e-01
7.644389907812191298e-01
6.253405420397905035e-01
8.105569711398608046e-02
8.313237267990283841e-02
2.853427452888514515e-01
6.806480888184566203e-01
1.190180803059462389e-01
5.785927903712850817e-02
7.758706620182153069e-01
9.698634198189595157e-01
3.692671718969456340e-01
8.823601283955269103e-01
8.655944739024785672e-01
