3.409412121319966849e-01
8.749523310582827396e-01
6.005435220810630970e-01
3.243174887522127792e-01
7.497813138438323977e-01
4.854812560679004907e-01
4.278813367846653337e-01
6.312552815447965981e-01
4.159238525828243827e-01
6.638300418132894176e-01
1.289999318844895493e-01
6.237891067328835693e-01
2.370727217035274170e-01
6.461565634820014559e-01
6.431418872671221809e-01
3.124947533318311321e-01
9.207388388511690280e-01
6.085672004602795671e-01
3.866297573548387878e-01
6.720949608774031692e-01
6.250373796089814249e-01
1.227511872854999547e-01
1.948399409685903361e-01
1.336126899509947341e-01
3.499887147915185515e-01
2.462949342319018520e-01
1.912263055579508653e-01
4.208658114340155798e-01
3.263814935803543427e-01
3.256448484996104509e-01
3.846758238578741329e-01
5.852136854299543334e-01
3.537714323330979904e-01
2.693746424013220286e-01
3.351545082402380693e-01
6.465089917584811996e-01
5.185107416313675666e-01
2.934172293361852479e-01
2.476959270799111990e-01
6.499473701746150134e-01
1.878707242484493334e-01
2.945108553255448292e-01
1.266743864321260016e-01
4.804045306523849201e-01
5.240364468721623314e-01
2.594496012436552368e-01
6.053148022762285807e-01
8.591243678388991167e-01
2.688244403822944162e-01
5.266691734363955213e-01
3.250419338525681878e-01
2.290503738827777969e-01
7.809178350237835353e-01
1.810279937359088875e-01
3.433206242031402455e-01
4.104904484156457478e-01
7.582459681384616790e-01
5.118563861732439157e-01
6.128710104299335271e-01
6.980054684818433053e-01
2.559896621327336086e-01
3.550332918658219428e-01
9.201625425397830238e-01
3.472824703647492406e-01
3.440512865837906387e-01
8.670131038225888931e-01
5.929239606219895986e-01
3.183485031297964563e-01
7.238954250677203106e-01
4.829074121860865154e-01
4.243562127286999996e-01
6.274936768194783188e-01
4.132099428898798887e-01
6.568814394380870780e-01
1.311334280967096921e-01
2.330325493369355128e-01
6.463305852031917542e-01
6.738470695730202076e-01
9.204564084296581461e-01
6.069325802736293962e-01
3.835933935756961066e-01
6.200487720630033506e-01
1.246844600013482934e-01
1.930217306399774346e-01
3.466568824663177062e-01
2.469965418732021356e-01
3.257157358921457524e-01
3.283450180334084867e-01
3.543985863249001222e-01
2.644358031974125001e-01
5.151747378907609587e-01
2.940433151747570695e-01
1.844037380464394749e-01
5.261744786348149239e-01
2.623235859559214234e-01
7.694567571886289370e-01
5.410902433310855741e-01
4.692244252343958921e-01
4.554699399441602958e-01
5.268836209126104286e-01
4.635435757023982917e-01
6.102957782421372102e-01
4.127999290163989476e-01
4.552706199171152601e-01
8.956212929063558370e-01
2.217183823810607024e-01
3.143678924955843890e-01
3.948136148632336306e-01
4.360505284925541014e-01
3.774427787682086421e-01
2.288239003282356576e-01
5.909534396898530328e-01
3.079754690088596925e-01
4.289202735546039369e-01
8.536992169994681579e-01
4.651120343245144229e-01
3.409412121319966849e-01
8.749523310582827396e-01
6.005435220810630970e-01
3.243174887522127792e-01
7.497813138438323977e-01
4.854812560679004907e-01
4.278813367846653337e-01
6.312552815447965981e-01
4.159238525828243827e-01
6.638300418132894176e-01
1.289999318844895493e-01
6.237891067328835693e-01
2.370727217035274170e-01
6.461565634820014559e-01
6.431418872671221809e-01
3.124947533318311321e-01
9.207388388511690280e-01
6.085672004602795671e-01
3.866297573548387878e-01
6.720949608774031692e-01
6.250373796089814249e-01
1.227511872854999547e-01
1.948399409685903361e-01
1.336126899509947341e-01
3.499887147915185515e-01
2.462949342319018520e-01
1.912263055579508653e-01
4.208658114340155798e-01
3.263814935803543427e-01
3.256448484996104509e-01
3.846758238578741329e-01
5.852136854299543334e-01
3.537714323330979904e-01
2.693746424013220286e-01
3.351545082402380693e-01
6.465089917584811996e-01
5.185107416313675666e-01
2.934172293361852479e-01
2.476959270799111990e-01
6.499473701746150134e-01
1.878707242484493334e-01
2.945108553255448292e-01
1.266743864321260016e-01
4.804045306523849201e-01
5.240364468721623314e-01
2.594496012436552368e-01
6.053148022762285807e-01
8.591243678388991167e-01
2.688244403822944162e-01
5.266691734363955213e-01
3.250419338525681878e-01
2.290503738827777969e-01
7.809178350237835353e-01
1.810279937359088875e-01
3.433206242031402455e-01
4.104904484156457478e-01
7.582459681384616790e-01
5.118563861732439157e-01
6.128710104299335271e-01
6.980054684818433053e-01
2.559896621327336086e-01
3.550332918658219428e-01
9.201625425397830238e-01
3.472824703647492406e-01
4.635435757023982917e-01
6.102957782421372102e-01
4.127999290163989476e-01
4.552703350249244774e-01
8.956212929063558370e-01
2.217174231636388493e-01
3.143678924955843890e-01
3.948136148632336306e-01
4.360505284925541014e-01
3.774427787682086421e-01
2.288238587434148763e-01
5.909534396898530328e-01
3.079754690088596925e-01
4.289202735546039369e-01
8.536992169994681579e-01
4.651120343245144229e-01
4.352508352473503095e-01
9.163279077729702404e-01
5.134912427128384138e-01
4.120034254491092840e-01
9.687056177755875019e-01
3.579259640886903737e-01
2.880105644192003655e-01
5.357276166966180586e-01
3.416269263604485573e-01
3.169599393736617365e-01
3.555894011584793679e-01
9.006040404153909940e-01
4.157616154101766992e-01
3.631116653420405349e-01
9.213990449620268475e-01
4.205669399672617437e-01
3.586140430169004745e-01
7.435145665045685970e-01
1.000000000000000000e+00
3.525444046117596208e-01
7.893434794670477483e-01
3.028806512888692071e-01
2.684901039311663462e-01
9.333729220059214793e-01
9.174589950909795011e-01
2.806271526651222814e-01
2.921958158688485740e-01
6.980406674518691013e-01
3.796051161721332168e-01
9.026051600955913301e-01
7.390252779595194443e-01
3.443073416230094663e-01
4.526503758734918836e-01
8.250044483380749583e-01
6.627269171660707947e-01
4.063777996024576789e-01
7.939918045686171766e-01
3.479632785565035524e-01
3.406697406565777353e-01
6.551508114781792180e-01
8.250535379967947058e-01
3.270570113697319758e-01
3.435877027516458515e-01
7.766119777320077411e-01
4.008659628077953507e-01
8.116917270111614346e-01
7.442596401577583620e-01
4.390643660163600082e-01
4.333162014276921159e-01
8.198088242473171583e-01
8.942513483929759310e-01
4.188912694153639760e-01
6.981225936773540752e-01
3.497320701767144824e-01
3.373015331595077271e-01
8.782729196350351764e-01
8.467958383472016237e-01
3.244361264985940463e-01
3.391654686724365209e-01
7.510993588743484217e-01
4.358669569428906265e-01
8.079567705864061367e-01
6.439775918458745529e-01
4.219072823569037789e-01
3.933365605967636403e-01
9.056422242746393625e-01
9.857680283232519436e-01
3.752047406624161585e-01
9.205655805580683637e-01
3.035395334691173286e-01
3.230580796365500884e-01
9.181505008094292819e-01
9.609535976250240807e-01
3.245431949091397428e-01
2.949422746596265243e-01
8.924835247297615570e-01
3.799280831027151972e-01
9.270436764378826577e-01
8.371081930577659591e-01
3.809991047159471123e-01
3.409412121319967959e-01
8.749523310582828506e-01
6.005435220810632080e-01
3.243174887522127792e-01
7.497813138438322866e-01
4.854812560679004352e-01
4.278813367846653337e-01
6.312552815447967092e-01
4.159238525828244937e-01
6.638300418132895286e-01
1.289999318844895215e-01
6.237891067328835693e-01
2.370727217035273893e-01
6.461565634820012338e-01
6.431418872671224030e-01
3.124947533318311876e-01
9.207388388511690280e-01
6.085672004602797891e-01
3.866297573548388433e-01
6.720949608774031692e-01
6.250373796089812028e-01
1.227511872854999825e-01
1.948399409685903638e-01
1.336126899509947619e-01
3.499887147915186070e-01
2.462949342319018520e-01
1.912263055579508375e-01
4.208658114340154688e-01
3.263814935803543982e-01
3.256448484996105064e-01
3.846758238578741884e-01
5.852136854299543334e-01
3.537714323330979904e-01
2.693746424013219176e-01
3.351545082402380693e-01
6.465089917584811996e-01
5.185107416313676776e-01
2.934172293361853034e-01
2.476959270799111990e-01
6.499473701746150134e-01
1.878707242484493334e-01
2.945108553255447736e-01
1.266743864321260293e-01
4.804045306523849757e-01
5.240364468721623314e-01
2.594496012436552368e-01
6.053148022762286917e-01
8.591243678388993388e-01
2.688244403822944717e-01
5.266691734363952992e-01
3.250419338525682433e-01
2.290503738827777691e-01
7.809178350237836463e-01
1.810279937359088875e-01
3.433206242031402455e-01
4.104904484156456923e-01
7.582459681384615680e-01
5.118563861732439157e-01
6.128710104299335271e-01
6.980054684818434163e-01
2.559896621327335531e-01
3.550332918658218317e-01
9.201625425397832458e-01
3.472824703647492406e-01
