3.309617077627544091e-01
8.906845062970583093e-01
6.484076876363413788e-01
3.338970506167498464e-01
7.479350301497612596e-01
5.065556855723045704e-01
4.455622108818036997e-01
7.460159781829253101e-01
5.184711193573539045e-01
6.714390495508684165e-01
1.425585569104213524e-01
7.263585957214082622e-01
2.847286315235545984e-01
6.024072652911549586e-01
5.824910546505284170e-01
3.210307168619873086e-01
7.705126968659257169e-01
4.996118677800854280e-01
4.649696807483088556e-01
6.147965954321272797e-01
5.034987680248244057e-01
9.274183867433506701e-02
1.742053362775417835e-01
1.533577697821493779e-01
3.249496142523213282e-01
1.963086630171727298e-01
1.734687862143457771e-01
4.374765856500912875e-01
4.410756259781827837e-01
2.883675443046234688e-01
4.726289861902661649e-01
6.332144736018994191e-01
4.140220934520232876e-01
3.064686915397217826e-01
2.964413886436291223e-01
5.930191415947683176e-01
4.378259256131176169e-01
2.218280598258805247e-01
1.968056595535738751e-01
6.638895076858577493e-01
1.874289762075747323e-01
2.213028734937876330e-01
9.942011600613662181e-02
5.118093702174846271e-01
7.440329101351579322e-01
2.968197912837636787e-01
5.052882469426669410e-01
8.771006913914909386e-01
3.427396310437996196e-01
7.405568370331719885e-01
4.447801724679142366e-01
2.760212069409451741e-01
7.478682375387115666e-01
1.916096362333974401e-01
3.227741486019041761e-01
4.920453844655878761e-01
7.473708149266218292e-01
4.355240907656671157e-01
4.847930500466717807e-01
7.128866895008889593e-01
3.272203456103536245e-01
4.010780139865717797e-01
7.830827310739072455e-01
3.384981656350121160e-01
3.346579686979215262e-01
8.838709326383303866e-01
6.408560332559982697e-01
3.274011798673300278e-01
7.304122366254655052e-01
5.092192458349200646e-01
4.414993886999710182e-01
7.361122048830223141e-01
5.052718328954406424e-01
6.676603269893721659e-01
1.478039132101258146e-01
2.803434444226100553e-01
5.977716059146920280e-01
6.130981351042513738e-01
7.766730001502351044e-01
5.024647546165548206e-01
4.669353969353389200e-01
4.936921485280891808e-01
9.603275786347280352e-02
1.738347391418981480e-01
3.238626034086089511e-01
1.965575554852065365e-01
4.429167759140210658e-01
2.902629376895287105e-01
4.075887853884557210e-01
3.016672639081670604e-01
4.366719551482578510e-01
2.216264682882454207e-01
1.895471789627845849e-01
7.434642148730521427e-01
3.348790655207750655e-01
7.476167805544692291e-01
5.784542163015691241e-01
4.293969905109005225e-01
4.181108576079020089e-01
5.661887509620269210e-01
4.703407383443734546e-01
6.965812410942355815e-01
5.204395969300427138e-01
4.636187640529260134e-01
7.723752729625787961e-01
1.900294906953770291e-01
2.855551571886859041e-01
4.912700931144052818e-01
4.529068397358809728e-01
3.117947995815622542e-01
1.968442580714682977e-01
6.849340118115840870e-01
4.060978415906789651e-01
4.397649366160411022e-01
7.506651751982114096e-01
4.727588448308737146e-01
3.309617077627544091e-01
8.906845062970583093e-01
6.484076876363413788e-01
3.338970506167498464e-01
7.479350301497612596e-01
5.065556855723045704e-01
4.455622108818036997e-01
7.460159781829253101e-01
5.184711193573539045e-01
6.714390495508684165e-01
1.425585569104213524e-01
7.263585957214082622e-01
2.847286315235545984e-01
6.024072652911549586e-01
5.824910546505284170e-01
3.210307168619873086e-01
7.705126968659257169e-01
4.996118677800854280e-01
4.649696807483088556e-01
6.147965954321272797e-01
5.034987680248244057e-01
9.274183867433506701e-02
1.742053362775417835e-01
1.533577697821493779e-01
3.249496142523213282e-01
1.963086630171727298e-01
1.734687862143457771e-01
4.374765856500912875e-01
4.410756259781827837e-01
2.883675443046234688e-01
4.726289861902661649e-01
6.332144736018994191e-01
4.140220934520232876e-01
3.064686915397217826e-01
2.964413886436291223e-01
5.930191415947683176e-01
4.378259256131176169e-01
2.218280598258805247e-01
1.968056595535738751e-01
6.638895076858577493e-01
1.874289762075747323e-01
2.213028734937876330e-01
9.942011600613662181e-02
5.118093702174846271e-01
7.440329101351579322e-01
2.968197912837636787e-01
5.052882469426669410e-01
8.771006913914909386e-01
3.427396310437996196e-01
7.405568370331719885e-01
4.447801724679142366e-01
2.760212069409451741e-01
7.478682375387115666e-01
1.916096362333974401e-01
3.227741486019041761e-01
4.920453844655878761e-01
7.473708149266218292e-01
4.355240907656671157e-01
4.847930500466717807e-01
7.128866895008889593e-01
3.272203456103536245e-01
4.010780139865717797e-01
7.830827310739072455e-01
3.384981656350121160e-01
4.703407383443734546e-01
6.965812410942355815e-01
5.204395969300427138e-01
4.636184835267949667e-01
7.723752729625787961e-01
1.900286685732048286e-01
2.855551571886859041e-01
4.912700931144052818e-01
4.529068397358809728e-01
3.117947995815622542e-01
1.968442222983992074e-01
6.849340118115840870e-01
4.060978415906789651e-01
4.397649366160411022e-01
7.506651751982114096e-01
4.727588448308737146e-01
4.620684566503242552e-01
9.143679654627698827e-01
5.448719841171332234e-01
4.454884619975497118e-01
7.828765132760451273e-01
2.857315047176934852e-01
3.017320111206939215e-01
5.749261674090446750e-01
4.512113305425871079e-01
2.805088744629404829e-01
2.850804878004105092e-01
9.063800013773506414e-01
4.706202897843763666e-01
4.668521712374245070e-01
7.600463625958389091e-01
4.470675297307616369e-01
3.963773461688685495e-01
7.501445429643001095e-01
8.688889604700147373e-01
4.187367125826063630e-01
7.634921714337441490e-01
2.620635085263267605e-01
2.679227241108558255e-01
8.037562550631165426e-01
8.580128799829498387e-01
2.568276498337388469e-01
2.536157003483937022e-01
7.149560632929818915e-01
4.353025147837523701e-01
8.387649886393222509e-01
7.253107909629348260e-01
3.834911037356647512e-01
4.887607819954944421e-01
7.621620955601868808e-01
6.649136759746698822e-01
4.546740365284349661e-01
8.240819163164370131e-01
3.144450531021614204e-01
2.916815809746251542e-01
6.450278485221545566e-01
7.233863884084263951e-01
3.098610865707347450e-01
3.119180240261791859e-01
7.262455607151010462e-01
4.486170059089776840e-01
7.115794761788307721e-01
7.870034034454733707e-01
4.776822666104468817e-01
4.659000397207122557e-01
7.964917694237438894e-01
8.307355387831858451e-01
4.717612300317947649e-01
7.070376201941099836e-01
3.096374261396219740e-01
3.049067590867935440e-01
7.990241635841597301e-01
8.421636445926572456e-01
2.923912672710194949e-01
2.996103191544692290e-01
7.490971330173192833e-01
4.747264193433533008e-01
7.959324446763451633e-01
6.615393844272787760e-01
4.577675110602179576e-01
4.348025397047645124e-01
8.686246878807988292e-01
9.636141952362757834e-01
4.212287268084596858e-01
9.070928838090692725e-01
2.688040632475214853e-01
2.853962105916458825e-01
9.020780724367072345e-01
9.387651190833716797e-01
2.889328201838975430e-01
2.664735877814420340e-01
8.670369446024632776e-01
4.212587929022304500e-01
9.264898540346953038e-01
8.212342010319977348e-01
4.227468581959064053e-01
3.309617077627544646e-01
8.906845062970584204e-01
6.484076876363414899e-01
3.338970506167497909e-01
7.479350301497611486e-01
5.065556855723047924e-01
4.455622108818037552e-01
7.460159781829254211e-01
5.184711193573539045e-01
6.714390495508685275e-01
1.425585569104213246e-01
7.263585957214082622e-01
2.847286315235546539e-01
6.024072652911547365e-01
5.824910546505286391e-01
3.210307168619873086e-01
7.705126968659259390e-01
4.996118677800855390e-01
4.649696807483089112e-01
6.147965954321272797e-01
5.034987680248244057e-01
9.274183867433509476e-02
1.742053362775417835e-01
1.533577697821494057e-01
3.249496142523213837e-01
1.963086630171727021e-01
1.734687862143457771e-01
4.374765856500912320e-01
4.410756259781828392e-01
2.883675443046235243e-01
4.726289861902662204e-01
6.332144736018994191e-01
4.140220934520232876e-01
3.064686915397217826e-01
2.964413886436291778e-01
5.930191415947683176e-01
4.378259256131176724e-01
2.218280598258804970e-01
1.968056595535738751e-01
6.638895076858577493e-01
1.874289762075747878e-01
2.213028734937876052e-01
9.942011600613662181e-02
5.118093702174845161e-01
7.440329101351577101e-01
2.968197912837636787e-01
5.052882469426671630e-01
8.771006913914909386e-01
3.427396310437996196e-01
7.405568370331717665e-01
4.447801724679142366e-01
2.760212069409452296e-01
7.478682375387114556e-01
1.916096362333974401e-01
3.227741486019042316e-01
4.920453844655878206e-01
7.473708149266217182e-01
4.355240907656671157e-01
4.847930500466717252e-01
7.128866895008888482e-01
3.272203456103535690e-01
4.010780139865716687e-01
7.830827310739074676e-01
3.384981656350121160e-01
