3.789191214806687108e-02
3.019386912399488199e-01
6.097960967444987501e-02
5.339365385938425745e-02
3.274062318218464718e-01
9.047884285481073707e-01
6.406334180243029586e-01
1.609824088840906275e-01
1.290199999626640004e-02
7.316312428376057220e-01
2.119918817755233054e-01
1.532537081162364534e-01
2.594647862269775646e-02
4.417085871908387751e-01
1.755864858283983643e-01
5.205281659490051949e-02
2.257087265964136669e-01
8.172715591402341939e-01
6.061067099799393176e-01
1.752415744309620549e-01
6.446749555586577252e-01
3.767832290995703493e-01
8.498807018482651410e-01
2.229790558739847550e-01
6.868372029473328588e-01
6.418327760394146875e-01
8.434563265593737480e-01
6.391673601997187593e-01
5.485361519603594582e-02
3.447688822977373335e-01
6.053854630933146463e-01
6.023393273422711358e-02
1.092862072659582795e-01
6.713330901387635219e-01
3.407513124387203662e-01
4.464534568234009293e-01
5.575486062753457484e-01
8.671245080695572094e-01
6.428645573760182197e-01
7.190400671516947728e-01
3.515101905060308285e-01
8.696252009576104225e-01
3.940271535324961216e-01
8.932301194803349276e-01
1.850773948773468680e-01
6.802325842802653399e-01
8.050422299655435321e-01
3.192839127950494182e-01
1.385432739971660318e-02
1.830268841857405904e-01
5.733359237877060088e-02
2.478813648815383561e-02
1.434862630993591903e-01
3.431135481703042611e-01
6.915033233971376037e-01
1.477767765039933456e-02
1.384334323989399040e-01
5.558431911691590344e-01
6.289417514710544665e-01
3.127475792537888766e-01
1.280769820975476668e-02
1.091657241786131993e-01
2.372669825604503679e-01
3.865195849070241635e-02
3.826467739837653703e-02
3.106389676729109928e-01
6.060897746199050973e-02
5.271670067815126259e-02
3.200774813720666523e-01
8.989284931284604596e-01
6.398967610461624433e-01
1.570885384536067630e-01
1.383887485588758404e-02
7.253290644417718092e-01
2.173464158053579065e-01
2.536312048520351914e-02
4.440515047016876937e-01
1.779201778453555205e-01
2.313731791347315159e-01
8.111252304292640991e-01
6.044197358417394694e-01
6.381419440419452416e-01
3.852806842055637171e-01
8.466482602270776203e-01
6.891687146060130331e-01
6.423494850796789279e-01
5.608615738265136652e-02
3.409442352099115725e-01
1.092263262354523645e-01
6.757616028131978592e-01
5.566936367430854737e-01
8.686097052569535792e-01
3.472558883575207478e-01
1.843434602009583478e-01
1.332420651488032577e-02
1.409319570848485137e-01
8.198689651519630583e-02
9.239717216071846595e-01
9.134734217685268609e-01
7.944705090645876044e-02
7.799534398565767523e-02
5.999563447098752444e-01
1.144555978989864053e-01
1.280624626734796490e-01
4.686638610240589919e-01
6.126034654890437636e-01
7.945748026753993720e-01
1.429455485819682847e-01
4.399810226506609689e-01
8.118274838621143408e-01
6.288341079640680231e-01
6.063977180092863239e-01
2.723938294384130321e-02
4.463751844504076915e-01
4.582345737305022482e-01
7.974308306247894496e-02
3.789191214806687108e-02
3.019386912399488199e-01
6.097960967444987501e-02
5.339365385938425745e-02
3.274062318218464718e-01
9.047884285481073707e-01
6.406334180243029586e-01
1.609824088840906275e-01
1.290199999626640004e-02
7.316312428376057220e-01
2.119918817755233054e-01
1.532537081162364534e-01
2.594647862269775646e-02
4.417085871908387751e-01
1.755864858283983643e-01
5.205281659490051949e-02
2.257087265964136669e-01
8.172715591402341939e-01
6.061067099799393176e-01
1.752415744309620549e-01
6.446749555586577252e-01
3.767832290995703493e-01
8.498807018482651410e-01
2.229790558739847550e-01
6.868372029473328588e-01
6.418327760394146875e-01
8.434563265593737480e-01
6.391673601997187593e-01
5.485361519603594582e-02
3.447688822977373335e-01
6.053854630933146463e-01
6.023393273422711358e-02
1.092862072659582795e-01
6.713330901387635219e-01
3.407513124387203662e-01
4.464534568234009293e-01
5.575486062753457484e-01
8.671245080695572094e-01
6.428645573760182197e-01
7.190400671516947728e-01
3.515101905060308285e-01
8.696252009576104225e-01
3.940271535324961216e-01
8.932301194803349276e-01
1.850773948773468680e-01
6.802325842802653399e-01
8.050422299655435321e-01
3.192839127950494182e-01
1.385432739971660318e-02
1.830268841857405904e-01
5.733359237877060088e-02
2.478813648815383561e-02
1.434862630993591903e-01
3.431135481703042611e-01
6.915033233971376037e-01
1.477767765039933456e-02
1.384334323989399040e-01
5.558431911691590344e-01
6.289417514710544665e-01
3.127475792537888766e-01
1.280769820975476668e-02
1.091657241786131993e-01
2.372669825604503679e-01
3.865195849070241635e-02
7.799534398565767523e-02
5.999563447098752444e-01
1.144555978989864053e-01
1.280620066521882539e-01
4.686638610240589919e-01
6.126008151904511756e-01
7.945748026753993720e-01
1.429455485819682847e-01
4.399810226506609689e-01
8.118274838621143408e-01
6.288339936842499700e-01
6.063977180092863239e-01
2.723938294384130321e-02
4.463751844504076915e-01
4.582345737305022482e-01
7.974308306247894496e-02
5.871693730323337967e-02
7.384037641174445721e-01
1.715138220202585551e-01
7.277943916248112710e-02
6.695430953392409457e-01
7.671895531001292623e-01
9.018969947037345225e-01
2.275060143331066875e-01
1.022052409998377431e-01
8.994085716660407126e-01
7.679946219903276416e-01
7.562335709123244598e-01
4.240075587111155619e-02
1.314301390939025538e-01
6.798842454057154594e-01
5.634338491588636311e-02
4.022131241410792368e-02
1.808716362252926757e-01
2.485030101984471163e-01
5.544949636268639570e-02
2.722263361841674723e-01
8.944192657908018873e-01
8.192523982540313998e-01
2.192808981011700187e-01
2.338117101323460290e-01
8.420731784802450992e-01
8.753786969020530551e-01
1.843709004853899547e-01
5.153314647494317002e-02
2.242396414132590277e-01
2.659113587602266460e-01
3.652240719325450247e-02
4.748867676702424323e-02
6.211939922417748505e-01
1.594838983911026631e-01
5.403079859690637643e-02
3.005595215888146043e-01
8.673485099587970870e-01
9.032266302630607147e-01
1.683081050329642281e-01
7.213300456110198766e-01
8.840239821104928231e-01
8.568982405176286399e-01
5.890664376432166449e-01
4.706958823234354272e-02
7.363085656923156197e-01
2.532803714373859094e-01
4.771962294830278672e-02
4.790906316296662804e-02
3.408208210206780109e-01
6.047031076914946013e-01
6.196052695878842553e-02
6.783569521783192613e-01
8.864180410187456616e-01
8.510706756754224944e-01
6.241223160863760278e-01
1.811004518943479802e-01
8.626872458200498528e-01
8.738305707672875400e-01
2.719456831678024322e-01
4.965405093107258527e-02
1.751652847543203606e-01
6.514581950619406925e-01
4.818136664091202115e-02
4.329451360182376418e-02
2.199755157680109985e-01
2.572726305008457004e-01
5.687362196120912539e-02
2.580886281275589500e-01
8.516883663521341852e-01
8.993398776138010753e-01
2.566749678485988895e-01
2.727369031676136757e-01
9.073211915329509880e-01
8.439132635147317263e-01
2.220479061727542724e-01
4.570788735281847148e-02
2.595841313726776622e-01
2.468373406961454908e-01
4.070499308241065650e-02
3.789191214806687108e-02
3.019386912399487644e-01
6.097960967444984726e-02
5.339365385938425745e-02
3.274062318218463608e-01
9.047884285481073707e-01
6.406334180243029586e-01
1.609824088840906275e-01
1.290199999626640004e-02
7.316312428376058330e-01
2.119918817755233331e-01
1.532537081162364812e-01
2.594647862269774952e-02
4.417085871908387196e-01
1.755864858283984198e-01
5.205281659490051255e-02
2.257087265964136669e-01
8.172715591402344160e-01
6.061067099799393176e-01
1.752415744309621104e-01
6.446749555586577252e-01
3.767832290995704048e-01
8.498807018482652520e-01
2.229790558739848383e-01
6.868372029473328588e-01
6.418327760394145765e-01
8.434563265593736370e-01
6.391673601997185372e-01
5.485361519603595970e-02
3.447688822977372780e-01
6.053854630933146463e-01
6.023393273422711358e-02
1.092862072659582240e-01
6.713330901387635219e-01
3.407513124387204773e-01
4.464534568234009848e-01
5.575486062753458594e-01
8.671245080695573204e-01
6.428645573760182197e-01
7.190400671516947728e-01
3.515101905060308285e-01
8.696252009576103115e-01
3.940271535324961216e-01
8.932301194803348166e-01
1.850773948773468680e-01
6.802325842802653399e-01
8.050422299655437541e-01
3.192839127950494738e-01
1.385432739971660318e-02
1.830268841857405071e-01
5.733359237877061476e-02
2.478813648815383561e-02
1.434862630993590793e-01
3.431135481703044277e-01
6.915033233971376037e-01
1.477767765039933456e-02
1.384334323989399040e-01
5.558431911691590344e-01
6.289417514710544665e-01
3.127475792537889321e-01
1.280769820975476841e-02
1.091657241786131438e-01
2.372669825604503679e-01
3.865195849070241635e-02
