4.194717564518367081e-01
7.066826408710429330e-01
6.527261734401637039e-01
4.503617336233107227e-01
8.431492275073425580e-01
3.361603374211471484e-01
3.256549417599412521e-01
6.056842750044884038e-01
5.987100057310230650e-01
5.590391306608895050e-01
2.222719858443117924e-01
6.010710805201402440e-01
4.297646158396778993e-01
6.781719161480936897e-01
7.281213352161448604e-01
4.431815618967704928e-01
7.451981801369156333e-01
2.920078415569054564e-01
3.265850046912218141e-01
7.726676562065044607e-01
3.925698085904076318e-01
1.203643474090935334e-01
1.209505053006834641e-01
2.338802570884349064e-01
2.233646113144573675e-01
9.608244264913001764e-02
1.202329568149290706e-01
3.225189091342052228e-01
6.023340506807702832e-01
3.057409743196444207e-01
3.346290260438689046e-01
6.500544875923184307e-01
4.616887111460493132e-01
1.969276215741303515e-01
3.093871679201608549e-01
6.858059928353552603e-01
3.164946288050694001e-01
1.310772377393177590e-01
9.671219514193954425e-02
5.571907093517085574e-01
3.891505453201383746e-01
1.287958116818856413e-01
1.218467297196737242e-01
3.393093624600708735e-01
8.896219459096441629e-01
1.972536602894220670e-01
2.933768743662542589e-01
7.090339767183451158e-01
4.009441098903857026e-01
8.836888173711152650e-01
6.148871232589767644e-01
4.214336558839786306e-01
6.363142600035507357e-01
3.852210112040240775e-01
2.231822130719852137e-01
5.960363495757886598e-01
6.220779876999915636e-01
3.209499557843255024e-01
3.702856071105994906e-01
8.253365689416012341e-01
3.877983849414559647e-01
4.702307696490438116e-01
7.644650193989950271e-01
4.385750630201171174e-01
4.288409862674480988e-01
7.078620591790348859e-01
6.513982353166010153e-01
4.467366553078209734e-01
8.342435979571942717e-01
3.377568584394677331e-01
3.240791646802888559e-01
6.033600575024486989e-01
5.973745517261244142e-01
5.581139524939169316e-01
2.279408297023458596e-01
4.255690218624206267e-01
6.819414637510465838e-01
7.691254727671653635e-01
7.546404434769059533e-01
2.926959026551195775e-01
3.282724938130547887e-01
3.795665395436196299e-01
1.210948352503660036e-01
1.205894688595865044e-01
2.232734727265401897e-01
9.639781839263282526e-02
6.085728949862746484e-01
3.055324324503050915e-01
4.659341805897014299e-01
1.970898629959536019e-01
3.187282016224455283e-01
1.299741304453855828e-01
3.871595797931564054e-01
8.880542060961201800e-01
3.942857600100473925e-01
6.291175423367235675e-01
6.691503284706992183e-01
3.343630057450026616e-01
3.198500953377703127e-01
6.674858063090030047e-01
5.385063599539154922e-01
4.614244268444052111e-01
5.296601115528788428e-01
6.223050980705270296e-01
6.377900346847946711e-01
1.841112328212845262e-01
1.847030021692122603e-01
5.084701618098476095e-01
4.624805297209965138e-01
1.903001083354636802e-01
1.875765014524269636e-01
4.682524211532399505e-01
5.365524813648951952e-01
4.654661384328248053e-01
6.233201028800152699e-01
5.532993634125218385e-01
4.194717564518367081e-01
7.066826408710429330e-01
6.527261734401637039e-01
4.503617336233107227e-01
8.431492275073425580e-01
3.361603374211471484e-01
3.256549417599412521e-01
6.056842750044884038e-01
5.987100057310230650e-01
5.590391306608895050e-01
2.222719858443117924e-01
6.010710805201402440e-01
4.297646158396778993e-01
6.781719161480936897e-01
7.281213352161448604e-01
4.431815618967704928e-01
7.451981801369156333e-01
2.920078415569054564e-01
3.265850046912218141e-01
7.726676562065044607e-01
3.925698085904076318e-01
1.203643474090935334e-01
1.209505053006834641e-01
2.338802570884349064e-01
2.233646113144573675e-01
9.608244264913001764e-02
1.202329568149290706e-01
3.225189091342052228e-01
6.023340506807702832e-01
3.057409743196444207e-01
3.346290260438689046e-01
6.500544875923184307e-01
4.616887111460493132e-01
1.969276215741303515e-01
3.093871679201608549e-01
6.858059928353552603e-01
3.164946288050694001e-01
1.310772377393177590e-01
9.671219514193954425e-02
5.571907093517085574e-01
3.891505453201383746e-01
1.287958116818856413e-01
1.218467297196737242e-01
3.393093624600708735e-01
8.896219459096441629e-01
1.972536602894220670e-01
2.933768743662542589e-01
7.090339767183451158e-01
4.009441098903857026e-01
8.836888173711152650e-01
6.148871232589767644e-01
4.214336558839786306e-01
6.363142600035507357e-01
3.852210112040240775e-01
2.231822130719852137e-01
5.960363495757886598e-01
6.220779876999915636e-01
3.209499557843255024e-01
3.702856071105994906e-01
8.253365689416012341e-01
3.877983849414559647e-01
4.702307696490438116e-01
7.644650193989950271e-01
4.385750630201171174e-01
5.385063599539154922e-01
4.614244268444052111e-01
5.296601115528788428e-01
6.223049005369774012e-01
6.377900346847946711e-01
1.841104363031962343e-01
1.847030021692122603e-01
5.084701618098476095e-01
4.624805297209965138e-01
1.903001083354636802e-01
1.875764673636137192e-01
4.682524211532399505e-01
5.365524813648951952e-01
4.654661384328248053e-01
6.233201028800152699e-01
5.532993634125218385e-01
5.933762598980830694e-01
6.466986983117577470e-01
5.951132512801022845e-01
5.164077491924946584e-01
6.322203676779030168e-01
2.059226132897563899e-01
2.090805112463892668e-01
6.395361834467880868e-01
6.510768682040053434e-01
1.714317412104471861e-01
1.992457316798167677e-01
6.611831238046335102e-01
4.890635053913255370e-01
6.855000039372194376e-01
6.236576935362483365e-01
5.892706469218833565e-01
5.197131390591039901e-01
6.178749750538738983e-01
8.059915677942992573e-01
5.192877988766525510e-01
6.109911909808130037e-01
1.926085051515677160e-01
1.953772344575151476e-01
7.621909483468900515e-01
7.865733157114249696e-01
1.821829662765826197e-01
1.787799801439322600e-01
6.107418655195027135e-01
5.376069438851390769e-01
7.928239507464485136e-01
5.953022409613140109e-01
5.154404491900268503e-01
5.968248711676984453e-01
5.239896612932382070e-01
8.443413126578249717e-01
5.361490173870889775e-01
5.606595946796639751e-01
2.452968507382506103e-01
1.827202216068390672e-01
8.703473595388713235e-01
6.104496233166409880e-01
2.363143568611077716e-01
2.449245955741543024e-01
4.835979783643788998e-01
5.772036867462149168e-01
6.462628970836952202e-01
5.075278115781021171e-01
5.967988590502377733e-01
5.771476904826912113e-01
6.661154627405707629e-01
6.856011374034274297e-01
5.781247708782590866e-01
5.478443286453704708e-01
2.295158508744483405e-01
2.326192972439606321e-01
7.101405869504082702e-01
7.994147854131554709e-01
2.097378966396011846e-01
2.226519678846916039e-01
5.993511308616144007e-01
5.783838739617472857e-01
7.933760131657940917e-01
5.008559781598904692e-01
5.810157575729077983e-01
5.297290596948731611e-01
7.744423954009367339e-01
8.805173785495696848e-01
5.454334774939690877e-01
8.013987907861308546e-01
1.946957062358392054e-01
2.007184190059231876e-01
8.579329266850685975e-01
8.270911588320912777e-01
2.126124299021604214e-01
1.869033489339545773e-01
7.875307432526297280e-01
5.529922683741784750e-01
8.315853884663437778e-01
7.544971934058231078e-01
5.281504519082547144e-01
4.194717564518368191e-01
7.066826408710428220e-01
6.527261734401638149e-01
4.503617336233106672e-01
8.431492275073423359e-01
3.361603374211470929e-01
3.256549417599413077e-01
6.056842750044885149e-01
5.987100057310231760e-01
5.590391306608896160e-01
2.222719858443118202e-01
6.010710805201402440e-01
4.297646158396778993e-01
6.781719161480934677e-01
7.281213352161450825e-01
4.431815618967705483e-01
7.451981801369156333e-01
2.920078415569055674e-01
3.265850046912219806e-01
7.726676562065044607e-01
3.925698085904075763e-01
1.203643474090935334e-01
1.209505053006834641e-01
2.338802570884349896e-01
2.233646113144573675e-01
9.608244264913000376e-02
1.202329568149290429e-01
3.225189091342051118e-01
6.023340506807702832e-01
3.057409743196444207e-01
3.346290260438688491e-01
6.500544875923184307e-01
4.616887111460492021e-01
1.969276215741303238e-01
3.093871679201609104e-01
6.858059928353554824e-01
3.164946288050695666e-01
1.310772377393177868e-01
9.671219514193954425e-02
5.571907093517085574e-01
3.891505453201383746e-01
1.287958116818856136e-01
1.218467297196737242e-01
3.393093624600708180e-01
8.896219459096443849e-01
1.972536602894221225e-01
2.933768743662543144e-01
7.090339767183451158e-01
4.009441098903857581e-01
8.836888173711150429e-01
6.148871232589767644e-01
4.214336558839786306e-01
6.363142600035508467e-01
3.852210112040241330e-01
2.231822130719852415e-01
5.960363495757885488e-01
6.220779876999912306e-01
3.209499557843255024e-01
3.702856071105996572e-01
8.253365689416011231e-01
3.877983849414559647e-01
4.702307696490438116e-01
7.644650193989950271e-01
4.385750630201171174e-01
