3.520703606975766203e-02
3.060060526832319439e-01
5.127761148675336056e-02
6.254268771237701807e-02
3.311723192623636791e-01
9.112555888282682925e-01
6.333224848590786049e-01
2.190568514841856052e-01
5.444951732268826783e-02
6.516640667193751568e-01
2.147574775428993110e-01
2.091926198177892493e-01
4.333118271452141707e-02
5.439192820701868047e-01
1.404523926961375735e-01
6.128303310884951338e-02
1.648819433316358607e-01
8.453525609820471409e-01
5.396434174271116380e-01
1.528315167711257749e-01
4.582233193555353412e-01
3.250058253039892486e-01
8.421571703756559613e-01
2.263530090937159178e-01
7.703077284994690466e-01
6.726607617168094411e-01
8.331996921555639979e-01
6.244904564085868026e-01
5.343276291133745859e-02
4.249232534273157391e-01
5.606972210237307630e-01
4.629441754917651419e-02
1.771627403905954856e-01
6.476263776897073221e-01
4.417459700637282882e-01
5.372608046988902597e-01
5.980845420574210092e-01
7.492075916436624627e-01
6.707834503844064544e-01
6.559290402429929223e-01
4.195565093095814380e-01
7.501575049534251471e-01
3.376946797541509615e-01
8.956519597103558272e-01
2.368038637762080456e-01
6.506945991361787751e-01
8.360981807388117026e-01
3.097331775642871987e-01
1.147356495426913106e-02
2.445570825963334638e-01
4.761467799615472229e-02
4.264867807278502343e-02
1.075006789721072442e-01
4.067008305145307645e-01
7.711407966314787199e-01
5.221931639519833412e-02
1.008765142697856110e-01
6.015585585509853894e-01
4.458502620287755902e-01
3.073326933969924846e-01
1.100043402191907584e-02
1.780896701793091563e-01
1.596570761818681961e-01
3.602644554173676378e-02
3.560891600759043263e-02
3.078755598937533700e-01
4.880075844950310104e-02
6.190672150402357077e-02
3.192534428190990092e-01
9.033447206894296144e-01
6.288846139374212330e-01
2.140870588684614106e-01
5.333556302661540682e-02
6.537987858806224573e-01
2.204183261933103655e-01
4.298746333769733891e-02
5.406314650305481528e-01
1.481288998500118748e-01
1.623213483698212889e-01
8.407014094610832933e-01
5.484621647783542997e-01
4.510274085432036673e-01
3.312586346024836148e-01
8.376501912348868206e-01
7.707239860914344431e-01
6.717206170345684235e-01
5.054118989478005586e-02
4.314637908150118495e-01
1.776234316973823724e-01
6.491531675664828915e-01
5.998261580697293871e-01
7.498864208895185124e-01
4.130429602346574747e-01
2.410492911807792515e-01
1.123392269041256254e-02
1.041520324918588924e-01
9.968196178909194405e-02
9.080692525477952470e-01
8.958904171834801700e-01
9.500510709745735305e-02
7.898680229254718965e-02
6.282535863446920832e-01
1.276168328319294831e-01
1.518414756002358090e-01
3.901230358761593742e-01
5.648027938253317171e-01
8.214054446418806998e-01
1.596983813081858106e-01
5.551784009491119720e-01
7.842805339134585330e-01
5.785967003356957683e-01
6.196007775894014635e-01
4.004592548441456012e-02
5.571560177367839151e-01
3.832450046747202244e-01
7.889884257078340346e-02
3.520703606975766203e-02
3.060060526832319439e-01
5.127761148675336056e-02
6.254268771237701807e-02
3.311723192623636791e-01
9.112555888282682925e-01
6.333224848590786049e-01
2.190568514841856052e-01
5.444951732268826783e-02
6.516640667193751568e-01
2.147574775428993110e-01
2.091926198177892493e-01
4.333118271452141707e-02
5.439192820701868047e-01
1.404523926961375735e-01
6.128303310884951338e-02
1.648819433316358607e-01
8.453525609820471409e-01
5.396434174271116380e-01
1.528315167711257749e-01
4.582233193555353412e-01
3.250058253039892486e-01
8.421571703756559613e-01
2.263530090937159178e-01
7.703077284994690466e-01
6.726607617168094411e-01
8.331996921555639979e-01
6.244904564085868026e-01
5.343276291133745859e-02
4.249232534273157391e-01
5.606972210237307630e-01
4.629441754917651419e-02
1.771627403905954856e-01
6.476263776897073221e-01
4.417459700637282882e-01
5.372608046988902597e-01
5.980845420574210092e-01
7.492075916436624627e-01
6.707834503844064544e-01
6.559290402429929223e-01
4.195565093095814380e-01
7.501575049534251471e-01
3.376946797541509615e-01
8.956519597103558272e-01
2.368038637762080456e-01
6.506945991361787751e-01
8.360981807388117026e-01
3.097331775642871987e-01
1.147356495426913106e-02
2.445570825963334638e-01
4.761467799615472229e-02
4.264867807278502343e-02
1.075006789721072442e-01
4.067008305145307645e-01
7.711407966314787199e-01
5.221931639519833412e-02
1.008765142697856110e-01
6.015585585509853894e-01
4.458502620287755902e-01
3.073326933969924846e-01
1.100043402191907584e-02
1.780896701793091563e-01
1.596570761818681961e-01
3.602644554173676378e-02
7.898680229254718965e-02
6.282535863446920832e-01
1.276168328319294831e-01
1.518410320153125714e-01
3.901230358761593742e-01
5.648003503261778135e-01
8.214054446418806998e-01
1.596983813081858106e-01
5.551784009491119720e-01
7.842805339134585330e-01
5.785965951856653078e-01
6.196007775894014635e-01
4.004592548441456012e-02
5.571560177367839151e-01
3.832450046747202244e-01
7.889884257078340346e-02
7.026853108003436321e-02
7.709884784820284498e-01
1.424358219961636696e-01
9.415882573191293459e-02
6.171240852484922712e-01
7.862540678451478415e-01
8.747461173140815838e-01
1.973054614182205846e-01
2.817158516541220514e-01
8.032818301388194859e-01
7.881929782133570983e-01
7.771164070730591789e-01
3.097745586482053559e-02
3.165869400902991959e-01
6.053885890656587332e-01
6.644045162104222912e-02
3.947021004614179041e-02
2.171699024970823455e-01
3.725677377955411984e-01
5.588500286037703657e-02
3.961209524183209041e-01
8.146943339165149123e-01
8.184033356768920520e-01
3.416495545185131988e-01
3.065083247322937243e-01
8.709172536278932952e-01
7.974672016819278619e-01
2.067344085034488188e-01
4.418824577398278164e-02
3.034810913062913063e-01
3.724444965287649900e-01
3.446823473982790764e-02
6.146732196020697481e-02
6.022448034274003881e-01
2.376182269286064574e-01
6.444780047120995947e-02
3.525390793385785315e-01
8.574812332777519419e-01
8.597149590273273079e-01
2.506166328611931782e-01
7.231974701080234880e-01
8.597850965965295744e-01
8.458765817249251917e-01
5.682284772619272673e-01
5.704615079952120305e-02
7.469645832602476165e-01
2.990435662022759011e-01
5.752080494760908325e-02
6.203691169422594076e-02
3.237597789880464205e-01
6.380184473478220930e-01
7.842670248170424685e-02
6.248912901009084919e-01
8.789492121487492149e-01
8.288979492193283560e-01
6.552724199230657298e-01
2.941433826969674925e-01
8.256023167938717489e-01
8.634645033438452799e-01
2.429573890858547358e-01
6.141963836183289560e-02
2.813922236042518676e-01
5.922971910758727532e-01
5.995490096569061622e-02
4.482660658958625977e-02
3.415997885646493426e-01
3.487433967803230672e-01
5.081379678547628953e-02
3.790896958136646955e-01
8.329244843651886221e-01
8.494203566001800043e-01
3.394158071863748738e-01
3.331513055213743968e-01
8.606553999190701409e-01
8.250296934210848976e-01
3.315659894000078101e-01
4.659241756407120350e-02
3.199662450356679511e-01
3.420386416556229214e-01
4.210049773368132464e-02
3.520703606975766203e-02
3.060060526832319994e-01
5.127761148675344383e-02
6.254268771237703195e-02
3.311723192623636791e-01
9.112555888282682925e-01
6.333224848590787159e-01
2.190568514841856607e-01
5.444951732268826783e-02
6.516640667193750458e-01
2.147574775428993388e-01
2.091926198177892771e-01
4.333118271452141707e-02
5.439192820701865827e-01
1.404523926961376290e-01
6.128303310884952032e-02
1.648819433316359162e-01
8.453525609820473630e-01
5.396434174271116380e-01
1.528315167711258304e-01
4.582233193555352857e-01
3.250058253039893041e-01
8.421571703756559613e-01
2.263530090937159456e-01
7.703077284994690466e-01
6.726607617168093300e-01
8.331996921555639979e-01
6.244904564085865806e-01
5.343276291133747247e-02
4.249232534273157391e-01
5.606972210237308740e-01
4.629441754917645868e-02
1.771627403905954301e-01
6.476263776897071001e-01
4.417459700637282882e-01
5.372608046988903707e-01
5.980845420574210092e-01
7.492075916436624627e-01
6.707834503844065654e-01
6.559290402429929223e-01
4.195565093095814380e-01
7.501575049534250361e-01
3.376946797541509615e-01
8.956519597103557162e-01
2.368038637762080456e-01
6.506945991361787751e-01
8.360981807388119247e-01
3.097331775642872542e-01
1.147356495426913106e-02
2.445570825963334360e-01
4.761467799615473617e-02
4.264867807278502343e-02
1.075006789721072442e-01
4.067008305145308200e-01
7.711407966314789419e-01
5.221931639519838964e-02
1.008765142697855000e-01
6.015585585509855004e-01
4.458502620287756457e-01
3.073326933969924291e-01
1.100043402191907410e-02
1.780896701793091563e-01
1.596570761818681961e-01
3.602644554173676378e-02
