6.730964806079443863e-02
1.843417506951304796e-01
2.453561458745978086e-01
7.485312027773230459e-02
3.563843106702816455e-01
4.983930283180761922e-01
5.122953365306260887e-01
1.715040931155197013e-01
1.050217735916632589e-01
9.729460566772023533e-01
3.859434607543741347e-01
1.714405697265568018e-01
4.808271687107914388e-02
3.510183859312139831e-01
5.500417608260526059e-01
7.244758867396090818e-02
3.286595580911772507e-01
7.462087534705936775e-01
9.359504163585297132e-01
5.839821346265066104e-01
9.885297554112479901e-01
3.356587740103424422e-01
5.467666882755319868e-01
3.973497277960935103e-01
4.267330980244239957e-01
6.050207285888244968e-01
5.366784972763112282e-01
5.054071900216577928e-01
7.248639264647251113e-02
3.018936976982062870e-01
9.801052079682202045e-01
2.334339311503499936e-01
1.396284447928272110e-01
4.047330419640571830e-01
3.224796257201218985e-01
3.368228003859107811e-01
9.170584131576794418e-01
9.433611809778575941e-01
6.004338906744759452e-01
9.745841278231308635e-01
3.388081527095964107e-01
9.416136961277138395e-01
3.461220993922393130e-01
4.978586938173752974e-01
1.565127410799009855e-01
4.010653788840520262e-01
7.621157181787214796e-01
1.936216363943672469e-01
1.491743331808211698e-02
1.623954508769886451e-01
6.646284695906461149e-02
4.760618543398678626e-02
1.910281899233211567e-01
3.261453412611413083e-01
4.262790806701694524e-01
9.549476444660370822e-02
1.838921952325626163e-01
9.153536112702443939e-01
1.000000000000000000e+00
3.431632598723493577e-01
1.400528580150233772e-02
1.434248479261048259e-01
3.190921012589703620e-01
6.954490048439483652e-02
6.840592914583903950e-02
1.889964949769012970e-01
2.394303131415329577e-01
7.363863115599943165e-02
3.497743046324110483e-01
4.981221266102021095e-01
5.088342171210114007e-01
1.714720887912023484e-01
1.002631652371198112e-01
9.737659496597346198e-01
3.915454826851820225e-01
4.784272862985963770e-02
3.440089023149305869e-01
5.805168289088008526e-01
3.239707533695075359e-01
7.542034220655230436e-01
9.574926798177004761e-01
1.000000000000000000e+00
3.408148878658578407e-01
5.416907879736371223e-01
4.265062400240626217e-01
6.027236715162737068e-01
6.949270616241016996e-02
3.099133687117645586e-01
1.415152866462826564e-01
4.029079615519453039e-01
9.162037510481382263e-01
9.427464736106380139e-01
3.323923231675752765e-01
1.596975752594410325e-01
1.445542781199823761e-02
1.874208032446800232e-01
1.391140263924217635e-01
8.673844595500060928e-01
8.572033533671880035e-01
1.344093793593974517e-01
1.144328555722422675e-01
2.590296742204052372e-01
4.101916976952263427e-01
1.888312766485800154e-01
8.887977704560392489e-01
5.630483274851753039e-01
5.987934254501642295e-01
4.035027719885823094e-01
2.570906028054001924e-01
9.115429473161713592e-01
5.755527518150415078e-01
2.690059233118504700e-01
3.578507364380836830e-02
2.495573683466759674e-01
8.771405015482500733e-01
1.142864791960990639e-01
6.730964806079443863e-02
1.843417506951304796e-01
2.453561458745978086e-01
7.485312027773230459e-02
3.563843106702816455e-01
4.983930283180761922e-01
5.122953365306260887e-01
1.715040931155197013e-01
1.050217735916632589e-01
9.729460566772023533e-01
3.859434607543741347e-01
1.714405697265568018e-01
4.808271687107914388e-02
3.510183859312139831e-01
5.500417608260526059e-01
7.244758867396090818e-02
3.286595580911772507e-01
7.462087534705936775e-01
9.359504163585297132e-01
5.839821346265066104e-01
9.885297554112479901e-01
3.356587740103424422e-01
5.467666882755319868e-01
3.973497277960935103e-01
4.267330980244239957e-01
6.050207285888244968e-01
5.366784972763112282e-01
5.054071900216577928e-01
7.248639264647251113e-02
3.018936976982062870e-01
9.801052079682202045e-01
2.334339311503499936e-01
1.396284447928272110e-01
4.047330419640571830e-01
3.224796257201218985e-01
3.368228003859107811e-01
9.170584131576794418e-01
9.433611809778575941e-01
6.004338906744759452e-01
9.745841278231308635e-01
3.388081527095964107e-01
9.416136961277138395e-01
3.461220993922393130e-01
4.978586938173752974e-01
1.565127410799009855e-01
4.010653788840520262e-01
7.621157181787214796e-01
1.936216363943672469e-01
1.491743331808211698e-02
1.623954508769886451e-01
6.646284695906461149e-02
4.760618543398678626e-02
1.910281899233211567e-01
3.261453412611413083e-01
4.262790806701694524e-01
9.549476444660370822e-02
1.838921952325626163e-01
9.153536112702443939e-01
1.000000000000000000e+00
3.431632598723493577e-01
1.400528580150233772e-02
1.434248479261048259e-01
3.190921012589703620e-01
6.954490048439483652e-02
1.144328555722422675e-01
2.590296742204052372e-01
4.101916976952263427e-01
1.888308524092361385e-01
8.887977704560392489e-01
5.630458915763468797e-01
5.987934254501642295e-01
4.035027719885823094e-01
2.570906028054001924e-01
9.115429473161713592e-01
5.755526472181964337e-01
2.690059233118504700e-01
3.578507364380836830e-02
2.495573683466759674e-01
8.771405015482500733e-01
1.142864791960990639e-01
1.024676286399437974e-01
4.446506924172834996e-01
5.546527999372947715e-01
9.413024970695328675e-02
5.899741601736070429e-01
7.028658285533622152e-01
7.766569935606892905e-01
5.962514684012736321e-01
3.767447515109938472e-01
8.393260546549550227e-01
7.073680242069719792e-01
4.574060050853989701e-01
5.557750782527878797e-02
4.090195195007919615e-01
5.772235067725530744e-01
9.891217759047585267e-02
6.811312449140913272e-02
3.168313423557380659e-01
3.998639487621558075e-01
7.540346642729492399e-02
2.608226076828157325e-01
7.402191332063564611e-01
8.411838294932136861e-01
3.690776033907614551e-01
3.719188904048356115e-01
8.346261957937222142e-01
7.246797021405757544e-01
3.039190966498599433e-01
1.113114350206880765e-01
3.534873502428363956e-01
2.515667444149931598e-01
6.304259336112746914e-02
9.741801881950377939e-02
7.042331434217929953e-01
2.162633211106053110e-01
8.769972943008313981e-02
4.861735275088334696e-01
8.216338374950910017e-01
7.979678839231998388e-01
2.116422983575048100e-01
6.540713572746597038e-01
7.990520821581936772e-01
8.128776240997763747e-01
6.733207597132544464e-01
8.479502367351911263e-02
6.689344940918531268e-01
4.368761654018320506e-01
9.640132524982272799e-02
8.504460603243742256e-02
5.733855785992814091e-01
6.309487064921097677e-01
9.085791188709926858e-02
5.793779307014310653e-01
8.167881710791561334e-01
8.186392369963804150e-01
6.397186291830512239e-01
4.430226864322404090e-01
7.452511958032028705e-01
8.025151616666548193e-01
5.183894887200533041e-01
9.911929035479893901e-02
4.124493654774905593e-01
5.541645956051217681e-01
8.396751059320137212e-02
8.205560753925389417e-02
3.655427903523971178e-01
3.637359012562941807e-01
8.642228129002868520e-02
3.926336374955108344e-01
8.030633297685125793e-01
7.947449325477440318e-01
3.498840024038933905e-01
3.589577652100386373e-01
8.014940239450075721e-01
7.975566336946328105e-01
3.644657890184894722e-01
8.236066367691749490e-02
3.449152272443265499e-01
3.602103820922115673e-01
7.840899659256167498e-02
6.730964806079445251e-02
1.843417506951304241e-01
2.453561458745978918e-01
7.485312027773230459e-02
3.563843106702816455e-01
4.983930283180762477e-01
5.122953365306261997e-01
1.715040931155197568e-01
1.050217735916632589e-01
9.729460566772022423e-01
3.859434607543741347e-01
1.714405697265568296e-01
4.808271687107915082e-02
3.510183859312140386e-01
5.500417608260527169e-01
7.244758867396092206e-02
3.286595580911772507e-01
7.462087534705938996e-01
9.359504163585297132e-01
5.839821346265066104e-01
9.885297554112477680e-01
3.356587740103424977e-01
5.467666882755319868e-01
3.973497277960936769e-01
4.267330980244240513e-01
6.050207285888244968e-01
5.366784972763112282e-01
5.054071900216575708e-01
7.248639264647252500e-02
3.018936976982062870e-01
9.801052079682204266e-01
2.334339311503499381e-01
1.396284447928272110e-01
4.047330419640571275e-01
3.224796257201218985e-01
3.368228003859108366e-01
9.170584131576795528e-01
9.433611809778577051e-01
6.004338906744760562e-01
9.745841278231308635e-01
3.388081527095964107e-01
9.416136961277137285e-01
3.461220993922393130e-01
4.978586938173752419e-01
1.565127410799009855e-01
4.010653788840520262e-01
7.621157181787217016e-01
1.936216363943672469e-01
1.491743331808211698e-02
1.623954508769886174e-01
6.646284695906462536e-02
4.760618543398678626e-02
1.910281899233211567e-01
3.261453412611414193e-01
4.262790806701695079e-01
9.549476444660376373e-02
1.838921952325625053e-01
9.153536112702443939e-01
1.000000000000000222e+00
3.431632598723494132e-01
1.400528580150233945e-02
1.434248479261047704e-01
3.190921012589703620e-01
6.954490048439483652e-02
