4.674826811521485270e-01
8.244360316805761091e-01
7.974283292808872492e-01
4.511126836971369736e-01
7.653759930492131103e-01
3.999948837812600244e-01
2.552718541399702779e-01
6.932066942139574195e-01
6.272610840246735098e-01
5.529905121671085944e-01
2.390046956380706411e-01
6.950859992830957790e-01
3.899039490993561063e-01
6.236298582690393832e-01
6.150871538408471118e-01
4.397620840214330751e-01
8.869760999466937967e-01
2.787496382601293843e-01
3.356211359766295144e-01
6.681204397915112558e-01
4.578922031850440333e-01
9.955691243234841836e-02
8.614093985544203635e-02
2.446679622743994642e-01
1.612578808917592144e-01
7.373141718163631064e-02
8.460784908890506273e-02
2.531651575363961237e-01
6.098168757016313446e-01
2.530884282332622193e-01
3.460007854145275008e-01
7.951112519799767853e-01
4.183073182968963244e-01
2.925700881136980014e-01
2.621493713267407655e-01
6.082109650826339475e-01
2.543405402744162158e-01
1.543778067831890755e-01
7.319279094281180842e-02
5.447139922265800127e-01
2.865186739221247114e-01
1.498809272776272516e-01
1.062579393147049245e-01
4.106425793418055359e-01
5.671338765319660080e-01
2.967079790049417243e-01
2.736479523679543613e-01
8.350761454534012529e-01
4.603798532471120031e-01
5.610925296526512174e-01
6.277175305595228405e-01
3.804449724131248600e-01
8.397120440193968083e-01
2.869602977625781426e-01
1.616833365905918640e-01
6.306762943803743138e-01
8.299272008139462198e-01
2.553947659546687010e-01
4.311601843961797020e-01
7.338703065081066956e-01
4.464576980365491110e-01
4.190149128220153618e-01
9.139898850004457564e-01
4.855439344507707644e-01
4.763408352265712242e-01
8.297730595650384400e-01
7.962766462394090805e-01
4.453820668930698057e-01
7.496243874131058860e-01
4.053931481802309222e-01
2.542132923780643372e-01
6.941535248208575704e-01
6.289669340226855532e-01
5.488479200483875609e-01
2.416894406386398408e-01
3.851402693041340308e-01
6.160163308927704140e-01
6.570297623394510955e-01
9.002149747210032027e-01
2.761855860520719963e-01
3.384901322895177422e-01
4.434779804535130543e-01
1.028590421371245317e-01
8.536956113300327165e-02
1.614704675432936387e-01
7.346167684320338565e-02
6.187134544419505833e-01
2.553632138212859615e-01
4.186589982735477444e-01
2.946291604571297240e-01
2.548690513879113828e-01
1.521750901922112875e-01
2.867424301782749430e-01
5.650058074350903237e-01
4.533282390652825788e-01
8.347656119434808675e-01
6.930804794837794880e-01
3.106947742255502520e-01
2.976179651781198920e-01
6.891437382805642997e-01
5.955440547478026980e-01
4.363673931158904562e-01
5.934472314191491238e-01
5.777485844837620954e-01
6.846725179995478694e-01
1.733436502782091104e-01
1.378682061173177043e-01
5.582052176809334521e-01
4.356489050381048278e-01
1.732622755580810470e-01
1.790646299467018310e-01
4.463502309687321645e-01
5.049471593583316764e-01
4.392760728724550701e-01
6.620454552689576389e-01
6.097210142582729642e-01
4.674826811521485270e-01
8.244360316805761091e-01
7.974283292808872492e-01
4.511126836971369736e-01
7.653759930492131103e-01
3.999948837812600244e-01
2.552718541399702779e-01
6.932066942139574195e-01
6.272610840246735098e-01
5.529905121671085944e-01
2.390046956380706411e-01
6.950859992830957790e-01
3.899039490993561063e-01
6.236298582690393832e-01
6.150871538408471118e-01
4.397620840214330751e-01
8.869760999466937967e-01
2.787496382601293843e-01
3.356211359766295144e-01
6.681204397915112558e-01
4.578922031850440333e-01
9.955691243234841836e-02
8.614093985544203635e-02
2.446679622743994642e-01
1.612578808917592144e-01
7.373141718163631064e-02
8.460784908890506273e-02
2.531651575363961237e-01
6.098168757016313446e-01
2.530884282332622193e-01
3.460007854145275008e-01
7.951112519799767853e-01
4.183073182968963244e-01
2.925700881136980014e-01
2.621493713267407655e-01
6.082109650826339475e-01
2.543405402744162158e-01
1.543778067831890755e-01
7.319279094281180842e-02
5.447139922265800127e-01
2.865186739221247114e-01
1.498809272776272516e-01
1.062579393147049245e-01
4.106425793418055359e-01
5.671338765319660080e-01
2.967079790049417243e-01
2.736479523679543613e-01
8.350761454534012529e-01
4.603798532471120031e-01
5.610925296526512174e-01
6.277175305595228405e-01
3.804449724131248600e-01
8.397120440193968083e-01
2.869602977625781426e-01
1.616833365905918640e-01
6.306762943803743138e-01
8.299272008139462198e-01
2.553947659546687010e-01
4.311601843961797020e-01
7.338703065081066956e-01
4.464576980365491110e-01
4.190149128220153618e-01
9.139898850004457564e-01
4.855439344507707644e-01
5.955440547478026980e-01
4.363673931158904562e-01
5.934472314191491238e-01
5.777483636472600104e-01
6.846725179995478694e-01
1.733429003437764182e-01
1.378682061173177043e-01
5.582052176809334521e-01
4.356489050381048278e-01
1.732622755580810470e-01
1.790645974047753164e-01
4.463502309687321645e-01
5.049471593583316764e-01
4.392760728724550701e-01
6.620454552689576389e-01
6.097210142582729642e-01
6.027288257061007570e-01
7.277448681236158290e-01
5.889748982547788891e-01
5.367455116879965571e-01
7.170011498443300546e-01
1.671839385424269409e-01
1.838174646108109433e-01
6.343019595520347220e-01
3.096141470503532833e-01
2.278144148194963803e-01
1.628848059881203569e-01
7.341917343624246861e-01
5.924900822812257939e-01
3.388374301219374551e-01
7.119008097638486188e-01
5.954721821942967619e-01
5.560949125726373232e-01
6.296355576157999234e-01
7.791568824190746589e-01
5.315534810001210086e-01
6.343001810107866678e-01
1.629431628966437062e-01
1.799787891357045311e-01
7.393165656890412496e-01
8.623477370041927603e-01
1.494984335702519151e-01
1.522371042822657228e-01
6.109155937698780292e-01
5.231571495442109976e-01
8.578056795437651871e-01
6.217625912605504457e-01
5.493429176271292791e-01
5.826888380009660473e-01
5.970093297186598313e-01
7.566977435567032728e-01
6.005371187639264585e-01
6.449678893564327886e-01
2.041674255646092895e-01
1.782925845995213809e-01
7.561314881890348616e-01
5.922224022472173388e-01
2.156489493972038318e-01
2.026457219715954161e-01
5.736571052169527896e-01
6.264384316391123919e-01
6.178071186809608317e-01
6.012877066903530299e-01
5.798890269986486379e-01
5.875096849568067769e-01
7.361608204988048243e-01
5.876517850527824827e-01
6.185767719404655640e-01
6.035736663061617158e-01
2.040970829013216414e-01
2.169938883862529977e-01
5.977507322175159565e-01
6.463081630313962656e-01
2.035713736538166119e-01
1.968304609087402901e-01
6.915155630267082465e-01
6.300014444276043069e-01
6.331294808619847281e-01
5.610893674188033309e-01
5.878285219814678442e-01
5.445421961789738141e-01
7.535339591675069837e-01
8.232318294061604647e-01
5.949942514699508855e-01
8.214117310824013973e-01
1.815916849492020813e-01
1.754443171850215144e-01
7.929775999858437174e-01
7.755921960559604145e-01
1.924177827513659789e-01
1.746341142625040532e-01
7.783240206729959976e-01
5.938830482554037227e-01
7.799608597473814964e-01
7.747155469893707291e-01
5.379680982932035782e-01
4.674826811521485825e-01
8.244360316805759981e-01
7.974283292808874712e-01
4.511126836971369181e-01
7.653759930492131103e-01
3.999948837812600799e-01
2.552718541399702779e-01
6.932066942139575305e-01
6.272610840246735098e-01
5.529905121671087054e-01
2.390046956380706689e-01
6.950859992830957790e-01
3.899039490993561063e-01
6.236298582690392722e-01
6.150871538408473338e-01
4.397620840214330751e-01
8.869760999466937967e-01
2.787496382601293843e-01
3.356211359766295699e-01
6.681204397915112558e-01
4.578922031850439778e-01
9.955691243234844612e-02
8.614093985544205023e-02
2.446679622743995475e-01
1.612578808917592144e-01
7.373141718163631064e-02
8.460784908890506273e-02
2.531651575363960682e-01
6.098168757016312336e-01
2.530884282332622748e-01
3.460007854145275563e-01
7.951112519799765632e-01
4.183073182968963244e-01
2.925700881136978904e-01
2.621493713267408210e-01
6.082109650826338365e-01
2.543405402744162713e-01
1.543778067831890755e-01
7.319279094281180842e-02
5.447139922265801237e-01
2.865186739221247114e-01
1.498809272776272516e-01
1.062579393147049245e-01
4.106425793418055914e-01
5.671338765319662301e-01
2.967079790049417243e-01
2.736479523679544168e-01
8.350761454534014749e-01
4.603798532471120031e-01
5.610925296526511064e-01
6.277175305595229515e-01
3.804449724131248600e-01
8.397120440193969193e-01
2.869602977625782536e-01
1.616833365905918918e-01
6.306762943803743138e-01
8.299272008139461088e-01
2.553947659546688120e-01
4.311601843961798686e-01
7.338703065081066956e-01
4.464576980365490555e-01
4.190149128220153618e-01
9.139898850004457564e-01
4.855439344507707644e-01
