7.909127746356025002e-01
6.690593961187005778e-01
8.248490320238863749e-01
7.656083813021973272e-01
6.798848447395979822e-01
4.114428953904769592e-02
0.000000000000000000e+00
8.145988482601811409e-01
8.569399375282611420e-01
1.853246990487112389e-01
1.126879982879444575e-01
8.247182519986804294e-01
8.685241189667158856e-01
4.852897448888540688e-01
5.643064994664039880e-01
7.467538822866151005e-01
6.812459222246813884e-01
0.000000000000000000e+00
1.476681043072733401e-01
5.949973544093998257e-01
1.104075896340412366e-01
1.729871182515903272e-02
0.000000000000000000e+00
1.157609671019361186e-01
0.000000000000000000e+00
0.000000000000000000e+00
0.000000000000000000e+00
0.000000000000000000e+00
7.732541748053229913e-01
1.559708074781148146e-01
1.300042454941700565e-01
8.296672533911404468e-01
5.741167197078684836e-01
9.880022027286272657e-03
1.558091109586760836e-01
4.712956890272122501e-01
1.000264164204545114e-01
0.000000000000000000e+00
0.000000000000000000e+00
1.748428978931585998e-01
2.504609751455882938e-01
0.000000000000000000e+00
2.376336607365136383e-02
5.750668593138119622e-02
6.652711960907693456e-01
1.305900390337477734e-02
0.000000000000000000e+00
6.722257793880341836e-01
7.839193061418652242e-01
6.491707584938160025e-01
7.905985117767276860e-01
8.550656117368604647e-01
5.700395691636814810e-01
2.363967386313491903e-01
0.000000000000000000e+00
8.671034574115386029e-01
5.225118843087961373e-01
9.062259256339300073e-02
1.017374168097173182e-01
6.508260905079699121e-01
7.603065307806108342e-01
5.902530563812133924e-01
6.832896666972816391e-01
8.268932514261766453e-01
8.085594241683017325e-01
6.706476381396164754e-01
8.272438868854714578e-01
7.560892446946188006e-01
6.653566091356548640e-01
4.943984433062920125e-02
0.000000000000000000e+00
8.196972015507320020e-01
8.620164741298043110e-01
1.800783120202252841e-01
1.140442198493941128e-01
8.617462167589606814e-01
4.783797724206885760e-01
5.935721492436575319e-01
6.822475174135675946e-01
0.000000000000000000e+00
1.360823286765802109e-01
1.006862372246032367e-01
2.048436190533699935e-02
0.000000000000000000e+00
0.000000000000000000e+00
0.000000000000000000e+00
7.818742650081519363e-01
1.534826056020098806e-01
5.821366044060536371e-01
1.146192784195534942e-02
9.531203172000035639e-02
0.000000000000000000e+00
2.433350896752620451e-01
6.582714459615848224e-01
7.719593632241592562e-01
5.460133829567045405e-01
9.523321887574198730e-01
4.845459891079462178e-02
3.612668061998880464e-02
9.500745761994136007e-01
8.596239070310994768e-01
0.000000000000000000e+00
5.075873016030126861e-01
9.085096423079593864e-01
2.685474556979128291e-01
2.698345835932253189e-02
0.000000000000000000e+00
4.775506911255801290e-01
2.636498726986388208e-01
4.921100356408608656e-03
3.528934486890997202e-02
2.015435952361599448e-02
8.753224955001885910e-01
2.739529180853000900e-01
2.447203639347681481e-01
8.835767158593312853e-01
7.909127746356025002e-01
6.690593961187005778e-01
8.248490320238863749e-01
7.656083813021973272e-01
6.798848447395979822e-01
4.114428953904769592e-02
0.000000000000000000e+00
8.145988482601811409e-01
8.569399375282611420e-01
1.853246990487112389e-01
1.126879982879444575e-01
8.247182519986804294e-01
8.685241189667158856e-01
4.852897448888540688e-01
5.643064994664039880e-01
7.467538822866151005e-01
6.812459222246813884e-01
0.000000000000000000e+00
1.476681043072733401e-01
5.949973544093998257e-01
1.104075896340412366e-01
1.729871182515903272e-02
0.000000000000000000e+00
1.157609671019361186e-01
0.000000000000000000e+00
0.000000000000000000e+00
0.000000000000000000e+00
0.000000000000000000e+00
7.732541748053229913e-01
1.559708074781148146e-01
1.300042454941700565e-01
8.296672533911404468e-01
5.741167197078684836e-01
9.880022027286272657e-03
1.558091109586760836e-01
4.712956890272122501e-01
1.000264164204545114e-01
0.000000000000000000e+00
0.000000000000000000e+00
1.748428978931585998e-01
2.504609751455882938e-01
0.000000000000000000e+00
2.376336607365136383e-02
5.750668593138119622e-02
6.652711960907693456e-01
1.305900390337477734e-02
0.000000000000000000e+00
6.722257793880341836e-01
7.839193061418652242e-01
6.491707584938160025e-01
7.905985117767276860e-01
8.550656117368604647e-01
5.700395691636814810e-01
2.363967386313491903e-01
0.000000000000000000e+00
8.671034574115386029e-01
5.225118843087961373e-01
9.062259256339300073e-02
1.017374168097173182e-01
6.508260905079699121e-01
7.603065307806108342e-01
5.902530563812133924e-01
6.832896666972816391e-01
8.268932514261766453e-01
8.596239070310994768e-01
0.000000000000000000e+00
5.075873016030126861e-01
9.085095944587169292e-01
2.685474556979128291e-01
2.698334162112933643e-02
0.000000000000000000e+00
4.775506911255801290e-01
2.636498726986388208e-01
4.921100356408608656e-03
3.528933845567658323e-02
2.015435952361599448e-02
8.753224955001885910e-01
2.739529180853000900e-01
2.447203639347681481e-01
8.835767158593312853e-01
1.000000000000000000e+00
5.175566549205479205e-03
2.199739835495662099e-01
8.329687699127041878e-01
1.241546914774225296e-01
1.406084205780464003e-02
4.230404856123709534e-02
2.639515918199293321e-01
3.615806912943984042e-01
1.260163391192462012e-03
8.969894014257212556e-03
1.307069791878778808e-02
7.826657122585016779e-01
3.759026487757748392e-01
1.159419448608280945e-01
9.967064614612466400e-01
8.715675798378962336e-01
2.836787141061369866e-02
3.003582446292107910e-01
9.926060212433752694e-01
9.234125518096369944e-02
4.524160870846002935e-02
4.892546723536561615e-03
2.801473893803771986e-01
3.652252974578937827e-01
3.303393540080384883e-03
3.653807651297544257e-02
2.362607503770708384e-02
9.519857342620480223e-01
3.513387883122058852e-01
9.246639618778917935e-02
8.622529295665657401e-01
8.990033326830331184e-01
9.875805504066659246e-02
3.439514218545567381e-01
9.522560734509699643e-01
1.082245075814163293e-01
2.420512417752712642e-02
4.697181792920418486e-03
3.304352928336338202e-01
1.132629104686042609e-01
3.285080039875104552e-02
2.828910152537163214e-02
3.146232078588040437e-02
9.775320780435178269e-01
1.481096818010518845e-01
3.232923352638383818e-02
9.009463294098568609e-01
9.161522990756920670e-01
1.553816881826279861e-01
8.129631113598767556e-02
9.613660775011616533e-01
1.448176363311477477e-01
1.949090408390521945e-02
3.528993801151270038e-02
1.052943521733875620e-01
4.513679929748302122e-01
1.012399720435074035e-02
1.597957798675464502e-02
5.253876872578500112e-02
9.285150239140524953e-01
4.279263247685642924e-01
7.997810488686951658e-02
9.207862875496554134e-01
9.219323120569977714e-01
1.123991076624313301e-01
3.342037269257840393e-01
9.585170767486586030e-01
1.369617579539705865e-01
4.463822498884811862e-02
7.399577020177988684e-03
3.206122240534927670e-01
3.425869662214893197e-01
1.806745291289563182e-02
3.825003324625622647e-02
1.116365089932851440e-01
9.514824142791447059e-01
3.290155682939335247e-01
1.267166790645184449e-01
9.172310689967199115e-01
7.909127746356026112e-01
6.690593961187005778e-01
8.248490320238865969e-01
7.656083813021974382e-01
6.798848447395979822e-01
4.114428953904775144e-02
0.000000000000000000e+00
8.145988482601814740e-01
8.569399375282611420e-01
1.853246990487112944e-01
1.126879982879444297e-01
8.247182519986805405e-01
8.685241189667158856e-01
4.852897448888540133e-01
5.643064994664043210e-01
7.467538822866153225e-01
6.812459222246813884e-01
0.000000000000000000e+00
1.476681043072733679e-01
5.949973544093998257e-01
1.104075896340411811e-01
1.729871182515903966e-02
0.000000000000000000e+00
1.157609671019361464e-01
0.000000000000000000e+00
0.000000000000000000e+00
0.000000000000000000e+00
0.000000000000000000e+00
7.732541748053228803e-01
1.559708074781147868e-01
1.300042454941700565e-01
8.296672533911402247e-01
5.741167197078684836e-01
9.880022027286272657e-03
1.558091109586760559e-01
4.712956890272121946e-01
1.000264164204545114e-01
0.000000000000000000e+00
0.000000000000000000e+00
1.748428978931585442e-01
2.504609751455882938e-01
0.000000000000000000e+00
2.376336607365136383e-02
5.750668593138119622e-02
6.652711960907693456e-01
1.305900390337474959e-02
0.000000000000000000e+00
6.722257793880341836e-01
7.839193061418652242e-01
6.491707584938157805e-01
7.905985117767277970e-01
8.550656117368605758e-01
5.700395691636815920e-01
2.363967386313492458e-01
0.000000000000000000e+00
8.671034574115386029e-01
5.225118843087960263e-01
9.062259256339300073e-02
1.017374168097173737e-01
6.508260905079699121e-01
7.603065307806107231e-01
5.902530563812131703e-01
6.832896666972816391e-01
8.268932514261767563e-01
