2.936712888553873538e-02
3.856379826833249980e-01
6.556613454296367216e-02
3.966587686488556863e-02
4.302144701685144401e-01
9.087582706532562060e-01
7.550761969553159147e-01
2.427602324065553374e-01
1.039651355979770431e-01
5.320672189687201126e-01
2.378518592627708594e-01
2.315932803964048103e-01
2.348965804508178906e-02
5.393006928976156189e-01
2.262433448424197580e-01
3.947842039464961872e-02
2.158457896632096085e-01
9.575622578903260074e-01
5.368021274427423606e-01
2.454453487842183645e-01
5.284881376445971224e-01
3.191415461280753818e-01
7.472475307725411353e-01
2.479500280976410509e-01
7.710199352107791615e-01
6.112493851516720422e-01
7.388125847496004317e-01
7.464396432375864920e-01
3.445300503123598090e-02
4.416051734272803397e-01
5.619753233852200491e-01
5.040832358598323903e-02
1.499532635867034669e-01
7.328309778003414543e-01
4.568088552417558512e-01
5.305397816402834810e-01
5.851368879632400377e-01
7.106902678355950798e-01
6.080330283368445832e-01
5.454647353522699138e-01
3.690245917550674104e-01
7.153648820579673329e-01
3.277873486942818881e-01
8.911545907665601174e-01
2.305714735691493655e-01
7.341858907029334969e-01
9.570593326462157879e-01
3.816647538897149916e-01
8.932331431572348990e-03
2.434438432029721322e-01
2.322794895616668576e-02
2.390657924889898547e-02
2.336308082999298819e-01
3.571175428430556353e-01
7.745382147300555742e-01
9.759107301267400114e-02
2.243051971023496405e-01
5.825363143434463264e-01
5.253498824589917238e-01
4.015862001162949224e-01
8.932738980799626374e-03
1.499467090379751899e-01
1.991790392053093273e-01
3.054830620192461321e-02
2.994643811091554295e-02
3.836450309804020353e-01
5.803207695316042747e-02
3.957123506365416155e-02
4.159014597436125338e-01
8.998333987987907623e-01
7.507365471430342829e-01
2.371341038324211170e-01
1.007813801287661404e-01
5.387729897733255502e-01
2.427651078697343201e-01
2.369962569599212698e-02
5.349747379219647048e-01
2.398503698207827828e-01
2.076777738976378906e-01
9.573094930965103666e-01
5.476412412110163164e-01
5.268179284738284673e-01
3.234020217203565917e-01
7.430034651053050165e-01
7.727779073432884394e-01
6.096386556453523564e-01
2.887418146141966513e-02
4.474058640145269772e-01
1.499500059250598039e-01
7.335052013985007280e-01
5.838331518797154063e-01
7.132179795119668597e-01
3.629916822010602617e-01
2.373647572779175319e-01
8.932537856502066262e-03
2.289165271012759684e-01
1.191632489837461950e-01
8.894566412643239994e-01
8.765780310645879814e-01
1.131888696941583117e-01
7.803973188329017818e-02
8.055005723785872984e-01
1.316780721209024341e-01
1.442301736047040817e-01
5.138091827698338943e-01
5.387512555478410903e-01
7.882627505150148206e-01
1.640277935329852443e-01
5.918303649790975784e-01
7.203615394548568140e-01
5.517359885108501505e-01
7.912503786034936759e-01
2.723653352812632766e-02
5.946809363532187254e-01
5.012569231270147530e-01
7.620509048712829914e-02
2.936712888553873538e-02
3.856379826833249980e-01
6.556613454296367216e-02
3.966587686488556863e-02
4.302144701685144401e-01
9.087582706532562060e-01
7.550761969553159147e-01
2.427602324065553374e-01
1.039651355979770431e-01
5.320672189687201126e-01
2.378518592627708594e-01
2.315932803964048103e-01
2.348965804508178906e-02
5.393006928976156189e-01
2.262433448424197580e-01
3.947842039464961872e-02
2.158457896632096085e-01
9.575622578903260074e-01
5.368021274427423606e-01
2.454453487842183645e-01
5.284881376445971224e-01
3.191415461280753818e-01
7.472475307725411353e-01
2.479500280976410509e-01
7.710199352107791615e-01
6.112493851516720422e-01
7.388125847496004317e-01
7.464396432375864920e-01
3.445300503123598090e-02
4.416051734272803397e-01
5.619753233852200491e-01
5.040832358598323903e-02
1.499532635867034669e-01
7.328309778003414543e-01
4.568088552417558512e-01
5.305397816402834810e-01
5.851368879632400377e-01
7.106902678355950798e-01
6.080330283368445832e-01
5.454647353522699138e-01
3.690245917550674104e-01
7.153648820579673329e-01
3.277873486942818881e-01
8.911545907665601174e-01
2.305714735691493655e-01
7.341858907029334969e-01
9.570593326462157879e-01
3.816647538897149916e-01
8.932331431572348990e-03
2.434438432029721322e-01
2.322794895616668576e-02
2.390657924889898547e-02
2.336308082999298819e-01
3.571175428430556353e-01
7.745382147300555742e-01
9.759107301267400114e-02
2.243051971023496405e-01
5.825363143434463264e-01
5.253498824589917238e-01
4.015862001162949224e-01
8.932738980799626374e-03
1.499467090379751899e-01
1.991790392053093273e-01
3.054830620192461321e-02
7.803973188329017818e-02
8.055005723785872984e-01
1.316780721209024341e-01
1.442297260390876801e-01
5.138091827698338943e-01
5.387489247551263682e-01
7.882627505150148206e-01
1.640277935329852443e-01
5.918303649790975784e-01
7.203615394548568140e-01
5.517358882422935817e-01
7.912503786034936759e-01
2.723653352812632766e-02
5.946809363532187254e-01
5.012569231270147530e-01
7.620509048712829914e-02
7.933715518727604832e-02
7.395848785804275405e-01
3.322023071508608538e-01
8.045904570720548155e-02
7.031450108785604058e-01
7.661065662313554236e-01
7.968634270168619693e-01
3.771197634007608102e-01
2.000233313116011047e-01
8.120024379404796600e-01
7.660593554245540560e-01
7.440912227921225863e-01
6.188236972429786431e-02
2.325443283567119046e-01
6.854248034220711272e-01
7.488081031508661556e-02
5.464394919301293618e-02
2.513381149866229514e-01
3.568572901143147735e-01
7.520610075105879644e-02
3.948824752242654501e-01
8.087646483656694141e-01
7.913975034554778798e-01
3.251844980082934100e-01
3.231923834508465543e-01
8.301205238101706518e-01
7.893092569208537412e-01
2.351446656259432721e-01
6.447549581453165812e-02
3.087546356229526889e-01
3.754843891660679667e-01
4.860401407364409176e-02
6.454004304321518670e-02
7.466743756554983236e-01
2.010776472158504191e-01
7.745386921733479757e-02
4.497844840855949045e-01
7.995491351228030119e-01
8.682033326062247314e-01
1.928331478430966861e-01
7.589547067480522102e-01
8.379288860008007322e-01
7.875541583184709760e-01
7.186138024846835393e-01
6.757970140909112799e-02
7.781475231855743413e-01
3.830090781722588211e-01
6.170412209278341997e-02
6.896122505964948080e-02
4.556160043395709458e-01
6.555330017236720153e-01
8.405946441272355019e-02
7.237131128168226013e-01
8.242942095365831667e-01
8.179050107799589187e-01
6.770906000786198753e-01
2.617008420837318994e-01
8.263095056540992189e-01
8.089553637769266725e-01
3.670000510100672741e-01
7.785095242221962142e-02
2.361100357779744030e-01
6.964302289528268020e-01
6.646885039880334745e-02
6.166981360745871221e-02
3.401311248546161625e-01
3.808806019972124091e-01
6.818369747316396778e-02
3.731554388802933442e-01
8.018338694594357996e-01
8.417193701355768498e-01
3.643239376230500426e-01
3.853058167542391388e-01
8.465863339139804156e-01
7.914810140509901393e-01
3.404772071972088643e-01
6.069590891956991308e-02
3.766644210102667589e-01
3.380082291111308201e-01
5.546560598827871003e-02
2.936712888553874232e-02
3.856379826833248314e-01
6.556613454296369992e-02
3.966587686488555475e-02
4.302144701685143291e-01
9.087582706532562060e-01
7.550761969553160258e-01
2.427602324065554484e-01
1.039651355979770431e-01
5.320672189687202236e-01
2.378518592627708872e-01
2.315932803964048936e-01
2.348965804508178906e-02
5.393006928976156189e-01
2.262433448424198135e-01
3.947842039464961872e-02
2.158457896632096085e-01
9.575622578903260074e-01
5.368021274427423606e-01
2.454453487842184201e-01
5.284881376445971224e-01
3.191415461280754373e-01
7.472475307725411353e-01
2.479500280976410787e-01
7.710199352107791615e-01
6.112493851516720422e-01
7.388125847496004317e-01
7.464396432375863810e-01
3.445300503123599478e-02
4.416051734272804508e-01
5.619753233852200491e-01
5.040832358598318352e-02
1.499532635867034669e-01
7.328309778003411212e-01
4.568088552417558512e-01
5.305397816402835920e-01
5.851368879632401487e-01
7.106902678355950798e-01
6.080330283368445832e-01
5.454647353522700248e-01
3.690245917550675214e-01
7.153648820579672218e-01
3.277873486942818881e-01
8.911545907665602284e-01
2.305714735691494210e-01
7.341858907029334969e-01
9.570593326462160100e-01
3.816647538897150471e-01
8.932331431572348990e-03
2.434438432029721044e-01
2.322794895616669963e-02
2.390657924889898547e-02
2.336308082999298819e-01
3.571175428430556908e-01
7.745382147300556852e-01
9.759107301267400114e-02
2.243051971023495295e-01
5.825363143434463264e-01
5.253498824589919458e-01
4.015862001162948669e-01
8.932738980799628109e-03
1.499467090379751899e-01
1.991790392053093828e-01
3.054830620192461668e-02
