2.014416864216597713e-01
4.222025526135486095e-01
5.217611072237633429e-01
2.177612189406961107e-01
3.937225861223412338e-01
4.050382158143082112e-01
4.523580654174941262e-01
1.393839271232571730e-01
2.811393179821922716e-01
7.067596587687714482e-01
2.647821003850208132e-01
1.391833247103464455e-01
1.961082167300279844e-01
7.060279604986718915e-01
7.022829489018698190e-01
2.177340675024433958e-01
5.410046730408550886e-01
4.090615674176151795e-01
5.045714173274122860e-01
7.541512812710542413e-01
5.249431698816051650e-01
1.978475000669304151e-01
4.941871272986552155e-01
2.635516937973383378e-01
5.085454823031729799e-01
4.725346382938738765e-01
5.004027559018839888e-01
4.528864487632954239e-01
9.292234198216299534e-02
2.438036615595526313e-01
5.064953450126269408e-01
4.977750590605276027e-01
4.595357839239843645e-01
3.611065677193200374e-01
2.558575940022271844e-01
6.988646539223100085e-01
6.986379137426359520e-01
6.045129028900608770e-01
4.793416123134915385e-01
7.012812147424463127e-01
4.061446705918297928e-01
6.151292777647440202e-01
2.184936206547890836e-01
4.328827512478812811e-01
1.503129597909213522e-01
3.564773571849162437e-01
4.345939844305796163e-01
4.579818505841244392e-01
8.993060399355412571e-02
1.483657097782482004e-01
9.253327297019044162e-02
1.972410472268043835e-01
4.645296847433846299e-01
3.960085800397424860e-01
5.148903255239625221e-01
2.537438535269324058e-01
4.470092622904388024e-01
6.990058537578227593e-01
5.120207694388547726e-01
3.801793516288937691e-01
9.020314788288834318e-02
4.658417318545390873e-01
5.527493623733474859e-01
2.141347384810696197e-01
2.076670025145079534e-01
4.401492696348596745e-01
5.098390514119781614e-01
2.177475108994691155e-01
3.869515008930199396e-01
4.191550886608532145e-01
4.526235646851837768e-01
1.392828597087745757e-01
2.674556651118682460e-01
7.040175691937586855e-01
2.640079129824201010e-01
1.966787268314811876e-01
7.024908693427498463e-01
7.461969164645277930e-01
5.467604925613942513e-01
4.218938843424077101e-01
5.038447036269101398e-01
5.183125729834814344e-01
2.080214882150845934e-01
4.973145374662494844e-01
5.117157982221260948e-01
4.759435243514168468e-01
9.272897569875544754e-02
2.475076794335249186e-01
4.626698890396360730e-01
3.588030078542000512e-01
6.988223717678657687e-01
6.099777926574325715e-01
4.010090473165881519e-01
1.495760411343779184e-01
9.006864830681833578e-02
4.556727641177609200e-01
3.268140623849207227e-01
6.724381738850039314e-01
6.713126693641208176e-01
3.249800411724174110e-01
2.970371725046450639e-01
1.505288713115178201e-01
2.774970377108371133e-01
4.078224366942365675e-01
6.658282918864029121e-01
3.917084316936847443e-01
5.451390532643874964e-01
2.652723692326920402e-01
5.306087002414044962e-01
6.522800392845350403e-01
4.143902175293888712e-01
1.835441078626673939e-01
1.314602578312294434e-01
5.290417698589645612e-01
6.514649642345591296e-01
3.074790361083180601e-01
2.014416864216597713e-01
4.222025526135486095e-01
5.217611072237633429e-01
2.177612189406961107e-01
3.937225861223412338e-01
4.050382158143082112e-01
4.523580654174941262e-01
1.393839271232571730e-01
2.811393179821922716e-01
7.067596587687714482e-01
2.647821003850208132e-01
1.391833247103464455e-01
1.961082167300279844e-01
7.060279604986718915e-01
7.022829489018698190e-01
2.177340675024433958e-01
5.410046730408550886e-01
4.090615674176151795e-01
5.045714173274122860e-01
7.541512812710542413e-01
5.249431698816051650e-01
1.978475000669304151e-01
4.941871272986552155e-01
2.635516937973383378e-01
5.085454823031729799e-01
4.725346382938738765e-01
5.004027559018839888e-01
4.528864487632954239e-01
9.292234198216299534e-02
2.438036615595526313e-01
5.064953450126269408e-01
4.977750590605276027e-01
4.595357839239843645e-01
3.611065677193200374e-01
2.558575940022271844e-01
6.988646539223100085e-01
6.986379137426359520e-01
6.045129028900608770e-01
4.793416123134915385e-01
7.012812147424463127e-01
4.061446705918297928e-01
6.151292777647440202e-01
2.184936206547890836e-01
4.328827512478812811e-01
1.503129597909213522e-01
3.564773571849162437e-01
4.345939844305796163e-01
4.579818505841244392e-01
8.993060399355412571e-02
1.483657097782482004e-01
9.253327297019044162e-02
1.972410472268043835e-01
4.645296847433846299e-01
3.960085800397424860e-01
5.148903255239625221e-01
2.537438535269324058e-01
4.470092622904388024e-01
6.990058537578227593e-01
5.120207694388547726e-01
3.801793516288937691e-01
9.020314788288834318e-02
4.658417318545390873e-01
5.527493623733474859e-01
2.141347384810696197e-01
2.970371725046450639e-01
1.505288713115178201e-01
2.774970377108371133e-01
4.078221269867569609e-01
6.658282918864029121e-01
3.917067370504714319e-01
5.451390532643874964e-01
2.652723692326920402e-01
5.306087002414044962e-01
6.522800392845350403e-01
4.143901422210713448e-01
1.835441078626673939e-01
1.314602578312294434e-01
5.290417698589645612e-01
6.514649642345591296e-01
3.074790361083180601e-01
2.701450383722383553e-01
6.276582027722461543e-01
6.494257783337189505e-01
2.101107687948721714e-01
6.175941744894299923e-01
4.862794913152431731e-01
5.799677973685752885e-01
6.756927664501213293e-01
5.703291046507490414e-01
5.825382642571006464e-01
5.020104103544454910e-01
6.701258294120795433e-01
1.893174455759473740e-01
6.004821859706697129e-01
6.200363839702422997e-01
2.676042267606549840e-01
1.727376965758218585e-01
6.157680057712939803e-01
8.521698074675025936e-01
1.747065188200185026e-01
5.811353298290902192e-01
5.002345224617140707e-01
5.411777750809381171e-01
7.946381743448929225e-01
8.513664144988084548e-01
5.209598575273861609e-01
5.017727213665242880e-01
6.153984841388631111e-01
2.029694142482987296e-01
8.450036560813432018e-01
5.735423849031915378e-01
1.716548287813444984e-01
2.132787928898022822e-01
7.389993414162354668e-01
6.005973870392753433e-01
2.644050264998984989e-01
9.087660119712221984e-01
5.949465720985980255e-01
4.953030605956085797e-01
5.975199806663185065e-01
7.801716682783532697e-01
5.616185074929519461e-01
6.004399527334064457e-01
7.356242182827119613e-01
2.270641826271110331e-01
7.655867896663124395e-01
9.331967620766148386e-01
2.136643507496222283e-01
2.156851510648869485e-01
8.104654536100692752e-01
8.826150475861398448e-01
2.343826175112593280e-01
7.488261799591611201e-01
5.783797734124005441e-01
5.439003907993394948e-01
8.608497917866571036e-01
7.530303242769864625e-01
5.081678586845062018e-01
5.800716223653861192e-01
8.306053204925754052e-01
2.451369748316339914e-01
7.375883691254210284e-01
7.411873245910935992e-01
2.156587160836646311e-01
1.957467494425851329e-01
7.421798848708689444e-01
8.818151522651720420e-01
1.876227018851457651e-01
7.273847894055107677e-01
5.141358562172870794e-01
5.568116421412001582e-01
8.449544925922189975e-01
8.889726612267070394e-01
5.474594460951762720e-01
5.213370700947319580e-01
7.889601654805959985e-01
1.901530538035246798e-01
8.852445615606978624e-01
7.133872547856174862e-01
1.915715006858914604e-01
2.014416864216597991e-01
4.222025526135485540e-01
5.217611072237634540e-01
2.177612189406961107e-01
3.937225861223412338e-01
4.050382158143082667e-01
4.523580654174941817e-01
1.393839271232572286e-01
2.811393179821922716e-01
7.067596587687715592e-01
2.647821003850208132e-01
1.391833247103464732e-01
1.961082167300279844e-01
7.060279604986716695e-01
7.022829489018700411e-01
2.177340675024434236e-01
5.410046730408550886e-01
4.090615674176152905e-01
5.045714173274123970e-01
7.541512812710542413e-01
5.249431698816052760e-01
1.978475000669304151e-01
4.941871272986552155e-01
2.635516937973383378e-01
5.085454823031729799e-01
4.725346382938737655e-01
5.004027559018839888e-01
4.528864487632953129e-01
9.292234198216298147e-02
2.438036615595526035e-01
5.064953450126270518e-01
4.977750590605276027e-01
4.595357839239842535e-01
3.611065677193199264e-01
2.558575940022271844e-01
6.988646539223100085e-01
6.986379137426359520e-01
6.045129028900608770e-01
4.793416123134915940e-01
7.012812147424463127e-01
4.061446705918297928e-01
6.151292777647439092e-01
2.184936206547890836e-01
4.328827512478812256e-01
1.503129597909213522e-01
3.564773571849162437e-01
4.345939844305797828e-01
4.579818505841243836e-01
8.993060399355412571e-02
1.483657097782481726e-01
9.253327297019045550e-02
1.972410472268043835e-01
4.645296847433846299e-01
3.960085800397426525e-01
5.148903255239625221e-01
2.537438535269324613e-01
4.470092622904388024e-01
6.990058537578228703e-01
5.120207694388548836e-01
3.801793516288937136e-01
9.020314788288834318e-02
4.658417318545390873e-01
5.527493623733477079e-01
2.141347384810696475e-01
