5.397658638536597664e-01
8.041062764751092384e-01
6.158117426417731854e-01
6.767340700479375082e-01
9.345424193046555361e-01
2.524924880187597864e-01
2.737496303820924348e-01
6.894487191385755276e-01
5.120669210534907201e-01
2.162625128450776368e-01
7.958755247147786260e-02
7.015565504950234121e-01
6.577612080104012771e-01
6.449432100666550038e-01
8.673099240070287763e-01
6.645384188092662292e-01
7.959583125116835856e-01
2.824751249618071003e-01
1.679195440778372683e-01
9.009760594237918863e-01
1.975987671564311543e-01
2.852745872073955691e-02
5.538346209738016085e-02
7.987407748297156718e-02
1.548458084772751098e-01
7.096845064596365993e-02
5.631900565262765862e-02
2.685318850899504062e-01
5.926272694651301132e-01
7.548673988212600827e-02
1.655124645059561361e-01
5.911426593633524185e-01
4.282185549717625883e-01
1.408488614947943640e-01
8.351214712394508521e-02
6.625002491830309648e-01
2.575123716479456037e-01
5.969294477967492657e-02
7.097941303311942896e-02
2.132291866106300060e-01
1.299870944105956105e-01
6.003695483355150908e-02
3.869642284039664232e-02
2.726876681213217801e-01
8.709474534176080418e-01
1.459297279407838210e-01
2.950540934938477022e-01
8.136093512679549722e-01
6.644061815991706421e-01
8.721219023115605040e-01
6.092284374717653606e-01
6.474491270651616670e-01
8.032639102065310954e-01
1.120491292914582160e-01
1.549850838847303125e-01
4.896717979978582047e-01
7.925942886899952633e-01
2.530437761314775491e-01
2.007479525208910043e-01
9.082334709223567337e-01
6.493651138020094526e-01
4.180110173593169498e-01
8.122832098429684233e-01
5.507585785876553119e-01
5.451572483384417023e-01
8.088729712906365110e-01
6.035501901897231125e-01
6.705768091170927203e-01
9.213889786050539765e-01
2.627312219456041098e-01
2.711278453370813968e-01
6.955488811078749389e-01
5.008808690563826271e-01
2.147442620050354911e-01
7.953643775107077651e-02
6.525678923616761162e-01
6.536125092402562675e-01
9.069433659546591864e-01
8.039587934158700655e-01
2.887971786360901127e-01
1.639205278632299145e-01
1.949150671431382209e-01
3.353851733546243941e-02
5.585418334114759797e-02
1.549153999590515696e-01
7.097394053451397400e-02
6.008780066322784164e-01
7.675083689596856606e-02
4.231453294707458457e-01
1.433771716543845720e-01
2.552721469632248663e-01
5.988098092699632030e-02
1.208985182280017112e-01
8.729014992043490073e-01
6.567878347710983666e-01
7.978702051671006101e-01
8.285414793075720485e-01
1.722583144921328024e-01
1.695931780631682040e-01
8.183432970881034940e-01
6.854822140646927853e-01
4.531869371537768920e-01
2.688791473525390385e-01
8.483005681982942470e-01
6.198797126080515252e-01
5.682190343583232162e-02
1.290157634458491964e-01
2.525747102215171180e-01
2.841101350074147769e-01
9.738776913141555802e-02
6.985303030082351539e-02
4.712563182796463135e-01
7.394066831628147707e-01
2.624818071869091662e-01
6.129334305744225109e-01
6.956049281614329338e-01
5.397658638536597664e-01
8.041062764751092384e-01
6.158117426417731854e-01
6.767340700479375082e-01
9.345424193046555361e-01
2.524924880187597864e-01
2.737496303820924348e-01
6.894487191385755276e-01
5.120669210534907201e-01
2.162625128450776368e-01
7.958755247147786260e-02
7.015565504950234121e-01
6.577612080104012771e-01
6.449432100666550038e-01
8.673099240070287763e-01
6.645384188092662292e-01
7.959583125116835856e-01
2.824751249618071003e-01
1.679195440778372683e-01
9.009760594237918863e-01
1.975987671564311543e-01
2.852745872073955691e-02
5.538346209738016085e-02
7.987407748297156718e-02
1.548458084772751098e-01
7.096845064596365993e-02
5.631900565262765862e-02
2.685318850899504062e-01
5.926272694651301132e-01
7.548673988212600827e-02
1.655124645059561361e-01
5.911426593633524185e-01
4.282185549717625883e-01
1.408488614947943640e-01
8.351214712394508521e-02
6.625002491830309648e-01
2.575123716479456037e-01
5.969294477967492657e-02
7.097941303311942896e-02
2.132291866106300060e-01
1.299870944105956105e-01
6.003695483355150908e-02
3.869642284039664232e-02
2.726876681213217801e-01
8.709474534176080418e-01
1.459297279407838210e-01
2.950540934938477022e-01
8.136093512679549722e-01
6.644061815991706421e-01
8.721219023115605040e-01
6.092284374717653606e-01
6.474491270651616670e-01
8.032639102065310954e-01
1.120491292914582160e-01
1.549850838847303125e-01
4.896717979978582047e-01
7.925942886899952633e-01
2.530437761314775491e-01
2.007479525208910043e-01
9.082334709223567337e-01
6.493651138020094526e-01
4.180110173593169498e-01
8.122832098429684233e-01
5.507585785876553119e-01
6.854822140646927853e-01
4.531869371537768920e-01
2.688791473525390385e-01
8.483004888598466575e-01
6.198797126080515252e-01
5.682165760795312992e-02
1.290157634458491964e-01
2.525747102215171180e-01
2.841101350074147769e-01
9.738776913141555802e-02
6.985301760623288669e-02
4.712563182796463135e-01
7.394066831628147707e-01
2.624818071869091662e-01
6.129334305744225109e-01
6.956049281614329338e-01
7.485255271343747019e-01
3.965632338938818169e-01
4.506395300099583778e-01
7.302264551084712840e-01
4.190633044782319239e-01
9.016769073017280589e-02
9.793141385923931352e-02
4.594975967776864234e-01
3.455129659639819550e-01
9.891075201836782571e-02
9.309851154759749003e-02
4.371146224446693651e-01
7.527307348639891149e-01
3.435521134777401731e-01
4.291301838416099468e-01
7.328105812215088832e-01
6.798807118471986710e-01
4.309060209106621020e-01
6.325443798293770570e-01
7.665619876471910787e-01
4.120999029803287250e-01
8.758632112162942351e-02
7.504252751210582773e-02
5.525181463677093507e-01
5.217233901546094454e-01
8.466278300933510748e-02
8.440952415343788706e-02
4.352515548792981193e-01
7.996326161500774132e-01
4.682919169155388417e-01
4.170396046388360478e-01
6.650534188336338914e-01
7.731483594839062556e-01
3.768899598437047693e-01
5.406443993789737945e-01
7.486659975733976902e-01
4.051233779962246651e-01
9.926855388249666845e-02
9.163815763246549451e-02
5.079694354668697898e-01
2.992233264877945942e-01
1.371172996172775604e-01
1.102482271591577884e-01
3.531403346617265626e-01
7.845669283362524116e-01
2.973693217123434263e-01
3.863212112025324885e-01
7.601155959315468724e-01
7.633718646057748858e-01
4.241519906418660391e-01
4.440447662631683556e-01
7.741726120680778589e-01
3.625675149295735089e-01
9.727873774040540766e-02
1.174591982690029179e-01
4.011953832466579328e-01
6.255145868179181612e-01
1.031340952229104768e-01
9.652608832664255623e-02
4.074322336597129279e-01
7.677957893825220204e-01
5.710807101768606842e-01
3.337838842118299176e-01
7.536384628088610427e-01
7.420230103785327991e-01
5.067625354747120614e-01
6.381657113935070846e-01
7.535305497365553107e-01
5.283461721067161942e-01
9.508742006303505523e-02
8.461478259571511562e-02
5.694977443977253806e-01
5.715001149421601312e-01
9.984633836042322574e-02
9.713791328138918213e-02
5.448677774763550641e-01
7.637311421679751078e-01
5.301229611226345728e-01
5.113516488438980545e-01
7.264234585276406753e-01
5.397658638536598774e-01
8.041062764751091274e-01
6.158117426417734075e-01
6.767340700479375082e-01
9.345424193046553141e-01
2.524924880187598419e-01
2.737496303820924348e-01
6.894487191385756386e-01
5.120669210534908311e-01
2.162625128450775813e-01
7.958755247147783485e-02
7.015565504950234121e-01
6.577612080104012771e-01
6.449432100666548928e-01
8.673099240070289984e-01
6.645384188092663402e-01
7.959583125116835856e-01
2.824751249618072113e-01
1.679195440778372406e-01
9.009760594237918863e-01
1.975987671564310988e-01
2.852745872073955691e-02
5.538346209738016085e-02
7.987407748297159493e-02
1.548458084772751375e-01
7.096845064596364605e-02
5.631900565262765862e-02
2.685318850899503507e-01
5.926272694651301132e-01
7.548673988212600827e-02
1.655124645059561361e-01
5.911426593633524185e-01
4.282185549717624773e-01
1.408488614947942807e-01
8.351214712394505746e-02
6.625002491830309648e-01
2.575123716479456593e-01
5.969294477967493351e-02
7.097941303311942896e-02
2.132291866106300615e-01
1.299870944105956105e-01
6.003695483355150214e-02
3.869642284039665620e-02
2.726876681213218356e-01
8.709474534176080418e-01
1.459297279407838765e-01
2.950540934938477577e-01
8.136093512679551942e-01
6.644061815991707531e-01
8.721219023115600599e-01
6.092284374717654716e-01
6.474491270651616670e-01
8.032639102065309844e-01
1.120491292914582160e-01
1.549850838847303403e-01
4.896717979978581492e-01
7.925942886899951523e-01
2.530437761314775491e-01
2.007479525208909488e-01
9.082334709223568447e-01
6.493651138020093416e-01
4.180110173593169498e-01
8.122832098429684233e-01
5.507585785876553119e-01
