1.312580118404736707e-02
2.800883854504794823e-01
5.496903460364438443e-02
3.119834610385270254e-02
3.534637337882945429e-01
8.984255642439926692e-01
8.160057059445093852e-01
2.458554402481792078e-01
1.322744984617497122e-01
4.869187086573497081e-01
2.789727373925450227e-01
2.382642226856030998e-01
2.018782533039059635e-02
5.353124959160595608e-01
1.408648869328242292e-01
3.017244364138767579e-02
8.899555309400219993e-02
8.833573952013662467e-01
3.995389317418924224e-01
1.497950111756227165e-01
2.842644842321684906e-01
3.430512022237425240e-01
8.097987563970876490e-01
2.885111918620082982e-01
9.391427644721594969e-01
5.886429093988645445e-01
7.955871651904241615e-01
8.074272455791539072e-01
2.280299884741469885e-02
6.212127188755961482e-01
4.173920334948549860e-01
5.095380108555064291e-02
1.780261953382422657e-01
8.697383409958252543e-01
6.507373665855160638e-01
5.312911080892066540e-01
5.377920502269779579e-01
6.338300379667172191e-01
5.849038714465578659e-01
4.981040336962395121e-01
5.288384314368819172e-01
6.363941800749138844e-01
3.585335182136679122e-01
8.744954751127496095e-01
2.265812077050374795e-01
8.681481918558539013e-01
8.742393661907787994e-01
2.822993237565738500e-01
5.237541821573470785e-03
2.275302904411780625e-01
2.175643825054900116e-02
1.946134496445592332e-02
8.097611719323694057e-02
5.106014777632083002e-01
9.378917529226032945e-01
1.269224683073832960e-01
7.381612949484017694e-02
5.356492527431486739e-01
2.837802992737309959e-01
3.276398827296116978e-01
4.430922057107726866e-03
1.801965261194994894e-01
7.905134199009594687e-02
1.336747367650946254e-02
1.324432962381750720e-02
2.811973810535703944e-01
5.297329784141119324e-02
3.068039515335621581e-02
3.405528226944757875e-01
8.862932725676544443e-01
8.116952465725310040e-01
2.420308365423105568e-01
1.296012339546463998e-01
4.925172258704284545e-01
2.836134197911942545e-01
1.982195913200297810e-02
5.333268186083437445e-01
1.468262153001956838e-01
8.412210921074192438e-02
8.787747723367193009e-01
4.063068010599182323e-01
2.808481507137721156e-01
3.506805725316980982e-01
8.026481562447033147e-01
9.385176738761686899e-01
5.867704247518673588e-01
2.228286096249108839e-02
6.344916296396526656e-01
1.791048665989477540e-01
8.689470605580117413e-01
5.367178093833077090e-01
6.352831918848241832e-01
5.195983676001656448e-01
2.274110910089501003e-01
4.828986444591678098e-03
7.735660157393853265e-02
1.013330157625381700e-01
9.062428473965947751e-01
8.950140962718552418e-01
9.603898818243528090e-02
5.441907611355333019e-02
8.183105460322035452e-01
1.639697239779583926e-01
1.246432677967854175e-01
2.676423719974394544e-01
5.505458040708287593e-01
8.477985411523971671e-01
1.907716465646897008e-01
7.871155979422855831e-01
6.661329097243814390e-01
5.649293169600684283e-01
8.038079846380989935e-01
2.151143639802538532e-02
7.877836243845787179e-01
2.662378597700736371e-01
5.357883136198730856e-02
1.312580118404736707e-02
2.800883854504794823e-01
5.496903460364438443e-02
3.119834610385270254e-02
3.534637337882945429e-01
8.984255642439926692e-01
8.160057059445093852e-01
2.458554402481792078e-01
1.322744984617497122e-01
4.869187086573497081e-01
2.789727373925450227e-01
2.382642226856030998e-01
2.018782533039059635e-02
5.353124959160595608e-01
1.408648869328242292e-01
3.017244364138767579e-02
8.899555309400219993e-02
8.833573952013662467e-01
3.995389317418924224e-01
1.497950111756227165e-01
2.842644842321684906e-01
3.430512022237425240e-01
8.097987563970876490e-01
2.885111918620082982e-01
9.391427644721594969e-01
5.886429093988645445e-01
7.955871651904241615e-01
8.074272455791539072e-01
2.280299884741469885e-02
6.212127188755961482e-01
4.173920334948549860e-01
5.095380108555064291e-02
1.780261953382422657e-01
8.697383409958252543e-01
6.507373665855160638e-01
5.312911080892066540e-01
5.377920502269779579e-01
6.338300379667172191e-01
5.849038714465578659e-01
4.981040336962395121e-01
5.288384314368819172e-01
6.363941800749138844e-01
3.585335182136679122e-01
8.744954751127496095e-01
2.265812077050374795e-01
8.681481918558539013e-01
8.742393661907787994e-01
2.822993237565738500e-01
5.237541821573470785e-03
2.275302904411780625e-01
2.175643825054900116e-02
1.946134496445592332e-02
8.097611719323694057e-02
5.106014777632083002e-01
9.378917529226032945e-01
1.269224683073832960e-01
7.381612949484017694e-02
5.356492527431486739e-01
2.837802992737309959e-01
3.276398827296116978e-01
4.430922057107726866e-03
1.801965261194994894e-01
7.905134199009594687e-02
1.336747367650946254e-02
5.441907611355333019e-02
8.183105460322035452e-01
1.639697239779583926e-01
1.246428099872631257e-01
2.676423719974394544e-01
5.505434222515085407e-01
8.477985411523971671e-01
1.907716465646897008e-01
7.871155979422855831e-01
6.661329097243814390e-01
5.649292142938504568e-01
8.038079846380989935e-01
2.151143639802538532e-02
7.877836243845787179e-01
2.662378597700736371e-01
5.357883136198730856e-02
6.297582230721268659e-02
6.284367389004448246e-01
3.774036797133362153e-01
7.399286339233655807e-02
6.804143321624729346e-01
7.941372272838979063e-01
7.958164977045327770e-01
4.266900915524614035e-01
3.243847168869800068e-01
8.123470270142308935e-01
7.960376988575630364e-01
6.349148525805734522e-01
1.857721446607238369e-02
3.500401300855076059e-01
6.776639199652552126e-01
5.845527312092713146e-02
4.572090285910823670e-02
1.907225491728221645e-01
3.767669873358996391e-01
5.792321130424402109e-02
3.553876455539248802e-01
8.417132655625612081e-01
7.971915446640540637e-01
3.295497800597200211e-01
2.808440299867414058e-01
8.536023472228161380e-01
8.225204830545562729e-01
1.804658107164966996e-01
5.595868251541707972e-02
2.598886845935022283e-01
3.318031330175972293e-01
4.289564136562565300e-02
5.948465835254719558e-02
6.670614594039454559e-01
1.751260160473191441e-01
6.782825789669438832e-02
3.760736110243700914e-01
8.433892005736769448e-01
8.782953923456914280e-01
1.659914326539531082e-01
7.119327004938114101e-01
8.582602078959163938e-01
8.331979797842681279e-01
6.401969264481510713e-01
6.025340917558912046e-02
7.356766810482049390e-01
3.084664714811209407e-01
5.699136267089341401e-02
6.095275431340264893e-02
4.173924003496920498e-01
5.878346352814429743e-01
7.604645078600252850e-02
7.267753016877644967e-01
8.605710632964062023e-01
8.307371528381769510e-01
6.070709480014815362e-01
2.030260061806692384e-01
8.406517269685684912e-01
8.452915386782617890e-01
3.423300663995156867e-01
6.043331660291972884e-02
1.766858068218186695e-01
7.093052928812508817e-01
5.807834574345802081e-02
4.983993163558553263e-02
3.191769308524341486e-01
3.581995520129024335e-01
5.171906227412317869e-02
3.066341345158585252e-01
8.434101261480426714e-01
8.479678715519729515e-01
3.383336261000082779e-01
3.703765697734979767e-01
8.449336813411436609e-01
8.341485993159007961e-01
3.164296163157274133e-01
5.134191019149567103e-02
3.483202270201395390e-01
2.803958603619345347e-01
4.620513167290363210e-02
1.312580118404737053e-02
2.800883854504795378e-01
5.496903460364435667e-02
3.119834610385269560e-02
3.534637337882945429e-01
8.984255642439926692e-01
8.160057059445094962e-01
2.458554402481793189e-01
1.322744984617497122e-01
4.869187086573497636e-01
2.789727373925450227e-01
2.382642226856030720e-01
2.018782533039058941e-02
5.353124959160594498e-01
1.408648869328242847e-01
3.017244364138767926e-02
8.899555309400222769e-02
8.833573952013664687e-01
3.995389317418924779e-01
1.497950111756227720e-01
2.842644842321684351e-01
3.430512022237425240e-01
8.097987563970877600e-01
2.885111918620083538e-01
9.391427644721597190e-01
5.886429093988644334e-01
7.955871651904241615e-01
8.074272455791536851e-01
2.280299884741471272e-02
6.212127188755961482e-01
4.173920334948550415e-01
5.095380108555058740e-02
1.780261953382422657e-01
8.697383409958251432e-01
6.507373665855161748e-01
5.312911080892067650e-01
5.377920502269781799e-01
6.338300379667173301e-01
5.849038714465579769e-01
4.981040336962395676e-01
5.288384314368820283e-01
6.363941800749137734e-01
3.585335182136679677e-01
8.744954751127494985e-01
2.265812077050374795e-01
8.681481918558539013e-01
8.742393661907790214e-01
2.822993237565739055e-01
5.237541821573471652e-03
2.275302904411780347e-01
2.175643825054901503e-02
1.946134496445592679e-02
8.097611719323682955e-02
5.106014777632084112e-01
9.378917529226034056e-01
1.269224683073832960e-01
7.381612949484006592e-02
5.356492527431486739e-01
2.837802992737311625e-01
3.276398827296116423e-01
4.430922057107725999e-03
1.801965261194994894e-01
7.905134199009597462e-02
1.336747367650946081e-02
