1.304185900172657314e-02
2.243683999419427422e-01
1.172280536580704302e-01
5.610571869037551951e-02
3.759230800270296768e-01
8.525918545224380196e-01
6.200739625831883650e-01
2.092277056106889577e-01
4.809062210700132400e-02
6.403028509600436902e-01
3.421923837934225388e-01
1.946193873867933521e-01
3.095119226952747216e-02
5.306137596131190737e-01
4.260163623893136742e-01
5.383715158337312734e-02
2.369221964073393027e-01
9.999999999999997780e-01
6.135220703797552577e-01
4.433124840250935450e-01
8.172764876320910421e-01
4.366203142482016353e-01
6.759008967337097884e-01
3.499203727057839663e-01
6.559363266195141762e-01
5.059874523442977612e-01
6.670020000540695104e-01
6.059378465345843789e-01
4.881040013038225045e-02
4.366231408626635169e-01
6.403529471367404025e-01
1.079487511236964514e-01
1.196610874447780470e-01
6.357413859118101751e-01
4.635108646552869027e-01
5.254216258688728658e-01
6.216938605510382576e-01
8.067836745236869334e-01
5.066735664402253203e-01
6.425137215747589448e-01
4.230969260618913097e-01
8.115154269329299952e-01
4.568194557747874973e-01
8.430608433243038657e-01
1.134850391291580274e-01
6.267845217877138220e-01
1.000000000000000000e+00
2.249410602259431791e-01
5.462295347927725517e-03
1.202030183977508271e-01
3.831563390448362860e-02
3.198744921818752474e-02
3.032070724847015786e-01
4.053786970493221675e-01
6.467691999205541498e-01
3.868412123123760038e-02
2.957790254340094682e-01
6.226754231997277955e-01
8.331013092092949268e-01
3.507017937673914676e-01
4.755869850027245882e-03
1.142823415107107610e-01
2.321290005110321908e-01
1.456529954045105053e-02
1.378903145936949751e-02
2.246556434779883871e-01
1.126158573531029217e-01
5.496037931131440846e-02
3.633134276622461134e-01
8.477597367985121313e-01
6.129709217914911523e-01
2.018677495094360896e-01
4.339220595426346305e-02
6.414094434952930524e-01
3.459366228399645693e-01
3.147306651160863139e-02
5.280499924266441880e-01
4.445221140916428837e-01
2.345731542381771229e-01
9.999999999999998890e-01
6.254374145690224651e-01
8.287750936447132455e-01
4.465740402094471873e-01
6.714233930518102023e-01
6.513558056052916045e-01
5.063310535933622791e-01
4.359452870941087077e-02
4.480925261721586672e-01
1.169878089252917031e-01
6.312843251321671456e-01
6.221859437720617114e-01
8.093661552119250091e-01
4.141196829280210379e-01
1.170196448437081094e-01
5.104488673310172281e-03
2.994520475526220027e-01
1.173546276589120252e-01
8.888719343511278792e-01
8.814786784276799070e-01
1.107177890732654602e-01
6.638090041364395899e-02
5.994971640451107753e-01
2.185417301543869373e-01
1.831540265629327258e-01
6.814368205190020067e-01
6.200680309607060625e-01
6.720083637370476426e-01
2.360109672348930099e-01
5.203697999427058241e-01
7.181492356448904157e-01
6.393695676263679850e-01
5.856720107016082366e-01
1.529914549188100825e-02
5.061032295702921902e-01
6.757045046995837634e-01
6.516349019133300946e-02
1.304185900172657314e-02
2.243683999419427422e-01
1.172280536580704302e-01
5.610571869037551951e-02
3.759230800270296768e-01
8.525918545224380196e-01
6.200739625831883650e-01
2.092277056106889577e-01
4.809062210700132400e-02
6.403028509600436902e-01
3.421923837934225388e-01
1.946193873867933521e-01
3.095119226952747216e-02
5.306137596131190737e-01
4.260163623893136742e-01
5.383715158337312734e-02
2.369221964073393027e-01
9.999999999999997780e-01
6.135220703797552577e-01
4.433124840250935450e-01
8.172764876320910421e-01
4.366203142482016353e-01
6.759008967337097884e-01
3.499203727057839663e-01
6.559363266195141762e-01
5.059874523442977612e-01
6.670020000540695104e-01
6.059378465345843789e-01
4.881040013038225045e-02
4.366231408626635169e-01
6.403529471367404025e-01
1.079487511236964514e-01
1.196610874447780470e-01
6.357413859118101751e-01
4.635108646552869027e-01
5.254216258688728658e-01
6.216938605510382576e-01
8.067836745236869334e-01
5.066735664402253203e-01
6.425137215747589448e-01
4.230969260618913097e-01
8.115154269329299952e-01
4.568194557747874973e-01
8.430608433243038657e-01
1.134850391291580274e-01
6.267845217877138220e-01
1.000000000000000000e+00
2.249410602259431791e-01
5.462295347927725517e-03
1.202030183977508271e-01
3.831563390448362860e-02
3.198744921818752474e-02
3.032070724847015786e-01
4.053786970493221675e-01
6.467691999205541498e-01
3.868412123123760038e-02
2.957790254340094682e-01
6.226754231997277955e-01
8.331013092092949268e-01
3.507017937673914676e-01
4.755869850027245882e-03
1.142823415107107610e-01
2.321290005110321908e-01
1.456529954045105053e-02
6.638090041364395899e-02
5.994971640451107753e-01
2.185417301543869373e-01
1.831535993544003427e-01
6.814368205190020067e-01
6.200653483682586620e-01
6.720083637370476426e-01
2.360109672348930099e-01
5.203697999427058241e-01
7.181492356448904157e-01
6.393694514319108180e-01
5.856720107016082366e-01
1.529914549188100825e-02
5.061032295702921902e-01
6.757045046995837634e-01
6.516349019133300946e-02
5.680949365454113220e-02
6.546876865059088058e-01
4.548710547786871672e-01
8.530742439737844240e-02
7.469551036813459888e-01
7.595266109806227961e-01
7.656725859585971072e-01
4.869098038610728540e-01
1.841897016624174377e-01
8.384952634146859429e-01
7.683387849390127533e-01
6.631305682490378217e-01
7.724368740458537053e-02
2.083292515510906107e-01
7.291342028304559353e-01
5.325917808334115766e-02
6.632522882579575119e-02
2.383733057711978631e-01
3.428527113776920210e-01
6.407023526015079296e-02
3.079606916234527425e-01
8.030362943213492644e-01
8.193948973447646722e-01
3.092277344130907046e-01
3.459088288934928368e-01
8.350838801620770191e-01
7.923403517579411526e-01
2.209233841888360583e-01
6.204145622408219207e-02
3.237559539702612454e-01
2.921305583663402761e-01
5.983024456213917319e-02
7.080967260560357135e-02
6.440469043853016551e-01
2.660716716996436304e-01
7.632563603328021418e-02
4.121432998881044973e-01
8.155378175701538668e-01
8.503932067677072437e-01
2.494176940516483754e-01
7.796054210239597992e-01
8.455786865397753038e-01
8.107356702117944902e-01
5.993075408650527791e-01
6.033362514991084946e-02
7.691551549788855358e-01
3.547697968740797236e-01
7.028508614579617730e-02
6.494679513797811665e-02
4.759065483145850095e-01
6.575069364644683390e-01
8.103024346172391090e-02
7.139973346562960010e-01
8.288711706740858887e-01
8.202469671361857229e-01
6.475417179760327713e-01
2.567202068180356456e-01
8.211313127206307794e-01
8.174238162317812861e-01
4.180340929225372371e-01
8.137684138464423844e-02
2.165199652216198700e-01
6.921564318330695187e-01
6.248296367259767448e-02
6.348310690228686770e-02
3.875986037795724481e-01
3.382227050090906850e-01
6.066922955197914802e-02
3.757643175725016160e-01
7.844266889239051022e-01
8.685285380407075095e-01
3.132520017840620952e-01
3.843929931787939402e-01
8.579425721150676365e-01
7.798857060902539828e-01
4.005131026974513286e-01
5.458541064703523182e-02
3.596220585832756722e-01
3.552785655134411691e-01
5.607132250419039066e-02
1.304185900172657661e-02
2.243683999419427977e-01
1.172280536580704580e-01
5.610571869037551951e-02
3.759230800270296768e-01
8.525918545224380196e-01
6.200739625831884760e-01
2.092277056106890132e-01
4.809062210700132400e-02
6.403028509600435791e-01
3.421923837934226498e-01
1.946193873867933799e-01
3.095119226952747216e-02
5.306137596131190737e-01
4.260163623893138407e-01
5.383715158337312040e-02
2.369221964073393027e-01
1.000000000000000000e+00
6.135220703797553687e-01
4.433124840250934895e-01
8.172764876320908201e-01
4.366203142482016908e-01
6.759008967337097884e-01
3.499203727057840219e-01
6.559363266195141762e-01
5.059874523442977612e-01
6.670020000540695104e-01
6.059378465345841569e-01
4.881040013038223657e-02
4.366231408626635169e-01
6.403529471367404025e-01
1.079487511236963959e-01
1.196610874447780470e-01
6.357413859118101751e-01
4.635108646552870137e-01
5.254216258688729768e-01
6.216938605510382576e-01
8.067836745236869334e-01
5.066735664402254313e-01
6.425137215747589448e-01
4.230969260618913097e-01
8.115154269329297732e-01
4.568194557747875528e-01
8.430608433243039768e-01
1.134850391291580274e-01
6.267845217877138220e-01
1.000000000000000000e+00
2.249410602259431236e-01
5.462295347927728119e-03
1.202030183977507993e-01
3.831563390448364248e-02
3.198744921818752474e-02
3.032070724847015786e-01
4.053786970493223341e-01
6.467691999205541498e-01
3.868412123123765589e-02
2.957790254340093572e-01
6.226754231997277955e-01
8.331013092092951489e-01
3.507017937673914121e-01
4.755869850027246749e-03
1.142823415107107610e-01
2.321290005110322463e-01
1.456529954045104880e-02
