2.996643346135695052e-01
9.075262004988797759e-01
5.312926512746852792e-01
4.052221831193311696e-01
6.355512278913630908e-01
5.641054966385835590e-01
4.790019515335498523e-01
6.723124391231406483e-01
3.018050705993028382e-01
4.720572230245083101e-01
1.264348787008107711e-01
6.716870130934307070e-01
2.795828682943377053e-01
6.463910000828190228e-01
5.976255891311179624e-01
3.984923576860586181e-01
8.181395801393795963e-01
4.794263676689937692e-01
3.406363975194469096e-01
6.286117461694891162e-01
6.412970294711812791e-01
1.830326320158865427e-01
2.631584990338127206e-01
1.375028915452119471e-01
2.840197243808491590e-01
1.686498134318902553e-01
2.655155280984057842e-01
4.652271145710406008e-01
4.598610227923362603e-01
1.420224850093713131e-01
3.394704911909054434e-01
5.512800881298269839e-01
3.240090231163183510e-01
3.596990661480723994e-01
1.397955465616157744e-01
6.568856120363084639e-01
3.278039088016974079e-01
2.973512615231209688e-01
1.707789851278674609e-01
4.762733334252428619e-01
2.812613167141331250e-01
3.012723047327313108e-01
1.935783811461354031e-01
5.693273788196793195e-01
5.991181681532804504e-01
3.632417592121626182e-01
4.838687140992788960e-01
9.090875098434616497e-01
4.051364654759028183e-01
5.932154949669015132e-01
4.711152739098735109e-01
2.736163001965545849e-01
7.448628482991079824e-01
2.739935743998163642e-01
2.808666094614586939e-01
3.099722580018887674e-01
7.314424835947339609e-01
3.304882376446511838e-01
6.379646876912099529e-01
6.269617623178374011e-01
3.926443121301284034e-01
3.313233043692085933e-01
8.603097431600414957e-01
3.197373962668801362e-01
3.095091814761056770e-01
9.083093454620082552e-01
5.412272322485853771e-01
4.018244727059420707e-01
6.312568325236389555e-01
5.667529334021104148e-01
4.720804443453470167e-01
6.719973372713947679e-01
3.058844669361081570e-01
4.741674850480690484e-01
1.318119018291567524e-01
2.765780168355536639e-01
6.515730202476424093e-01
6.280153503339270804e-01
8.388062696215046188e-01
4.816590429873623957e-01
3.378328806497984393e-01
6.409517847652778100e-01
1.882293626175500223e-01
2.643444445161560741e-01
2.824442133594769477e-01
1.697160880625284696e-01
4.654543562220547215e-01
1.384899648763933677e-01
3.276442777274331530e-01
3.614619597335392287e-01
3.291496335856326505e-01
2.993898925169751202e-01
2.775789910288937179e-01
5.971095943320979815e-01
3.988091516108902557e-01
7.380785880866166382e-01
5.561504988862606691e-01
4.430085929165934466e-01
4.337527065060416964e-01
5.594609857973009692e-01
4.654579019849592325e-01
6.660602356840512606e-01
2.938326544328105916e-01
5.108290549206218056e-01
7.202571765912562096e-01
2.762575980404229359e-01
2.979475307433400166e-01
3.042129864640245041e-01
3.710148048417206690e-01
2.815743249739121601e-01
2.886100529635633460e-01
6.734988697744324071e-01
4.167118690511381063e-01
3.702810279715814668e-01
7.145219893896359586e-01
4.843144711237657996e-01
2.996643346135695052e-01
9.075262004988797759e-01
5.312926512746852792e-01
4.052221831193311696e-01
6.355512278913630908e-01
5.641054966385835590e-01
4.790019515335498523e-01
6.723124391231406483e-01
3.018050705993028382e-01
4.720572230245083101e-01
1.264348787008107711e-01
6.716870130934307070e-01
2.795828682943377053e-01
6.463910000828190228e-01
5.976255891311179624e-01
3.984923576860586181e-01
8.181395801393795963e-01
4.794263676689937692e-01
3.406363975194469096e-01
6.286117461694891162e-01
6.412970294711812791e-01
1.830326320158865427e-01
2.631584990338127206e-01
1.375028915452119471e-01
2.840197243808491590e-01
1.686498134318902553e-01
2.655155280984057842e-01
4.652271145710406008e-01
4.598610227923362603e-01
1.420224850093713131e-01
3.394704911909054434e-01
5.512800881298269839e-01
3.240090231163183510e-01
3.596990661480723994e-01
1.397955465616157744e-01
6.568856120363084639e-01
3.278039088016974079e-01
2.973512615231209688e-01
1.707789851278674609e-01
4.762733334252428619e-01
2.812613167141331250e-01
3.012723047327313108e-01
1.935783811461354031e-01
5.693273788196793195e-01
5.991181681532804504e-01
3.632417592121626182e-01
4.838687140992788960e-01
9.090875098434616497e-01
4.051364654759028183e-01
5.932154949669015132e-01
4.711152739098735109e-01
2.736163001965545849e-01
7.448628482991079824e-01
2.739935743998163642e-01
2.808666094614586939e-01
3.099722580018887674e-01
7.314424835947339609e-01
3.304882376446511838e-01
6.379646876912099529e-01
6.269617623178374011e-01
3.926443121301284034e-01
3.313233043692085933e-01
8.603097431600414957e-01
3.197373962668801362e-01
4.654579019849592325e-01
6.660602356840512606e-01
2.938326544328105916e-01
5.108287990853623839e-01
7.202571765912562096e-01
2.762564028706849806e-01
2.979475307433400166e-01
3.042129864640245041e-01
3.710148048417206690e-01
2.815743249739121601e-01
2.886100005136343905e-01
6.734988697744324071e-01
4.167118690511381063e-01
3.702810279715814668e-01
7.145219893896359586e-01
4.843144711237657996e-01
3.939799953009647249e-01
8.704929823982723303e-01
4.856392244400629110e-01
4.941394568331511361e-01
8.728400078777265314e-01
2.721398554985243745e-01
3.303111009725362424e-01
5.357684425332309708e-01
2.873180714434357963e-01
3.610505606492751540e-01
2.723888706703946339e-01
8.955731601353047466e-01
5.215110025420413020e-01
3.186546301011272675e-01
8.894471782432080698e-01
3.968779208481886811e-01
3.875577102714129474e-01
6.814365574017953175e-01
8.429356607164928405e-01
4.046284564912185910e-01
7.393759731187399264e-01
2.835060301576928232e-01
2.768203366624382156e-01
8.062902438483174894e-01
8.882536807884087171e-01
2.657446046699186715e-01
2.747363138398652982e-01
6.848309171144988383e-01
3.965658220524813649e-01
8.934362066693237736e-01
7.483778916744789900e-01
3.891293158930720919e-01
4.501779344339487121e-01
6.281464198349651085e-01
7.903207969304162361e-01
4.569141829448346570e-01
7.677795032399972186e-01
3.201332077155272238e-01
2.962137240379978387e-01
8.044006539645449649e-01
7.694747843979765634e-01
3.505318872158212917e-01
3.203509360899396974e-01
6.172576489340295680e-01
4.472226493561388683e-01
7.793646608074122906e-01
7.645954920403665867e-01
4.573260125548403998e-01
4.324096551432707880e-01
8.360087642688731613e-01
7.098590679201559617e-01
4.773996011574084819e-01
7.827971256613892592e-01
3.082529680886677559e-01
3.351129756675621518e-01
7.268743802323935910e-01
7.360310959307478917e-01
3.237412199055214601e-01
3.035137529756258834e-01
8.253845979246934306e-01
4.683442238657325452e-01
7.257124239608048200e-01
7.773891185086276856e-01
4.408908727770198821e-01
3.936359527197568764e-01
9.137859579053924097e-01
9.630167523464372437e-01
4.092888545392399102e-01
9.596836173825529226e-01
2.788972851116476304e-01
2.863645505742248853e-01
9.338561934035776169e-01
8.672384888349111698e-01
3.049654237110642763e-01
2.750693516540922978e-01
9.718774613848168986e-01
4.222342857709633357e-01
8.807882915380680355e-01
9.323554058743388495e-01
3.960176622933964108e-01
2.996643346135695607e-01
9.075262004988796649e-01
5.312926512746853902e-01
4.052221831193311696e-01
6.355512278913629798e-01
5.641054966385836700e-01
4.790019515335499634e-01
6.723124391231407593e-01
3.018050705993028382e-01
4.720572230245082546e-01
1.264348787008107988e-01
6.716870130934308181e-01
2.795828682943377053e-01
6.463910000828188007e-01
5.976255891311180735e-01
3.984923576860587291e-01
8.181395801393795963e-01
4.794263676689939913e-01
3.406363975194469651e-01
6.286117461694891162e-01
6.412970294711810570e-01
1.830326320158865427e-01
2.631584990338127206e-01
1.375028915452120304e-01
2.840197243808491590e-01
1.686498134318902553e-01
2.655155280984057287e-01
4.652271145710404898e-01
4.598610227923362048e-01
1.420224850093713409e-01
3.394704911909054990e-01
5.512800881298267619e-01
3.240090231163183510e-01
3.596990661480723439e-01
1.397955465616158022e-01
6.568856120363084639e-01
3.278039088016974634e-01
2.973512615231209688e-01
1.707789851278674886e-01
4.762733334252429174e-01
2.812613167141331250e-01
3.012723047327312553e-01
1.935783811461354309e-01
5.693273788196792085e-01
5.991181681532804504e-01
3.632417592121626182e-01
4.838687140992789515e-01
9.090875098434618717e-01
4.051364654759027628e-01
5.932154949669014021e-01
4.711152739098736220e-01
2.736163001965545849e-01
7.448628482991080935e-01
2.739935743998164752e-01
2.808666094614588049e-01
3.099722580018889340e-01
7.314424835947340719e-01
3.304882376446512948e-01
6.379646876912099529e-01
6.269617623178372900e-01
3.926443121301283479e-01
3.313233043692085933e-01
8.603097431600414957e-01
3.197373962668801917e-01
