4.508987022966535752e-01
6.489004917145206885e-01
8.414766488120295485e-01
4.293140037020375943e-01
6.529871460496512459e-01
3.124602497985302652e-01
2.241004487237790721e-01
7.456596280528624554e-01
7.858851986357406894e-01
6.500011806175602924e-01
2.228272524641027319e-01
7.510026588271687675e-01
3.906508650050437570e-01
6.561202890513155861e-01
5.713537416901937060e-01
4.196152343209364477e-01
8.351890607550462864e-01
1.893402284702108140e-01
4.467058094054831563e-01
5.751877026100691292e-01
4.632520050215633289e-01
8.257767220234733807e-02
1.017412538399389971e-01
2.281908670259655825e-01
1.837224277703880526e-01
8.075090758044163597e-02
1.050275467865259688e-01
2.175708074967968864e-01
6.067279392656063086e-01
3.074343620807049038e-01
4.498951882518715806e-01
8.207493296509396075e-01
5.070325296738864562e-01
3.164543203695615037e-01
3.404922351074429754e-01
6.638595615129787575e-01
2.837269943269755679e-01
1.619510486884706002e-01
8.245315475395033344e-02
6.354259364611827277e-01
3.775381519718663537e-01
1.613819340947372227e-01
9.529241834923773968e-02
3.193881806740053730e-01
5.672311568201866550e-01
3.204087664564568838e-01
2.008227298676781847e-01
6.478406627502945048e-01
3.731549282541631873e-01
5.773826850706844649e-01
6.035944087755659160e-01
3.896457725777856540e-01
8.030241146097178984e-01
3.495924752936226954e-01
1.835398695639637034e-01
7.592841421286573578e-01
8.117281940534712970e-01
2.794662453017145998e-01
4.628828911158776038e-01
6.208248369714060022e-01
3.665427846569245807e-01
4.849963441924894370e-01
8.540171423566940145e-01
4.678228846258470908e-01
4.591991791338315698e-01
6.483688868035577535e-01
8.311743157980417962e-01
4.244173522138277033e-01
6.369072549390060178e-01
3.159726344634514184e-01
2.208194691512477548e-01
7.483515513354627169e-01
7.725983414692466633e-01
6.427059294728154626e-01
2.253579788732457123e-01
3.901446856743525649e-01
6.599417801302749353e-01
5.873758953971236485e-01
8.444162984068123157e-01
1.951112096094761439e-01
4.464070755075083552e-01
4.621504476974224174e-01
8.884324040218262442e-02
1.033947609316449578e-01
1.836312092535827833e-01
8.160338132862139660e-02
6.051705827911562086e-01
3.215359907865643074e-01
4.960803742791271564e-01
3.184221080143126437e-01
2.815909685652763228e-01
1.617111741101830424e-01
3.633789979219241850e-01
5.731935568274545423e-01
3.698058573052051545e-01
8.074241991944072216e-01
6.758296651206894268e-01
3.261600019605760403e-01
3.235980484843080651e-01
6.652365543729772401e-01
5.674409191145199927e-01
3.229516633521796187e-01
7.227332314757149989e-01
5.665408066085891869e-01
6.402656967202260407e-01
1.696963004710454193e-01
1.464161647455500537e-01
6.549673387755533538e-01
5.650374610802392228e-01
1.975506885498223286e-01
1.836576667297017129e-01
3.283876614090341928e-01
4.696408174990006623e-01
5.361666072418195261e-01
6.352413873355593488e-01
5.769447432756231731e-01
4.508987022966535752e-01
6.489004917145206885e-01
8.414766488120295485e-01
4.293140037020375943e-01
6.529871460496512459e-01
3.124602497985302652e-01
2.241004487237790721e-01
7.456596280528624554e-01
7.858851986357406894e-01
6.500011806175602924e-01
2.228272524641027319e-01
7.510026588271687675e-01
3.906508650050437570e-01
6.561202890513155861e-01
5.713537416901937060e-01
4.196152343209364477e-01
8.351890607550462864e-01
1.893402284702108140e-01
4.467058094054831563e-01
5.751877026100691292e-01
4.632520050215633289e-01
8.257767220234733807e-02
1.017412538399389971e-01
2.281908670259655825e-01
1.837224277703880526e-01
8.075090758044163597e-02
1.050275467865259688e-01
2.175708074967968864e-01
6.067279392656063086e-01
3.074343620807049038e-01
4.498951882518715806e-01
8.207493296509396075e-01
5.070325296738864562e-01
3.164543203695615037e-01
3.404922351074429754e-01
6.638595615129787575e-01
2.837269943269755679e-01
1.619510486884706002e-01
8.245315475395033344e-02
6.354259364611827277e-01
3.775381519718663537e-01
1.613819340947372227e-01
9.529241834923773968e-02
3.193881806740053730e-01
5.672311568201866550e-01
3.204087664564568838e-01
2.008227298676781847e-01
6.478406627502945048e-01
3.731549282541631873e-01
5.773826850706844649e-01
6.035944087755659160e-01
3.896457725777856540e-01
8.030241146097178984e-01
3.495924752936226954e-01
1.835398695639637034e-01
7.592841421286573578e-01
8.117281940534712970e-01
2.794662453017145998e-01
4.628828911158776038e-01
6.208248369714060022e-01
3.665427846569245807e-01
4.849963441924894370e-01
8.540171423566940145e-01
4.678228846258470908e-01
5.674409191145199927e-01
3.229516633521796187e-01
7.227332314757149989e-01
5.665405799104457074e-01
6.402656967202260407e-01
1.696955663160958916e-01
1.464161647455500537e-01
6.549673387755533538e-01
5.650374610802392228e-01
1.975506885498223286e-01
1.836576333530695049e-01
3.283876614090341928e-01
4.696408174990006623e-01
5.361666072418195261e-01
6.352413873355593488e-01
5.769447432756231731e-01
6.031087828550085739e-01
6.336856604974967500e-01
5.517810500997888390e-01
5.315979002044025625e-01
7.062602520235481407e-01
1.625370731540249636e-01
2.367301711739580039e-01
5.576410222034000608e-01
4.933934756100164520e-01
2.445210568254130856e-01
1.698925110114221371e-01
6.404768448634032829e-01
5.155305374369516525e-01
4.810476487117572031e-01
6.968909072895514978e-01
5.940122764575797021e-01
5.286646355985670231e-01
6.141493934379749220e-01
7.048421233593531454e-01
5.483378832124824465e-01
6.131985007218443418e-01
1.864384443030172311e-01
2.144713304547601340e-01
6.331993530766342193e-01
7.972411976475901607e-01
1.814563574578908767e-01
1.815633432644463974e-01
6.223568796287104465e-01
5.384287264355024361e-01
7.551114267554299708e-01
6.307414476494608291e-01
5.109758161628993323e-01
5.758952184197078106e-01
5.324679831821268472e-01
6.876122964851258956e-01
5.985507523500526172e-01
5.811880714590245134e-01
2.418732980547128875e-01
2.032236030453878073e-01
6.449168746727762525e-01
6.460889038363299974e-01
2.259116875675290237e-01
2.492903752858910971e-01
5.114533689312157350e-01
6.015578910437320292e-01
6.175247007714934622e-01
5.612884150381454162e-01
5.661948779532711695e-01
5.722494158681410426e-01
6.989038881495583944e-01
7.019108691794477828e-01
5.876245209832116068e-01
5.584334450928372107e-01
2.219508630039141728e-01
2.324366675001057758e-01
6.505747728161672683e-01
7.424358651174314261e-01
2.125140644103895582e-01
2.220193244199847316e-01
6.953924808714311290e-01
6.045075453114487907e-01
6.922641514705194510e-01
5.271888170466154655e-01
5.636030803374184606e-01
5.389835649878997881e-01
7.582152486025786065e-01
8.846709532438628010e-01
5.521169093301452335e-01
7.676780009831520868e-01
1.997428392746355974e-01
1.929752274109221011e-01
8.148817563613452997e-01
7.896250602576562194e-01
2.093357419209760650e-01
2.028866755387753462e-01
7.905906417422638999e-01
5.709139161947468510e-01
7.459151134250616710e-01
7.402587875987483024e-01
5.247904515353380983e-01
4.508987022966536307e-01
6.489004917145205775e-01
8.414766488120295485e-01
4.293140037020375388e-01
6.529871460496511348e-01
3.124602497985303207e-01
2.241004487237791276e-01
7.456596280528626774e-01
7.858851986357409114e-01
6.500011806175604034e-01
2.228272524641027597e-01
7.510026588271688786e-01
3.906508650050437570e-01
6.561202890513155861e-01
5.713537416901939281e-01
4.196152343209365032e-01
8.351890607550462864e-01
1.893402284702109251e-01
4.467058094054832118e-01
5.751877026100691292e-01
4.632520050215632734e-01
8.257767220234735195e-02
1.017412538399389971e-01
2.281908670259656657e-01
1.837224277703880804e-01
8.075090758044162209e-02
1.050275467865259826e-01
2.175708074967968308e-01
6.067279392656061976e-01
3.074343620807049593e-01
4.498951882518715251e-01
8.207493296509393854e-01
5.070325296738864562e-01
3.164543203695614482e-01
3.404922351074430864e-01
6.638595615129787575e-01
2.837269943269756234e-01
1.619510486884706002e-01
8.245315475395033344e-02
6.354259364611829497e-01
3.775381519718663537e-01
1.613819340947372227e-01
9.529241834923773968e-02
3.193881806740053175e-01
5.672311568201866550e-01
3.204087664564568838e-01
2.008227298676781847e-01
6.478406627502946158e-01
3.731549282541631873e-01
5.773826850706842428e-01
6.035944087755660270e-01
3.896457725777857095e-01
8.030241146097180094e-01
3.495924752936228619e-01
1.835398695639637312e-01
7.592841421286571357e-01
8.117281940534714080e-01
2.794662453017145998e-01
4.628828911158776593e-01
6.208248369714061132e-01
3.665427846569245252e-01
4.849963441924894370e-01
8.540171423566940145e-01
4.678228846258470908e-01
