5.283876818245854257e-02
2.209525236356734701e-01
1.507977613652494719e-01
7.500642985821728836e-02
2.931410117966314344e-01
5.368482252853916670e-01
5.751982242444244608e-01
1.010383576688988760e-01
9.947574673791370614e-03
8.054171196679684730e-01
3.221275471489296049e-01
1.054558401859932992e-01
6.578376414099074143e-02
3.996071775491937816e-01
4.570048514925357241e-01
7.345318234619301057e-02
2.477264397204506086e-01
5.708824526141227373e-01
8.016720639596350839e-01
4.776318520845339033e-01
8.311921156508095265e-01
3.011589043691977330e-01
6.857887925705851151e-01
3.273697304312242484e-01
5.605273769814063112e-01
7.701588877724339088e-01
6.764478807869538368e-01
5.755421181961610788e-01
5.538004832219765861e-02
2.275310920120265368e-01
8.088084051148194398e-01
1.468603804372938249e-01
1.528558178990832017e-01
4.730719610133205522e-01
2.283665302140856224e-01
4.005041561853999732e-01
7.210895856548545924e-01
1.000000000000000000e+00
7.688352295849278928e-01
7.930861093303340770e-01
2.903184012178968709e-01
9.994528915773824851e-01
3.129558941505104497e-01
5.445935797768564068e-01
2.342270038922462105e-01
4.877312789978832663e-01
5.678871183325457928e-01
2.394205361385740582e-01
1.626954784957381633e-02
2.293649550760942235e-01
6.116349531633748227e-02
6.356231249297553121e-02
9.320799558177927935e-02
2.898459359948828973e-01
5.626797465076439630e-01
6.181853547177984520e-03
9.526410433839938019e-02
7.199223860408917597e-01
8.161312415792796315e-01
2.779065340024846620e-01
1.499757921784663876e-02
1.498843470923901244e-01
2.615888262106503825e-01
5.498093674089019750e-02
5.388939622195451640e-02
2.302159863958472830e-01
1.488407205531954713e-01
7.422223637526548234e-02
2.855243713538864747e-01
5.407750347223194698e-01
5.753710222575989519e-01
1.032639716585150857e-01
8.066649428403516175e-03
7.992451601236663095e-01
3.246182980665589524e-01
6.466500841479083661e-02
4.000500868631194362e-01
4.780866514931635392e-01
2.545200970495388182e-01
5.693770299673999169e-01
8.045182930107536157e-01
8.273488005969237280e-01
3.069722209052618833e-01
6.810888878060767926e-01
5.616028474280427840e-01
7.694960088004650922e-01
5.825440638240818314e-02
2.257321714307374272e-01
1.513789738212654723e-01
4.803666425380217486e-01
7.205044377314051562e-01
1.000000000000000000e+00
2.900790186488892974e-01
2.321655209520141205e-01
1.562529184849689029e-02
9.424739928930647714e-02
9.850060534045212979e-02
9.070691435012533388e-01
8.973787748143472465e-01
9.570758299370207833e-02
9.762858204309222965e-02
2.723739262248978665e-01
2.143224556999357988e-01
1.910132671907512902e-01
6.223961108556634869e-01
5.674719849786256098e-01
7.527980409541709106e-01
2.214732794803712101e-01
2.788962515295546618e-01
9.657471619240223237e-01
5.804488832410330534e-01
2.958010368403123369e-01
5.083274783938276919e-02
2.800446653251652540e-01
6.095224546396482701e-01
9.987063504755873400e-02
5.283876818245854257e-02
2.209525236356734701e-01
1.507977613652494719e-01
7.500642985821728836e-02
2.931410117966314344e-01
5.368482252853916670e-01
5.751982242444244608e-01
1.010383576688988760e-01
9.947574673791370614e-03
8.054171196679684730e-01
3.221275471489296049e-01
1.054558401859932992e-01
6.578376414099074143e-02
3.996071775491937816e-01
4.570048514925357241e-01
7.345318234619301057e-02
2.477264397204506086e-01
5.708824526141227373e-01
8.016720639596350839e-01
4.776318520845339033e-01
8.311921156508095265e-01
3.011589043691977330e-01
6.857887925705851151e-01
3.273697304312242484e-01
5.605273769814063112e-01
7.701588877724339088e-01
6.764478807869538368e-01
5.755421181961610788e-01
5.538004832219765861e-02
2.275310920120265368e-01
8.088084051148194398e-01
1.468603804372938249e-01
1.528558178990832017e-01
4.730719610133205522e-01
2.283665302140856224e-01
4.005041561853999732e-01
7.210895856548545924e-01
1.000000000000000000e+00
7.688352295849278928e-01
7.930861093303340770e-01
2.903184012178968709e-01
9.994528915773824851e-01
3.129558941505104497e-01
5.445935797768564068e-01
2.342270038922462105e-01
4.877312789978832663e-01
5.678871183325457928e-01
2.394205361385740582e-01
1.626954784957381633e-02
2.293649550760942235e-01
6.116349531633748227e-02
6.356231249297553121e-02
9.320799558177927935e-02
2.898459359948828973e-01
5.626797465076439630e-01
6.181853547177984520e-03
9.526410433839938019e-02
7.199223860408917597e-01
8.161312415792796315e-01
2.779065340024846620e-01
1.499757921784663876e-02
1.498843470923901244e-01
2.615888262106503825e-01
5.498093674089019750e-02
9.762858204309222965e-02
2.723739262248978665e-01
2.143224556999357988e-01
1.910128440925833448e-01
6.223961108556634869e-01
5.674695299317839003e-01
7.527980409541709106e-01
2.214732794803712101e-01
2.788962515295546618e-01
9.657471619240223237e-01
5.804487777544000693e-01
2.958010368403123369e-01
5.083274783938276919e-02
2.800446653251652540e-01
6.095224546396482701e-01
9.987063504755873400e-02
7.772182453022238868e-02
4.241940183277044252e-01
4.331093327666433179e-01
7.847934927979634268e-02
6.116354422098995158e-01
7.464694582943396384e-01
8.368796318329512207e-01
4.797458172159345668e-01
2.405244855492112421e-01
9.124980635090613745e-01
7.481522416197664560e-01
4.513947250082988027e-01
3.203949057829294511e-02
2.706343749232347218e-01
6.201033598128999902e-01
7.463710963435735146e-02
4.990060301307627788e-02
2.484993246196949279e-01
2.749529528013761048e-01
5.605878794807314658e-02
1.693133326432780805e-01
8.062181115930359132e-01
8.965067090372857983e-01
2.516179773719191548e-01
3.261887089219996927e-01
8.656948421344321520e-01
7.908984224506107052e-01
2.519887371370954643e-01
7.796045332333917388e-02
3.255865163369777715e-01
1.626914503668135392e-01
4.419600242662730105e-02
6.652744844473533481e-02
6.003129677505687489e-01
1.361465692360681601e-01
7.491519588416503672e-02
4.461244639349062346e-01
9.034591632196200539e-01
8.194425706045367352e-01
1.383635312400546269e-01
5.860988894351137901e-01
8.419874776062822308e-01
8.919681443805075327e-01
5.745224025752060371e-01
5.864179815946245211e-02
6.057258632168356360e-01
4.146605508164435960e-01
6.582301925187497571e-02
5.513100993487048129e-02
3.967162968207933460e-01
6.732389372174369946e-01
6.525116135711547805e-02
5.742416195641615317e-01
8.761690345695651860e-01
8.348463113938726643e-01
6.885856501834735077e-01
3.412026560222813920e-01
8.057289182562357155e-01
8.641866718014024062e-01
3.419500270612259030e-01
6.871969128760088696e-02
3.368480542546219425e-01
5.461154186398533561e-01
5.386712809448243600e-02
6.200365162936266605e-02
2.582009658806567742e-01
2.856641105760933108e-01
5.856825095173043283e-02
2.521086962987928448e-01
8.269814620196271893e-01
8.869923548323541684e-01
2.880165435008188446e-01
2.756616355713799038e-01
8.910465370905037430e-01
8.225512349833729031e-01
2.562964941552408060e-01
6.108411558462059632e-02
2.666647202320724386e-01
2.356642259182777366e-01
5.915191905534977757e-02
5.283876818245854950e-02
2.209525236356735256e-01
1.507977613652494997e-01
7.500642985821727449e-02
2.931410117966313789e-01
5.368482252853916670e-01
5.751982242444245719e-01
1.010383576688988760e-01
9.947574673791370614e-03
8.054171196679685840e-01
3.221275471489295494e-01
1.054558401859933270e-01
6.578376414099074143e-02
3.996071775491937261e-01
4.570048514925357797e-01
7.345318234619303832e-02
2.477264397204506641e-01
5.708824526141229594e-01
8.016720639596350839e-01
4.776318520845338478e-01
8.311921156508093045e-01
3.011589043691977885e-01
6.857887925705851151e-01
3.273697304312243039e-01
5.605273769814063112e-01
7.701588877724337978e-01
6.764478807869538368e-01
5.755421181961609678e-01
5.538004832219767248e-02
2.275310920120265645e-01
8.088084051148196618e-01
1.468603804372938249e-01
1.528558178990831462e-01
4.730719610133204966e-01
2.283665302140856501e-01
4.005041561853999177e-01
7.210895856548547034e-01
1.000000000000000000e+00
7.688352295849278928e-01
7.930861093303340770e-01
2.903184012178968709e-01
9.994528915773822630e-01
3.129558941505105052e-01
5.445935797768565179e-01
2.342270038922462105e-01
4.877312789978832663e-01
5.678871183325457928e-01
2.394205361385740027e-01
1.626954784957381633e-02
2.293649550760941958e-01
6.116349531633749614e-02
6.356231249297553121e-02
9.320799558177927935e-02
2.898459359948830083e-01
5.626797465076440741e-01
6.181853547178040031e-03
9.526410433839926917e-02
7.199223860408917597e-01
8.161312415792796315e-01
2.779065340024846620e-01
1.499757921784664050e-02
1.498843470923901244e-01
2.615888262106504381e-01
5.498093674089019750e-02
