5.430760877208671289e-01
8.569022618301065375e-01
7.560977678974871719e-01
5.584395383690323733e-01
7.771502972364402462e-01
2.821436489063224862e-01
2.394106536239898608e-01
8.005572847472396392e-01
6.484459985479420485e-01
4.318401745495459854e-01
1.657183008447413175e-01
7.842608452857355861e-01
5.372790024636882045e-01
6.450294631132846845e-01
6.248846223225599239e-01
5.381488516722071624e-01
8.486547709928589089e-01
2.019544524744192882e-01
2.555729090326033237e-01
6.495410308923190712e-01
2.843797210989333357e-01
5.842353246670078937e-02
5.700093125786152154e-02
1.679194829302110836e-01
1.430061997814381924e-01
5.701804929605962247e-02
5.726332099446618945e-02
2.346517316648245866e-01
7.042016755164658415e-01
2.145989371865323903e-01
2.660638781901072392e-01
7.189846935682449036e-01
4.429291293448817668e-01
2.090512419969428048e-01
2.234502668155249061e-01
6.493955638080863846e-01
2.190653197129981411e-01
7.526239397605255510e-02
5.704344519891008797e-02
4.299231573353456404e-01
2.499256193959890349e-01
7.572569227274837667e-02
6.763381742372059913e-02
2.952877631683301085e-01
7.096664908856544773e-01
2.076424016307791554e-01
2.158962401927512209e-01
8.335077563998583017e-01
5.770591571624452687e-01
7.080271514808967881e-01
6.957823064301326133e-01
5.197854164288868706e-01
7.931276102524911220e-01
2.353633169782041734e-01
1.424210828682212771e-01
6.295364144982361632e-01
8.028475884667629625e-01
2.156907710268328726e-01
2.796565000601509143e-01
7.421733048037477687e-01
5.457354775806072533e-01
4.200225229518828596e-01
8.622107034589099328e-01
5.369325422481059373e-01
5.400629816278867956e-01
8.451676948423617608e-01
7.376510383449987884e-01
5.481953086831080624e-01
7.596631750174702713e-01
2.888075700968872339e-01
2.370194156994969714e-01
7.923468201882736262e-01
6.390009247299395234e-01
4.308806625251609956e-01
1.666476496190587020e-01
5.284689752161039200e-01
6.471853524346222741e-01
6.529031042020992937e-01
8.552982417989657415e-01
2.089614443471030647e-01
2.582261591523584698e-01
2.788350915450100720e-01
6.296217349589965095e-02
5.713295335610971137e-02
1.427138355101915668e-01
5.703076739060443379e-02
7.000172710566843204e-01
2.166618896285762985e-01
4.315443679943067878e-01
2.083501833391572244e-01
2.173735695336230789e-01
7.551423217342193017e-02
2.425473803349258162e-01
7.099615176998163024e-01
5.611936176805419896e-01
7.980412517904053038e-01
7.842373889006057919e-01
2.248155369029377626e-01
2.183509168306811965e-01
7.619981955827324072e-01
6.698033795875542040e-01
4.122253369268251699e-01
5.304216465660888113e-01
6.959503023405253508e-01
5.645523065641528948e-01
1.028099019790794100e-01
1.150961453983608551e-01
4.975529938233990146e-01
3.992412222786708709e-01
1.157075463802511583e-01
1.137258415923137200e-01
4.093257137761001641e-01
6.421052920277563469e-01
3.765384871859519533e-01
5.605330505277101860e-01
6.614363329301473637e-01
5.430760877208671289e-01
8.569022618301065375e-01
7.560977678974871719e-01
5.584395383690323733e-01
7.771502972364402462e-01
2.821436489063224862e-01
2.394106536239898608e-01
8.005572847472396392e-01
6.484459985479420485e-01
4.318401745495459854e-01
1.657183008447413175e-01
7.842608452857355861e-01
5.372790024636882045e-01
6.450294631132846845e-01
6.248846223225599239e-01
5.381488516722071624e-01
8.486547709928589089e-01
2.019544524744192882e-01
2.555729090326033237e-01
6.495410308923190712e-01
2.843797210989333357e-01
5.842353246670078937e-02
5.700093125786152154e-02
1.679194829302110836e-01
1.430061997814381924e-01
5.701804929605962247e-02
5.726332099446618945e-02
2.346517316648245866e-01
7.042016755164658415e-01
2.145989371865323903e-01
2.660638781901072392e-01
7.189846935682449036e-01
4.429291293448817668e-01
2.090512419969428048e-01
2.234502668155249061e-01
6.493955638080863846e-01
2.190653197129981411e-01
7.526239397605255510e-02
5.704344519891008797e-02
4.299231573353456404e-01
2.499256193959890349e-01
7.572569227274837667e-02
6.763381742372059913e-02
2.952877631683301085e-01
7.096664908856544773e-01
2.076424016307791554e-01
2.158962401927512209e-01
8.335077563998583017e-01
5.770591571624452687e-01
7.080271514808967881e-01
6.957823064301326133e-01
5.197854164288868706e-01
7.931276102524911220e-01
2.353633169782041734e-01
1.424210828682212771e-01
6.295364144982361632e-01
8.028475884667629625e-01
2.156907710268328726e-01
2.796565000601509143e-01
7.421733048037477687e-01
5.457354775806072533e-01
4.200225229518828596e-01
8.622107034589099328e-01
5.369325422481059373e-01
6.698033795875542040e-01
4.122253369268251699e-01
5.304216465660888113e-01
6.959501433232453405e-01
5.645523065641528948e-01
1.028094571939061619e-01
1.150961453983608551e-01
4.975529938233990146e-01
3.992412222786708709e-01
1.157075463802511583e-01
1.137258209245917695e-01
4.093257137761001641e-01
6.421052920277563469e-01
3.765384871859519533e-01
5.605330505277101860e-01
6.614363329301473637e-01
7.075927598211509961e-01
5.968604665124510600e-01
4.767268478582040725e-01
6.481807387205388293e-01
5.979717552928356383e-01
1.158265534174954536e-01
1.323052523566817518e-01
4.805360458344016816e-01
3.489528645280854935e-01
1.370738453200522344e-01
1.164774634562159294e-01
5.999807267455561366e-01
6.729265768615178001e-01
3.402060050625201892e-01
5.762017171921940406e-01
6.780383332068953273e-01
6.594121742803517039e-01
4.867619645405139028e-01
6.453431652229379978e-01
6.766481110687060374e-01
5.416698411185074669e-01
1.148846953325288467e-01
1.186887193661771422e-01
5.688830762766372562e-01
7.085170821932884611e-01
1.029658662201606290e-01
1.181302237030785740e-01
4.404263564791177643e-01
6.549951700454950121e-01
6.732988946395264129e-01
4.823660131317271116e-01
6.331100048929163560e-01
6.838024630192578446e-01
4.941245891394547840e-01
6.069759681587068023e-01
7.213489051702310917e-01
5.693991107333244983e-01
1.386823086126575955e-01
1.199158810108130746e-01
5.548949183725273571e-01
4.537097682132733567e-01
1.582472973996001675e-01
1.458709597727085305e-01
4.308764209742554918e-01
7.350748546393257588e-01
4.240659948116551892e-01
5.114188672651791556e-01
6.603156382528966306e-01
6.913871083700182663e-01
6.255005750928548380e-01
4.945064652315256382e-01
7.211247264217872655e-01
5.007888502253168284e-01
1.343337923132572886e-01
1.564228796478623895e-01
4.357630874051494629e-01
6.344457099297060587e-01
1.359966252451765278e-01
1.331952167091041694e-01
5.611852338894980363e-01
7.251963214644845390e-01
5.652787207321972041e-01
4.270672399083967896e-01
6.711863795303308899e-01
6.619036221998075842e-01
6.454949186042882037e-01
7.199213530981016795e-01
7.026107869576652121e-01
6.760952267880770972e-01
1.219313520564452857e-01
1.223727281152530155e-01
6.356323988062513308e-01
6.541850004415148412e-01
1.371787869700103191e-01
1.282308763315769540e-01
6.084843853497854393e-01
7.118818498952057539e-01
5.998415744256708759e-01
5.758735926311810971e-01
6.398617851333878725e-01
5.430760877208671289e-01
8.569022618301064265e-01
7.560977678974871719e-01
5.584395383690323733e-01
7.771502972364400241e-01
2.821436489063226527e-01
2.394106536239898608e-01
8.005572847472397502e-01
6.484459985479420485e-01
4.318401745495459298e-01
1.657183008447412897e-01
7.842608452857356971e-01
5.372790024636882045e-01
6.450294631132845735e-01
6.248846223225599239e-01
5.381488516722072735e-01
8.486547709928589089e-01
2.019544524744193992e-01
2.555729090326034347e-01
6.495410308923192932e-01
2.843797210989332802e-01
5.842353246670080325e-02
5.700093125786152154e-02
1.679194829302111114e-01
1.430061997814382202e-01
5.701804929605960859e-02
5.726332099446618945e-02
2.346517316648245310e-01
7.042016755164658415e-01
2.145989371865324180e-01
2.660638781901071837e-01
7.189846935682446816e-01
4.429291293448817668e-01
2.090512419969427771e-01
2.234502668155249339e-01
6.493955638080863846e-01
2.190653197129980856e-01
7.526239397605256898e-02
5.704344519891010185e-02
4.299231573353455849e-01
2.499256193959890349e-01
7.572569227274836279e-02
6.763381742372062688e-02
2.952877631683301640e-01
7.096664908856544773e-01
2.076424016307791554e-01
2.158962401927512764e-01
8.335077563998583017e-01
5.770591571624452687e-01
7.080271514808965660e-01
6.957823064301326133e-01
5.197854164288868706e-01
7.931276102524910110e-01
2.353633169782042289e-01
1.424210828682213048e-01
6.295364144982362742e-01
8.028475884667628515e-01
2.156907710268328726e-01
2.796565000601508588e-01
7.421733048037476577e-01
5.457354775806072533e-01
4.200225229518828596e-01
8.622107034589099328e-01
5.369325422481059373e-01
